1;18.3899999999849;0.7199999999998;19.4199999999837;NA;NA;-719.058511616852;-740.644577619684;4.14817628748485;5.40199151883049;23.4227873847019;17.8203588916852;1530.64882738563;1551.68854587549;43.1721320056656;0.0099009900990099;27;27
2;13.5;0.409999999999854;14.0799999999872;NA;NA;-550.640773326782;-564.353425738588;3.77451364691589;4.12537730052308;16.6246397598153;14.9683084061913;1163.58688896439;1184.80464322098;27.4253048236135;0.0099009900990099;18;18
3;13.75;0.559999999999945;14.5800000000163;NA;NA;-559.90749292601;-572.35080520493;3.85456103482456;4.12357327370159;19.8645862700872;18.1686623421447;1195.7939753837;1214.19395156056;24.8866245578386;0.0297029702970297;21;21
4;12.9400000000023;0.420000000000073;13.7099999999919;NA;NA;-593.745227071374;-602.331567112855;3.76396567065122;3.78245235008356;18.586950643171;18.2159775566637;1257.15008822015;1272.93244613812;17.1726800829606;0.584158415841584;18;18
5;14.1000000000058;0.7199999999998;15.0599999999977;NA;NA;-678.345431793494;-690.60005803128;3.92954083176143;4.09518770298865;23.2721592224873;22.0627118188844;1447.73208585135;1467.50995226017;24.5092524755707;0.0198019801980198;25;25
6;10.3099999999977;0.279999999999745;10.710000000021;NA;NA;-508.605487706217;-517.040456108102;3.40020384458423;3.46111967340118;8.13498485513073;7.77211935686835;1044.87966460157;1060.51542422275;16.8699368037696;0.544554455445545;9;9
7;14.1300000000047;0.5600000000004;14.9200000000128;NA;NA;-655.06886910131;-668.432147267553;4.15997314589418;5.0485964604858;17.5326260516622;14.8025597823614;1376.76962844177;1393.12070106374;26.7265563324859;0.346534653465347;20;20
8;12.8099999999977;0.429999999999836;13.6999999999825;NA;NA;-587.436340103341;-597.617743845829;3.83109383742407;3.98693219547624;18.5455809584505;17.4720323696835;1245.35425616704;1261.63709459762;20.3628074849769;0.168316831683168;20;20
9;14.9700000000012;0.529999999999745;15.6700000000128;NA;NA;-650.161589754905;-673.406964066184;4.24947798121863;5.64618595258997;25.744886334987;20.0366838069326;1403.38469100245;1427.02445582991;46.4907486225575;0.0891089108910891;30;30
10;10.7200000000012;0.450000000000273;11.3299999999872;NA;NA;-445.909722083293;-455.998541580151;3.45802431041632;3.77115447955655;10.4321941917066;9.29081797518449;927.85096641615;944.086431617374;20.1776389937166;0.0891089108910891;10;10
11;9.47999999998137;0.309999999999945;10.109999999986;NA;NA;-403.337464297203;-412.116946286692;3.42581307772601;3.73677844553055;8.46145960593916;7.55113633611948;835.454022851166;849.916797708367;17.5589639789777;0.297029702970297;9;9
12;12.5899999999965;0.489999999999782;13.2299999999814;NA;NA;-562.812621743065;-571.83489427521;3.62486396884343;3.64426859704682;13.4552485433275;12.9357355411328;1174.36168434956;1190.52449422124;18.044545064291;0.0297029702970297;14;14
13;9.97000000000116;0.480000000000018;10.6199999999953;NA;NA;-423.558243969053;-431.660856267428;3.40331592050645;3.40672890632366;7.87754856676263;7.5683372154708;873.909585497295;889.063121255652;16.2052245967511;0.633663366336634;9;9
14;12.0400000000081;0.650000000000091;12.8800000000047;NA;NA;-515.094817004204;-527.40439139043;3.76319001826164;4.5310818013841;13.7138503406653;11.6046993144622;1080.77837476688;1097.61711965315;24.6191487724529;0.128712871287129;16;16
15;9.80999999999767;0.389999999999873;10.5499999999884;NA;NA;-387.834200744611;-395.952839767933;3.19943693129066;3.21764040060836;7.13357360293528;6.46256337762097;798.484885753363;812.575961195375;16.237278046645;0.178217821782178;6;6
16;13.609999999986;0.420000000000073;14.3000000000175;NA;NA;-580.868645725005;-596.00725272201;3.95404907673919;4.94975483066781;19.4722998467688;16.3414215997672;1237.10156057368;1255.26123567104;30.2772139940093;0.148514851485149;23;23
17;11.0100000000093;0.360000000000127;11.6399999999849;NA;NA;-486.550695039123;-493.131999102032;3.6337435353688;3.6363114847147;11.8650474881629;11.6071490840704;1016.07794182209;1028.30641259033;13.1626081258169;0.940594059405941;14;14
18;8.29000000000815;0.380000000000109;8.70000000001164;NA;NA;-445.373639562951;-451.807091403984;3.27737798612467;3.28571077781396;7.01644107860124;6.79174052409636;913.72991371191;925.86080170203;12.866903682065;0.455445544554455;7;7
19;12.7799999999988;0.630000000000109;13.6100000000151;NA;NA;-580.917773526427;-592.514669582109;3.640667513273;4.25148441068051;15.1004304241875;13.1112756213313;1216.53102384103;1232.51987097457;23.1937921113638;0.0297029702970297;14;14
20;16.4500000000116;0.859999999999673;17.7300000000105;NA;NA;-594.111837578715;-612.635262026285;3.91709363570144;5.60267537613397;17.88474994084;13.3498954926529;1255.73511119236;1275.66377073516;37.0468488951396;0.0693069306930693;19;19
21;13.960000000021;0.480000000000018;14.75;NA;NA;-602.800444412455;-625.412832845531;4.09336447150392;6.17495810884416;18.2901389036625;12.7885741899082;1275.55785915391;1299.73999651523;45.2247768661525;0.0594059405940594;21;21
22;11.3999999999942;0.5;12.0599999999977;NA;NA;-517.937130925816;-526.920178837296;3.63648086965464;4.06054610879979;10.1600884185585;9.18280693544562;1071.89216562456;1086.3937610448;17.9660958229613;0.534653465346535;12;12
23;13.0899999999965;0.559999999999945;14;NA;NA;-705.44273200973;-716.142811319074;4.03073775084767;4.20392146146501;26.2502083550415;24.9760487513967;1515.52491103087;1531.84597258006;21.4001586186873;0.158415841584158;29;29
24;12.2200000000012;0.559999999999945;12.9799999999814;NA;NA;-561.607711756915;-567.281858777583;3.72848642675519;3.76980667855744;13.1449344160872;12.7735405160966;1171.70550200701;1181.68376872129;11.3482940413373;0.772277227722772;16;16
25;10.2099999999919;0.329999999999927;10.890000000014;NA;NA;-425.502169266846;-436.188244383867;3.4057014014598;4.12136069379354;6.66457301908154;5.52015211612792;873.279380015317;890.826525554724;21.3721502340425;0.297029702970297;8;8
26;12.1699999999837;0.539999999999964;13.0599999999977;NA;NA;-584.162707351797;-594.372252160297;3.91948792966771;4.09948501132894;17.8736336333146;16.6405809379058;1236.2532876258;1251.98622061016;20.4190896169991;0.118811881188119;20;20
27;10.859999999986;0.309999999999945;11.4499999999825;NA;NA;-449.531824826622;-456.60988075834;3.45603712828859;3.46202193781848;9.71431708454729;8.88929219159578;932.615712214489;943.922289048136;14.1561118634359;0.346534653465347;10;10
28;10.359999999986;0.409999999999854;10.9499999999825;NA;NA;-507.219378411803;-518.589620951135;3.6447298360762;4.26179928443106;9.72796795020358;8.39322557917097;1048.50155499173;1066.56839597292;22.7404850786648;0.178217821782178;11;11
29;11.4499999999825;0.470000000000255;12.140000000014;NA;NA;-472.303524600302;-479.287338136472;3.58848435877438;3.65067909564702;10.5202442241251;9.82087738615641;981.901719140692;993.390063904236;13.96762707234;0.752475247524752;12;12
30;11.6600000000035;0.440000000000055;12.3399999999965;NA;NA;-584.726924796099;-594.112008960021;3.87686933764178;4.01968258962002;16.1059597942191;15.1430741768696;1229.35500262664;1244.54401469577;18.7701683278435;0.564356435643564;17;17
31;13.4700000000012;0.519999999999982;14.1600000000035;NA;NA;-581.459664225304;-596.76997443641;3.8796425277748;4.5306549418812;19.086723435022;16.6321578121536;1236.36706952277;1257.54226045957;30.6206204222121;0.0297029702970297;22;22
32;14.8099999999977;0.550000000000182;15.609999999986;NA;NA;-700.275336692373;-735.854108977217;4.43124300113597;7.6770074971045;25.4601245208547;15.7489153649693;1501.59394745125;1534.2107391094;71.1575445696867;0.0495049504950495;28;28
33;14.3999999999942;0.450000000000273;15.179999999993;NA;NA;-602.511443509336;-616.578466423702;3.83485896991423;4.29764237720147;19.0743269570036;17.2009826552374;1277.9792561313;1298.94804791658;28.1340458287307;0.0297029702970297;21;21
34;13.2999999999884;0.539999999999964;13.9799999999814;NA;NA;-567.9262635729;-586.132885615473;3.98778862367725;5.21756166786657;20.7131278333938;16.6009241524828;1216.88275974441;1237.20896842683;36.4132440851479;0.0594059405940594;25;25
35;12.0200000000186;0.4699999999998;12.7699999999895;NA;NA;-463.645547361431;-473.005568725436;3.59021194629188;3.63252917121745;12.8682742695312;11.6243104865929;973.42462713808;987.684985350395;18.7200427280089;0.0594059405940594;13;13
36;13.1100000000151;0.5300000000002;13.8800000000047;NA;NA;-600.125573151881;-611.328971814378;3.94145624884696;4.10652410031174;19.2161015130813;18.2246968023696;1274.19674797573;1292.78851456808;22.406797324993;0.118811881188119;22;22
37;12.0199999999895;0.539999999999964;12.859999999986;NA;NA;-505.472825316494;-513.37013269551;3.65897806453611;3.70689661347016;14.7331162464379;14.1627228319259;1064.8189136824;1078.5278220666;15.7946147580335;0.237623762376238;15;15
38;13.640000000014;0.610000000000127;14.8499999999767;NA;NA;-599.821003634523;-618.53640623713;3.92458535964853;4.9334465336504;20.4026256908953;16.6639316596485;1278.60694646462;1301.56776377117;37.430805205214;0.0396039603960396;23;23
39;14.1900000000023;0.5300000000002;15.0199999999895;NA;NA;-628.764269533633;-656.408484879178;3.92812739694846;6.17453861606403;21.3519417642753;15.0112745616251;1340.16764683053;1370.91558907164;55.2884306910901;0.0297029702970297;23;23
40;13.6399999999849;0.450000000000273;14.3699999999953;NA;NA;-576.45540799265;-596.291632153759;4.8059569940822;8.08987832136601;12.4116181967664;7.97661081317666;1199.07200417331;1222.24980955667;39.6724483222185;0.207920792079208;17;17
41;12.2799999999988;0.690000000000055;13.1600000000035;NA;NA;-616.344526226215;-630.50457771537;3.90152452456989;4.254766809664;18.6897348287955;16.8003150252852;1304.17441578191;1325.26777839322;28.3201029783106;0.0198019801980198;21;21
42;11.140000000014;0.380000000000109;11.9199999999837;NA;NA;-536.256378207285;-547.475414235185;3.75454175363629;3.84483680468341;11.7545167313393;10.7379706219898;1114.65340148416;1133.44709497723;22.4380720558001;0.0396039603960396;13;13
43;11.0299999999988;0.519999999999982;11.5800000000163;NA;NA;-507.801252560136;-519.061618345305;3.66475423513249;4.133351497525;12.8624197660306;11.5296486098704;1062.6353603504;1080.28266732546;22.5207315703381;0.118811881188119;15;15
44;13.4200000000128;0.75;14.3699999999953;NA;NA;-582.730526360979;-603.108820647494;4.13010112868917;5.79056028070617;16.8518039916676;12.441216792666;1229.50551192595;1253.49987895452;40.7565885730301;0.0693069306930693;20;20
45;12.7799999999988;0.450000000000273;13.4400000000023;NA;NA;-613.981279785528;-623.994278929825;4.0036021401387;4.12892108389289;21.1355582956895;20.3806681312535;1310.2139520339;1327.30221069372;20.0259982885937;0.405940594059406;24;24
46;12.5599999999977;0.460000000000036;13.1000000000058;NA;NA;-500.194321368412;-514.13588549485;3.64984810362952;4.17353459264063;13.0552777620825;11.2059386069025;1047.67634393079;1068.86095538684;27.8831282528745;0.0099009900990099;14;14
47;9.48000000001048;0.389999999999873;9.93000000002212;NA;NA;-434.27679262578;-443.631470338964;3.27807060730458;3.43371138622176;7.17528448926765;6.57892787905904;892.056517809552;908.812483205015;18.7093554263683;0.0099009900990099;7;7
48;12.2000000000116;0.5;12.8299999999872;NA;NA;-561.861097973773;-575.554701844383;3.77851100929677;5.09894809829939;12.5722225763104;9.75762121712687;1169.26021630734;1186.45261774274;27.3872077412202;0.415841584158416;14;14
49;9.92999999999302;0.390000000000327;10.359999999986;NA;NA;-490.829476649274;-500.147762826219;3.51750347548445;3.55581503192556;10.1664367092561;9.55539298804583;1017.25706417731;1033.7540469423;18.636572353891;0.0396039603960396;11;11
50;9.93000000002212;0.409999999999854;10.5;NA;NA;-472.078800295844;-484.94635056532;3.4752696716354;4.12121755324745;9.23251336325446;7.66880689941954;976.045572053336;996.37982180212;25.7351005389513;0.0099009900990099;10;10
51;11.2600000000093;0.480000000000018;11.9700000000012;NA;NA;-472.1585401871;-481.847354428091;3.65108319192176;3.63926410075041;9.65112840264067;8.99732110087634;978.110822351622;995.199123167762;19.3776284819838;0.148514851485149;11;11
52;13.3000000000175;0.420000000000073;13.9800000000105;NA;NA;-621.251466997825;-630.254286696519;3.80919131670076;3.96889790765047;17.9425212133345;16.7716191564061;1310.69261080606;1324.24829404125;18.0056393973878;0.207920792079208;20;20
53;12.1900000000023;0.309999999999945;12.5499999999884;NA;NA;-551.300155613329;-562.856593422378;3.85477038609432;4.37579056420345;17.8309799996068;15.9651453181914;1170.36608109419;1186.38794300275;23.1128756180988;0.099009900990099;20;20
54;12.4499999999825;0.579999999999927;13.1199999999953;NA;NA;-515.585426324667;-536.814970946208;3.91099223188841;7.52462558631171;13.838284928697;8.38469399273155;1082.63808799817;1104.81422674241;42.4590892430824;0.0792079207920792;17;17
55;11.9499999999825;0.569999999999709;12.679999999993;NA;NA;-465.720767823526;-473.3177358739;3.66491701009004;3.67520732399307;13.8950948165666;13.3862439330625;982.250480993586;995.583747766718;15.1939361007474;0.623762376237624;15;15
56;12.6399999999849;0.579999999999927;13.3800000000047;NA;NA;-615.615249021355;-627.182083210378;3.84002543038881;4.2243744469736;18.9297766030206;16.9300354202044;1303.63398426703;1319.11894995731;23.1336683780448;0.0198019801980198;21;21
57;12.2999999999884;0.510000000000218;12.9599999999919;NA;NA;-513.090144856307;-523.70878422377;3.70525399748698;4.1445834912447;13.0286385948971;11.8392970168456;1073.82094240673;1090.70926260375;21.2372787349259;0.168316831683168;15;15
58;12.7200000000012;0.559999999999945;13.5;NA;NA;-541.684473135475;-550.309733606077;3.73325890385433;3.85106948672665;14.3330010757571;13.2783742371549;1135.77914410866;1149.17330580144;17.2505209412043;0.326732673267327;15;15
59;16.4200000000128;0.619999999999891;17.4400000000023;NA;NA;-613.193122147658;-626.163108122337;4.03714213176798;4.65309989784528;19.9282923177091;17.4769674643615;1303.9394259812;1320.33979269534;25.9399719493572;0.158415841584158;24;24
60;14.1300000000047;0.519999999999982;14.8099999999977;NA;NA;-641.082528524197;-656.056294001006;3.99405821400909;4.33170348033333;24.2313146943953;21.9172285429211;1377.89095118813;1398.69667664089;29.9475309536178;0.0198019801980198;27;27
61;11.890000000014;0.630000000000109;12.859999999986;NA;NA;-470.928933049176;-480.555889120242;3.82638861487074;3.83620402249289;11.644329416278;11.0280822002236;984.034951877428;1001.05674650008;19.2539121421319;0.277227722772277;14;14
62;13.7799999999988;0.550000000000182;14.4499999999825;NA;NA;-559.780239549702;-575.989716077303;3.95040607431402;4.78498491143602;20.0003370248554;16.8891469281127;1196.96842751673;1217.3460413572;32.4189530552005;0.0099009900990099;23;23
63;15.2200000000012;0.7199999999998;16.2199999999721;NA;NA;-524.946027680614;-549.831189798407;3.99451279271793;6.45920906267889;16.818954481386;10.7618743593271;1113.38032181172;1140.28635224552;49.7703242355858;0.0693069306930693;19;19
64;12.6199999999953;0.380000000000109;13.2299999999814;NA;NA;-588.222452554832;-599.29981482545;3.59861019754648;3.79583032054836;14.4243326476277;12.9492236223434;1228.15699981865;1245.02337033443;22.1547245412346;0.0297029702970297;13;13
65;13.2699999999895;0.519999999999982;14.0099999999802;NA;NA;-579.787973707346;-601.715157735699;3.749446062336;6.98820342807117;14.7054142149145;9.19002348252902;1214.26820286404;1237.60977512798;43.8543680567052;0.0198019801980198;17;17
66;13.7200000000012;0.599999999999909;14.609999999986;NA;NA;-510.674126719833;-528.941502237339;3.702228403843;5.27732988223364;14.6418971653513;10.6670910307021;1075.36044706218;1097.232617413;36.5347510350124;0.0396039603960396;16;16
67;13.6999999999825;0.450000000000273;14.390000000014;NA;NA;-605.267130631421;-626.645754758508;3.90306466075888;5.4218142106967;18.0337315643354;13.9068691340721;1278.60807381286;1305.78722285361;42.757248254175;0.0198019801980198;19;19
68;12.1499999999942;0.510000000000218;12.8300000000163;NA;NA;-523.835510462103;-530.896973293719;3.6636443308322;3.69026250473313;14.2229227721487;13.868853381388;1099.67870531485;1112.5069372346;14.1229256632312;0.603960396039604;15;15
69;11.4899999999907;0.450000000000273;12.070000000007;NA;NA;-458.264129290407;-470.595545802981;3.63997652710851;3.78612637678609;11.4284671455874;10.1781454932829;957.042613669492;977.273008402504;24.6628330251483;0.0198019801980198;12;12
70;12.4700000000012;0.550000000000182;13.2200000000012;NA;NA;-524.564142749741;-532.872839298155;3.63440759734413;3.65072540678343;13.2147227093593;12.8803315147694;1096.99351443059;1112.399704581;16.6173930968273;0.326732673267327;14;14
71;10.5499999999884;0.359999999999673;11.0899999999965;NA;NA;-456.171239175635;-465.696978853222;3.54549877295366;3.8145106847411;9.59899834547608;8.88980431513392;946.371296259226;962.9086555311;19.0514793551745;0.306930693069307;12;12
72;14.4100000000035;0.440000000000055;15;NA;NA;-681.061932977782;-700.226512216502;4.04015213013091;5.29740322926222;20.7019034603428;16.4597328126779;1442.24710953927;1464.15765835709;38.3291584774399;0.0396039603960396;23;23
73;13.7799999999988;0.539999999999964;14.7200000000012;NA;NA;-633.349686449858;-645.642382457168;3.96714439880457;4.06547304365886;22.6621966159751;21.4726913722895;1355.7988211714;1375.70751468566;24.585392014618;0.0198019801980198;26;26
74;11.8999999999942;0.440000000000055;12.4000000000233;NA;NA;-533.232695365628;-543.527637678682;3.67066841051014;4.02939406337974;13.6893375324516;12.3760240193916;1116.5219618953;1132.30957094223;20.5898846261093;0.0099009900990099;15;15
75;11.0800000000163;0.419999999999618;11.640000000014;NA;NA;-481.682942836266;-490.248844084607;3.55709511081497;3.59863825729757;11.7853438485105;11.3627690281192;1005.14538238352;1020.77914090749;17.1318024966822;0.613861386138614;12;12
76;10.9700000000012;0.279999999999745;11.5;NA;NA;-473.939907354805;-482.45015243605;3.58539547341286;3.75827361940293;12.2312672729992;11.442450117603;991.729638967253;1005.92217247869;17.020490162491;0.306930693069307;13;13
77;13.4200000000128;0.519999999999982;14.1600000000035;NA;NA;-643.183706800625;-651.600714144246;4.00202330152044;4.17249279100204;21.2924498473585;19.9510374706898;1370.08151977994;1381.64159281486;16.8340146872429;0.267326732673267;26;26
78;13.75;0.539999999999964;14.7000000000116;NA;NA;-528.90827400688;-538.677546669549;3.70315155573654;4.42468492577853;12.7386974323249;11.1786865353486;1103.48553972256;1117.4313527377;19.5385453253384;0.168316831683168;13;13
79;13.3000000000175;0.489999999999782;13.9199999999837;NA;NA;-538.621472254972;-548.247707461112;3.87020638644882;4.19526783474808;15.2652921437392;14.1012064459059;1133.55476706003;1148.51306565874;19.2524704122807;0.435643564356436;16;16
80;13.2399999999907;0.470000000000255;13.9500000000116;NA;NA;-566.421327104527;-582.642095410826;3.88201896548025;5.06263296249168;15.0698220294972;12.1055751215833;1188.43341107082;1209.94019816789;32.4415366125975;0.0297029702970297;16;16
81;13.5400000000081;0.550000000000182;14.2700000000186;NA;NA;-642.815998751848;-654.102810847191;3.92937840916676;4.36768103664405;20.3596937520818;18.4694825293852;1364.43077583404;1379.6886546629;22.5736241906848;0.247524752475248;23;23
82;10.140000000014;0.420000000000073;10.6900000000023;NA;NA;-465.718312280742;-474.137585856401;3.42345219398407;3.49286661644549;8.19582836676777;7.78897008725315;959.312254543086;974.766996379412;16.8385471513191;0.148514851485149;9;9
83;14.3899999999849;0.480000000000018;15.0799999999872;NA;NA;-580.100978956239;-601.020802867205;3.84076650745097;5.50512191766939;19.0463423210827;14.4385814852183;1232.58665300928;1256.91473049606;41.8396478219308;0.0099009900990099;20;20
84;12.6600000000035;0.460000000000036;13.2299999999814;NA;NA;-507.209516983585;-522.787385603758;3.88343688423712;4.63089992439111;17.3153607570606;14.9891927337452;1080.22521805027;1102.54046716575;31.1557372403463;0.0693069306930693;20;20
85;11.1600000000035;0.5;11.9099999999744;NA;NA;-450.897202775454;-461.559769041723;3.59106688562161;3.86888946582472;10.5915215826191;9.5970597738945;939.341756465183;957.141483680671;21.3251325325391;0.0198019801980198;12;12
86;16.8099999999977;0.710000000000036;18.1499999999942;NA;NA;-615.122270592444;-641.224778917557;3.84100885682462;6.44276443562873;17.5764652184636;11.5822240384328;1296.59226263706;1326.17019021183;52.2050166502247;0.0099009900990099;19;19
87;12.8500000000058;0.549999999999727;13.6700000000128;NA;NA;-480.836936549589;-492.018620425537;3.69114182996429;4.23931151532552;13.7921233888584;12.1434825316829;1011.63051297526;1028.02231599671;22.363367751896;0.099009900990099;14;14
88;11.7999999999884;0.440000000000055;12.3699999999953;NA;NA;-470.742200571937;-480.32099530725;3.60266747829508;3.64633883325545;12.0448115094925;11.3878630579011;984.665770344563;1001.46816034929;19.1575894706259;0.138613861386139;13;13
89;10.7699999999895;0.429999999999836;11.4700000000012;NA;NA;-448.467297166304;-457.401767854229;3.43619819404806;3.46923253086222;8.55262398368743;8.02634793444241;926.023756632267;942.102729287393;17.8689413758492;0.267326732673267;9;9
90;13.6600000000035;0.519999999999982;14.2600000000093;NA;NA;-608.293601671948;-618.266920687584;5.02261311984936;5.12542385210207;14.2008844324681;13.1524050887084;1270.55697204911;1286.518915469;19.9466380312736;0.871287128712871;20;20
91;9.57000000000698;0.2800000000002;10.0099999999802;NA;NA;-447.950288334;-457.090974975172;3.41474990107452;3.53945416451525;7.455342891481;6.92994826505041;920.81861293109;937.343956672688;18.2813732823433;0.128712871287129;8;8
92;13.7699999999895;0.400000000000091;14.5;NA;NA;-585.663388196524;-601.55605805963;3.73737096986714;4.5171299763533;15.7699063973272;13.1256506180159;1229.97808240116;1251.92892780834;31.7853397262134;0.0099009900990099;17;17
93;11.4700000000012;0.449999999999818;12;NA;NA;-486.907088597467;-497.218109208665;3.63051272628441;3.6718925842519;14.2504020437554;13.4761458189089;1025.43075449183;1043.24835159014;20.6220412223969;0.0198019801980198;14;14
94;11.25;0.390000000000327;11.7099999999919;NA;NA;-523.306562658063;-530.620413495388;3.65756668894736;3.75891090911351;13.5960754948585;13.0172900843107;1095.85965741816;1108.39093249445;14.6277016746503;0.376237623762376;14;14
95;11.5800000000163;0.410000000000309;12.3899999999849;NA;NA;-454.462936648925;-465.185063562465;3.67270429571244;3.83193504823519;12.5703123670803;11.664154562628;954.890605635363;973.021393597723;21.4442538270807;0.0495049504950495;15;15
96;6;0.200000000000273;6.39999999999418;NA;NA;-309.715114533433;-314.721197738296;2.99044915551378;3.10908339643195;3.49733769546542;3.26332964300205;629.907316472688;639.218457407379;10.012166409727;0.930693069306931;4;4
97;13.0500000000175;0.639999999999873;13.7200000000012;NA;NA;-601.991136120708;-612.27833442021;3.81984239296276;3.89842047910805;19.2125243361537;18.1195323648947;1275.98641324619;1292.46452626274;20.574396599003;0.108910891089109;18;18
98;11.3899999999849;0.610000000000127;12.140000000014;NA;NA;-545.506687585406;-554.384282190899;3.66466194506584;3.69454585508897;12.7770184518896;12.2757392673421;1137.73395108511;1153.65615772006;17.7551892109871;0.0693069306930693;15;15
99;11.8899999999849;0.550000000000182;12.5200000000186;NA;NA;-509.959637529675;-519.468155923421;3.59823496998967;3.80614858567163;12.335096140796;11.0367561505401;1064.14133201408;1078.50374233248;19.0170367874913;0.118811881188119;13;13
100;11.8299999999872;0.370000000000346;12.390000000014;NA;NA;-491.279536136614;-499.685709711659;3.66152683379569;3.76347520850544;12.2094585773361;11.4994907270357;1026.78312016151;1041.02388299343;16.8123471500887;0.504950495049505;14;14
101;14.890000000014;0.510000000000218;15.5599999999977;NA;NA;-629.241386041486;-670.255317833706;4.19636861863834;8.14737636300677;23.8798998665691;13.227639801069;1354.07839998819;1393.46330881733;82.0278635844406;0.0396039603960396;30;30
102;12.070000000007;0.360000000000127;12.4400000000023;NA;NA;-532.690462784651;-543.937896867165;3.75155806851727;3.95778603109634;15.6956071704654;14.5800067126648;1123.75589850472;1142.10163463404;22.4948681650262;0.0297029702970297;17;17
103;9.52000000001863;0.409999999999854;10.1300000000047;NA;NA;-428.437400026378;-436.027146832942;3.34256936765064;3.47745970206417;7.29068190115067;6.61663166938141;881.242488922321;894.169100493287;15.1794936131278;0.138613861386139;8;8
104;12.8300000000163;0.260000000000218;13.1100000000151;NA;NA;-549.000890413348;-559.024735978521;3.85527167043328;3.9524933839344;17.2969641483282;16.6311064388175;1163.29444035848;1180.82864875562;20.0476911303463;0.118811881188119;19;19
105;10.789999999979;0.2800000000002;11.1100000000151;NA;NA;-438.474118814536;-450.0038665709;3.42507537483841;3.51825130944495;10.1059299296416;8.98463576872938;911.32050004503;930.56625279359;23.0594955127278;0.0099009900990099;9;9
106;14.2799999999988;0.510000000000218;15;NA;NA;-595.621987422541;-618.776210319658;4.19464056921451;6.63446460885373;19.8571764137212;13.7192562796981;1268.52040102503;1290.94244312052;46.3084457942346;0.207920792079208;24;24
107;12.0599999999977;0.309999999999945;12.5;NA;NA;-596.993097329966;-606.913894265368;3.73540957149315;3.77102869242274;14.1569584909917;12.8039507116426;1246.20950797009;1261.0600192424;19.8415938708035;0.0396039603960396;16;16
108;9.0800000000163;0.339999999999236;9.52999999999884;NA;NA;-428.372675485777;-437.339692079186;3.28194862063402;3.41915411931461;5.85046834394531;5.31879298220081;875.457868194697;891.69135643727;17.9340331868185;0.148514851485149;6;6
109;13.070000000007;0.649999999999636;13.8800000000047;NA;NA;-618.081106923173;-624.146270829118;3.77972604345288;3.80697928262288;17.3370948065319;16.8653647632561;1301.13767450007;1311.50006614918;12.1303278118903;0.831683168316832;18;18
110;13.0500000000175;0.479999999999563;13.75;NA;NA;-529.331592151726;-539.462374119509;3.70208910768323;3.88741051157376;14.8601210617824;14.0000430811955;1113.48037957391;1130.56921951795;20.2615639355658;0.178217821782178;16;16
111;10.8999999999942;0.339999999999236;11.820000000007;NA;NA;-483.300764235648;-488.515463256508;3.46040495787363;3.4606833260243;8.6649081819656;8.28588962493992;996.52906108923;1005.64937541189;10.4293980417193;0.702970297029703;10;10
112;11.3299999999872;0.4399999999996;12.0100000000093;NA;NA;-491.954291024898;-500.801101671287;3.58201501082328;3.66068500906313;11.6238193940786;10.696175382065;1025.1154683644;1039.52055599646;17.6936212927778;0.0792079207920792;12;12
113;12.5500000000175;0.600000000000364;13.3899999999849;NA;NA;-539.70118399819;-549.506579840498;3.69738952630294;3.76758179562322;15.4779642188812;14.4411071974763;1136.49871219492;1152.28466331642;19.6107916846161;0.128712871287129;16;16
114;10.3999999999942;0.3799999999992;10.8800000000047;NA;NA;-438.092161111818;-451.49337097205;3.4694952347561;4.55193182042816;9.40365300003511;7.47633881673426;908.663389049991;928.809101408478;26.8024197204641;0.128712871287129;10;10
115;10.9400000000023;0.349999999999454;11.7300000000105;NA;NA;-483.52568207133;-491.180087234705;3.59153487157314;3.62853481801159;11.3219288066979;10.7897707683239;1007.188036727;1020.61032636332;15.3088103267515;0.287128712871287;12;12
116;12.2799999999988;0.479999999999563;12.8299999999872;NA;NA;-515.974751677556;-527.722137310329;3.84016238842857;4.20005308817845;15.3238511062772;13.9559591046811;1088.941844198;1107.34916279577;23.4947712655448;0.108910891089109;17;17
117;13.6700000000128;0.339999999999236;14.1699999999837;NA;NA;-675.944070924204;-684.952843584696;3.92232432445517;4.12388635620851;23.1360211878978;21.9128276418215;1441.92455972446;1455.18191035322;18.0175453209838;0.227722772277228;24;24
118;12.7200000000012;0.529999999999745;13.3600000000151;NA;NA;-566.031183547726;-579.144570100935;3.75341787773045;4.32660872701686;15.2142112558881;13.3469500908908;1188.64693630966;1207.92900706807;26.2267731064198;0.0297029702970297;17;17
119;15.6699999999837;0.5;16.4200000000128;NA;NA;-736.19411429401;-789.232897591188;4.08921044607124;8.33649508794103;29.7541417519294;15.9872404075013;1592.45967050417;1642.98155315628;106.077566594356;0.0099009900990099;32;32
120;13.9200000000128;0.5600000000004;14.609999999986;NA;NA;-714.413125617858;-724.255366864672;4.02650759368611;4.13791979774341;27.5014922792076;26.4694515859689;1538.91977915883;1554.47281308504;19.6844824936275;0.346534653465347;30;30
121;9.61999999999534;0.309999999999491;10.1300000000047;NA;NA;-390.596794133536;-395.779080352662;3.40923584289713;3.5081918998556;6.6505607654862;6.36524405432053;803.421796511341;812.832753232814;10.3645724382518;0.940594059405941;8;8
122;13.0599999999977;0.409999999999854;13.6499999999942;NA;NA;-585.502721294167;-598.972026103633;3.83570888061416;4.0466389799085;17.969036576161;16.4822622901242;1239.73424586426;1260.98617233869;26.9386096189323;0.0198019801980198;21;21
123;13.1499999999942;0.510000000000218;14.1699999999837;NA;NA;-510.406273306175;-527.493024497178;3.810795531867;5.31319191433767;15.9561468791428;12.0985213194732;1080.15651668674;1099.98276985469;34.1735023820067;0.138613861386139;17;17
124;12.9199999999837;0.510000000000218;13.4500000000116;NA;NA;-572.64315819387;-581.898911628687;3.73757846783558;3.86124336060934;14.9890152394543;14.0791464982054;1200.09530230353;1215.27977385913;18.5115068696346;0.188118811881188;15;15
125;14.2200000000012;0.6899999999996;15.3099999999977;NA;NA;-649.568016580139;-671.640220420349;4.01289300556684;5.55764591052657;22.743038299279;17.1461644462393;1388.10732220039;1410.35663060924;44.14440768042;0.0594059405940594;25;25
126;14.3300000000163;0.309999999999491;14.75;NA;NA;-619.54787940925;-630.292075265357;4.48800720091456;4.50623435919718;18.513361824729;17.8636474807813;1311.14258000717;1330.1025355766;21.4883917122136;0.633663366336634;24;24
127;16.6999999999825;0.539999999999964;17.5299999999988;NA;NA;-638.395263300944;-657.107740721067;4.1876485650524;5.35109593849884;21.8558701671493;17.3125380105455;1362.29119349943;1381.94252842174;37.4249548402463;0.376237623762376;25;25
128;9.80999999999767;0.3100000000004;10.3500000000058;NA;NA;-401.271546454415;-408.58762412203;3.20673412764041;3.30305224674082;6.57643468303273;6.0775938428186;823.577587933573;836.614218386804;14.6321553352301;0.514851485148515;6;6
129;10.5500000000175;0.460000000000036;11.1199999999953;NA;NA;-403.490842403888;-411.313657727341;3.44024302660507;3.66900064127324;7.92483242111096;6.98216615998346;833.935604088571;846.375040716348;15.6456306469055;0.287128712871287;9;9
130;14.2099999999919;0.470000000000255;14.960000000021;NA;NA;-703.777982887279;-727.642188390679;4.03675301033426;5.79480007640445;22.0763629431897;16.9922974700255;1493.9192054845;1521.75863539918;47.7284110067994;0.0792079207920792;25;25
131;9.82999999998719;0.449999999999818;10.4100000000035;NA;NA;-398.431651286863;-406.033246483618;3.34721610265297;3.6519006414905;6.11510031406402;5.36096849967325;816.422235845556;829.213362155355;15.2031903935091;0.0594059405940594;6;6
132;12.6900000000023;0.489999999999782;13.3099999999977;NA;NA;-573.815643352237;-584.991281272907;3.87267321944663;4.18539692735909;16.8231770981928;15.317799547861;1211.13549270824;1227.80426247408;22.3512758413394;0.128712871287129;19;19
133;12.9400000000023;0.350000000000364;13.640000000014;NA;NA;-614.206852896645;-623.101733032849;3.74867341971249;3.83599386001526;17.4981590918329;16.3910022803522;1293.99279850009;1307.63318861304;17.7897602724092;0.237623762376238;18;18
134;12.5;0.559999999999491;13.4100000000035;NA;NA;-526.392597405303;-535.874425699277;3.67651467424438;3.9407448058562;12.8939572048144;11.8248140257658;1099.48857459467;1114.57967296473;18.9636565879489;0.257425742574257;14;14
135;13.289999999979;0.550000000000182;14;NA;NA;-591.137355317348;-599.530974562336;3.87973893060835;3.86146144691292;16.3142800762601;16.004985377358;1242.95064674659;1258.58755893944;16.7872384899752;0.772277227722772;17;17
136;11.4700000000012;0.340000000000146;11.929999999993;NA;NA;-439.231101952413;-447.209780440006;3.48730456068003;3.51492865490755;10.9458443191829;10.6826104807683;916.267810844201;931.315990350931;15.9573569751873;0.356435643564356;10;10
137;11.3299999999872;0.400000000000546;11.8299999999872;NA;NA;-489.740780431493;-501.844231918236;3.62066651211828;4.2901262836627;12.3860651034441;10.8445012147738;1023.88634459531;1042.56664888598;24.2069029734857;0.138613861386139;13;13
138;11.8600000000151;0.489999999999782;12.4099999999744;NA;NA;-542.912978143872;-553.48529181228;3.70544225353668;3.93897764481617;14.7094417716533;13.6427437684539;1140.08731382068;1157.29702080975;21.1446273368149;0.0396039603960396;16;16
139;12.9499999999825;0.569999999999709;13.6999999999825;NA;NA;-607.109202781971;-616.85707812927;3.77652874976554;3.91205862905464;19.3427740345731;18.3322477239198;1287.23359762941;1302.91480897573;19.4957506945973;0.0198019801980198;19;19
140;11.7600000000093;0.409999999999854;12.4200000000128;NA;NA;-431.052821422529;-441.414357590881;3.46645901820528;3.4847274598113;10.5061965555067;9.67705239236214;898.39276020422;916.252070055924;20.7230723367037;0.0297029702970297;10;10
141;13.3399999999965;0.539999999999964;14.1000000000058;NA;NA;-584.23622255748;-592.015522673591;3.91831769760368;3.97153196296626;21.5283576634817;20.4099022622042;1252.2524603143;1263.45846607631;15.5586002322202;0.207920792079208;24;24
142;12.8099999999977;0.409999999999854;13.3800000000047;NA;NA;-529.744345060659;-544.251107069645;3.89619778440829;4.59836845240108;14.206493600484;11.9645342752181;1111.89473247914;1132.63793880518;29.0135240179709;0.108910891089109;16;16
143;11.1000000000058;0.479999999999563;11.75;NA;NA;-416.371822979837;-428.225732510506;3.57861120764206;3.9033869976212;10.7205346876369;9.41302834019312;870.748353287649;889.821012115665;23.7078190613373;0.0099009900990099;12;12
144;13.0299999999988;0.580000000000837;13.6899999999732;NA;NA;-666.462320676613;-675.212240911084;3.93011484807378;4.1455685210276;18.8239297468552;17.9957603752056;1403.98129762377;1418.35496055346;17.4998404689416;0.683168316831683;19;19
145;11.890000000014;0.519999999999527;12.5599999999977;NA;NA;-474.368999110849;-487.157948000614;3.74285725834063;4.41201956997032;15.1427615973852;13.0126457855596;1005.05683245439;1022.71242104803;25.5778977795293;0.178217821782178;17;17
146;13.710000000021;0.609999999999673;14.5800000000163;NA;NA;-675.045623156261;-684.860072089914;3.9657192766189;4.05101354356655;24.320999224195;23.3177579902676;1445.71249825966;1461.39701942152;19.6288978673053;0.168316831683168;26;26
147;13.7699999999895;0.569999999999709;14.6699999999837;NA;NA;-637.813033848245;-657.751430154913;3.95601660171371;5.25464555697889;21.4110385595867;17.4189720717854;1358.49389968963;1382.92006882686;39.8767926133346;0.099009900990099;23;23
148;12.0599999999977;0.579999999999927;12.7599999999802;NA;NA;-570.651331618072;-576.34195012391;3.77247124126614;3.78457359866645;16.0038947781124;15.3075396959804;1200.82421690318;1209.61557582786;11.3812370116743;0.811881188118812;17;17
149;13.359999999986;0.479999999999563;13.8800000000047;NA;NA;-548.366974904201;-563.297261281208;3.8938336015994;4.47608858415189;18.9469698100856;16.611909263;1169.64390407325;1190.51891557921;29.8605727540157;0.099009900990099;22;22
150;13.710000000021;0.720000000000255;14.5;NA;NA;-634.719543726011;-653.401316283707;3.93750174031223;4.78461364085914;19.7285699697876;16.5937894803162;1345.79520708496;1371.02611032901;37.3635451153925;0.0198019801980198;23;23
151;16.5799999999872;0.75;17.6900000000023;NA;NA;-637.974294216526;-653.153870721487;4.03316870982636;5.1069306207015;18.3310110788093;14.8147961680735;1345.61470203046;1362.61065175874;30.3591530099225;0.148514851485149;20;20
152;13.140000000014;0.529999999999745;13.8099999999977;NA;NA;-607.060530112034;-618.969651008462;3.80462965513018;4.03775778411801;17.3087287347299;15.9866435956241;1278.99021133731;1297.85358082339;23.8182417928554;0.0891089108910891;18;18
153;13.9700000000012;0.590000000000146;14.75;NA;NA;-697.242899234956;-707.320356262923;4.20741765134049;4.33628786246081;25.6909425938577;24.5575573507379;1496.89588184385;1512.5328582329;20.1549140559343;0.425742574257426;29;29
154;11.9700000000012;0.489999999999782;12.6900000000023;NA;NA;-561.884099860857;-574.65064642531;3.71107342866261;4.00677151510613;16.2507848325648;14.7347586251955;1183.71538600379;1203.65604120443;25.5330931289063;0.0099009900990099;16;16
155;12.9799999999814;0.529999999999745;13.7700000000186;NA;NA;-528.920442069256;-543.195422381752;3.73550118525707;4.25449782541272;15.8354027714389;13.7497285921994;1116.25577606969;1137.11193606691;28.5499606249916;0.0396039603960396;16;16
156;12.0200000000186;0.5;12.7200000000012;NA;NA;-518.914598061592;-530.340762638424;3.72921299527106;4.26153138686493;13.3236338827103;11.568459706694;1086.08891371366;1102.58380233704;22.8523291536651;0.267326732673267;14;14
157;10.9199999999837;0.479999999999563;11.5599999999977;NA;NA;-481.814576393033;-491.069943889112;3.668757451239;3.73755023142548;13.6124658107509;13.0499186792828;1013.40463402894;1029.85835344582;18.5107349921575;0.158415841584158;15;15
158;11.2200000000012;0.4399999999996;11.7699999999895;NA;NA;-455.72816343382;-463.051099915211;3.51286971990676;3.55428829354311;10.6942542778085;10.2582991148646;948.902608237839;962.021969929027;14.6458729627836;0.653465346534653;11;11
159;12.820000000007;0.530000000000655;13.390000000014;NA;NA;-561.507753047616;-569.562942983492;3.91670441756756;4.08910806750861;17.9531990641129;17.0161222722084;1191.68373332162;1204.20993848193;16.1103798717518;0.475247524752475;21;21
160;12.3500000000058;0.649999999999636;13.0499999999884;NA;NA;-601.664239520252;-613.885199242469;3.99357011929827;4.30180946104862;17.9010035411408;16.4073509751198;1271.36036996257;1290.12573567562;24.4419194444331;0.128712871287129;20;20
161;10.2799999999988;0.420000000000073;11.1199999999953;NA;NA;-486.248391576214;-494.011651705804;3.48354343606624;3.78112578963182;9.22376804184189;8.45963868905327;1004.354549344;1017.2418603179;15.5265202591816;0.217821782178218;10;10
162;12.0599999999977;0.630000000000109;13.140000000014;NA;NA;-592.03377943557;-605.631152984378;3.93537985909614;4.05486591068735;17.0551293768791;15.6571777928518;1248.44733939943;1270.36509245144;27.1947470976165;0.0099009900990099;19;19
163;12.460000000021;0.639999999999418;13.4200000000128;NA;NA;-642.081099944115;-655.711181918963;3.93217099180218;4.27137459401954;22.3254667539595;20.3349995813636;1370.0729695938;1389.67360423752;27.260163949697;0.0297029702970297;22;22
164;12.890000000014;0.590000000000146;13.8399999999965;NA;NA;-535.923580979822;-565.651718170717;3.7377605975196;8.49730361338244;14.283662836898;7.31104020920258;1124.53787232817;1158.27298235736;59.4562743817903;0.0297029702970297;16;16
165;11.2799999999988;0.410000000000764;11.7999999999884;NA;NA;-438.995542679239;-450.747905064662;3.51484682657487;3.54944210200048;10.2022256606123;9.0668488174316;913.714512421767;933.243678016021;23.5047247708461;0.0198019801980198;11;11
166;10.5899999999965;0.360000000000582;11.0600000000268;NA;NA;-445.76450643384;-455.275957554577;3.48250680198033;3.76966829500406;8.78772515823744;8.03409586519825;921.880740293709;938.300699171491;19.0229022414753;0.287128712871287;10;10
167;13.7200000000012;0.329999999999927;14.1499999999942;NA;NA;-691.947395918863;-701.756774295448;4.00553172529409;4.06782426292136;25.2899360588609;24.6722601422042;1484.70636972545;1501.8629263514;19.6187567531692;0.574257425742574;29;29
168;10.390000000014;0.360000000000582;10.9599999999919;NA;NA;-448.566818016361;-456.856318086679;3.52632147476049;3.51200330942511;10.4700420722893;9.82074646333308;933.794831026966;948.100301341793;16.5790001406378;0.544554455445545;11;11
169;12.359999999986;0.579999999999927;13.2000000000116;NA;NA;-555.924023301737;-565.885886668564;3.66661311700103;3.75984539088258;14.2011523403543;13.4479729611875;1163.28623587211;1180.48186121439;19.9237267336525;0.168316831683168;14;14
170;12.6699999999837;0.5;13.4300000000221;NA;NA;-467.311190155175;-475.725242002256;3.92648981612497;3.89584185272925;12.7005159851413;12.0622389490473;980.625093991311;995.141285651748;16.8281036941617;0.683168316831683;14;14
171;10.4899999999907;0.359999999999673;10.9400000000023;NA;NA;-468.991723475077;-472.913615244436;3.35000552515899;3.37289513710928;8.095998930897;7.65658409754559;965.042751650484;971.417876415036;7.84378353871773;0.702970297029703;8;8
172;10.9500000000116;0.349999999999454;11.3500000000058;NA;NA;-452.548180028717;-464.918389516493;3.50807323183682;4.40400824491617;10.0844800602834;8.26919471066683;940.407497047429;958.791634958112;24.7404189755532;0.0297029702970297;11;11
173;12.7299999999814;0.640000000000327;13.5599999999977;NA;NA;-594.97150335379;-611.002148418823;3.87916003240248;4.56371793948069;20.505893429454;17.3389584089039;1269.30762635702;1289.11182589871;32.061290130066;0.0198019801980198;23;23
174;13.1699999999837;0.539999999999964;14.0800000000163;NA;NA;-602.573098682285;-614.391847267923;3.85754860109226;4.23061142843537;18.9438557725514;17.411457850252;1277.14139733197;1294.95509093494;23.6374971712764;0.118811881188119;20;20
175;13.859999999986;0.579999999999927;14.6800000000221;NA;NA;-603.738769833059;-628.734880471981;4.03010137969694;7.48529559302722;14.8175437813195;9.03965877532652;1263.41087183438;1291.592706314;49.9922212778454;0.0297029702970297;19;19
176;13.890000000014;0.579999999999927;14.7600000000093;NA;NA;-547.904460312988;-572.62278092373;4.14628975541135;6.96414858766282;15.7060981472769;10.0813876560191;1154.22291151596;1182.74017579772;49.4366412214852;0.108910891089109;17;17
177;13.429999999993;0.619999999999891;14.8899999999849;NA;NA;-620.999535388497;-628.297495176634;3.92314444296253;3.97368383464207;19.4741139285587;19.0687157521316;1316.93753165552;1329.9734359471;14.5959195762744;0.910891089108911;22;22
178;11.25;0.5;11.9200000000128;NA;NA;-538.579634303208;-547.466411897066;3.66173089845888;3.73452752769967;14.3210420380103;13.831725354762;1129.52573690479;1145.51005172067;17.7735551877161;0.108910891089109;15;15
179;8.05000000001746;0.470000000000255;8.82000000000698;NA;NA;-400.600381415825;-408.386836760942;3.20019618221463;3.20446759423648;5.47322379662544;5.23923989216565;818.706676638783;833.531198040377;15.5729106902352;0.396039603960396;6;6
180;11.6499999999942;0.590000000000146;12.3999999999942;NA;NA;-560.142697486257;-567.942161989035;3.7418255903914;3.78868570487325;15.6234589994889;15.070415483094;1178.39203502457;1191.93408913826;15.5989290055566;0.336633663366337;17;17
181;11.5299999999988;0.360000000000582;12.2200000000012;NA;NA;-435.499535668992;-444.580007057316;3.55299479770174;3.77435307183762;10.1838043012043;9.13247440057265;907.101048826007;921.534986715042;18.1609427766479;0.336633663366337;12;12
182;10.5499999999884;0.420000000000073;11.1300000000047;NA;NA;-487.613665442563;-496.045303630774;3.45806393245643;3.77605875501196;9.83999754503959;8.89688234976821;1009.21347837859;1022.8193502706;16.863276376423;0.128712871287129;10;10
183;11.890000000014;0.409999999999854;12.4700000000012;NA;NA;-492.784941381681;-501.277147203425;3.66889826255613;3.70650645547419;12.7991822896456;12.0735377415442;1032.37150319272;1046.70251558473;16.9844116434866;0.465346534653465;15;15
184;12.1300000000047;0.389999999999418;12.75;NA;NA;-605.43802326198;-613.071223315437;3.83672657699397;3.8797395128255;16.1019708813979;15.6240697676134;1271.22254558432;1284.69788176953;15.266400106914;0.910891089108911;18;18
185;13.6300000000047;0.470000000000255;14.3300000000163;NA;NA;-668.795187828436;-682.912810033896;3.96731527872556;4.41243954047309;23.669965531127;21.4309984928692;1430.18782535233;1449.66417920119;28.2352444109194;0.0495049504950495;25;25
186;10.8399999999965;0.369999999999891;11.5299999999988;NA;NA;-495.884744170191;-505.3177283922;3.80575257717294;3.95096127507874;14.9640557016691;14.3037609627583;1047.42368107736;1063.83388676594;18.8659684440191;0.683168316831683;17;17
187;9.47999999998137;0.460000000000036;10.1699999999837;NA;NA;-418.088761891385;-427.34772251206;3.42738965835545;3.60214133788368;8.26986429198112;7.63172695525552;864.304964559357;880.652454761896;18.5179212413512;0.227722772277228;9;9
188;10.5;0.550000000000182;11.25;NA;NA;-493.302452011192;-502.106129675617;3.56733460382632;3.61705740842578;10.7717108596024;10.2943659638027;1024.79103284606;1040.70618218071;17.6073553288502;0.267326732673267;12;12
189;11.4199999999837;0.670000000000073;12.429999999993;NA;NA;-546.048990054502;-559.856842116775;3.84089529492953;4.72967529035046;14.6534742086419;12.1354329981824;1146.59706071475;1164.84768670537;27.6157041245453;0.178217821782178;17;17
190;12.2000000000116;0.529999999999745;12.8399999999965;NA;NA;-557.284316214516;-571.219537156693;3.79484296941219;4.63221578797829;17.3052682204633;14.6120102816472;1179.89263821037;1197.59655768521;27.8704418843536;0.0594059405940594;19;19
191;12.359999999986;0.619999999999891;13.179999999993;NA;NA;-540.642212346499;-549.660901967856;3.77027030193511;3.88474903720091;16.3195398439117;15.4288014781315;1141.97992288942;1156.70447533734;18.0373792427147;0.514851485148515;17;17
192;8.61999999999534;0.230000000000473;8.98000000001048;NA;NA;-441.684947517487;-449.568098092869;3.28490297182013;3.30549322733416;6.94820601142172;6.67577598118784;906.129022917602;921.002968561496;15.7663011507641;0.415841584158416;7;7
193;12.3000000000175;0.449999999999818;12.9200000000128;NA;NA;-597.603029577414;-608.716389417698;3.74021676712039;3.75810712763367;16.0432877458935;15.0674979576521;1254.87412282324;1273.47169315898;22.2267196805681;0.0099009900990099;17;17
194;11.609999999986;0.479999999999563;12.3000000000175;NA;NA;-510.6161665834;-519.404659452822;3.56945298061169;3.59515846390544;11.8312163065729;11.4000336211871;1063.17444950394;1079.22287605797;17.5769857388449;0.554455445544555;12;12
195;12.0799999999872;0.510000000000218;12.7000000000116;NA;NA;-567.524929060878;-582.418439021824;3.98850540638867;4.74280574991333;18.4803296547381;16.2377616342852;1205.73427884356;1226.94382074334;29.7870199218937;0.108910891089109;21;21
196;10.359999999986;0.470000000000255;10.9599999999919;NA;NA;-444.968757512361;-451.843163310734;3.62680389280007;3.6967843181945;8.78136578386624;8.42989609116665;919.804673336226;932.358067134428;13.7488115967451;0.544554455445545;9;9
197;13.1399999999849;0.659999999999854;13.8899999999849;NA;NA;-623.231020124473;-634.248547290813;3.94796707172105;4.1479616610647;21.2247260003623;19.8166430177;1329.06043882203;1345.61578051089;22.0350543326815;0.099009900990099;24;24
198;12.4200000000128;0.340000000000146;12.8699999999953;NA;NA;-563.093754359703;-572.564139132777;3.83216107653891;3.90200475971075;17.4431169515458;16.8512805474032;1192.47922398895;1209.17074814515;18.9407695461489;0.207920792079208;20;20
199;9.50999999998021;0.360000000000582;10.070000000007;NA;NA;-389.668237553783;-395.016936073438;3.55923344460665;3.57704642985818;8.47415289521224;8.16710813608122;808.605162305967;818.242064317393;10.6973970393117;0.851485148514851;10;10
200;12.7000000000116;0.510000000000218;13.3500000000058;NA;NA;-592.198694036179;-600.364227584136;3.7876700271596;3.83581098131239;17.063182892339;16.4359110967029;1248.80756904771;1262.77080769494;16.3310670959154;0.465346534653465;19;19
201;12.609999999986;0.539999999999964;13.320000000007;NA;NA;-508.276780635163;-523.012258554344;3.9327776735681;4.93071692992067;12.7632310711181;10.5535353907386;1063.63558213668;1084.95523697985;29.4709558383638;0.0495049504950495;16;16
202;11.75;0.340000000000146;12.3600000000151;NA;NA;-477.341623994293;-484.847876792248;3.6596876102558;3.68210414457433;12.9439227941589;12.4828422478751;1002.01412802217;1015.34064179249;15.0125055959106;0.534653465346535;15;15
203;12.8500000000058;0.539999999999964;13.9400000000023;NA;NA;-655.463305489489;-668.579275833762;3.90557650463294;4.19185920189114;21.3788370198588;19.815930829969;1392.69737690615;1412.95144161852;26.2319406885445;0.0792079207920792;21;21
204;11.6399999999849;0.430000000000291;12.3399999999965;NA;NA;-474.599029383276;-485.228207815841;3.51760490792809;4.02068133011202;10.5421412291089;9.45314608032855;986.111711318162;1003.55691602769;21.2583568651304;0.0594059405940594;11;11
205;14.3699999999953;0.369999999999891;14.8199999999779;NA;NA;-727.942178234684;-739.364449059809;4.26785894277933;4.4867822888888;26.1011430203044;24.9388959823341;1559.47163254452;1577.70357907983;22.84454165025;0.613861386138614;28;28
206;17.8500000000058;0.610000000000582;18.8800000000047;NA;NA;-853.843429764801;-907.798914033898;4.24217794740784;7.1234738657023;39.199109317819;24.8018408509018;1870.73050300463;1918.75788878327;107.910968538194;0.0198019801980198;41;41
207;10.5299999999988;0.329999999999927;10.9499999999825;NA;NA;-462.699455488173;-472.131095649334;3.50266731606039;3.51800989666631;10.1720269125317;9.54615358346779;961.016596134845;977.688360510995;18.8632803223212;0.0693069306930693;11;11
208;11.3399999999965;0.420000000000073;11.7600000000093;NA;NA;-450.062819861288;-466.109801905124;3.58636117652468;4.86767260939147;12.0650966685237;8.9687918749428;943.379732430871;964.373258762077;32.0939640876716;0.0198019801980198;13;13
209;13.2300000000105;0.550000000000182;14.1899999999732;NA;NA;-589.511503266844;-603.091087941098;3.93295383132437;4.42897298828688;20.9664803539161;18.8401611498817;1260.17025058822;1279.09985825183;27.1591693485066;0.188118811881188;23;23
210;12.0899999999965;0.640000000000327;12.9700000000012;NA;NA;-540.173443091742;-551.597275324259;3.70241562757113;3.84019070718831;14.0612802954509;13.0387946104134;1132.21725416391;1151.29309219328;22.8476644650357;0.0396039603960396;16;16
211;14.2200000000012;0.739999999999782;15.0599999999977;NA;NA;-657.365810421445;-696.020147713057;4.48620192896443;8.64883155252868;22.1363384843018;12.7945246360951;1402.97222398499;1443.04225185202;77.3086745832245;0.0198019801980198;29;29
212;12.2799999999988;0.359999999999673;12.7999999999884;NA;NA;-624.212380745827;-642.343775746262;3.90496243068032;4.80537825022143;19.292121113877;16.2589554703538;1322.66289466987;1347.25374078928;36.2627900008692;0.0198019801980198;22;22
213;12.3999999999942;0.420000000000073;13;NA;NA;-570.72285258136;-576.4981629121;3.91310885272911;3.92715423243575;15.7723342736422;15.4547211143938;1200.98318485681;1211.33487790927;11.5506206614793;0.930693069306931;19;19
214;10.1699999999837;0.609999999999673;10.8800000000047;NA;NA;-468.264580878364;-476.832473212447;3.63193320222903;3.76537895592009;11.2201317954248;10.4931707763382;977.169755497284;991.672404656832;17.1357846681667;0.524752475247525;14;14
215;14.8800000000047;0.519999999999527;15.6999999999825;NA;NA;-657.541770167379;-695.530351216958;4.16687398983461;7.34334204538605;25.6449665732996;15.874253830183;1417.74505465773;1454.60825794723;75.9771620991596;0.0297029702970297;30;30
216;12.0599999999977;0.490000000000691;12.820000000007;NA;NA;-535.94115564912;-545.139600835443;3.65802007922351;3.72432529183431;14.3977331449931;13.864000567498;1124.52920908017;1140.97444746932;18.3968903726457;0.0792079207920792;15;15
217;11.5899999999965;0.409999999999854;12.1600000000035;NA;NA;-521.498420454829;-527.844353084191;3.67530984442171;3.71763793391217;12.411368940077;11.8795866835496;1088.38037909179;1099.12772393055;12.6918652587244;0.851485148514851;15;15
218;13.8299999999872;0.690000000000509;14.7300000000105;NA;NA;-650.917296914513;-671.447333333608;3.90102850136379;5.12297948590367;21.1177882663296;16.4376197837291;1383.56744976923;1406.5137158233;41.0600728381908;0.0099009900990099;23;23
219;9.17000000001281;0.399999999999636;9.70000000001164;NA;NA;-403.541469295908;-413.123828451422;3.45320322366543;3.59998643770897;8.38555202642981;7.74335174615422;836.045609230691;852.992246353601;19.1647183110285;0.138613861386139;10;10
220;8.75;0.390000000000327;9.36999999999534;NA;NA;-450.501031292756;-457.087183080573;3.46801166194032;3.53648503673084;8.77421704915853;8.38997972493377;931.307134655642;943.152329528878;13.1723035756336;0.386138613861386;10;10
221;12.4200000000128;0.529999999999745;13.2399999999907;NA;NA;-478.792613865667;-488.30866337321;4.05607193440939;4.36843052862379;12.4430352230804;11.3809009214431;1003.08455716669;1018.2328450675;19.032099015086;0.376237623762376;15;15
222;11.5;0.429999999999382;12.1100000000151;NA;NA;-501.515083017212;-511.827185020446;3.69791808302627;4.04843021315824;11.5703480479724;10.2255907134752;1044.51055536606;1060.31372394989;20.6242040064691;0.188118811881188;13;13
223;13.6300000000047;0.489999999999782;14.3099999999977;NA;NA;-590.056192132442;-609.586569471794;3.92599637643807;5.21089111857015;22.0127047480995;17.4235496310804;1265.77729039485;1286.97883391281;39.0607546787044;0.0099009900990099;24;24
224;11.5799999999872;0.529999999999745;12.3699999999953;NA;NA;-499.566408081443;-508.31027976754;3.77100153027159;3.82017152136775;15.3649270200126;14.6314399382674;1056.7170436345;1071.45584541343;17.4877433721939;0.306930693069307;18;18
225;15.6900000000023;0.699999999999818;16.5899999999965;NA;NA;-601.113908106602;-623.652452446436;4.06450307734452;5.58948448652292;18.6254730186826;13.8115883316894;1273.9006166433;1300.45336523677;45.0770886796681;0.0198019801980198;22;22
226;13.2000000000116;0.5600000000004;13.9800000000105;NA;NA;-683.720705892663;-691.752366454161;4.06534604066387;4.14140677968027;25.4005467200095;24.7718463937636;1468.24824018738;1481.81644627987;16.0633211229961;0.940594059405941;28;28
227;8.89000000001397;0.260000000000218;9.33999999999651;NA;NA;-436.801538551872;-444.083504213065;3.45616996479505;3.56284800594075;9.20043127377624;8.37580036764472;905.380240953914;917.095998028779;14.5639313223858;0.336633663366337;10;10
228;13.5199999999895;0.5;14.1900000000023;NA;NA;-656.104110404096;-668.767422797739;4.11379675272362;4.32604449489484;24.960288231918;23.2712829514859;1412.12884189781;1430.69406813567;25.3266247872862;0.0891089108910891;30;30
229;12.5299999999988;0.559999999999491;13.3800000000047;NA;NA;-629.927131612644;-641.513370662761;4.06386755065994;4.29684503392542;23.7357950496914;22.508870846828;1353.62260526142;1371.94811497211;23.1724781002338;0.138613861386139;27;27
230;12.3000000000175;0.530000000000655;13.1500000000233;NA;NA;-581.321271242364;-593.300563288475;3.68937457700889;3.94396075083609;15.5709509516816;14.2493974474775;1219.57944045784;1238.70561853527;23.9585840922221;0.0297029702970297;15;15
231;12.7799999999988;0.539999999999964;13.4800000000105;NA;NA;-558.167910175242;-568.649166490459;3.90597856880925;3.99229619808456;14.46379949661;13.6028847472361;1169.22429702718;1187.03878000928;20.9625126304345;0.108910891089109;15;15
232;12.640000000014;0.670000000000073;13.3500000000058;NA;NA;-555.928250494225;-571.353020107904;3.90780285658427;5.31456852020609;14.5050654677605;11.561343086422;1165.80362102725;1185.70489221542;30.8495392273587;0.257425742574257;17;17
233;14.7700000000186;0.510000000000218;15.5599999999977;NA;NA;-645.69695861467;-668.743737896433;4.34086106267981;5.42309272107777;24.2278829073688;19.5621108427168;1387.97190378835;1415.46660774001;46.0935585635257;0.0297029702970297;29;29
234;12.3699999999953;0.539999999999964;13.1399999999849;NA;NA;-567.210905032678;-575.05732345974;3.70442834632577;3.83324054116558;14.2023736353575;13.6069972631056;1186.81265436848;1200.30921955554;15.6928368541239;0.801980198019802;16;16
235;10.7200000000012;0.319999999999709;11.0800000000163;NA;NA;-412.538392904555;-420.812673073768;3.57121150619436;3.52842355162526;9.13870684682005;8.86322820086315;857.07626693758;872.66022978094;16.5485603384268;0.386138613861386;11;11
236;13.0200000000186;0.530000000000655;13.8099999999977;NA;NA;-588.004578352448;-602.627635252299;3.94272594949014;4.95620196402192;17.7293025238971;14.9725656959991;1242.933809118;1261.77378010679;29.2461137997011;0.118811881188119;19;19
237;12.8300000000163;0.280000000000655;13.2699999999895;NA;NA;-526.007159645669;-539.582307046387;3.87352314793075;4.50502595132716;15.4999942853479;13.323740350586;1110.10474793923;1129.09894141639;27.1502948014352;0.138613861386139;18;18
238;13.0599999999977;0.440000000000509;13.609999999986;NA;NA;-658.028950133;-668.605651521608;4.02932081007457;4.2097306811891;23.2581058035631;22.2461066193853;1407.04414523222;1424.23858391946;21.1534027772173;0.425742574257426;25;25
239;10.609999999986;0.409999999999854;11.4700000000012;NA;NA;-531.010121282445;-540.304739309106;3.77899795447006;3.84176635460858;15.6290217286731;15.0919150606038;1121.01674540748;1137.57850874885;18.5892360533223;0.306930693069307;19;19
240;10.9200000000128;0.430000000000291;11.5899999999965;NA;NA;-484.109509415202;-492.07411022488;3.58569486511784;3.70206155441089;11.3303230499043;10.7242401096292;1008.3854493294;1022.16606364105;15.9292016193559;0.504950495049505;12;12
241;12.4700000000012;0.469999999999345;13.1600000000035;NA;NA;-486.727319390028;-497.596954969977;3.71619490597825;3.98709100601421;13.3146847546277;12.3493872224684;1022.14125077767;1040.35080514167;21.7392711598974;0.237623762376238;15;15
242;14.179999999993;0.409999999999854;14.7400000000198;NA;NA;-697.390551199941;-713.03570562443;4.29331772283656;4.93074242000278;21.5668813845761;18.9643988849897;1479.15123853168;1500.26057597105;31.2903088489779;0.178217821782178;25;25
243;10.6699999999837;0.400000000000546;11.1899999999732;NA;NA;-472.660349439198;-482.260583068334;3.67596679504796;3.73611763255711;11.1890336884332;10.5944480469072;985.434053439271;1002.50289563326;19.2004672582724;0.128712871287129;13;13
244;11.6699999999837;0.549999999999272;12.2799999999988;NA;NA;-518.254443335439;-528.263296738035;4.29425643687663;5.87069461547998;10.2185089669925;8.06547369956527;1073.14285209545;1085.44179877629;20.0177068051933;0.376237623762376;13;13
245;11.8399999999965;0.449999999999818;12.359999999986;NA;NA;-513.085139485009;-525.549421396095;3.59856758970962;4.17406822503836;11.476652320272;9.833037644269;1067.3147635175;1086.35087048451;24.9285638221709;0.118811881188119;13;13
246;13.7699999999895;0.639999999999418;14.5499999999884;NA;NA;-608.5712546648;-619.003300097755;4.14550486906838;4.00497723004848;17.8745816801814;17.275806559564;1285.51003714501;1304.08390519919;20.8640908659111;0.465346534653465;21;21
247;10.6300000000047;0.550000000000182;11.5599999999977;NA;NA;-469.48115199816;-478.166464395804;3.51625092486322;3.59038960607885;10.5246645531099;10.0402694924548;975.814761394918;991.489261031368;17.3706247952896;0.0396039603960396;11;11
248;12.390000000014;0.420000000000073;13.0499999999884;NA;NA;-490.652520589691;-501.94201478227;3.68850879684806;3.92216983303248;14.8062271816852;13.4545798979074;1035.44564241988;1053.0821835691;22.5789883851573;0.0594059405940594;15;15
249;10.6600000000035;0.5;11.4200000000128;NA;NA;-500.996151568427;-509.477970156429;3.62377736691922;3.66737842055991;12.5136414461843;12.123250346744;1047.31813597928;1062.86773218307;16.9636371760037;0.207920792079208;14;14
250;9.54000000000815;0.460000000000036;10.1700000000128;NA;NA;-437.935672549678;-444.389515715956;3.62230142163787;3.65725266101864;7.43583702094171;7.23370289915514;900.724186776963;912.95627904899;12.9076863325556;0.772277227722772;8;8
