1;20.4200000000001;0.640000000000015;21.6099999999997;NA;NA;-915.064196097083;-929.992306260183;4.34318955937072;4.4655863757191;85.7192891945386;83.7674367702224;2195.17226534455;2216.71633358123;29.8562203261995;0.0396039603960396;50;50
2;20.0899999999992;0.75;21.0600000000004;NA;NA;-916.11167730394;-935.231838319433;4.33442374801606;4.55871435249734;85.5156661889463;82.6282211733238;2196.40007951984;2222.343938037;38.2403220309848;0.0099009900990099;50;50
3;20.7999999999993;0.620000000000005;21.7699999999995;NA;NA;-931.693433619138;-945.825350453775;4.3188204150579;4.40356075156321;88.4407668683312;86.8376461296419;2240.02041594557;2261.45720509455;28.2638336692748;0.0495049504950495;50;50
4;19.8199999999997;0.579999999999984;20.7799999999997;NA;NA;-921.824241658294;-935.696624517105;4.35598610801561;4.42571885598417;87.291188096335;85.8244490309552;2215.38643977896;2236.88495550596;27.7447657176217;0.0396039603960396;50;50
5;20.2299999999996;0.789999999999992;21.2200000000003;NA;NA;-906.47534163981;-918.807565195418;4.30407203837039;4.34498276234001;87.8350035566624;86.5876354740584;2187.00453041003;2206.35694005108;24.6644471112165;0.0891089108910891;50;50
6;20.5799999999999;0.640000000000015;21.5299999999997;NA;NA;-918.550572827985;-935.415830586367;4.3256779948878;4.41797628538031;88.5172335571274;86.4521138025741;2214.06033514385;2238.99633870415;33.7305155167639;0.0297029702970297;50;50
7;19.8900000000003;0.509999999999991;20.5699999999997;NA;NA;-905.039729822962;-915.616954990373;4.33642074614322;4.35733717031035;82.2880533129438;81.2527727899923;2160.51108335188;2177.25669157605;21.1544503348223;0.247524752475248;50;50
8;19.79;0.509999999999991;20.6399999999994;NA;NA;-905.168359167575;-917.901308781105;4.35943754179177;4.41455075195918;83.333835398898;82.1530956865271;2165.2219060722;2185.65951117974;25.4658992270588;0.247524752475248;50;50
9;20.1800000000003;0.650000000000006;21;NA;NA;-925.515568636314;-953.317649105523;4.35008641922293;4.78880689919396;86.6429278157185;81.3835317623141;2220.00841471083;2253.21492952074;55.6041609384163;0.0198019801980198;50;50
10;21.5700000000006;0.670000000000016;22.3199999999997;NA;NA;-922.84766740173;-942.596708760803;4.29086241493509;4.41184836360261;94.7131131243522;92.3035139518351;2249.04027592374;2278.27684780879;39.498082718146;0.0099009900990099;50;50
11;20.3800000000001;0.620000000000005;21.1999999999998;NA;NA;-921.681547976689;-934.304857532873;4.36264880888439;4.42086982029314;91.0279101030567;89.6716998612204;2231.01424403268;2250.4853108261;25.2466191123699;0.0099009900990099;50;50
12;19.3699999999999;0.449999999999989;19.8599999999997;NA;NA;-903.400841752639;-911.606208698031;4.41915420413437;4.44916655293607;80.3786338240134;79.4996975790588;2148.28992686903;2160.96650430506;16.4107338907834;0.722772277227723;49;49
13;19.8800000000001;0.590000000000003;20.6599999999999;NA;NA;-915.242621962736;-925.129538326836;4.35816130267728;4.38047462613174;84.1608719218779;83.3005506193264;2188.89244658381;2205.00251794175;19.7738327282009;0.445544554455446;50;50
14;19.8099999999995;0.550000000000011;20.8999999999996;NA;NA;-922.336703667563;-944.138758995115;4.34450905419476;4.55187356344199;86.5170177049334;83.6660865623714;2213.11448440417;2244.57762940097;43.6041106551045;0.0099009900990099;50;50
15;19.2000000000007;0.420000000000016;19.6800000000003;NA;NA;-896.771898111995;-908.86532928011;4.31922975061575;4.36154678162893;82.2663497582619;81.2732546840309;2143.05199175273;2163.01969439119;24.1868623362311;0.178217821782178;49;49
16;21.1400000000003;0.370000000000005;21.8299999999999;NA;NA;-921.440095062304;-933.40218563182;4.36562245690085;4.39704822573316;86.3083482183012;85.0937202419734;2210.43262802826;2229.18419860225;23.9241811390325;0.277227722772277;50;50
17;19.4499999999998;0.639999999999986;20.4799999999996;NA;NA;-928.618973455365;-943.074501351504;4.37776483579714;4.50945554320539;87.3302726107579;85.4409201000571;2229.14234855317;2250.00741417528;28.9110557922777;0.138613861386139;50;50
18;18.8099999999995;0.509999999999991;19.7200000000003;NA;NA;-905.321012317546;-929.794420535614;4.35027115389382;4.62171102062079;83.7691100525314;80.2616479907271;2167.3808715303;2201.39082197046;48.9468164361369;0.0099009900990099;50;50
19;19.7699999999995;0.469999999999999;20.3800000000001;NA;NA;-920.506255684493;-933.468089381443;4.41940883318719;4.53710195079095;83.5047192377353;81.687725718006;2196.62542444037;2214.81124941672;25.9236673938999;0.188118811881188;50;50
20;19.6300000000001;0.469999999999999;20.5;NA;NA;-910.781384531444;-936.796928063347;4.34043842560339;4.69101792251826;81.5182507303972;77.2476674708904;2168.71611411144;2202.56050984462;52.0310870638064;0.0099009900990099;50;50
21;20.8900000000003;0.72999999999999;22;NA;NA;-922.876031270922;-940.243920944498;4.35868740915811;4.57410559185067;86.6934217436787;84.0155334932007;2214.94437324976;2238.27610680974;34.7357793471531;0.0594059405940594;50;50
22;23.8799999999992;0.5;26.3800000000001;NA;NA;-928.120035627849;-942.310684821717;4.36008472155394;4.40672001879713;90.7712860345007;89.4655193603207;2242.79836095027;2265.61892582455;28.3812983877358;0.0693069306930693;50;50
23;22.2200000000003;0.509999999999991;24.5;NA;NA;-919.277009560259;-937.538946972982;4.3832992604547;4.6060593083188;84.7952000246743;81.6352081610733;2199.66256927798;2222.72931351063;36.5238748254455;0.0198019801980198;50;50
24;20.96;0.599999999999994;23.3099999999995;NA;NA;-918.639706138633;-933.294203581813;4.35475950522013;4.44386276591599;83.955612768726;82.0607639653375;2194.81249900475;2216.05209722762;29.3089948863592;0.0495049504950495;50;50
25;23.3099999999995;0.640000000000015;25.0799999999999;NA;NA;-937.835050310529;-949.791941041313;4.37669867909739;4.42263947609781;92.9284240374017;91.7602534981158;2271.41477087126;2290.35378525102;23.9137814615688;0.099009900990099;50;50
26;21.79;0.700000000000017;23.2000000000007;NA;NA;-893.602036081674;-909.491349277829;4.31540088170316;4.38303456656797;86.1674108317172;84.471017767494;2153.28590710161;2177.85741563192;31.7786263923117;0.0396039603960396;49;49
27;20.7600000000002;0.629999999999995;22.1300000000001;NA;NA;-916.380655855982;-939.010607979196;4.34127943287821;4.61383146890259;86.2437611384742;82.8428383603975;2200.03869929734;2230.81544537878;45.2599042464271;0.0099009900990099;50;50
28;22.8499999999995;0.610000000000014;23.5900000000001;NA;NA;-933.895056388229;-968.2294873196;4.41224288769711;5.19733347864194;86.7231229785126;78.6089243388944;2237.10890906193;2271.22267222109;68.6688618627413;0.0099009900990099;50;50
29;21.2599999999993;0.680000000000007;22.4699999999993;NA;NA;-924.904737528192;-939.901723217354;4.40870127256501;4.54210819135555;85.6453265970657;83.4263506046372;2214.53837134096;2235.08261911197;29.9939713783251;0.099009900990099;50;50
30;21.5799999999999;0.469999999999999;22.3599999999997;NA;NA;-929.671964426727;-945.409944938157;4.36165203737138;4.43537910013394;90.2656705534404;88.3413821628962;2243.74900618165;2267.03019921537;31.4759610228614;0.0099009900990099;50;50
31;21.1099999999997;0.460000000000008;22.2300000000005;NA;NA;-920.202313511666;-937.579129422324;4.47265336223669;4.58307292540603;85.3723106968556;83.3815897800249;2203.9708587247;2230.24681322659;34.753631821316;0.0495049504950495;50;50
32;21.5200000000004;0.610000000000014;22.4900000000007;NA;NA;-919.792971325249;-937.574599945179;4.53788332589029;4.65213710843484;86.759363017229;84.6506861058183;2209.05907064147;2235.64232356495;35.5632572398606;0.128712871287129;50;50
33;24.9400000000005;0.579999999999984;28.7300000000005;NA;NA;-924.409710398182;-934.183357737529;4.37984410241261;4.42404645529594;87.8183259487378;86.68666236266;2222.80224472245;2237.53024070598;19.5472946786931;0.702970297029703;50;50
34;21.25;0.609999999999985;22.9700000000003;NA;NA;-918.315170229034;-930.703184342041;4.35160613906766;4.40669340447887;86.9722704768393;85.6384378538265;2207.01015543174;2226.10592859015;24.7760282260131;0.188118811881188;50;50
35;20.79;0.780000000000001;22.1199999999999;NA;NA;-911.97349139453;-931.998348653546;4.32189911962547;4.52719958448287;82.7422696819152;79.7636454309012;2175.47712184904;2202.87216540879;40.0497145180329;0.0099009900990099;49;49
36;22.3399999999992;0.629999999999995;23.3599999999997;NA;NA;-927.163396432113;-949.037397841697;4.35555372164335;4.59024349618874;87.3082861257518;83.6366819342967;2226.13756293646;2254.24968464511;43.7480028191678;0.0198019801980198;50;50
37;20.1700000000001;0.660000000000025;21.1799999999994;NA;NA;-921.005812830935;-935.894649398493;4.29522885943541;4.33225914417611;91.3648383140888;89.6998043313842;2231.09761507367;2253.7845801583;29.7776731351153;0.0099009900990099;50;50
38;21.1700000000001;0.5;21.9399999999996;NA;NA;-928.412324765756;-936.858239212847;4.4982013414256;4.57722740652696;87.5058956621513;86.3136112083052;2229.47695890274;2241.29132928066;16.8918288941818;0.673267326732673;50;50
39;22.3299999999999;0.550000000000011;23.2000000000007;NA;NA;-927.385983303079;-958.768936772685;4.35519393130249;4.81946133157578;90.231075387196;84.6796109484532;2239.02971707715;2278.15417645634;62.7659069392112;0.0099009900990099;50;50
40;21.3900000000003;0.53000000000003;22.1899999999996;NA;NA;-934.098877899911;-941.041020658395;4.40384969402871;4.40794365378055;87.2543378391369;86.679288074904;2239.77878188234;2251.21416243098;13.8842855169671;0.910891089108911;50;50
41;22.3500000000004;0.580000000000041;23.6700000000001;NA;NA;-919.79726161849;-933.777636579443;4.35212585756956;4.4343643299713;88.2594482703676;86.6060386025596;2215.45590918024;2236.37545431951;27.9607499219062;0.0594059405940594;50;50
42;20.9700000000003;0.590000000000032;22.5699999999997;NA;NA;-885.453281742499;-897.38604487337;4.31043546719659;4.37233756935448;82.0869851864219;80.5683866550164;2119.65272948369;2137.06649711017;23.8655262617438;0.0396039603960396;49;49
43;21.0199999999995;0.650000000000034;23.1199999999999;NA;NA;-909.179455004305;-928.793329155447;4.36844791947092;4.51786618275339;82.6708902950053;80.2642430577394;2170.42088198308;2199.39969055367;39.2277483022838;0.0099009900990099;50;50
44;23.6900000000005;0.689999999999998;26.0799999999999;NA;NA;-914.195174080429;-930.520932148403;4.38564357282764;4.51707069384258;83.835719664436;81.605007731049;2185.41285852257;2208.56467241299;32.6515161359487;0.0396039603960396;50;50
45;21.3099999999995;0.45999999999998;23.29;NA;NA;-929.93736439641;-939.96593258074;4.32020443545132;4.35729802220153;89.9280735031037;88.8907701133111;2242.84211647173;2258.4817961559;20.0571363686606;0.247524752475248;50;50
46;22.1999999999998;0.740000000000009;24.1899999999996;NA;NA;-927.85947078914;-949.292442199695;4.33726282294025;4.54158833255314;91.2721416247349;88.1518025470339;2244.41017318436;2273.98785063172;42.8659428211108;0.0099009900990099;50;50
47;23.1199999999999;0.829999999999984;25.5300000000007;NA;NA;-937.061225033117;-951.962106749237;4.40828070501406;4.47464538165834;88.8468099919468;87.3871552799841;2252.48517263747;2276.07085548243;29.8017634322389;0.0198019801980198;50;50
48;20.4900000000007;0.579999999999984;21.7799999999997;NA;NA;-927.83883348158;-939.156482857375;4.45037460292046;4.47368264536254;86.1051541348399;85.2089097070893;2222.36478323471;2241.18333851736;22.6352987515904;0.376237623762376;50;50
49;21.5599999999995;0.409999999999968;22.5;NA;NA;-950.424027634576;-963.25413665323;4.52489144040444;4.61196509150171;89.9473891418899;88.4019594580591;2283.89770046164;2302.97655690848;25.6602180373086;0.158415841584158;50;50
50;20.9799999999996;0.629999999999995;21.8900000000003;NA;NA;-933.140651854193;-967.712017728601;5.32403621015378;6.15034825596127;69.773315758274;61.656005775214;2163.41770866784;2197.99209175649;69.1427317488162;0.554455445544555;50;50
51;21.1899999999996;0.639999999999986;22.0699999999997;NA;NA;-918.913453097141;-936.904885069557;4.30803933357353;4.41009059547342;92.1214269974583;89.9835716074355;2230.13490159743;2257.0135018562;35.9828639448317;0.0297029702970297;50;50
52;21;0.659999999999968;21.8000000000002;NA;NA;-935.04240210931;-947.918883432595;4.32577818813486;4.37739082672848;90.9732854523097;89.5375758634968;2257.50332794621;2277.14218262544;25.7529626465703;0.0495049504950495;50;50
53;19.8100000000004;0.629999999999995;20.7799999999997;NA;NA;-901.225712852714;-915.529279698638;4.31397842450076;4.3649582223869;85.9157912223723;84.3432921512485;2168.33212172259;2190.2426162234;28.6071336918492;0.0198019801980198;50;50
54;20.1899999999996;0.640000000000043;20.9200000000001;NA;NA;-928.285662192305;-938.317288627973;4.32237953001848;4.34432548166247;89.4704074218155;88.4037417589697;2237.58969684777;2253.11045095856;20.0632528713375;0.554455445544555;50;50
55;19.0499999999993;0.45999999999998;19.6499999999996;NA;NA;-936.664095567055;-949.618220254256;4.36805053848866;4.44142847813612;87.6242389972732;86.1123628710258;2246.48447702941;2265.95425587945;25.9082493744022;0.148514851485149;50;50
56;19.8900000000003;0.600000000000023;20.6100000000006;NA;NA;-919.414732406533;-942.1848204247;4.3763973093016;4.59088511615046;85.1693562466683;82.1475100771126;2201.53139538378;2234.20274760969;45.5401760363329;0.0099009900990099;50;50
57;20.1400000000003;0.579999999999984;20.8600000000006;NA;NA;-930.06883409537;-941.246283681174;4.32541704098217;4.33413911893916;91.6399690252107;90.8011683172217;2250.3953283123;2269.17811364439;22.3548991716084;0.188118811881188;50;50
58;19.4699999999993;0.569999999999993;20.1900000000005;NA;NA;-922.116518227727;-938.360772755986;4.54953118082891;4.80206110430797;78.9047797986859;75.8935469894142;2180.25666309124;2199.92154635731;32.4885090565176;0.158415841584158;50;50
59;19.6100000000006;0.620000000000005;20.2900000000009;NA;NA;-901.04633373438;-911.991548055504;4.34709271143578;4.38588656076748;82.8250861654256;81.9644767101294;2153.9746519649;2172.20878543106;21.8904286422494;0.534653465346535;49;49
60;18.96;0.620000000000005;19.6499999999996;NA;NA;-902.059113213971;-929.723371461723;4.74532608086198;5.2755641032265;73.5416865688538;68.5138391120054;2117.3026024927;2151.21954492473;55.328516495505;0.0396039603960396;50;50
61;19.5299999999997;0.53000000000003;20.0799999999999;NA;NA;-916.963270769464;-933.947140358597;4.38065297567182;4.47897559072561;86.2159223298975;84.3521946504512;2201.08537486886;2227.11624969612;33.9677391782679;0.0693069306930693;50;50
62;20.3800000000001;0.579999999999984;21.1400000000012;NA;NA;-919.568259495612;-934.570459035755;4.37345561062705;4.42239828212633;85.7818655579223;84.3401895016538;2204.44687962968;2228.31176196463;30.0043990802869;0.0792079207920792;50;50
63;19.6999999999998;0.409999999999968;20.4700000000012;NA;NA;-936.452814783381;-951.292550761989;4.37351933438462;4.56111563883421;89.4056239253643;87.1373431514153;2253.64811525248;2273.66789442765;29.6794719572151;0.099009900990099;50;50
64;19.6099999999997;0.420000000000016;20.4499999999989;NA;NA;-929.905278469768;-943.170181371279;4.51164428366521;4.56470272259992;84.1517030969673;82.8133471367524;2218.17871327132;2239.00900093833;26.5298058030228;0.613861386138614;50;50
65;20.2199999999993;0.449999999999989;20.8400000000001;NA;NA;-920.564985081682;-932.218689793515;4.41321963975403;4.46124240981244;85.8998746475576;84.5706525511269;2206.94288390921;2224.58967263807;23.307409423667;0.178217821782178;50;50
66;18.5699999999997;0.600000000000023;19.2199999999993;NA;NA;-897.334028041434;-916.501916901473;4.3956253427936;4.58583562455983;78.7340133298627;76.19210804772;2129.96445721586;2157.47528575479;38.3357777200777;0.0099009900990099;50;50
67;19.5600000000004;0.620000000000005;20.4400000000005;NA;NA;-922.107553608735;-945.348650146164;4.51151480390447;4.78879064786761;82.7077015478572;79.0433384511567;2196.43384346802;2227.31099233383;46.4821930748569;0.0495049504950495;50;50
68;21.6099999999997;0.689999999999998;23.1800000000003;NA;NA;-933.168122171436;-943.528650084156;4.3567229626794;4.37267983704008;88.738713562976;87.814738857768;2244.23862782968;2261.024848121;20.7210558254392;0.524752475247525;50;50
69;19.6599999999999;0.589999999999975;20.5500000000011;NA;NA;-913.491740419796;-939.208772447492;4.38997668571332;4.80648582308049;82.1798264574828;77.2868082662778;2176.95421002731;2207.5508834709;51.4340640553912;0.0396039603960396;50;50
70;21.0600000000004;0.610000000000014;21.8899999999994;NA;NA;-912.545369289107;-928.390712776443;4.35449914840232;4.44615645593091;88.7499122849603;86.9310982242513;2203.04081290434;2226.98590451185;31.6906869746736;0.0693069306930693;50;50
71;20.3800000000001;0.560000000000002;21.2800000000007;NA;NA;-916.540287016609;-929.318886952625;4.3367852452456;4.41886755846352;86.0063987717046;84.4548862452784;2198.47835000061;2217.44395628613;25.5571998720311;0.099009900990099;49;49
72;20.2200000000003;0.53000000000003;21.0599999999995;NA;NA;-927.920260527004;-945.819970623342;4.33834993588204;4.48062356028908;90.2062689949069;87.6851655765888;2239.99263110725;2265.05568886525;35.7994201926761;0.0297029702970297;50;50
73;20.4100000000008;0.579999999999984;21.1900000000005;NA;NA;-926.828636583142;-944.267402108623;4.33638034690386;4.43544905595683;87.2928000256964;85.0358212683634;2225.40209418554;2250.66806318394;34.8775310509618;0.0099009900990099;50;50
74;20.6899999999996;0.509999999999991;21.5;NA;NA;-924.946409313175;-935.935295214377;4.34094621552433;4.40713545530414;88.6461206103006;87.3816079774485;2227.40088608011;2243.99360868902;21.9777718024034;0.326732673267327;50;50
75;19.6599999999999;0.430000000000007;20.4699999999993;NA;NA;-908.301449250545;-919.349779545131;4.34296782729662;4.37358302480865;86.2114205116493;85.0970643995571;2183.74256040316;2201.09362784697;22.0966605891729;0.207920792079208;50;50
76;20.46;0.5;21.130000000001;NA;NA;-916.079339763652;-943.253573829918;4.40480631664851;4.95784568784817;79.8800402067394;72.5770180600363;2172.33554681675;2195.58338969695;54.3484681325315;0.227722772277228;50;50
77;20.3900000000003;0.699999999999989;21.2999999999993;NA;NA;-921.316918471858;-950.414814091169;4.44906409430511;5.14453027539693;81.585885115132;74.1075549081177;2190.07520955285;2216.4238092303;58.1957912386229;0.0495049504950495;50;50
78;21.2399999999998;0.75;22.2700000000004;NA;NA;-908.057205314772;-930.880333246685;4.33180067680082;4.63219133683243;83.7222713537216;79.6205857620783;2171.8080821294;2200.02834627274;45.6462558638257;0.0297029702970297;49;49
79;22.1599999999999;0.5;22.8799999999992;NA;NA;-937.332035722437;-951.206980750324;4.55414539030876;4.61953590633141;85.075395733077;83.6430381442373;2236.96586209228;2258.61591899638;27.7498900557737;0.346534653465347;50;50
80;20.0599999999995;0.519999999999982;20.7399999999998;NA;NA;-910.095685828928;-925.614763511868;4.34286007058098;4.47809301913184;83.0992747122035;81.0794637997775;2173.2382448904;2195.695243205;31.0381553658797;0.0594059405940594;49;49
81;22.1599999999999;0.649999999999977;23.2300000000014;NA;NA;-937.774810342651;-950.842193429547;4.46644882164632;4.62341966084124;84.2942368897639;82.1206839310116;2234.52477094186;2251.40325188492;26.1347661737914;0.198019801980198;50;50
82;22.7800000000007;0.79000000000002;24.0200000000004;NA;NA;-923.909949565023;-935.599602920852;4.35692818229531;4.43005114520704;88.3449083381173;87.0975147820381;2224.0452250269;2242.11238578713;23.3793067116594;0.158415841584158;50;50
83;21.5400000000009;0.660000000000025;22.75;NA;NA;-917.652138277519;-936.746733272751;4.31271165256772;4.39127248620459;89.4380197332978;87.4029673513387;2216.18472291813;2245.7074457627;38.1891899904635;0.0099009900990099;50;50
84;21.0599999999995;0.699999999999989;22.2199999999993;NA;NA;-926.427572102356;-948.531152667933;4.54539242329439;4.97117230514222;84.2709628981986;79.3013444191012;2211.73117992003;2234.77474071413;44.2071611311526;0.128712871287129;50;50
85;20.9200000000001;0.53000000000003;21.8199999999997;NA;NA;-921.109771222707;-934.951878875308;4.37890148044514;4.47158478072323;82.9917023546773;81.3046635997636;2195.64772356506;2216.14752137176;27.6842153052021;0.099009900990099;50;50
86;20.8099999999995;0.560000000000002;21.75;NA;NA;-943.100603465679;-953.989899819509;4.41338869937213;4.51756513513734;91.2283178357092;89.7259026348927;2274.70581069869;2290.08622314681;21.7785927076609;0.356435643564356;50;50
87;21.5299999999988;0.46999999999997;22.1599999999999;NA;NA;-933.132902078036;-943.780865996575;4.32475532226235;4.36343227236832;91.111960098904;89.8507406803342;2254.27488726156;2270.19979037628;21.2959278370793;0.277227722772277;50;50
88;20.8400000000001;0.629999999999995;22.2100000000009;NA;NA;-915.507507180172;-929.353122245696;4.31002099765395;4.36846890701327;88.0789131061138;86.7196131726359;2205.21785761655;2227.1341084477;27.6912301310472;0.0495049504950495;49;49
89;21.4600000000009;0.509999999999991;22.2700000000004;NA;NA;-915.678081045498;-933.860237165002;4.33521320089821;4.49669596057245;87.3997590938932;84.8846212001562;2203.55647863396;2229.20983320096;36.3643122390065;0.0198019801980198;50;50
90;20.4600000000009;0.599999999999966;21.3299999999999;NA;NA;-917.396378111608;-933.819246641648;4.34987036288464;4.47243702561374;84.2736055406782;82.3843870928091;2193.6800458868;2218.48036369623;32.8457370600809;0.0099009900990099;50;50
91;21.3599999999988;0.560000000000002;22.5399999999991;NA;NA;-928.668778001859;-946.942807648931;4.3726760670292;4.52197209534571;86.8604469530288;84.4860064156312;2227.24115969957;2253.67743460444;36.5480592941421;0.0099009900990099;50;50
92;20.8999999999996;0.419999999999959;21.619999999999;NA;NA;-929.666995425845;-947.185203747516;4.3268023023177;4.42367565530518;91.6862610457688;89.5354428992191;2249.78879001441;2275.66573982087;35.036416643343;0.0099009900990099;50;50
93;19.4399999999987;0.529999999999973;20.25;NA;NA;-913.425687508068;-936.545300186755;4.38702881775213;4.58639803799299;85.3791693972923;82.2954230354633;2190.44681515583;2223.55360875469;46.2392253573735;0.0099009900990099;50;50
94;20.3199999999997;0.519999999999982;21.1399999999994;NA;NA;-916.59897048516;-932.19666872118;4.33560705821773;4.42951781008761;86.7980784913967;84.8039245924221;2202.83594254779;2225.53904201434;31.1953964720403;0.0198019801980198;50;50
95;19.4099999999999;0.46999999999997;20.25;NA;NA;-924.986764779577;-946.533433113256;4.36210156821561;4.58994008080924;86.0387253762877;82.9907653996634;2216.37775254568;2246.49105723273;43.0933366673587;0.0099009900990099;50;50
96;19.1099999999988;0.560000000000002;20.1900000000005;NA;NA;-925.880037790128;-938.301320147315;4.44018543410046;4.53157978266107;84.7093203805053;82.9864312887715;2212.50289897742;2230.00837407096;24.8425647143747;0.267326732673267;50;50
97;20.2100000000009;0.46999999999997;21.0399999999991;NA;NA;-942.014184090133;-954.244552512064;4.37334626004591;4.43770265799077;89.0667912709082;87.6003225969758;2263.3279022772;2281.54354061854;24.4607368438628;0.0891089108910891;50;50
98;19.3100000000013;0.539999999999964;19.9799999999996;NA;NA;-902.128097750238;-915.673559947259;4.3581463500163;4.44988202636532;80.969625195612;79.2351530151512;2149.07316571427;2168.77767278525;27.0909243940407;0.0792079207920792;50;50
99;20.8600000000006;0.390000000000043;21.3600000000006;NA;NA;-936.259085082296;-951.51482139066;4.42681870219747;4.57383138356576;92.303523312994;90.2155746400357;2265.60164031717;2287.22138182323;30.5114726167296;0.128712871287129;50;50
100;19.0200000000004;0.560000000000002;19.8899999999994;NA;NA;-912.820638319617;-934.32794216685;4.32525960587245;4.52196684072704;85.7830516999824;82.4896241404916;2190.95668857823;2219.94591687964;43.0146076944668;0.0099009900990099;50;50
101;20.3899999999994;0.450000000000045;21.2199999999993;NA;NA;-917.144122624914;-933.992484815055;4.31742682015163;4.37351203294918;89.2341958084805;87.245315519615;2214.30068774057;2239.52757329342;33.6967243802831;0.0099009900990099;50;50
102;19.3099999999995;0.45999999999998;20.1400000000012;NA;NA;-915.290502180616;-931.181352733082;4.41935089751255;4.54319515265432;83.5045800375205;81.5875532211937;2186.19332463505;2209.81118186609;31.781701104931;0.108910891089109;50;50
103;20.4200000000001;0.560000000000002;21.1099999999988;NA;NA;-920.629622059035;-930.240802166118;4.36046172080354;4.38514359950845;86.3265358220348;85.1961868560226;2208.88913568906;2223.29779564461;19.2223602141644;0.415841584158416;50;50
104;18.7000000000007;0.379999999999995;19.3000000000011;NA;NA;-892.910342785086;-907.475982160643;4.50916594797492;4.65596843782634;73.469269258997;71.4747355749671;2097.95452645386;2118.61203833827;29.131278751114;0.158415841584158;49;49
105;19.1200000000008;0.699999999999989;20.4200000000001;NA;NA;-930.090516070349;-948.194953587155;4.38082423280016;4.55432834983406;88.0981741829628;85.5647514988617;2235.35561680436;2260.77566661997;36.2088750336127;0.0099009900990099;50;50
106;20;0.419999999999959;20.9199999999983;NA;NA;-932.223343331165;-946.886694989318;4.38282627270395;4.51647215242439;88.6679998901136;86.677445285124;2242.04792914262;2262.89766339454;29.3267033163049;0.0792079207920792;50;50
107;18.7900000000009;0.569999999999993;19.6700000000001;NA;NA;-905.330000216372;-923.557928064195;4.33793084925427;4.45339368688291;83.1137593429646;80.8339185302899;2163.76841155016;2190.53837440053;36.4558556956449;0.0099009900990099;49;49
108;19.3600000000006;0.649999999999977;20.2199999999993;NA;NA;-921.118837084467;-944.322222451334;4.46575549421807;4.83431919532752;82.5935029869884;78.5440898233527;2193.97008481693;2223.13203843739;46.4067707337344;0.0693069306930693;50;50
109;20.1100000000006;0.589999999999975;20.9200000000001;NA;NA;-931.222990045408;-945.548241078377;4.35555362615272;4.50914249547773;89.7925899918372;87.4087348165463;2244.83639814987;2263.33502268165;28.6505020659388;0.0594059405940594;50;50
110;19.9200000000001;0.560000000000002;20.6700000000001;NA;NA;-918.059679593627;-935.205780678801;4.32311758957367;4.4401003554222;87.380488483208;85.0725259394503;2208.23760997316;2232.70113071164;34.2922021703484;0.0099009900990099;50;50
111;19.5699999999997;0.550000000000011;20.7800000000007;NA;NA;-934.90370743878;-950.808775882657;4.37985484238976;4.54832339342672;87.6323100720818;85.3160478285658;2242.99807222457;2264.94418260732;31.8101368877537;0.0495049504950495;50;50
112;20.0200000000004;0.449999999999989;20.7900000000009;NA;NA;-918.931478235101;-935.696625228122;4.34720749619922;4.41347692464375;85.805882899784;84.0505440185741;2203.27559727895;2229.33061108116;33.530293986041;0.0099009900990099;50;50
113;19.2899999999991;0.599999999999966;20.1999999999989;NA;NA;-898.649264939284;-912.824593847303;4.31981725200149;4.41648251722548;81.4607208917484;79.5398854433312;2144.2068785521;2164.37747306659;28.3506578160388;0.0099009900990099;50;50
114;19.1200000000008;0.46999999999997;19.7000000000007;NA;NA;-880.704694534284;-905.651797518339;4.37007015137141;4.68285198743164;78.2249099759409;74.4355358576654;2094.53772439168;2128.29451463984;49.8942059681106;0.0099009900990099;50;50
115;19.5499999999993;0.620000000000005;20.3700000000008;NA;NA;-931.98252201997;-947.566884679706;4.39551046326567;4.5604350120232;85.9405602415187;83.5970617054055;2229.95122131772;2251.13993174925;31.1687253194707;0.0792079207920792;50;50
116;20.5299999999988;0.580000000000041;21.4399999999987;NA;NA;-902.575202243636;-926.160658610566;4.29762226475661;4.4112217084984;90.1722246405152;87.432835596501;2189.1575333688;2224.6624932455;47.17091273386;0.0297029702970297;50;50
117;20.3899999999994;0.629999999999995;21.6999999999989;NA;NA;-910.627978041799;-925.244232176498;4.30239627549286;4.35024566099097;87.9541691008927;86.3858485973966;2195.81728119499;2218.37094510723;29.2325082693983;0.0198019801980198;50;50
118;20.3400000000001;0.870000000000005;21.5;NA;NA;-935.575641802845;-949.632493420685;4.38864854182045;4.47126066747367;90.4101413810357;88.9555619365127;2256.17160390846;2278.09084007351;28.1137032356808;0.099009900990099;50;50
119;20.7600000000002;0.430000000000007;21.6000000000004;NA;NA;-924.663043570949;-942.418980295232;4.39110185837439;4.62599583694021;83.9794112400161;80.9209647839432;2206.9605219582;2229.44770574078;35.5118734485673;0.0396039603960396;50;50
120;20.1800000000003;0.670000000000016;21.2000000000007;NA;NA;-930.983714749744;-942.490645232005;4.34202948778159;4.36397792967913;89.2260829739667;88.1010440365395;2241.94532270079;2260.16809667635;23.0138609645214;0.267326732673267;50;50
121;18.7799999999988;0.53000000000003;19.8099999999995;NA;NA;-914.636505718706;-931.47289727357;4.40408499652066;4.56013403686223;81.167404873888;79.0239943613129;2174.93224551581;2199.47710791348;33.6727831097262;0.0594059405940594;50;50
122;20.0100000000002;0.639999999999986;20.869999999999;NA;NA;-930.535513131026;-953.931726378665;4.43141021452971;4.79584717123752;88.2490262234652;83.3667785216063;2235.99659428793;2262.04681465136;46.7924264952771;0.0594059405940594;49;49
123;19.7899999999991;0.519999999999982;20.4900000000016;NA;NA;-918.142978944609;-929.031426495503;4.42599726983874;4.50709768992956;86.1170697795998;84.6878482286568;2203.02381808498;2218.71423515541;21.7768951017865;0.376237623762376;50;50
124;20.3899999999994;0.699999999999989;21.7999999999993;NA;NA;-939.045554267963;-951.140137397695;4.4031445159269;4.45854272637332;90.2469196196029;89.0228278784232;2262.41633320111;2281.39258653875;24.1891662594637;0.247524752475248;50;50
125;20.9200000000001;0.670000000000016;22.3799999999992;NA;NA;-923.580671597064;-935.689056467672;4.58471921727677;4.66333245519351;81.8585530008538;80.2289538269567;2194.9370161393;2212.23044154377;24.2167697412151;0.722772277227723;49;49
126;20.4400000000005;0.710000000000036;21.3400000000001;NA;NA;-944.655698671218;-957.823999683488;4.48228235290561;4.66708233824239;87.0102211362029;84.6889465943497;2259.85282886488;2276.30405902778;26.3366020245385;0.198019801980198;50;50
127;20.0900000000001;0.670000000000016;21.3199999999997;NA;NA;-929.578730882615;-945.88221824053;4.41960464593646;4.52813833055977;85.8437193539259;84.023333369049;2224.73123276878;2249.58591792654;32.6069747158308;0.0198019801980198;50;50
128;19.6400000000012;0.769999999999982;20.8400000000001;NA;NA;-928.109707823875;-941.431482702657;4.50556907415584;4.68148341584601;83.4624317991731;81.0885975166564;2211.65224357723;2228.18659074049;26.6435497575649;0.376237623762376;50;50
129;19.5300000000007;0.560000000000002;20.3099999999995;NA;NA;-922.273538063077;-943.518021563977;4.40241210233358;4.68789059235505;85.1167316082615;81.1466784931066;2207.0248995909;2232.60701191172;42.4889670018017;0.0297029702970297;50;50
130;21.2800000000007;0.490000000000009;22.0600000000013;NA;NA;-929.460775563462;-944.090106415733;4.30153981666868;4.35649279209255;95.9178914698337;94.6152205236798;2267.39715720786;2291.10826885578;29.2586617045424;0.0495049504950495;50;50
131;20.1400000000012;0.689999999999998;21.1499999999996;NA;NA;-914.101567740318;-928.01052865045;4.3583216843713;4.44066253641445;86.0178652813634;84.3824503381611;2194.51852373793;2215.3718730485;27.8179218202638;0.0198019801980198;50;50
132;18.880000000001;0.620000000000005;19.9599999999991;NA;NA;-899.87483889292;-912.3091907483;4.33068665930374;4.37447258300259;83.1584050420177;82.0575433169999;2153.88777840229;2174.06835611855;24.8687037107588;0.148514851485149;50;50
133;20.5400000000009;0.70999999999998;22.1499999999996;NA;NA;-926.529453646197;-939.422500497218;4.32760427771718;4.40092106300932;90.4087110404623;88.8079735107032;2238.07313635167;2257.04233465885;25.786093702043;0.108910891089109;50;50
134;20.2000000000007;0.589999999999975;21.1800000000003;NA;NA;-927.076380078487;-941.567099648406;4.33558661700338;4.42516885476937;94.1507913512673;92.2548134252113;2255.10299968871;2276.0102336871;28.9814391398386;0.0693069306930693;50;50
135;18.5699999999997;0.560000000000002;19.3999999999996;NA;NA;-897.568609032177;-926.038427592615;4.35224482752391;4.80702012607894;78.4954065315684;73.5398959047392;2128.62457923645;2164.51075303732;56.9396371208747;0.0198019801980198;49;49
136;20.4699999999993;0.5;21.4300000000003;NA;NA;-934.844744867018;-945.364192456758;4.35793272131453;4.3888177330143;89.4610569926928;88.2346188043411;2250.66804249157;2266.48403217729;21.0388951794796;0.504950495049505;50;50
137;19.8700000000008;0.550000000000011;20.8900000000012;NA;NA;-932.992191361717;-949.939444261468;4.33140610336747;4.5043462462076;91.1360232764938;88.8817101071926;2254.09594119509;2278.39023660614;33.8945057995022;0.0396039603960396;50;50
138;18.9299999999985;0.620000000000005;19.7100000000009;NA;NA;-928.05978068741;-944.797327482038;4.42279212027062;4.60522786048378;83.0109779580099;80.5063795853998;2209.6298295132;2232.43884899925;33.4750935892559;0.0396039603960396;50;50
139;20.7200000000012;0.740000000000009;21.9400000000005;NA;NA;-928.722981892574;-943.754984606125;4.33866229787557;4.40993851517748;90.66576873224;89.0393131067152;2243.55489785552;2266.6924848927;30.0640054271025;0.0198019801980198;50;50
140;21.5599999999995;0.579999999999984;22.6899999999987;NA;NA;-940.27756655913;-959.158955666486;4.42136433289914;4.61890165127455;92.47937396293;89.2895877974361;2274.38748025001;2298.56624595932;37.7627782147126;0.0594059405940594;50;50
141;20.6800000000003;0.610000000000014;21.5699999999997;NA;NA;-937.52748302682;-952.378098496364;4.35206516676273;4.42718122653973;88.6672658955446;87.0033573925086;2252.65308274715;2275.26839859964;29.7012309390884;0.0396039603960396;50;50
142;20.8400000000001;0.609999999999957;21.7699999999986;NA;NA;-934.122120715064;-950.798921063227;4.35190449903716;4.45107410544081;91.708767846;89.6125566587307;2258.79488797569;2283.22157084603;33.3536006963263;0.0099009900990099;50;50
143;20.5100000000002;0.67999999999995;21.5300000000007;NA;NA;-916.860308808362;-949.947780729906;4.36313820174351;5.01393272500323;84.6759606688204;76.8942411371077;2194.32137545928;2227.35711499586;66.1749438430882;0.0099009900990099;50;50
144;18.7600000000002;0.609999999999957;19.7699999999986;NA;NA;-914.41673210529;-932.760012060331;4.35931035099981;4.50685438060735;83.6637785442199;81.4165268954091;2185.12374670307;2212.24016839183;36.6865599100813;0.0198019801980198;50;50
145;20.2800000000007;0.579999999999984;21.0900000000001;NA;NA;-924.940090931506;-936.435073858854;4.34913489269998;4.42215345190926;86.4885163221103;85.2394617586282;2218.1998830402;2235.870629383;22.989965854696;0.0792079207920792;50;50
146;18.7000000000007;0.640000000000043;19.9199999999983;NA;NA;-929.434067066726;-940.330073795111;4.31461182177247;4.32698017355915;91.2642848770145;90.3022630482657;2247.52590702044;2265.22105759231;21.7920134567703;0.514851485148515;50;50
147;19.4899999999998;0.420000000000016;20.5;NA;NA;-929.335004575433;-947.930200149751;4.35050600964718;4.5396584413842;90.8934924261358;88.241538733422;2245.74872656883;2271.6455167497;37.1903911486356;0.0396039603960396;50;50
148;19.9199999999983;0.689999999999998;20.9599999999991;NA;NA;-914.407200711409;-930.573671608305;4.32698049028098;4.45431278774919;83.3389130910182;81.3210793335997;2182.87937716757;2206.63956184373;32.3329417937912;0.0198019801980198;49;49
149;20.0299999999988;0.509999999999991;20.75;NA;NA;-918.649344329112;-934.332838662239;4.3676817464109;4.46015574286405;83.5660347845;81.9266759494552;2193.17271990832;2217.55834062051;31.366988666254;0.0198019801980198;50;50
150;19.4700000000012;0.740000000000009;20.380000000001;NA;NA;-929.391049391776;-943.601766709912;4.52274651643554;4.67497863134556;81.9290056877632;79.9100203634749;2206.85708963385;2226.70087472611;28.4214346362705;0.128712871287129;49;49
151;20.1200000000008;0.769999999999982;21.1700000000001;NA;NA;-926.807585899721;-942.359386487337;4.38355832714583;4.56338359721469;84.806647191725;82.6895050209895;2214.77247082354;2236.86001755785;31.1036011752324;0.0594059405940594;50;50
152;20.1499999999996;0.579999999999984;21.0699999999997;NA;NA;-908.156226438351;-921.693446812471;4.38640602088742;4.48577616408226;86.2734391674812;84.8606237172908;2183.71622721537;2204.77405689706;27.07444074824;0.138613861386139;50;50
153;21.6999999999989;0.639999999999986;22.6600000000017;NA;NA;-936.098661528246;-950.510223278991;4.3334909756387;4.41965974794853;93.0326095789656;91.3846560821609;2268.38567749932;2290.19083184943;28.8231235014903;0.0297029702970297;50;50
154;21.1999999999989;0.75;22.2800000000007;NA;NA;-922.165818058476;-934.536060363708;4.36304131125385;4.43945804885002;86.6467077617106;85.1618241595368;2213.32501082029;2231.74197517751;24.7404846104625;0.108910891089109;50;50
155;20;0.509999999999991;20.8099999999995;NA;NA;-906.637148573547;-931.286055558636;4.34400158741778;4.60243795844417;82.9762508170205;79.4058263190798;2166.63667640108;2200.72949275909;49.2978139701765;0.0198019801980198;50;50
156;21.2000000000007;0.710000000000036;22.2700000000004;NA;NA;-912.737141081201;-930.313791519867;4.4373242554338;4.60064442434763;88.0714051750678;85.1709445195846;2200.53486842018;2223.33627742408;35.1533008773335;0.0297029702970297;50;50
157;21.0200000000004;0.490000000000009;21.8500000000004;NA;NA;-907.834448030728;-921.864939377263;4.32700976970642;4.3911060183584;86.9120799251565;85.5536805559284;2185.79238375664;2208.0684915203;28.0609826930704;0.0297029702970297;50;50
158;20.2999999999993;0.550000000000011;21.0300000000007;NA;NA;-928.669562958441;-946.664221768665;4.36555382156705;4.490208944111;86.9437779087419;84.8590492907709;2227.59760253705;2254.70890196203;35.9893176204466;0.0198019801980198;50;50
159;21.1899999999987;0.610000000000014;22.0299999999988;NA;NA;-926.0323040523;-941.091407197438;4.33656148200291;4.42972157434653;85.7917770394363;83.9789544214036;2217.41717774449;2239.81530380499;30.1182062902762;0.0198019801980198;50;50
160;20.7199999999993;0.569999999999993;21.5900000000001;NA;NA;-935.9597325841;-952.075217259832;4.44206182177617;4.59406552678302;85.7784138604763;83.5282707869445;2237.21512641967;2259.86364413833;32.2309693514649;0.128712871287129;50;50
161;20.5900000000001;0.779999999999973;21.8099999999995;NA;NA;-929.462720193086;-942.518157900926;4.33734356638018;4.41696658180974;86.9362397359644;85.4515150098899;2229.15181496942;2248.93984672107;26.1108754156794;0.0891089108910891;50;50
162;21.9700000000012;0.610000000000014;22.880000000001;NA;NA;-922.361062966991;-943.301924666628;4.37185872388563;4.60816998353839;85.4254386063583;81.8632112653732;2208.51460796989;2235.22624214171;41.8817233992741;0.0099009900990099;50;50
163;19.8400000000001;0.470000000000027;20.75;NA;NA;-933.434394535125;-941.318264111243;4.32426131298216;4.35430404849472;90.1670772647488;89.1818280519259;2250.85399735486;2262.42595756344;15.7677391522366;0.821782178217822;50;50
164;19.7100000000009;0.689999999999998;20.8899999999994;NA;NA;-933.415220725663;-945.202978328025;4.45663889795595;4.53467440757072;90.2892264163682;88.8118275459605;2251.33583369719;2268.61970310189;23.5755152047238;0.277227722772277;50;50
165;19.1299999999992;0.560000000000002;19.9899999999998;NA;NA;-919.817596512742;-935.61208380653;4.30651604071813;4.42048704478073;86.675504512353;84.7812600987067;2208.75120147307;2232.27335324926;31.5889745875759;0.0198019801980198;50;50
166;18.7999999999993;0.660000000000025;19.7299999999996;NA;NA;-903.688749319096;-918.458962361498;4.38765580432744;4.50834025564981;82.6415747085606;80.8318398009307;2159.31462735603;2181.14812252406;29.5404260848038;0.0297029702970297;50;50
167;20.3900000000012;0.660000000000025;21.7899999999991;NA;NA;-926.341887850826;-939.383473820665;4.41345018042313;4.48594050849674;86.1070484452465;84.5697775770972;2219.37895907705;2238.91551453095;26.0831719396792;0.376237623762376;50;50
168;20.3500000000004;0.489999999999952;21.0900000000001;NA;NA;-933.765216749653;-946.899347200233;4.37439524143705;4.45083868748574;92.7312370836386;91.1960403831518;2262.43536405949;2282.16584151822;26.2682609011599;0.138613861386139;50;50
169;19.5500000000011;0.520000000000039;20.4400000000005;NA;NA;-920.670691106799;-937.65970922709;4.45442689456882;4.72114338951541;81.20023862501;78.1713174391514;2187.14044199275;2208.21952478257;33.9780362405816;0.099009900990099;50;50
170;20.6100000000006;0.490000000000009;21.4899999999998;NA;NA;-936.24304629038;-950.145875001632;4.31328896770857;4.40913916595186;91.1973873956649;89.3129536290644;2260.85897608141;2280.63959028064;27.8056574225041;0.0099009900990099;50;50
171;20.6499999999996;0.629999999999995;21.9399999999987;NA;NA;-929.43705643443;-946.734969564372;4.34356425018725;4.49193154884681;89.3373733011649;86.8128571149213;2239.32594667871;2263.17087690204;34.5958262598842;0.0297029702970297;50;50
172;18.619999999999;0.529999999999973;19.2800000000007;NA;NA;-915.361411307329;-929.009447354933;4.39166023575511;4.47771918606208;82.8232455443826;81.20516802143;2183.43361413546;2203.83894679983;27.2960720952085;0.0792079207920792;50;50
173;18.75;0.550000000000011;19.4300000000003;NA;NA;-906.30513252831;-926.170284045674;4.3341368532642;4.49002497125888;82.0789902601375;79.4862909706144;2162.1515735576;2190.84061622427;39.7303030347284;0.0099009900990099;50;50
174;20.7799999999988;0.450000000000045;21.3799999999992;NA;NA;-929.645308333809;-943.579557838952;4.34598295951569;4.39334830647113;90.7358855283741;89.4517763068502;2245.69814988731;2268.0981457383;27.8684990102854;0.0297029702970297;50;50
175;19.7199999999993;0.490000000000009;20.5599999999995;NA;NA;-929.237224943732;-940.943473484142;4.38685417271604;4.45942963726752;85.8635205774474;84.4239848145909;2224.1325463141;2241.41464129582;23.4124970808198;0.237623762376238;50;50
176;22.3700000000008;0.53000000000003;23.3900000000012;NA;NA;-933.178017537082;-949.844383207409;4.36880296276814;4.48151905238265;93.3734333439514;91.0787943438675;2263.9958204423;2287.55660994881;33.3327313406539;0.0297029702970297;50;50
177;19.75;0.580000000000041;20.5900000000001;NA;NA;-926.03733407793;-939.529929901808;4.37872997632393;4.47317742769879;88.8176491651308;87.0846200164844;2230.31320652928;2249.91812614435;26.9851916477553;0.0891089108910891;50;50
178;21.1700000000001;0.579999999999984;22.0499999999993;NA;NA;-920.584131921633;-938.266691457814;4.3379004321717;4.49437843242178;87.4258550450816;84.7058184366533;2213.47971251512;2237.26129294663;35.3651190723617;0.0297029702970297;50;50
179;18.5799999999999;0.589999999999975;19.2800000000007;NA;NA;-906.545878313977;-923.311850469588;4.38715862388371;4.53822633437193;80.0823841831835;77.9854991617462;2154.13032528665;2178.73248218399;33.5319443112212;0.0297029702970297;50;50
180;19.2800000000007;0.670000000000016;20.1200000000008;NA;NA;-930.622422991728;-949.085171414434;4.35755072666918;4.55317726008035;86.1366208413629;83.3556721495447;2228.06596626429;2253.14852447788;36.9254968454106;0.0099009900990099;50;50
181;20.0699999999997;0.639999999999986;20.8999999999996;NA;NA;-917.673306730854;-931.850607359536;4.29463021055388;4.3361122042352;91.213852932775;89.954444903475;2223.78961704264;2246.78090755383;28.3546012573654;0.0099009900990099;50;50
182;19.1599999999999;0.610000000000014;19.9599999999991;NA;NA;-936.416635188703;-954.646049516586;4.35987970575639;4.51906473705423;88.9383167905766;86.5213996784454;2251.58568348977;2277.7518371597;36.458828655765;0.0198019801980198;50;50
183;19.3599999999988;0.779999999999973;20.7100000000009;NA;NA;-926.249465055798;-939.013606961017;4.30440964208235;4.35265305615148;90.5816579514185;88.9737515367357;2238.2496702971;2256.93052932376;25.5282838104363;0.0495049504950495;50;50
184;19.130000000001;0.75;20.1700000000001;NA;NA;-927.800196924806;-953.723568440436;4.4017161552862;4.76463862431511;85.8938438507469;81.452977801655;2221.38762486469;2254.32251085729;51.846743031261;0.0099009900990099;50;50
185;19.9600000000009;0.550000000000011;20.8099999999995;NA;NA;-924.371634962489;-940.710719108931;4.34822566324776;4.44824651734044;86.1735550046011;84.2724889427503;2215.72167790764;2240.30397274131;32.6781682928845;0.0198019801980198;50;50
186;20.75;0.529999999999973;21.7899999999991;NA;NA;-941.022927911313;-955.147079642449;4.39550284619222;4.58710571163856;87.7215362710621;85.1505329813765;2255.61649155686;2272.91592916212;28.248303462271;0.128712871287129;50;50
187;19.5999999999985;0.609999999999957;20.6100000000006;NA;NA;-926.419596949241;-985.070939953097;4.59697190267693;6.21137432872019;79.5991533125014;63.4169733095964;2191.81987721635;2240.20918655255;117.30268600771;0.0297029702970297;50;50
188;20.5099999999984;0.590000000000032;21.3199999999997;NA;NA;-932.062277259655;-945.354296093145;4.43236189522841;4.60731195151616;91.5027364217395;89.1294746084702;2253.79779634291;2270.27506933117;26.5840376669803;0.356435643564356;50;50
189;19.2700000000004;0.590000000000032;20.0500000000011;NA;NA;-913.280773252741;-939.419081431189;4.39589928468055;4.8353390168446;80.4975041746683;75.624461065795;2169.36794374672;2200.89223530943;52.2766163568961;0.0099009900990099;50;50
190;20.6900000000005;0.430000000000007;21.3900000000012;NA;NA;-937.27404476675;-946.527816346607;4.36619421981954;4.37031126959285;92.0026938323662;91.2696545815415;2266.35044828399;2281.73627298562;18.5075431597131;0.900990099009901;50;50
191;20.4500000000007;0.519999999999982;21.0200000000004;NA;NA;-922.981754225519;-940.448085364131;4.31688815947514;4.39652105704656;90.3206903734661;88.5201214874101;2230.60289299749;2257.86765874622;34.9326622772246;0.0396039603960396;50;50
192;19.9200000000001;0.439999999999998;20.6999999999989;NA;NA;-921.842093619531;-933.790697991981;4.3273639659462;4.39593817303311;88.3001411684063;86.9677066408836;2219.71886781938;2237.94177542137;23.8972087448992;0.0594059405940594;50;50
193;20.5900000000001;0.629999999999995;21.9599999999991;NA;NA;-922.784235517874;-938.278008484227;4.34188146329949;4.45058366555979;85.0904627075541;83.1325766364778;2207.93442584937;2230.584124825;30.9875459327059;0.0099009900990099;50;50
194;20.25;0.519999999999982;20.9300000000003;NA;NA;-914.136628071838;-945.820828803081;4.52873868842174;5.23556514280273;79.2567964167806;70.8359923267187;2164.99537862044;2192.58803397207;63.3684014624873;0.118811881188119;49;49
195;20.3700000000008;0.779999999999973;21.2300000000014;NA;NA;-930.89498310217;-938.36673511771;4.33412933542995;4.38209144899668;91.2687744471776;90.4449639680115;2250.46685835954;2261.90208588854;14.9435040310798;0.702970297029703;50;50
196;19.1900000000005;0.810000000000002;20.2800000000007;NA;NA;-918.261578098279;-941.018583230194;4.36469824776659;4.72375537448195;82.0053637579118;77.6441983261282;2185.75091912581;2212.69248512852;45.5140102638297;0.0198019801980198;50;50
197;20;0.639999999999986;20.7800000000007;NA;NA;-936.393890912282;-949.187949820452;4.32662407027402;4.38541640477069;89.9109396366114;88.5724933450211;2255.68220327796;2275.57041827339;25.5881178163397;0.099009900990099;50;50
198;20.0199999999986;0.829999999999984;21.1399999999994;NA;NA;-912.904482357841;-924.40303573705;4.3821619719869;4.42256473943011;84.5261396507344;83.3888937560509;2185.77169528065;2203.92573054349;22.9971067584186;0.386138613861386;50;50
199;20.9200000000001;0.539999999999964;21.7699999999986;NA;NA;-926.51341657516;-954.072430919944;4.42539414189875;4.95472222145108;89.1127111504776;82.9568006947962;2232.52192149007;2261.42441086958;55.1180286895665;0.0396039603960396;50;50
200;19.25;0.669999999999959;20.1599999999999;NA;NA;-916.582108522481;-930.000059019205;4.33455757711828;4.38339668117647;85.0585740920344;83.6763356624683;2195.39437110909;2216.34387623193;26.8359009934486;0.0297029702970297;50;50
201;21.8999999999996;0.550000000000011;22.8700000000008;NA;NA;-928.400691543681;-982.879244900311;4.3692274958158;5.45064176904278;92.5222107704087;77.8507961045843;2250.81615490161;2297.29362506477;108.957106713259;0.0198019801980198;50;50
202;19.6099999999988;0.560000000000002;20.3899999999994;NA;NA;-925.863093883388;-933.804066967226;4.32115109287103;4.33073865890482;89.0736963938291;88.1301854341743;2231.05512799667;2242.91904160355;15.881946167676;0.623762376237624;50;50
203;20.6399999999994;0.560000000000002;21.5;NA;NA;-937.116488894972;-949.819784532864;4.43553472981478;4.505070536228;89.1355090732434;87.7961696419493;2253.82515328597;2273.52803821914;25.4065912757828;0.217821782178218;50;50
204;20.75;0.870000000000005;21.7300000000014;NA;NA;-930.070583383799;-943.079987128218;4.36768969954233;4.43344955940249;91.7876418635713;90.6278843903021;2251.02770593588;2272.10757419721;26.0188074888388;0.207920792079208;50;50
205;19.1299999999992;0.609999999999957;19.9499999999989;NA;NA;-916.736111162958;-929.596338342285;4.32092356393032;4.41106001518412;85.4716268936323;83.6000550021994;2197.46140164477;2215.21158631795;25.7204543586536;0.128712871287129;50;50
206;18.9400000000005;0.45999999999998;19.7199999999993;NA;NA;-911.445154119457;-927.302595808071;4.39606061164206;4.54272633321134;82.3783406703575;80.12273882953;2173.70642937778;2195.81561443439;31.7148833772283;0.0198019801980198;50;50
207;19.4400000000005;0.689999999999998;20.3099999999995;NA;NA;-897.816273431508;-919.128513958014;4.80798200189527;5.23659320543524;75.2826062009079;70.6969966089534;2116.23079734624;2139.32701700171;42.6244810530118;0.257425742574257;50;50
208;19.369999999999;0.549999999999955;19.9500000000007;NA;NA;-936.212402708656;-955.280744361756;4.43776379415561;4.72558117562532;87.3099736481748;83.9050498243339;2244.24276196679;2267.87924826814;38.1366833061995;0.0594059405940594;50;50
209;20.619999999999;0.720000000000027;21.5499999999993;NA;NA;-945.775907231386;-962.969363606961;4.51809171920875;4.75876247849336;88.2808150492152;85.1338148915898;2267.5041928977;2288.48930149089;34.3869127511505;0.267326732673267;50;50
210;18.6100000000006;0.579999999999984;19.2800000000007;NA;NA;-923.898031418598;-939.56913104633;4.33865928584547;4.48190442614386;86.3481340652785;84.0674763760306;2215.51793261334;2237.1477307974;31.3421992554643;0.0396039603960396;50;50
211;20.4500000000007;0.689999999999998;21.3600000000006;NA;NA;-936.655830468941;-947.40530037103;4.36542548874174;4.41939268633275;89.5905510053785;88.2342994494468;2254.841676457;2270.56488800217;21.498939804178;0.188118811881188;50;50
212;19.5900000000001;0.689999999999998;20.369999999999;NA;NA;-919.865797607564;-931.432813039401;4.3319277640689;4.35436584832545;88.7396874914661;87.7952551787253;2217.63812627049;2236.75020090225;23.1340308636752;0.425742574257426;50;50
213;20.2700000000004;0.710000000000036;21.2000000000007;NA;NA;-903.633988420018;-917.061753210026;4.39724556237901;4.45995628145183;84.6778410251653;83.3961348007158;2167.87674236172;2189.2740021776;26.8555295800174;0.148514851485149;50;50
214;19.7299999999996;0.480000000000018;20.3500000000004;NA;NA;-923.729552874891;-943.177514519196;4.41644261207181;4.66326943910153;85.2960110701231;82.150517837038;2210.70040812049;2236.20094463486;38.8959232886098;0.0396039603960396;50;50
215;19.4300000000003;0.510000000000048;20.25;NA;NA;-912.353132596651;-935.257966052012;4.34516308097264;4.71359028614423;84.6176403565627;80.5022582787934;2185.05866035261;2213.34257515691;45.8096669107217;0.0198019801980198;50;50
216;18.9699999999993;0.699999999999989;19.9799999999996;NA;NA;-938.206728172857;-953.607189239193;4.46526455860679;4.66839898035345;85.4914794252446;83.032991115887;2240.48717958811;2260.81839177597;30.8009221326724;0.198019801980198;50;50
217;20.6000000000004;0.589999999999975;21.6099999999988;NA;NA;-930.58660468497;-947.421879261683;4.3721960137617;4.47163619349913;91.8357286544196;89.8304396195628;2252.26453078203;2277.3953628782;33.6705491534242;0.0495049504950495;50;50
218;21.5;0.639999999999986;22.7099999999991;NA;NA;-933.094309347985;-946.071162889162;4.33390534501278;4.37569541271015;91.1015890917759;89.7381409152194;2254.15353586581;2274.30086718505;25.9537070823533;0.0396039603960396;50;50
219;19.8099999999995;0.670000000000016;20.6599999999999;NA;NA;-923.269898075545;-937.248423398587;4.36120938222964;4.48805664989326;87.7345049241325;85.5882490552153;2220.16566014714;2238.98267285633;27.9570506460836;0.0198019801980198;50;50
220;20.6599999999999;0.560000000000002;21.8600000000006;NA;NA;-918.704872834611;-939.259403242034;4.34634640724453;4.55179155322599;84.3670851679162;81.3223605289558;2196.69512735513;2224.83793418763;41.1090608148456;0.0099009900990099;50;50
221;20.7600000000002;0.670000000000016;21.9200000000001;NA;NA;-918.681490276559;-933.831491400012;4.30246874372035;4.38797392543523;91.1358094029736;89.3611132913486;2225.47362822372;2248.21591565125;30.3000022469066;0.0396039603960396;50;50
222;20.3399999999983;0.53000000000003;21.1499999999996;NA;NA;-927.100831050329;-938.326134681592;4.31747514919451;4.38637114016244;88.9573423115379;87.2373581455605;2233.03509723181;2248.16098578044;22.4506072625265;0.108910891089109;50;50
223;18.5599999999995;0.620000000000005;19.5300000000007;NA;NA;-911.283724513606;-930.138273026178;4.31937331154102;4.45290220441256;83.4761345201427;80.9318276263291;2178.05863131756;2204.93255166628;37.7090970251447;0.0099009900990099;50;50
224;19.6599999999999;0.46999999999997;20.5100000000002;NA;NA;-933.176003133667;-954.798767233777;4.42551738003884;4.73709100683487;86.0275745336604;82.1621423794424;2232.70874231341;2259.49295430073;43.2455282002188;0.0297029702970297;50;50
225;20.1599999999999;0.810000000000002;21.6100000000006;NA;NA;-915.664998705651;-938.102893114045;4.33694450940947;4.54654590045068;86.8197569410816;83.4706132872702;2201.0603187608;2231.67345581493;44.8757888167879;0.0297029702970297;50;50
226;20.3299999999999;0.799999999999955;21.75;NA;NA;-933.738829373787;-946.493906365421;4.35491552662374;4.42280942892725;88.1826760961521;86.8863620388016;2243.01210297108;2263.00177832274;25.5101539832685;0.168316831683168;50;50
227;19.7999999999993;0.5;20.4799999999996;NA;NA;-910.585641111485;-927.250320930786;4.31086871499584;4.37941095522803;84.5195787072995;82.7932365711809;2181.10607237656;2207.08363727126;33.3293596386022;0.0099009900990099;50;50
228;19.2199999999993;0.450000000000045;19.8900000000012;NA;NA;-924.682194572067;-948.11415045683;4.48900302686859;4.82633458298664;81.5661689421499;77.6073120784799;2196.72179852613;2226.72653593313;46.8639117695261;0.0297029702970297;50;50
229;20.6200000000008;0.350000000000023;21.2000000000007;NA;NA;-940.062036817475;-954.011674457366;4.48333586163486;4.53476612025706;87.7183794255639;86.3947052017605;2253.68126563769;2275.94354637416;27.8992752797824;0.128712871287129;50;50
230;19.6700000000001;0.639999999999986;20.7999999999993;NA;NA;-926.925378160439;-939.612711251759;4.38718700712457;4.46730844131655;87.7528275987546;86.3938192288483;2227.5546491967;2247.14184696171;25.3746661826403;0.188118811881188;50;50
231;21.4799999999996;0.620000000000005;22.5500000000011;NA;NA;-929.76917007838;-944.05094822745;4.29511325676204;4.35614800352319;95.3636092505222;93.417692866248;2265.65348186547;2285.93016527401;28.5635562981399;0.0297029702970297;50;50
232;19.7599999999984;0.529999999999973;20.4300000000003;NA;NA;-921.808794506029;-937.515777396905;4.41785784461215;4.5586573288712;84.4162138820004;82.2884126374465;2203.11219007251;2225.46470871786;31.4139657817518;0.108910891089109;50;50
233;19.4400000000005;0.510000000000048;20.1000000000004;NA;NA;-927.074507304909;-940.708515786251;4.55929418934976;4.61503214952769;81.9744060152202;80.7192435573545;2203.24494100143;2225.16772739399;27.268016962684;0.099009900990099;50;50
234;19.5599999999995;0.639999999999986;20.5500000000011;NA;NA;-930.205731094165;-944.38166681977;4.39642955093145;4.4415760964236;87.2551208899337;86.0405368606951;2231.9958229683;2255.1752710074;28.3518714512111;0.0396039603960396;50;50
235;20.4200000000001;0.730000000000018;21.4099999999999;NA;NA;-917.94541039971;-949.269613732182;4.52881733025892;5.10563998377412;81.1365354092521;74.7144840421284;2181.41859428081;2216.71807485626;62.6484066649427;0.0198019801980198;50;50
236;19.8500000000004;0.439999999999998;20.5599999999995;NA;NA;-922.051510513734;-934.724233309251;4.39920958982909;4.46937147002764;83.0095329316984;81.6270685208475;2197.60713538172;2217.06522273902;25.3454455910341;0.217821782178218;50;50
237;20.5200000000004;0.5;21.1599999999999;NA;NA;-931.960345892316;-944.891560099156;4.34542469194503;4.39309272542908;90.6878391613085;89.315303860763;2250.12361490911;2270.14096916439;25.8624284136811;0.108910891089109;50;50
238;18.75;0.549999999999955;19.6700000000001;NA;NA;-911.205759205176;-930.893634580761;4.45150804281125;4.71693461091091;79.2593019538375;75.9965704499358;2159.94491188917;2185.42600536511;39.3757507511696;0.0297029702970297;50;50
239;18.3500000000004;0.480000000000018;19.0199999999986;NA;NA;-922.565663861639;-931.456505393013;4.43763924428672;4.4844558857238;80.8244050864679;79.8004858045461;2189.32986407464;2202.75108796912;17.7816830627471;0.772277227722772;50;50
240;19.5699999999997;0.599999999999966;20.4099999999999;NA;NA;-920.628521995506;-938.515641101902;4.41908151649264;4.7079400596004;82.4616855634611;79.0188991537767;2191.59512275875;2212.7426992906;35.7742382127922;0.0495049504950495;49;49
241;18.8400000000001;0.5;19.9400000000005;NA;NA;-932.71059348417;-943.448330079345;4.47743775225175;4.55424856392643;83.8597144664656;82.4489553097261;2222.54588151228;2238.01350056038;21.4754731903504;0.188118811881188;50;50
242;19.9099999999999;0.579999999999984;20.5799999999999;NA;NA;-932.403651579648;-949.087066445208;4.37298963199385;4.54335534053687;91.2840698118329;89.2353191848966;2253.54933210235;2278.19135938814;33.366829731121;0.0198019801980198;50;50
243;20.1899999999987;0.670000000000016;21.4899999999998;NA;NA;-923.881028716898;-941.651393179062;4.3592620169844;4.53287844589028;86.407638215578;83.9841518448301;2215.73733138183;2240.95740949795;35.5407289243285;0.0297029702970297;50;50
244;20.4800000000014;0.579999999999984;21.2600000000002;NA;NA;-922.714956771608;-937.626371024287;4.30640783035555;4.3377988735494;92.2418558726705;90.8415787303249;2238.25076694437;2262.11037997829;29.8228285053567;0.0297029702970297;50;50
245;20.3899999999994;0.620000000000005;21.2600000000002;NA;NA;-927.575972269594;-945.015561479743;4.38308228348013;4.5840855143121;85.2552669998046;82.518875784855;2217.35854074751;2240.6121741107;34.8791784202976;0.0594059405940594;49;49
246;21.7199999999993;0.75;22.8799999999974;NA;NA;-931.988407515347;-947.483123560984;4.32581842563877;4.44624740216841;90.5727391193456;88.5320263712413;2249.6895735083;2271.98843323768;30.9894320912731;0.099009900990099;50;50
247;20.8499999999985;0.70999999999998;21.8700000000026;NA;NA;-924.911679285544;-942.955454350518;4.48553840799009;4.77300577752062;85.7560830807514;82.4255989511748;2215.02392204004;2236.92828379371;36.0875501299495;0.0198019801980198;50;50
248;21.4600000000009;0.5;22.2599999999984;NA;NA;-919.495986347846;-940.437115219265;4.35271819354234;4.58272463584533;85.0735699913746;81.7543698681566;2201.2859882457;2229.03311164333;41.8822577428396;0.0198019801980198;50;50
249;20.8600000000006;0.480000000000018;21.5499999999993;NA;NA;-921.422780657584;-933.606482928015;4.34396332751982;4.40112899624697;85.8034770579394;84.343715083318;2208.24795661403;2226.39882377922;24.3674045408625;0.0693069306930693;50;50
250;20.1200000000008;0.560000000000059;21;NA;NA;-931.253744594688;-940.790335836662;4.31912993606892;4.33955744068043;88.0716371244319;87.2642920272917;2237.56906322592;2253.20408862763;19.0731824839481;0.782178217821782;50;50
