1;89.6100000000006;1.75;94.4100000000035;NA;NA;-3910.46914446758;-3952.94675272163;5.41501239003097;5.4979418588873;273.115294238711;269.164073542183;9267.98979547001;9332.01019074261;84.9552165080886;0.0099009900990099;100;100
2;90.4100000000035;1.92000000000007;95.0100000000093;NA;NA;-3898.25040452617;-3934.54148986834;5.40507592630488;5.48023426423528;274.488719188929;270.545984687783;9250.82915685258;9302.52146885781;72.5821706843426;0.0099009900990099;100;100
3;92.0500000000029;1.94999999999982;96.3899999999994;NA;NA;-3930.45031281958;-3973.40001182114;5.39809231303575;5.4759152605493;282.055002306079;278.141003552258;9355.3175426792;9420.4793331123;85.899398003121;0.0099009900990099;100;100
4;93.3800000000047;2.39000000000033;99.1900000000023;NA;NA;-3918.19150267361;-3960.33024403888;5.4010855266964;5.47951602106167;277.237184271426;273.1844860622;9305.27359342539;9368.07859485262;84.2774827305529;0.0099009900990099;100;100
5;88.9399999999878;1.94000000000005;93.320000000007;NA;NA;-3864.2288712336;-3905.12025876354;5.39204495412373;5.45195481964858;275.373188400885;271.628666805821;9187.47228885332;9249.41540011665;81.7827750598699;0.0099009900990099;100;100
6;100.639999999999;1.92000000000007;105.860000000001;NA;NA;-3905.61622577617;-3941.41112448658;5.37006347789072;5.42473415724306;287.13447934989;283.454853466716;9332.56205002659;9384.6560217282;71.5897974208274;0.0099009900990099;100;100
7;103.220000000001;1.9699999999998;108.25;NA;NA;-3950.64177091455;-3985.28096962654;5.38341055481937;5.41781037798948;290.203883142359;287.062161228857;9438.87581572194;9491.50837337074;69.278397423981;0.0099009900990099;100;100
8;97.5;2.2199999999998;102.690000000002;NA;NA;-3902.43068035193;-3940.4253479373;5.40609313804367;5.47248506314066;278.102083389908;274.279505485303;9278.3344588018;9334.07056307559;75.9893351707415;0.0099009900990099;100;100
9;93.8600000000006;1.51999999999998;97.6600000000035;NA;NA;-3932.26753745661;-3972.82975927484;5.38528780508137;5.4555759437879;282.352482314641;278.308667885181;9360.52813544884;9420.22716686659;81.1244436364577;0.0099009900990099;100;100
10;93.1900000000023;1.69000000000005;97.1399999999994;NA;NA;-3906.45505752155;-3938.7901597783;5.40407411085561;5.46362175953407;275.738328511298;272.126387748438;9273.85928961744;9319.39228566014;64.6702045135034;0.0099009900990099;100;100
11;89.6900000000023;2.30999999999995;94.4700000000012;NA;NA;-3911.98404782803;-3955.77953737018;5.40628393200444;5.49073675800511;275.443706906127;271.319749065041;9283.35627146317;9349.09721309912;87.5909790842843;0.0099009900990099;100;100
12;101.12999999999;1.72000000000025;104.970000000001;NA;NA;-3923.18860871506;-3961.27870324753;5.40157810261109;5.46062802906151;278.344494110752;274.775522063599;9321.13468446014;9378.40532694692;76.1801890649404;0.0099009900990099;100;100
13;103.110000000001;2.26999999999998;108.25;NA;NA;-3891.36587358839;-3928.37498163758;5.38250273798649;5.44400807363972;281.555565694833;278.023262938089;9274.50249054597;9329.80544560439;74.0182160983877;0.0099009900990099;100;100
14;97.3600000000006;2.11000000000013;102.860000000001;NA;NA;-3929.7706922895;-3966.05681017219;5.38515409363244;5.44502091099201;284.971886382792;281.251585884345;9369.4128791789;9422.27378220458;72.5722357653804;0.0099009900990099;100;100
15;88.4499999999971;1.76000000000022;98.5;NA;NA;-3866.22702257538;-3906.10566196977;5.39629806112156;5.48313406407129;275.244472663321;271.123594054002;9190.78661470919;9248.71017079678;79.7572787887793;0.0099009900990099;100;100
16;101.5;2.32999999999993;110.330000000002;NA;NA;-3947.7035979112;-3985.86160567112;5.40327598899026;5.46597845025534;280.95578740817;277.386849084933;9384.00012347929;9441.40677110099;76.3160155198393;0.0099009900990099;100;100
17;92.2999999999884;2.34000000000015;97.8799999999901;NA;NA;-3860.30138082159;-3899.44374024933;5.44408962096427;5.52556187638703;262.561425709255;258.797240895893;9111.73652326414;9170.07739635209;78.2847188554861;0.0099009900990099;100;100
18;89.0699999999924;2.07999999999993;93.7400000000052;NA;NA;-3893.96566641438;-3936.64369032302;5.40159974309321;5.49222959914742;273.181838765726;268.766272406041;9235.33541338674;9297.29638927735;85.3560478172776;0.0099009900990099;100;100
19;94.2800000000134;1.68000000000029;99.3000000000029;NA;NA;-3935.96308880959;-3972.8989205154;5.39414585751493;5.45765132139162;278.953658134728;275.23002398092;9349.91118897652;9404.05385688434;73.871663411619;0.0099009900990099;100;100
20;91.5;2.07000000000016;96.2899999999936;NA;NA;-3882.13389757866;-3920.39944701566;5.4167876462508;5.51099344680492;268.647171773168;264.5521714731;9187.64577083711;9242.48025850525;76.531098874003;0.0099009900990099;100;100
21;102.690000000002;1.7800000000002;106.880000000005;NA;NA;-3894.98969968673;-3931.75102015744;5.40170556153652;5.46133981082155;278.055344111874;274.382812317074;9263.20485794289;9317.26925989673;73.5226409414317;0.0099009900990099;100;100
22;105.089999999997;2.16999999999962;110;NA;NA;-3953.2343525963;-3990.06743340167;5.38454214851596;5.44388653438805;288.103157138586;284.237000011123;9432.93066601729;9486.11270017778;73.6661616107376;0.0099009900990099;100;100
23;95.7799999999988;1.98000000000002;100.26999999999;NA;NA;-3865.61782241618;-3905.10087834763;5.41807726509534;5.50743640616788;267.123233212084;263.121735318696;9146.53931036841;9204.30421645057;78.9661118628965;0.0099009900990099;100;100
24;97.2200000000012;2.16999999999962;101.239999999991;NA;NA;-3916.54981042508;-3956.64638680853;5.37976906438655;5.43799140953261;285.296085864885;281.405611739597;9344.68882719626;9404.26901334104;80.1931527669012;0.0099009900990099;100;100
25;101.420000000013;2.38000000000011;106.240000000005;NA;NA;-3922.21429860951;-3961.78402201918;5.39287710124656;5.46102918944816;280.10761216104;276.487261735732;9328.52762323416;9388.4853045221;79.1394468193403;0.0099009900990099;100;100
26;105.26999999999;1.86999999999989;109.160000000003;NA;NA;-3935.16953120746;-3972.28932410328;5.38791462296243;5.44363589103083;287.06413244726;283.412060128294;9391.29594067328;9446.18568827346;74.2395857916517;0.0099009900990099;100;100
27;106.460000000006;1.82999999999993;110.930000000008;NA;NA;-3931.33898777708;-3975.38413159612;5.37363230768752;5.43866723915324;289.544308780095;285.580106131972;9396.77561514888;9463.86229905189;88.0902876380769;0.0099009900990099;100;100
28;91.3999999999942;1.82999999999993;95.4199999999983;NA;NA;-3896.0438450462;-3933.47898565652;5.40162380966887;5.46668314187367;276.305732019846;272.665553581963;9256.04314852993;9311.62660911578;74.8702812206238;0.0099009900990099;100;100
29;101.75;1.90000000000009;106.409999999989;NA;NA;-3924.57209830096;-3963.6257181305;5.39905787370994;5.46888120146126;278.292412054746;274.464060420888;9323.62571637012;9381.44913408228;78.1072396590844;0.0099009900990099;100;100
30;102.070000000007;2.39000000000033;107.169999999998;NA;NA;-3947.15590746237;-3981.77822396399;5.38579986672653;5.43730092788724;289.349356781839;285.724418867182;9427.37653696146;9477.41509845881;69.2446330032408;0.0099009900990099;100;100
31;99.9499999999971;2.11000000000013;105.279999999999;NA;NA;-3887.33462037675;-3925.86929181861;5.39642975969823;5.47309060561596;275.394725230298;271.332208305126;9233.79789609692;9289.3427350041;77.0693428837139;0.0099009900990099;100;100
32;108.48000000001;2.01000000000022;113.609999999986;NA;NA;-3914.21132975124;-3952.16845345342;5.37727755967312;5.42780650077202;289.929487460804;286.262091282877;9364.56109799042;9421.04431653527;75.9142474043747;0.0099009900990099;100;100
33;100.029999999999;2.07999999999993;104.100000000006;NA;NA;-3935.08912306999;-3973.43943077343;5.38692653468412;5.45468855256577;282.392475760564;278.475922900868;9366.38320464468;9422.33268001803;76.7006154068758;0.0099009900990099;100;100
34;99.1399999999994;2.12999999999965;103.470000000001;NA;NA;-3902.30383444886;-3942.39557633443;5.39766685231329;5.46363552422933;274.634998672764;270.858987689492;9259.71105182753;9319.88803102972;80.1834837711367;0.0099009900990099;100;100
35;101.360000000001;2.22000000000025;106.210000000006;NA;NA;-3904.29749996965;-3938.55179661257;5.37548359029352;5.42360634098887;285.548644557246;281.970317343114;9321.52234239121;9371.07182245522;68.5085932858374;0.0099009900990099;100;100
36;106.360000000001;2.19000000000005;111.320000000007;NA;NA;-3964.50341461519;-4003.44704210777;5.38318735713547;5.43060429016162;292.587410618349;288.906377354169;9479.22778814291;9537.61176065761;77.8872549851458;0.0099009900990099;100;100
37;92.9400000000023;1.70000000000027;96.6700000000128;NA;NA;-3907.06455333621;-3945.47008461592;5.3899953466584;5.46594782336257;278.335532824655;274.259565133288;9288.83909396469;9344.05438611946;76.8110625594272;0.0099009900990099;100;100
38;91.3000000000029;1.98000000000002;95.3999999999942;NA;NA;-3876.72324905538;-3918.97075446302;5.39773710354391;5.47824564340139;274.325992850624;270.202703410298;9206.91267012675;9269.56118489305;84.4950108152798;0.0099009900990099;100;100
39;87.140000000014;2.04999999999973;91.7299999999959;NA;NA;-3864.33030120072;-3903.22794021589;5.43366214267567;5.5412582392294;263.121540017912;258.579846397392;9122.76202739121;9176.49397123841;77.7952780303403;0.0099009900990099;100;100
40;92.1999999999971;1.88000000000011;96.6199999999953;NA;NA;-3826.83241713849;-3860.06068775747;5.41594332682022;5.46411708060543;269.195488681671;265.954526726041;9079.94796695546;9129.23286317958;66.4565412379561;0.0099009900990099;100;100
41;99.4000000000087;1.59999999999991;103.650000000009;NA;NA;-3872.646338669;-3911.03996469586;5.38777211422481;5.44359993197626;279.313947824987;275.753304811381;9225.18661781822;9283.10845315688;76.7872520537285;0.0099009900990099;100;100
42;94.8399999999965;1.76999999999998;98.9099999999889;NA;NA;-3901.77176585371;-3944.88493980617;5.39637787428773;5.45678236329206;280.460029280757;276.52786815526;9289.50977546823;9354.90228579385;86.2263479049097;0.0099009900990099;100;100
43;97.9199999999983;1.97000000000025;102.489999999991;NA;NA;-3928.70664594063;-3968.34882644443;5.39782575031659;5.47649621720337;281.574708134814;277.642562768803;9349.28545797264;9407.73606489971;79.2843610075961;0.0099009900990099;100;100
44;99.7799999999988;1.77999999999975;104.100000000006;NA;NA;-3930.52462571633;-3967.92791322201;5.39281290544002;5.44565487253094;283.336649893205;279.705522769444;9362.25674414137;9417.82445525277;74.8065750113728;0.0099009900990099;100;100
45;103.990000000005;2.09999999999991;108.789999999994;NA;NA;-3905.19611543921;-3940.63525493893;5.36545387820127;5.40896509485076;289.02501137057;285.516570425483;9341.73846798985;9394.02791340043;70.878278999442;0.0099009900990099;100;100
46;96.9600000000064;1.84999999999991;102.339999999997;NA;NA;-3936.25922330782;-3975.73261413772;5.39472820219983;5.47550183855311;281.486850497742;277.353270523951;9363.92511506274;9420.97087816139;78.9467816598026;0.0099009900990099;100;100
47;90.5;1.90999999999985;95.0200000000041;NA;NA;-3903.36634524944;-3944.32988653369;5.42717615963315;5.5128387571248;268.578710358935;264.491992637715;9229.7479358787;9290.02229097269;81.9270825685098;0.0099009900990099;100;100
48;94.1399999999994;1.7800000000002;98.9400000000023;NA;NA;-3919.21556320205;-3955.89533584802;5.39165232664423;5.46152038080472;279.49553321529;275.798547936322;9319.28716391128;9373.05890789579;73.3595452919399;0.0099009900990099;100;100
49;97.9599999999919;2.05999999999995;102.049999999988;NA;NA;-3871.82779515815;-3913.62056545408;5.42416627507093;5.5197608620589;264.555560662963;260.304747574104;9145.35491179372;9206.41829557493;83.5855405918646;0.0099009900990099;100;100
50;97.3899999999994;1.46000000000004;101.630000000005;NA;NA;-3861.14638239713;-3902.92754596823;5.42442047126318;5.51986245151852;266.790327781841;262.548883515537;9135.83259170784;9196.92240103463;83.5623271421946;0.0099009900990099;100;100
51;94.3600000000006;1.91000000000031;98.6399999999994;NA;NA;-3907.67750379914;-3947.12353137396;5.39382589751324;5.46587620926913;278.805372672573;274.934254513524;9292.55435551626;9350.93599809586;78.8920551496458;0.0099009900990099;100;100
52;92.1699999999983;2.11000000000013;96.3300000000017;NA;NA;-3884.25095776693;-3919.14819493844;5.41436739887916;5.47806680230167;270.223241955793;266.655053579217;9200.23041123315;9251.11949113344;69.7944743430162;0.0099009900990099;100;100
53;103.929999999993;2.09000000000015;109.37000000001;NA;NA;-3911.06415783473;-3949.08761220158;5.39393900871762;5.46033047556249;280.734717226985;276.911003770762;9309.54994334614;9365.33760467004;76.0469087336987;0.0099009900990099;100;100
54;107.25;2.07000000000016;113.319999999992;NA;NA;-3932.31979518401;-3966.78385230382;5.38072815211901;5.42581025181934;288.661822627253;285.372366834144;9394.06153825341;9445.56107173791;68.9281142396212;0.0099009900990099;100;100
55;106.340000000011;2.19000000000005;111.860000000001;NA;NA;-3926.92865606003;-3964.38493709114;5.38038961894252;5.43851853959511;285.681533352246;281.969425433846;9367.48874158235;9422.733377794;74.9125620622144;0.0099009900990099;100;100
56;89.0299999999988;2.04999999999973;93.3899999999994;NA;NA;-3875.80160756998;-3914.85756276802;5.41312087448759;5.48980389057983;271.833302730201;268.021812677531;9191.8623238015;9249.77975025909;78.11191039607;0.0099009900990099;100;100
57;86.8000000000029;1.61999999999989;91.3699999999953;NA;NA;-3878.6885451777;-3915.41718812528;5.43756544653441;5.51628398157418;265.520931077289;261.789485902617;9164.1912506642;9217.87815578808;73.4572858951669;0.0099009900990099;100;100
58;101.220000000001;1.88000000000011;106.089999999997;NA;NA;-3898.75015803349;-3937.81102129125;5.39219674999372;5.46082936503872;278.646144552757;274.78242531133;9273.85602287252;9331.5065386317;78.1217265155074;0.0099009900990099;100;100
59;106.139999999999;2.38999999999987;112.069999999992;NA;NA;-3926.71614392441;-3966.92910242881;5.37835237904828;5.43851683982713;289.110193935787;285.452993980537;9385.22984922487;9446.27876019783;80.4259170088017;0.0099009900990099;100;100
60;93.0299999999988;1.82000000000016;97.0799999999872;NA;NA;-3905.36436708877;-3945.73905923852;5.39193268552317;5.47856169108035;277.982483725735;273.857335362734;9283.56815529776;9342.46119438599;80.7493842995027;0.0099009900990099;100;100
61;90.4700000000012;2.11000000000013;94.890000000014;NA;NA;-3852.86525120078;-3889.88390124506;5.39949090856737;5.46046036758259;273.36049700699;269.572347937786;9154.0811710219;9208.04765511002;74.0373000885593;0.0099009900990099;100;100
62;96.1300000000047;2.11000000000013;100.960000000006;NA;NA;-3923.02617848611;-3960.06748097531;5.38708928261825;5.44951788158898;283.196330884951;279.619867824995;9346.51639504263;9401.64976367966;74.0826049784082;0.0099009900990099;100;100
63;95.7599999999948;2.02999999999975;100.740000000005;NA;NA;-3864.9571975659;-3908.13300238699;5.42317951667176;5.51856720509434;266.974817178984;262.622954329054;9144.43170542221;9207.72576454975;86.3516096421608;0.0099009900990099;100;100
64;88.6399999999994;1.82999999999993;92.8799999999901;NA;NA;-3880.20312648915;-3917.57433638543;5.4064258471882;5.4878027026319;270.99831416724;267.174567228509;9196.24132723583;9250.72432221763;74.7424197925566;0.0099009900990099;100;100
65;104.680000000008;1.86000000000013;110.860000000001;NA;NA;-3918.30161662053;-3954.36929824582;5.38796421042253;5.44372928648133;281.951834295672;278.339397180214;9330.4735334199;9383.46905836608;72.1353632505743;0.0099009900990099;100;100
66;104.070000000007;2.07000000000016;109.360000000001;NA;NA;-3916.74317056682;-3955.2640328884;5.39119206032856;5.45093776842282;283.884250095309;280.203784166526;9337.59519350308;9395.13664159878;77.0417246431516;0.0099009900990099;100;100
67;94.8600000000006;2.42000000000007;101.119999999995;NA;NA;-3873.34675694578;-3908.41969605397;5.42284281780528;5.50828720539712;265.147029846132;261.253667800616;9151.52662681396;9201.04423729032;70.1458782163745;0.0099009900990099;100;100
68;98.6899999999878;2.30999999999995;104.169999999998;NA;NA;-3882.44672402859;-3920.73170585327;5.39958809673197;5.46408037162369;274.159357174951;270.405278204606;9217.47673137887;9274.15639322426;76.5699636493591;0.0099009900990099;100;100
69;91.8700000000099;1.78999999999996;96.1600000000035;NA;NA;-3918.16584219053;-3956.53686846048;5.39482199016597;5.46353195468151;277.615492683078;273.829375753159;9307.22667048661;9363.90867394494;76.7420525399029;0.0099009900990099;100;100
70;104.520000000004;2.07999999999993;110.529999999999;NA;NA;-3930.0256587882;-3968.23197437636;5.391993963467;5.45341837462109;285.961779744905;282.071741615802;9375.16758136782;9430.96955596818;76.4126311763266;0.0099009900990099;100;100
71;86.6999999999971;1.51999999999998;90.3400000000111;NA;NA;-3885.05250059333;-3924.83819078816;5.42888883971798;5.5081073128135;266.892447057204;262.941321323001;9184.18588843034;9242.82295072506;79.5713803896633;0.0099009900990099;100;100
72;91.679999999993;1.88999999999987;95.4700000000012;NA;NA;-3905.04195691424;-3944.1183437308;5.40489681381633;5.46935752131412;276.154688768156;272.463332146351;9273.23909718246;9331.83389192016;78.1527736331282;0.0099009900990099;100;100
73;109.279999999999;2.17999999999984;115.450000000012;NA;NA;-3898.57299590705;-3935.35708409249;5.37592195412901;5.42786553063898;287.518881919132;284.055269263555;9320.51227709672;9375.72913438354;73.568176370869;0.0099009900990099;100;100
74;91.4199999999983;1.86999999999989;95.1699999999983;NA;NA;-3873.54546786972;-3915.633699242;5.41081682776918;5.50631812962664;265.014504714059;260.707913989162;9151.22188845306;9212.5806667693;84.1764627445746;0.0099009900990099;100;100
75;97.9100000000035;2.10999999999967;101.830000000016;NA;NA;-3928.44675524332;-3970.97475727631;5.42038988963362;5.51137191146125;276.823209535245;272.479203748443;9323.59072903078;9385.63081179617;85.0560040659793;0.0099009900990099;100;100
76;89.320000000007;2.23000000000002;92.9700000000012;NA;NA;-3930.15038766451;-3975.2478440792;5.41050989078963;5.50084019594361;281.152844823108;276.703407386696;9349.93777570968;9416.55815689835;90.1949128293836;0.0099009900990099;100;100
77;95.9600000000064;2.03000000000065;99.9700000000012;NA;NA;-3913.25452811007;-3947.62280710503;5.41351904856658;5.46515926328755;273.964168584627;270.544568027198;9278.05816844397;9328.67659741381;68.7365579899197;0.0099009900990099;100;100
78;94.0299999999988;2.07999999999993;98.1300000000047;NA;NA;-3877.89939046104;-3918.9845252006;5.4094097552533;5.5066543968544;270.33497451977;265.862652132913;9188.1192712055;9246.59375731352;82.1702694791093;0.0099009900990099;100;100
79;89.8399999999965;2.00999999999931;94;NA;NA;-3891.70169494272;-3929.10854825515;5.41226121941365;5.49714041046419;273.764578371275;269.697336610825;9233.89500981567;9287.15917878718;74.813706624861;0.0099009900990099;100;100
80;93.7199999999866;1.90000000000055;97.4900000000198;NA;NA;-3837.00567110669;-3873.94736148846;5.42650517939047;5.51650891228292;263.928482605347;260.046791079711;9072.38820512796;9125.70515226963;73.8833807635374;0.0099009900990099;100;100
81;101.139999999999;1.94999999999982;104.800000000017;NA;NA;-3855.16691233718;-3894.90136895594;5.41207616728095;5.50435458791071;265.984603031673;261.836330978398;9119.60466615146;9177.09471752794;79.4689132375142;0.0099009900990099;100;100
82;108.390000000014;2.03999999999996;113.359999999986;NA;NA;-3906.3682517286;-3944.88178595561;5.38107400346013;5.44589958451091;278.506781534708;274.70166637157;9288.35382076394;9345.2201814674;77.027068454031;0.0099009900990099;100;100
83;103.940000000002;2.11999999999989;109.279999999999;NA;NA;-3846.79216110534;-3886.39249517133;5.42315908802922;5.52219749382899;264.198871990289;260.027679002438;9093.39379389924;9150.49415778446;79.2006681319781;0.0099009900990099;100;100
84;88.0800000000017;2.05000000000018;92.1700000000128;NA;NA;-3858.93090054948;-3896.45177452259;5.40767504676604;5.48948269177166;267.094161292838;263.173813120803;9133.01143438038;9187.28193352379;75.0417479462212;0.0099009900990099;100;100
85;96.0599999999977;2.16000000000076;101.049999999988;NA;NA;-3884.95833869469;-3928.63316322275;5.41172651588784;5.49793844288809;269.345174405109;265.11842568469;9196.99289253589;9261.94788544258;87.3496490561238;0.0099009900990099;100;100
86;110;2.09000000000015;115.279999999999;NA;NA;-3955.35249300248;-3995.87450204643;5.3688801029779;5.42288009783436;294.087230839493;290.23834768635;9468.87246844186;9529.52388207765;81.0440180879023;0.0099009900990099;100;100
87;93.3899999999994;2.14000000000033;97.4899999999907;NA;NA;-3869.59183503066;-3907.47063968774;5.39111874590589;5.45787633912583;277.460727010638;273.644411437191;9209.25865851684;9264.79621675196;75.7576093141433;0.0099009900990099;100;100
88;98.5800000000017;1.9399999999996;102.670000000013;NA;NA;-3866.21134887786;-3904.76993347662;5.4124063442269;5.48891276879344;271.959198456474;267.945176754682;9173.34884193013;9229.19845023535;77.1171691975187;0.0099009900990099;100;100
89;99.2999999999884;2.19999999999982;103.25;NA;NA;-3906.37278096664;-3942.58570468585;5.40079579670676;5.45203579813283;274.9114780875;271.445413020656;9269.31382054768;9323.37535524884;72.4258474384133;0.0099009900990099;100;100
90;102.699999999997;1.80000000000018;106.75;NA;NA;-3918.28074439376;-3960.34389194288;5.38586161181612;5.44395195703188;286.565931534586;282.815189294319;9354.87874049822;9419.13241284742;84.1262950982427;0.0099009900990099;100;100
91;102.270000000004;2.69000000000051;107.320000000007;NA;NA;-3929.29903098305;-3965.01778199215;5.38064623538504;5.4349009541825;286.636749287526;282.891737667731;9377.29052860707;9428.88577052218;71.4375020181988;0.0099009900990099;100;100
92;100.880000000005;2.10999999999967;106.309999999998;NA;NA;-3851.12413048465;-3886.42440837049;5.4642253790159;5.56156761466109;256.714586034332;252.670206758424;9062.40361040118;9111.57576121841;70.6005557716817;0.0099009900990099;100;100
93;99.3600000000006;2.17000000000007;104.179999999993;NA;NA;-3901.1319876958;-3942.85090291519;5.38710064196079;5.47060748243907;279.011343245761;274.792298712315;9280.55462077451;9341.63861429149;83.4378304387765;0.0099009900990099;100;100
94;95.9199999999983;2.28999999999996;101.440000000002;NA;NA;-3889.38013427293;-3926.91957219303;5.4008815342148;5.48782017797302;277.407223229268;273.095009759398;9248.55177698736;9300.78317731187;75.0788758401914;0.0099009900990099;100;100
95;96.2100000000064;2.35999999999967;101.429999999993;NA;NA;-3906.82923953613;-3944.14319309071;5.41727836911361;5.50045581930711;271.605741666766;267.686163963374;9252.71189699945;9306.57263749319;74.6279071091576;0.0099009900990099;100;100
96;88.6900000000023;2.01000000000022;92.5200000000186;NA;NA;-3887.90697258748;-3928.80377263174;5.43338204010701;5.54565473472835;265.798123944773;261.199965732405;9184.09676126743;9241.52785984524;81.7936000885247;0.0099009900990099;100;100
97;91.5200000000041;1.73999999999978;95.9899999999907;NA;NA;-3917.58647407163;-3952.46224624912;5.40313229142685;5.46937543475833;278.072806862636;274.449469308006;9308.49092990832;9359.04488197275;69.7515443549801;0.0099009900990099;100;100
98;101.470000000001;1.96000000000004;106.130000000005;NA;NA;-3908.90006563323;-3947.69728845498;5.40170805786403;5.46073573814156;276.504459227284;272.910389708923;9282.80850951835;9341.36043421613;77.5944456435;0.0099009900990099;100;100
99;87.0599999999977;1.85000000000036;91.4100000000035;NA;NA;-3892.38580396368;-3928.87985271384;5.41358508020788;5.48894863020487;270.383179893125;266.488813815623;9217.34750557759;9269.70201565778;72.9880975003134;0.0099009900990099;100;100
100;90.0200000000041;1.89000000000033;94.6900000000023;NA;NA;-3889.2905420044;-3930.14701081207;5.41344151414549;5.49878313535646;271.668813442485;267.67641475955;9217.96867622062;9278.52861855998;81.7129376153453;0.0099009900990099;100;100
101;92.4799999999959;2.02999999999975;97.0299999999988;NA;NA;-3932.75071397312;-3972.40356313719;5.40056350541336;5.46794711091241;279.470200635738;275.635398707863;9346.22324540723;9405.21094608365;79.305698328144;0.0099009900990099;100;100
102;95.4200000000128;2.15000000000055;100.059999999998;NA;NA;-3884.59388391662;-3922.94150880979;5.40046245695256;5.47242925553573;272.009542127259;268.250942322411;9210.38064875287;9267.16164391927;76.6952497863349;0.0099009900990099;100;100
103;98.7200000000012;2.10000000000036;103.619999999995;NA;NA;-3925.20010468552;-3962.85497297317;5.3966204135594;5.45301337252056;280.804355901455;277.219125008645;9338.19080484605;9394.50485031889;75.309736575291;0.0099009900990099;100;100
104;91.8499999999913;2.13999999999942;96.9400000000023;NA;NA;-3850.8889437366;-3891.96988319437;5.41036585648539;5.49880613456719;268.496733082521;264.457104966895;9124.35879122574;9185.11743834185;82.1618789155291;0.0099009900990099;100;100
105;84.5399999999936;1.86000000000058;88.2200000000012;NA;NA;-3891.50504090174;-3926.76749380031;5.42336130453118;5.50117947947076;267.098417599798;263.118402220224;9198.18226634999;9247.61978754241;70.5249057971423;0.0099009900990099;100;100
106;95.6399999999994;1.78999999999996;100.670000000013;NA;NA;-3940.49883283157;-3979.16242294968;5.38816213136055;5.44979950690238;283.157811885803;279.359993767507;9381.25761785143;9438.4627523965;77.3271802362306;0.0099009900990099;100;100
107;102.540000000008;2.42999999999938;108.829999999987;NA;NA;-3935.93210547248;-3974.35912558839;5.39369851566295;5.46610942153959;281.032098210436;277.137585256034;9360.86145745074;9417.08113206201;76.8540402318158;0.0099009900990099;100;100
108;95.1899999999878;2.21999999999935;101.070000000007;NA;NA;-3897.50291577883;-3940.92430292212;5.40720980060055;5.48163196569527;273.434408876281;269.422657950168;9243.74810871865;9309.33535340315;86.8427742865979;0.0099009900990099;100;100
109;96.3000000000029;1.96000000000004;100.979999999981;NA;NA;-3879.62652851204;-3916.58848165992;5.40399034168779;5.48477381771879;269.883703459904;265.754167156962;9189.18257001399;9241.22688240008;73.9239062957513;0.0099009900990099;100;100
110;93.5299999999988;1.77999999999975;98.3899999999849;NA;NA;-3917.27260343958;-3957.69198048669;5.43647282253083;5.532467745007;270.142370257209;265.806476177458;9265.84521865338;9323.71102984535;80.8387540942267;0.0099009900990099;100;100
111;90.9199999999983;1.60000000000036;94.9100000000035;NA;NA;-3926.89250829167;-3965.85553238887;5.40023420557671;5.47770642880048;277.875783793006;273.826427278954;9326.05910759697;9382.53037984964;77.9260481944157;0.0099009900990099;100;100
112;95.3700000000099;2.09999999999945;99.5400000000081;NA;NA;-3890.43283464108;-3929.51035553413;5.37224799806231;5.43691852911807;282.103907852332;278.278113069346;9275.54170342724;9333.42647027379;78.155041786089;0.0099009900990099;100;100
113;110.599999999991;2.22999999999956;116.140000000014;NA;NA;-3949.42335338252;-3986.32042546505;5.36480830207415;5.40610010416617;297.200661856782;293.67736310402;9473.51013483039;9528.63672402617;73.7941441650746;0.0099009900990099;100;100
114;92.2600000000093;2;97.3800000000047;NA;NA;-3937.28294020292;-3973.6943603402;5.41259787361011;5.4873474078349;278.326865967913;274.367360600257;9349.22994794052;9401.0740721627;72.8228402745717;0.0099009900990099;100;100
115;88.4799999999959;1.63000000000011;92.929999999993;NA;NA;-3919.30985303868;-3958.11914663054;5.41318099329433;5.49680041577975;272.774932337815;268.703714735664;9283.86786724178;9339.91585150101;77.6185871837097;0.0099009900990099;100;100
116;102.989999999991;2.4399999999996;108.639999999985;NA;NA;-3936.08040357063;-3975.50307728241;5.3872818337713;5.44453160571426;286.233438590765;282.463928335981;9388.71640571348;9447.58969149072;78.8453474235494;0.0099009900990099;100;100
117;97.7799999999988;1.71000000000004;101.049999999988;NA;NA;-3924.21774577223;-3960.63514863978;5.37953471679816;5.43833787823329;283.036284826034;279.288241805948;9348.05155480148;9401.02803911268;72.8348057350913;0.0099009900990099;100;100
118;99.9499999999971;1.82999999999993;105.220000000001;NA;NA;-3916.4762060046;-3955.96451153384;5.40184812674186;5.46771555751657;276.771630832331;273.122028870717;9299.37635021596;9359.01621182023;78.976611058476;0.0099009900990099;100;100
119;101.01999999999;2.28999999999996;106.859999999986;NA;NA;-3887.63488110861;-3929.67524546537;5.38633835803391;5.45201132584085;279.538925655412;275.550671333825;9256.35570664348;9319.30539822271;84.0807287135103;0.0099009900990099;100;100
120;92.2599999999948;2.18000000000029;97.6900000000023;NA;NA;-3916.41808675355;-3952.24395922425;5.40292083707362;5.46125512199146;276.655036370934;273.159541013303;9298.6423572542;9351.77385843756;71.6517449413923;0.0099009900990099;100;100
121;100.76999999999;1.89000000000033;105.639999999985;NA;NA;-3924.84873628568;-3965.09118296838;5.39950272041364;5.46255103196043;280.81725376827;277.05936696709;9337.55640503811;9398.13082150331;80.4848933654112;0.0099009900990099;100;100
122;98.7099999999919;1.76000000000022;104.010000000009;NA;NA;-3913.54785603178;-3952.71486046605;5.38649438567193;5.44521346960634;281.831891750442;278.258865809627;9320.33051857202;9379.73350204721;78.3340088685345;0.0099009900990099;100;100
123;86;1.78999999999996;90.2600000000093;NA;NA;-3873.81623902108;-3914.88366007009;5.41659503816339;5.50985977791834;268.31336148398;264.126836874311;9169.24182086961;9229.19512692274;82.1348420980248;0.0099009900990099;100;100
124;91.3399999999965;1.97000000000025;96.5299999999988;NA;NA;-3897.23951067131;-3935.94204765862;5.4135846731605;5.48861852262821;274.245970707162;270.366870590671;9247.52121064619;9304.37358110704;77.4050739746244;0.0099009900990099;100;100
125;95.3600000000151;1.84000000000015;100.51999999999;NA;NA;-3934.23222864455;-3972.16066747807;5.38862479194537;5.44787197428171;284.585689859115;280.741565093279;9376.2897601407;9431.77924480174;75.856877667049;0.0099009900990099;100;100
126;99.5;2.09000000000015;104.660000000003;NA;NA;-3915.25860279637;-3954.06266348114;5.38962684157873;5.46093068048627;280.626852920468;276.828603556001;9317.36733394097;9374.85112474028;77.6081213695506;0.0099009900990099;100;100
127;91.7200000000012;1.47999999999956;96.0299999999988;NA;NA;-3927.69930494559;-3964.46459522795;5.39666038814756;5.45744425644525;281.527890971721;277.772556492545;9347.02272379429;9400.6563504708;73.5305805647249;0.0099009900990099;100;100
128;104.529999999999;2.17999999999938;109.440000000002;NA;NA;-3925.55356473546;-3965.14597870066;5.37605129823236;5.42884632143528;289.658634008135;286.045893606346;9385.81050040681;9445.85388312557;79.1848279303877;0.0099009900990099;100;100
129;89.5299999999988;1.97999999999956;94.4500000000116;NA;NA;-3895.02043132136;-3935.26475323286;5.40003855215493;5.47403196470724;274.408229021622;270.552968175578;9243.94274799168;9304.00499632151;80.4886438229942;0.0099009900990099;100;100
130;93.1100000000151;1.88999999999942;97.6999999999825;NA;NA;-3898.20881301176;-3934.74633224285;5.39240109810938;5.46292066204488;279.801931443355;275.972401558087;9278.89705858354;9331.68203234888;73.0750384621724;0.0099009900990099;100;100
131;89.2200000000012;2.13999999999942;94.6499999999942;NA;NA;-3895.09776468998;-3938.34874161358;5.41498045095456;5.50174404358354;274.940079680942;270.66530548372;9246.91532831359;9310.76817179359;86.5019538472116;0.0099009900990099;100;100
132;95.7699999999895;1.82999999999993;100.610000000015;NA;NA;-3821.89972433392;-3859.86282476572;5.40786523325203;5.46984353094693;269.785617176387;266.139397814424;9073.20926939836;9129.81664289424;75.9262008636069;0.0099009900990099;100;100
133;97.890000000014;1.64000000000033;102.910000000003;NA;NA;-3911.77514161547;-3948.04972070555;5.39615733053287;5.45091251691136;281.27781450009;277.65939329194;9313.84941262144;9367.22702687498;72.5491581801671;0.0099009900990099;100;100
134;90.0100000000093;1.75;94.7300000000105;NA;NA;-3878.60936453861;-3916.4575792803;5.40187537475794;5.46885281086409;274.106406381933;270.180072897193;9209.5214622927;9264.41493088701;75.696429483367;0.0099009900990099;100;100
135;93.6699999999837;2.4399999999996;99.4900000000198;NA;NA;-3864.99629024315;-3902.94689459197;5.4197887000063;5.49146169750695;267.357952100884;263.927423471014;9146.53986118713;9204.26504046869;75.9012086976436;0.0099009900990099;100;100
136;90.2700000000186;1.88999999999942;94.9200000000128;NA;NA;-3904.06405751672;-3942.53055696838;5.40116164554555;5.47168981786727;276.29096749343;272.571155260262;9272.00534632424;9329.22959947227;76.9329989033249;0.0099009900990099;100;100
137;95.0599999999977;1.8100000000004;98.9500000000116;NA;NA;-3933.57105961339;-3969.87413169268;5.38444880435952;5.43893333101625;285.512546755798;281.870279689847;9379.87820407038;9433.18646137983;72.6061441585907;0.0099009900990099;100;100
138;85.4700000000012;2.44999999999982;90.5299999999988;NA;NA;-3888.3152608172;-3927.74557904289;5.41593283280002;5.50342821246852;267.98128561285;263.978917470378;9196.48042110683;9254.13524092164;78.8606364513926;0.0099009900990099;100;100
139;91.9200000000128;1.64999999999964;96.0299999999988;NA;NA;-3906.74875482129;-3941.65828967085;5.39808339155248;5.46018983436628;280.057952709219;276.529550569532;9297.33342412172;9348.45789948797;69.8190696991223;0.0099009900990099;100;100
140;90.1999999999825;1.98999999999978;94.9700000000012;NA;NA;-3888.77837001962;-3928.17070247095;5.39448830988151;5.4665574829387;275.18633394589;271.271990011658;9235.58127222144;9293.62650067872;78.784664902666;0.0099009900990099;100;100
141;86.890000000014;1.5;91.3399999999965;NA;NA;-3821.40554596208;-3857.10482473048;5.40574231161415;5.47777465851121;266.24379039872;262.591547452429;9053.45519032928;9105.50300563689;71.3985575367888;0.0099009900990099;100;100
142;93.5299999999988;2.05000000000018;98.8999999999942;NA;NA;-3924.81773869558;-3965.78160055086;5.41529550364455;5.48211423747502;277.403911651802;273.591462422187;9319.40944004425;9381.13759779247;81.9277237105734;0.0099009900990099;100;100
143;92.1600000000035;1.58999999999924;96;NA;NA;-3901.1813976892;-3938.77886014964;5.39655595631212;5.46287700956826;280.099330302139;276.327802960076;9286.41794147669;9341.63011758272;75.194924920891;0.0099009900990099;100;100
144;100;2.02000000000044;105.070000000007;NA;NA;-3901.64825607086;-3944.42663354878;5.38366199685;5.44627377713328;283.093355494121;279.239137415624;9303.21495391059;9368.35083828665;85.5567549558264;0.0099009900990099;100;100
145;96.179999999993;2.0600000000004;101.160000000003;NA;NA;-3919.115108543;-3956.11443269633;5.40310922789739;5.45956485470368;277.006495556023;273.418758720586;9305.89854313709;9360.88822306194;73.9986483066559;0.0099009900990099;100;100
146;86.2799999999988;1.64999999999964;90.7699999999895;NA;NA;-3821.02174230732;-3858.38099151011;5.40981846138108;5.48463436067162;265.102559576829;261.245086963963;9046.64097993689;9100.92136420674;74.7184984055802;0.0099009900990099;100;100
147;84.25;1.97000000000025;88.8800000000047;NA;NA;-3832.3978710592;-3872.48957871886;5.41641902377667;5.5181189072994;260.839064225446;256.498028231786;9046.80388597822;9103.98711490352;80.1834153193158;0.0099009900990099;100;100
148;88.4599999999919;1.77000000000044;92.3399999999965;NA;NA;-3907.00937825287;-3944.68842235232;5.41123530181096;5.48608993862449;274.437586307361;270.520697066663;9268.07618607156;9322.68135198361;75.3580881988873;0.0099009900990099;100;100
149;86.2299999999814;1.85999999999967;90.4800000000105;NA;NA;-3921.55904228504;-3957.81033529692;5.41894106000414;5.48463541091176;274.143104953967;270.292003866343;9295.61525846709;9347.71348871795;72.5025860237538;0.0099009900990099;100;100
150;78.75;1.63000000000011;82.3800000000047;NA;NA;-3897.8331374867;-3938.15869035452;5.42072464174078;5.500080496207;271.071572673745;267.144676699939;9231.8894960482;9291.73466064919;80.6511057356347;0.0099009900990099;100;100
151;83.6600000000035;1.72000000000025;87.3099999999977;NA;NA;-3856.20953285496;-3894.05333130871;5.40105183986309;5.48157448541062;273.867931078574;269.881973458568;9163.4582810841;9218.02700951121;75.6875969075109;0.0099009900990099;100;100
152;81.2799999999988;1.77000000000044;84.8099999999977;NA;NA;-3856.46286597782;-3892.46170697058;5.38687694106631;5.45216745574789;273.45448827762;269.898982476655;9161.77439615745;9214.93388001086;71.9976819855256;0.0099009900990099;100;100
153;83.9800000000105;1.82999999999993;87.679999999993;NA;NA;-3944.76630067093;-3982.17346167688;5.39627715697976;5.4670397494955;280.529721292422;276.679634569062;9375.86809549837;9430.28343616119;74.8143220119164;0.0099009900990099;100;100
154;89.3099999999977;1.97000000000025;92.75;NA;NA;-3863.27790425455;-3901.13743989835;5.39392087265249;5.45992531701325;274.363504606301;270.56269003743;9180.22072971165;9235.80187916196;75.7190712875918;0.0099009900990099;100;100
155;76.4799999999814;1.61000000000058;79.4900000000198;NA;NA;-3815.3800613718;-3856.48579047536;5.43236367956293;5.53121836695755;254.618324332659;250.471396594947;8979.8088123967;9040.04853135327;82.2114582071172;0.0099009900990099;100;100
156;97.5799999999872;2.18000000000029;102.360000000015;NA;NA;-3897.67816569161;-3937.88243007054;5.3852869429415;5.44033643774971;283.280761732866;279.573946665239;9296.26771088142;9357.03635699189;80.4085287578537;0.0099009900990099;100;100
157;92.1900000000023;1.88999999999942;97.0400000000081;NA;NA;-3906.94375055536;-3943.41015095631;5.38973771952852;5.43291513401914;283.272599829492;279.880577472409;9314.75563625453;9369.71642609418;72.9328008019093;0.0099009900990099;100;100
158;84.9199999999837;1.89000000000033;88.9599999999919;NA;NA;-3895.16619655961;-3936.4929034273;5.40085575834412;5.4746625536887;278.929987491734;274.91540979853;9268.1919898977;9329.57489692183;82.6534137353965;0.0099009900990099;100;100
159;101.690000000002;1.78999999999996;105.339999999997;NA;NA;-3948.64071941543;-3982.06132434615;5.35793399797496;5.39799295177711;298.648529982389;295.215948766617;9479.61613173059;9528.27043692443;66.8412098614453;0.0099009900990099;100;100
160;78.390000000014;1.57999999999993;82.5400000000081;NA;NA;-3884.21158074029;-3924.84992886016;5.40935143000147;5.48860353770804;270.601272562955;266.560027822969;9202.15458331088;9262.01948236228;81.2766962397418;0.0099009900990099;100;100
161;98.1000000000058;1.96999999999935;102.910000000003;NA;NA;-3940.07573054738;-3973.67282001869;5.36761206209943;5.40780025275279;293.755154456842;290.396316029712;9436.55949746645;9485.95748443916;67.1941789426082;0.0099009900990099;100;100
162;91.539999999979;1.81999999999971;95.8399999999965;NA;NA;-3921.89018854938;-3960.79369592884;5.37542208368412;5.44649192709488;286.624499216849;282.626088144048;9362.40793897752;9419.03010291082;77.8070147589169;0.0099009900990099;100;100
163;85.8800000000047;1.67000000000007;90.2299999999814;NA;NA;-3848.17585743887;-3885.89804658715;5.39585746914491;5.4459872048044;272.673372453227;269.325397102054;9141.06177954189;9198.76752189257;75.4443782965673;0.0099009900990099;100;100
164;75.6100000000151;1.75;79.6199999999953;NA;NA;-3871.55900326333;-3906.70226603139;5.41178526830393;5.48229308654953;266.319000212137;262.640968943458;9154.16059039233;9204.95973898291;70.2865255361321;0.0099009900990099;100;100
165;80.7300000000105;1.6899999999996;84.5;NA;NA;-3886.36586824066;-3924.5308115921;5.4011584416786;5.48126006230114;273.542101769052;269.541034489437;9222.04460476633;9277.1755672169;76.3298867028843;0.0099009900990099;100;100
166;86.2799999999988;1.60000000000036;91.1600000000035;NA;NA;-3936.74537695882;-3972.61609471016;5.39088912821532;5.46262655502513;285.300533209267;281.464130338358;9385.10352370572;9436.51847925238;71.7414355026704;0.0099009900990099;100;100
167;78.1199999999953;1.75;81.820000000007;NA;NA;-3849.87752321784;-3891.10640897857;5.41004108601422;5.49721768221732;267.021015188537;262.801437364457;9114.51712844239;9174.61823749903;82.4577715214728;0.0099009900990099;100;100
168;89.3800000000047;1.60999999999967;93.2999999999884;NA;NA;-3932.61473999092;-3971.66677474763;5.41210486003619;5.47715321776535;277.617956445099;273.765564446322;9336.13751988048;9393.83039396403;78.1040695134279;0.0099009900990099;100;100
169;86.8399999999965;1.5;90.0199999999895;NA;NA;-3903.64538798453;-3942.70094229692;5.38405913070376;5.43596827679156;283.915449989214;280.254274743068;9311.56493527821;9370.27797551437;78.1111086247911;0.0099009900990099;100;100
170;86.9500000000116;1.92000000000007;91.8500000000058;NA;NA;-3916.03009428197;-3954.7002732087;5.39017719445018;5.447040446936;283.499728316819;279.916084850605;9334.13172251659;9392.4847999575;77.3403578534726;0.0099009900990099;100;100
171;87.4100000000035;2.13000000000011;91.9700000000012;NA;NA;-3842.62678271883;-3878.56971210447;5.39512232534367;5.44536616308792;274.005923524336;270.758105357628;9137.02390858368;9191.70179595891;71.885858771283;0.0099009900990099;100;100
172;79.679999999993;1.59999999999945;83.3800000000047;NA;NA;-3863.403356931;-3899.13209299056;5.41915405716135;5.49017387622303;267.475904533991;263.754680439578;9143.97894398758;9195.72018986246;71.4574721191248;0.0099009900990099;100;100
173;79.0100000000093;1.42000000000007;82.609999999986;NA;NA;-3881.47182408932;-3924.5841608519;5.45204161264656;5.55449840494624;262.521932596912;258.108350265557;9153.86816275662;9216.70827636687;86.2246735251601;0.0099009900990099;100;100
174;82.070000000007;1.71000000000004;85.8899999999849;NA;NA;-3907.10030049947;-3945.55485762113;5.41023514681216;5.49447716060768;275.122494142541;271.001697077106;9271.88688964237;9326.96271322988;76.9091142433181;0.0099009900990099;100;100
175;79.75;2.01999999999953;84.0899999999965;NA;NA;-3867.85844284217;-3911.44570816359;5.45080366288879;5.55884709590923;262.398649294879;257.967448417081;9125.98820620214;9189.68482827947;87.1745306428302;0.0099009900990099;100;100
176;89.6199999999953;1.75;94.679999999993;NA;NA;-3884.59628171446;-3918.64006643968;5.40935564808102;5.45391432716417;277.144531433842;273.8874909905;9237.59224736867;9288.42298287459;68.0875694504321;0.0099009900990099;100;100
177;82.109999999986;1.84999999999945;86.1300000000047;NA;NA;-3893.9914326999;-3930.55930935378;5.41390052344297;5.47836466181902;271.050736326104;267.434357421767;9224.09568889204;9278.07071904692;73.1357533077498;0.0099009900990099;100;100
178;85.1700000000128;1.85000000000036;89.2799999999988;NA;NA;-3915.78995857407;-3956.11897086822;5.39237631250971;5.46210584406113;283.153843898732;279.217570351479;9331.81884568163;9391.62124377503;80.6580245882942;0.0099009900990099;100;100
179;93.929999999993;1.57999999999993;97.9700000000012;NA;NA;-3901.42808397555;-3938.24610453909;5.39476241335962;5.44494359978075;284.395454794969;280.907330689013;9309.67354505862;9364.82839765843;73.6360411270734;0.0099009900990099;100;100
180;84.5899999999965;1.75;88.640000000014;NA;NA;-3893.49879650565;-3933.94709589306;5.39618880930738;5.47753535529281;279.953997477431;275.726506031593;9270.28271968052;9328.78072711091;80.8965987748088;0.0099009900990099;100;100
181;98.4700000000012;1.94999999999982;103.020000000019;NA;NA;-3943.40493930067;-3979.2113647115;5.37239667695119;5.42269904381894;293.294908411806;289.768793804659;9440.77938535973;9493.7097619219;71.6128508216525;0.0099009900990099;100;100
182;85.9499999999825;1.85999999999967;90.0499999999884;NA;NA;-3890.11647168532;-3927.81750733845;5.388075881219;5.44052430073484;279.763768739449;276.268650144563;9262.51017781379;9319.39400157062;75.4020713062564;0.0099009900990099;100;100
183;81.3099999999977;1.56999999999971;84.7799999999988;NA;NA;-3877.39105207204;-3916.71265338253;5.41126548429972;5.51501707166189;266.874499518947;262.413634756047;9168.76789963414;9223.77602501202;78.6432026209823;0.0099009900990099;100;100
184;84.8999999999942;1.84000000000015;89.2299999999814;NA;NA;-3859.02986973762;-3893.73982088206;5.40974535488726;5.48836311368212;268.696081425991;264.742206239484;9141.69685401798;9190.16787074103;69.4199022888824;0.0099009900990099;100;100
185;85.0899999999965;1.44000000000051;88.2399999999907;NA;NA;-3897.98835970354;-3939.75354315877;5.41570990603066;5.51041947715;273.255407285693;268.874124112746;9243.77058933202;9304.0875275195;83.5303669104633;0.0099009900990099;100;100
186;81.7600000000093;1.69000000000051;85.4100000000035;NA;NA;-3899.40856298847;-3937.17779179869;5.41767587419059;5.48246753013037;272.782132559403;269.327591504138;9244.10343620043;9301.33863895431;75.5384576204488;0.0099009900990099;100;100
187;90.5199999999895;2.01000000000022;94.5199999999895;NA;NA;-3914.12326108956;-3952.37612358969;5.39952225723632;5.46823756410244;279.579353221423;275.736900289237;9309.54666468045;9365.69385457997;76.5057250002719;0.0099009900990099;100;100
188;88.9200000000128;1.5600000000004;92.890000000014;NA;NA;-3950.64076615331;-3984.53934658153;5.38619223530276;5.43620785292492;286.078066742054;282.569529728103;9417.01392151454;9466.22173977878;67.7971608564385;0.0099009900990099;100;100
189;78.75;1.78999999999996;82.1999999999825;NA;NA;-3862.0834047228;-3902.7931391774;5.45792267661154;5.5453445381656;262.556870134603;258.496558910885;9115.27643418627;9175.18308562525;81.4194689091946;0.0099009900990099;100;100
190;77.9500000000116;1.71000000000004;81.820000000007;NA;NA;-3879.5660269664;-3915.53164030396;5.39798050195182;5.47927688634584;271.443479225691;267.5477094884;9197.32575395049;9248.61595617045;71.9312266751213;0.0099009900990099;100;100
191;89.0400000000081;1.59999999999945;92.8300000000163;NA;NA;-3894.16559375106;-3932.61489848758;5.40617952437491;5.46793878590303;275.353043053586;271.616573834437;9247.23899744477;9304.34060716443;76.8986094730435;0.0099009900990099;100;100
192;80.7299999999814;1.51999999999953;84.1499999999942;NA;NA;-3911.91628918488;-3951.6201864288;5.40374451936196;5.46788545698294;276.609772559516;272.891396192427;9289.39894007875;9349.10559648547;79.4077944878318;0.0099009900990099;100;100
193;79.1700000000128;1.21999999999935;82.1900000000023;NA;NA;-3838.66144456214;-3879.16340870263;5.40875287069522;5.48993101041131;265.246350305087;261.306238220685;9082.68223335922;9142.81019735725;81.0039282809639;0.0099009900990099;100;100
194;93.7200000000012;1.84000000000015;97.6699999999837;NA;NA;-3932.18324465942;-3967.71581364443;5.38684446969241;5.44394893253921;286.598249802059;282.919020835564;9382.85497346737;9434.42638870869;71.0651379700075;0.0099009900990099;100;100
195;89;1.95000000000073;93.359999999986;NA;NA;-3901.78839034221;-3942.10453652411;5.3969541561887;5.47017727510107;278.79504096496;274.821417952753;9280.72138793655;9340.30016448666;80.6322923637999;0.0099009900990099;100;100
196;80.4100000000035;2.03000000000065;84.1900000000023;NA;NA;-3875.62058519573;-3919.693273307;5.42289510316645;5.51469909712507;268.100424997335;263.746223216925;9171.72230813376;9236.79774144569;88.1453762225337;0.0099009900990099;100;100
197;89.7799999999988;2;94.9200000000128;NA;NA;-3908.52446614939;-3945.88582463045;5.39811358840283;5.45736026243363;280.218435944507;276.677744375313;9301.7351378905;9357.69814722196;74.7227169621165;0.0099009900990099;100;100
198;81.2200000000012;1.6899999999996;84.9799999999814;NA;NA;-3939.34413777424;-3975.20776103816;5.3923618245261;5.47035685794744;282.022657764931;278.029924713459;9372.93382094444;9423.50630060568;71.7272465278447;0.0099009900990099;100;100
199;89.0299999999988;1.60000000000036;92.5499999999884;NA;NA;-3927.59879147305;-3960.55635911819;5.39247067898;5.45360467281312;281.359520972508;277.700907311885;9345.92961915837;9392.46025815309;65.9151352902863;0.0099009900990099;100;100
200;75.8300000000163;1.51000000000022;78.6600000000035;NA;NA;-3853.29977373587;-3892.7509042971;5.40401499265789;5.47734357319514;267.320916839823;263.360055229144;9122.95060360572;9180.86696286983;78.9022611224627;0.0099009900990099;100;100
201;88.0199999999895;1.5600000000004;91.5199999999895;NA;NA;-3884.74673285427;-3921.52705701248;5.38471740979241;5.44090058588571;281.586769814903;278.087189450472;9261.42953840901;9316.44829930493;73.5606483164156;0.0099009900990099;100;100
202;84.5;1.82999999999993;87.9799999999814;NA;NA;-3905.22685174203;-3944.95109843463;5.41903593095843;5.49807307788415;270.784994071714;266.676372797815;9245.15854017482;9302.83825411197;79.44849338521;0.0099009900990099;100;100
203;91.3099999999977;1.77000000000044;95.0299999999988;NA;NA;-3944.36464089563;-3985.01423386529;5.39071519370986;5.45848525892138;283.252276620637;279.435008512974;9389.48973812465;9450.56382615636;81.2991859393096;0.0099009900990099;100;100
204;89.75;1.71000000000004;93.2400000000198;NA;NA;-3932.1957811936;-3972.72500756075;5.37125099635058;5.42948823168021;289.52181540129;285.825739742816;9398.37002492238;9459.84549580729;81.0584527342862;0.0099009900990099;100;100
205;92.8099999999977;2.09000000000015;96.9700000000012;NA;NA;-3911.98225687696;-3950.21701044137;5.38046874200532;5.43019907922415;287.252249494196;283.596172031734;9345.91809582901;9403.01654424502;76.4695071288197;0.0099009900990099;100;100
206;75.5100000000093;1.55000000000018;78.6699999999837;NA;NA;-3886.19029272531;-3927.75111546491;5.42095093823303;5.51593576325397;267.263257399457;263.010257475013;9188.42614357037;9249.01404568996;83.1216454791956;0.0099009900990099;100;100
207;82.8199999999779;1.71000000000004;86.5800000000163;NA;NA;-3900.38631983297;-3937.0874836048;5.41741641233709;5.50166700294998;271.730830136639;267.608368942003;9240.48881600542;9292.04903580862;73.4023275436584;0.0099009900990099;100;100
208;91.2399999999907;1.94999999999982;94.6399999999849;NA;NA;-3911.63201152484;-3950.3002084716;5.39584615734013;5.45023087730915;280.598672185058;276.851370249586;9309.96484091809;9367.4468398892;77.3363938935181;0.0099009900990099;100;100
209;79.1699999999837;1.6899999999996;82.4700000000012;NA;NA;-3870.80237293064;-3909.84184203974;5.42249152830067;5.48955063568171;267.171162689122;263.323568509046;9157.16235697788;9214.85552013236;78.0789382182084;0.0099009900990099;100;100
210;84.3000000000175;1.97000000000025;88.0499999999884;NA;NA;-3925.87845638176;-3961.77092685692;5.40754175536772;5.45669737101309;277.439408130437;274.022064793057;9321.71894702582;9375.39771842424;71.7849409503233;0.0099009900990099;100;100
211;86.4700000000012;1.72000000000025;90.0799999999872;NA;NA;-3894.65049824204;-3936.60335838294;5.42286313087553;5.52270682182899;271.406706781974;266.880869738561;9227.29986442463;9287.22626370114;83.9057202817949;0.0099009900990099;100;100
212;88.8600000000151;1.82999999999993;92.3600000000151;NA;NA;-3922.1311155013;-3956.44791610553;5.38117299448241;5.4402234561304;281.571504584034;277.857243575613;9336.11742366525;9385.07169126889;68.6336012084475;0.0099009900990099;100;100
213;82.4799999999814;1.63000000000011;85.890000000014;NA;NA;-3872.01428394124;-3911.14969744313;5.42691119607239;5.51897554376173;267.235341171392;263.097447967536;9159.92621696626;9216.27317254713;78.2708270037801;0.0099009900990099;100;100
214;78.2099999999919;1.8100000000004;81.6000000000058;NA;NA;-3901.0226637373;-3936.08923321488;5.42161521960339;5.49781188121129;272.403625111043;268.601198694393;9245.32618511108;9295.31286214788;70.1331389551542;0.0099009900990099;100;100
215;81;1.86999999999989;85.3899999999849;NA;NA;-3859.76299274007;-3900.60003898785;5.38590606005187;5.45802854094912;274.886416805546;270.998134160308;9175.96146146913;9237.03419849938;81.6740924955511;0.0099009900990099;100;100
216;78.75;1.81999999999971;82.890000000014;NA;NA;-3897.45823814914;-3937.66730382183;5.4049452115801;5.48277552415642;275.625637737222;271.445737608042;9255.26857938729;9313.54027328779;80.4181313453746;0.0099009900990099;100;100
217;79.6100000000151;1.85999999999967;83.8399999999965;NA;NA;-3794.17772287855;-3835.00714008305;5.42778736624242;5.51646161213503;258.644563693991;254.575728915048;8958.73642934022;9018.83728577832;81.6588344089905;0.0099009900990099;100;100
218;73.1199999999953;1.52000000000044;76.4400000000023;NA;NA;-3820.44682731652;-3859.62834445142;5.43124659893703;5.52281366120377;259.638665626279;255.636147167625;9016.54170574812;9073.6981269585;78.3630342697943;0.0099009900990099;100;100
219;78.609999999986;1.80000000000018;82.3600000000151;NA;NA;-3858.10766913376;-3895.61858632501;5.40119711081615;5.47562914605702;271.49912734356;267.605782991911;9154.70387967455;9209.09754006475;75.0218343824945;0.0099009900990099;100;100
220;87.6300000000047;1.97000000000025;93.5599999999977;NA;NA;-3910.0991793692;-3945.5249809892;5.37960617621518;5.4219339836743;288.070645760888;284.723476108988;9346.48806396602;9399.60530011058;70.8516032400057;0.0099009900990099;100;100
221;86.7300000000105;1.91000000000076;91.5799999999872;NA;NA;-3907.95899884883;-3944.54280319598;5.39745441241233;5.47210759929523;277.55550631187;273.555897671421;9286.49515697088;9338.47156974609;73.1676086942971;0.0099009900990099;100;100
222;85.390000000014;1.85999999999967;90.0800000000163;NA;NA;-3908.76965173898;-3952.93670641324;5.38688675250223;5.46529559089656;279.052976287326;274.887755586236;9296.05053392801;9362.31598210045;88.3341093485351;0.0099009900990099;100;100
223;81.2299999999814;1.63999999999942;85.4400000000023;NA;NA;-3908.16105900579;-3946.33101215104;5.39927466281908;5.4609264258442;279.70378370733;275.944390517141;9298.28153271732;9354.70298078056;76.3399062905028;0.0099009900990099;100;100
224;86.2900000000081;1.60000000000036;90.8099999999977;NA;NA;-3904.75471232773;-3946.94860090819;5.40972623044051;5.49926803184013;277.961409004705;273.696730217097;9282.23718521524;9344.02934069305;84.3877771609386;0.0099009900990099;100;100
225;83.6499999999942;1.77999999999975;87.6399999999849;NA;NA;-3839.97526877059;-3876.84141899008;5.40063234566805;5.48740084983277;269.53025671864;265.48409349359;9108.00737752371;9160.30182107951;73.7323004389764;0.0099009900990099;100;100
226;84.3600000000151;1.8100000000004;88.8899999999849;NA;NA;-3885.67125631306;-3924.75364326461;5.39914735856213;5.49172592678074;273.377856950233;268.983469790119;9219.78515973523;9274.66707583255;78.164773903085;0.0099009900990099;100;100
227;83.5500000000175;1.94000000000051;87.6900000000023;NA;NA;-3876.00135388424;-3914.55964667398;5.39492482547389;5.47171096647087;275.108307243825;271.146502661945;9209.61382972008;9265.7395172805;77.1165855794661;0.0099009900990099;100;100
228;77.75;1.67000000000007;81.75;NA;NA;-3845.37388673289;-3889.33162925119;5.39665183187242;5.50729362842695;264.297094255022;259.922466969017;9091.07765788535;9155.81497920034;87.9154850366067;0.0099009900990099;100;100
229;86.1699999999837;1.80999999999949;90.2900000000081;NA;NA;-3905.42704503212;-3943.49529545639;5.39028149513295;5.45478739958039;277.144353920524;273.430286291042;9279.25283348209;9335.7110253088;76.1365008485318;0.0099009900990099;100;100
230;80.2799999999988;2.02000000000044;84.4400000000023;NA;NA;-3867.24993457591;-3907.71792325233;5.41848155889324;5.49524582013119;267.688307476556;264.031931583764;9152.7974774767;9214.36081493813;80.9359773528404;0.0099009900990099;100;100
231;78.8099999999977;1.98000000000047;82.8600000000151;NA;NA;-3869.24721640384;-3907.41403440301;5.40287894628788;5.4742566975027;273.910354997888;270.138291641982;9189.75842357033;9246.10647078235;76.333635998345;0.0099009900990099;100;100
232;77.2000000000116;1.44999999999982;80.6399999999849;NA;NA;-3866.4961851191;-3906.70932670736;5.40897900263454;5.49990851011834;271.744903444176;267.506041626284;9172.78311142739;9230.75055941979;80.4262831765336;0.0099009900990099;100;100
233;90.0799999999872;1.75;93.1999999999825;NA;NA;-3887.68922110757;-3927.2993110531;5.39705573118809;5.44995356555092;280.167963301669;276.692944004293;9259.79722772676;9320.60565252546;79.2201798910737;0.0099009900990099;100;100
234;79.2900000000081;1.57999999999993;82.3099999999977;NA;NA;-3892.06986410645;-3930.98031860908;5.41336376550687;5.49242352968747;272.071059283438;268.377174016057;9225.65854654947;9283.90807909252;77.8209090052533;0.0099009900990099;100;100
235;89.859999999986;1.92000000000007;94.5200000000186;NA;NA;-3947.8927414167;-3983.32668376582;5.38873257643034;5.44604991945547;286.062923128832;282.268233514234;9411.43763637238;9462.20005118494;70.8678846982493;0.0099009900990099;100;100
236;83.5400000000081;1.70000000000073;87.8399999999965;NA;NA;-3874.44739163517;-3915.65973848931;5.40830450352879;5.49134458818027;272.233679944276;268.212144594767;9191.27521747838;9252.39254060417;82.4246937082798;0.0099009900990099;100;100
237;87.570000000007;2;91.8299999999872;NA;NA;-3915.52910375442;-3957.94669520646;5.3935965261952;5.48678501847264;278.545042289155;274.231313331693;9306.87824243532;9368.8579202895;84.835182904083;0.0099009900990099;100;100
238;72.7999999999884;1.63000000000011;76.1999999999825;NA;NA;-3815.86046232428;-3853.58551254426;5.42143615680302;5.50863951150667;258.796610079174;254.716386182529;9002.9074982348;9056.73927754377;75.4501004399572;0.0099009900990099;100;100
239;84.1199999999953;1.98000000000047;87.9799999999814;NA;NA;-3899.74709160241;-3938.85604311298;5.39357067249975;5.47188775546691;277.289794286778;273.186695569609;9268.66351584098;9325.14189967229;78.2179030211482;0.0099009900990099;100;100
240;84.0800000000163;1.69999999999982;87.7200000000012;NA;NA;-3900.99534834154;-3938.16530932683;5.40028365984708;5.4548318668573;278.469969377574;274.886946444167;9277.41297149839;9332.76890083615;74.3399219705689;0.0099009900990099;100;100
241;86.8999999999942;1.86000000000058;91.3099999999977;NA;NA;-3879.69478882777;-3920.79790245841;5.4064048506802;5.48228351830688;272.772614334802;268.733935852734;9204.62545730432;9265.43348422617;82.2062272612884;0.0099009900990099;100;100
242;85.1399999999849;1.72999999999956;88.8300000000163;NA;NA;-3859.56378355783;-3901.62614397253;5.41007167676349;5.50398098656358;264.923978490925;260.655017474936;9122.77888316914;9184.2852937104;84.1247208293917;0.0099009900990099;100;100
243;81.890000000014;1.85000000000036;86.5299999999988;NA;NA;-3889.72428857207;-3930.09563522486;5.41215760105758;5.49535414123099;270.065347958204;266.054699979316;9210.34050033393;9269.83350780186;80.7426933055858;0.0099009900990099;100;100
244;78;1.43000000000029;81.7000000000116;NA;NA;-3850.82017265252;-3888.48607218681;5.39221341556786;5.46836775953329;273.629794604607;269.642818990912;9151.4178380636;9205.62537499814;75.3317990685855;0.0099009900990099;100;100
245;78.5099999999802;1.6899999999996;82.4400000000023;NA;NA;-3849.15963208627;-3890.49450783431;5.40031966656137;5.47752948253933;273.558504888458;269.536611099288;9147.71904138998;9209.07952317648;82.6697514960633;0.0099009900990099;100;100
246;87.6900000000023;1.75;92.2200000000012;NA;NA;-3922.31672303103;-3958.62306501207;5.38827215562529;5.44709935838711;281.694986869738;278.006588762773;9337.14288706351;9390.21326728071;72.6126839620774;0.0099009900990099;100;100
247;87.8999999999942;1.65999999999985;93.1100000000151;NA;NA;-3878.61537938002;-3918.19522876658;5.39621939184624;5.46154011630206;276.945942681459;273.288131016573;9224.57825646423;9284.35770816972;79.1596987731145;0.0099009900990099;100;100
248;81.1900000000023;1.53999999999996;85.2900000000081;NA;NA;-3839.88171093691;-3878.55105112482;5.41621316817209;5.51674887084349;262.753690326912;258.503384967989;9071.91586245749;9126.73507613699;77.3386803758176;0.0099009900990099;100;100
249;77.5;1.88999999999942;82.5200000000186;NA;NA;-3860.09269711136;-3899.81212961829;5.40463183481101;5.47973333245873;271.578139262938;267.68852668122;9159.09256585434;9217.92302897734;79.4388650138644;0.0099009900990099;100;100
250;85.789999999979;1.73000000000047;91.2000000000116;NA;NA;-3886.77232105166;-3929.60916664829;5.40062200212861;5.480549178889;276.549151536991;272.540503810783;9238.78981439589;9303.22441772501;85.673691193263;0.0099009900990099;100;100
