1;27.5899999999965;1.00999999999999;28.7200000000012;NA;NA;-1189.08638219632;-1247.24824284265;4.80384993415612;4.77007990722492;27.2737780131305;27.1922757707098;2503.21646874966;2619.16652188748;116.323721292657;0.811881188118812;24;24
2;26.1699999999983;0.880000000000109;27.0200000000041;NA;NA;-1020.95988830629;-1083.66507649601;4.52134943320476;4.49533641915819;21.1832243485803;20.9810722480221;2135.38734239882;2259.90575519205;125.41037637945;0.534653465346535;17;17
3;29.1100000000006;0.839999999999918;29.9700000000012;NA;NA;-1183.58469308771;-1250.44963934513;4.80240436007281;4.92488635868752;29.2247253966718;28.3270239654246;2502.32732755174;2631.90554795433;133.729892514853;0.425742574257426;26;26
4;27.9499999999971;1.27999999999997;29.3300000000017;NA;NA;-1050.02901189473;-1121.10591652328;4.60572937680579;4.84163527007762;21.2923986221956;20.3863177221726;2195.19143375491;2333.29691725721;142.153809257095;0.356435643564356;19;19
5;26.0299999999988;0.949999999999818;27.0599999999977;NA;NA;-1046.54645655335;-1113.75091273994;4.51353261784844;4.65227264212858;18.9946653242942;18.2819776233116;2177.44666714607;2308.69059177088;134.408912373168;0.435643564356436;18;18
6;28.1100000000006;1.11000000000013;29.3300000000017;NA;NA;-1110.82012804873;-1169.13975868612;4.63629453003144;4.75476343700063;25.3568175390793;24.6037130885753;2336.79199250157;2450.01121555446;116.63926127478;0.732673267326733;22;22
7;28.1399999999994;1;29.179999999993;NA;NA;-1173.88677282897;-1243.2695153684;4.80532993833947;4.79766744958567;29.623748918421;29.2444341785289;2484.19595097426;2621.21462712185;138.765485078848;0.277227722772277;25;25
8;29.9199999999983;1.47000000000003;31.4500000000116;NA;NA;-1199.65702343741;-1254.79961620421;5.4362983711814;5.18260311403906;27.6821924751998;28.628850994035;2527.33811200966;2642.00138544162;110.285185533597;0.900990099009901;26;26
9;25.3099999999977;1.12999999999988;26.4499999999971;NA;NA;-1048.82972769867;-1120.21024983643;4.40424857763771;4.43367844787173;19.5589122036767;19.2276794860457;2182.73597798476;2324.05624030423;142.761044275525;0.138613861386139;15;15
10;28.6300000000047;1.09000000000015;29.9199999999983;NA;NA;-1098.62833408708;-1151.325778199;4.67293756635537;4.68719246400629;24.8595960818954;24.0709326035509;2311.73933888622;2413.5022975728;105.394888223828;0.96039603960396;25;25
11;27.8100000000122;0.9699999999998;28.8899999999994;NA;NA;-1164.8337266141;-1233.97688875886;4.77874870874718;5.00227447552058;28.5191011343587;27.5802125670101;2460.42066420821;2594.40241051139;138.286324289531;0.188118811881188;24;24
12;25.9799999999959;1.0300000000002;27.1100000000006;NA;NA;-1036.69641831083;-1105.96755002747;4.5800011179684;4.66419532900636;20.6695250591588;19.8372467980562;2166.77761633027;2301.559651996;138.542263433277;0.297029702970297;21;21
13;27.2100000000064;0.939999999999827;28.1699999999983;NA;NA;-1088.60568436862;-1162.9871862448;4.69727432171244;4.92400145486679;21.3523983004833;20.8046640692026;2272.0356219493;2418.36618281122;148.763003752363;0.148514851485149;18;18
14;28.3800000000047;0.950000000000045;29.4100000000035;NA;NA;-1106.50487403932;-1172.61736534817;4.67849889893925;4.74427388387182;24.5431671288009;24.0212418873128;2323.2968848731;2453.17654505535;132.224982617711;0.455445544554455;20;20
15;26.4700000000012;0.940000000000055;27.5;NA;NA;-1036.69388784385;-1103.21299719137;4.50659947209209;4.60897047207914;20.250673098836;19.4295563346761;2163.86680626436;2293.23631486523;133.038218695046;0.425742574257426;19;19
16;28.7799999999988;1.26999999999998;30.1100000000006;NA;NA;-1106.97276915565;-1175.13062292301;4.56708700390411;4.58816983949972;25.1657719850804;24.5896047601145;2327.64433237152;2461.3569201333;136.315707534717;0.346534653465347;21;21
17;28.5599999999977;0.900000000000091;29.5899999999965;NA;NA;-1065.65967801457;-1119.13889955253;4.96878964167978;5.7036112748424;22.6275779925383;19.9385201512593;2235.06135214908;2329.69111257818;106.958443075926;0.95049504950495;24;24
18;37.1199999999953;1.48000000000002;38.6600000000035;NA;NA;-1079.79191810307;-1148.39384887232;4.81904335331225;5.7461838980616;20.3502231604509;17.1506094888562;2249.95751164685;2372.95215075017;137.203861538503;0.584158415841584;18;18
19;25.3999999999942;0.929999999999836;26.3800000000047;NA;NA;-1096.78619700621;-1161.72496676264;4.55535744942234;4.75932065937612;23.0615743565768;22.0439825121063;2297.76443688029;2423.0445030619;129.877539512856;0.455445544554455;21;21
20;28.4700000000012;0.970000000000027;29.5199999999895;NA;NA;-1141.43581195915;-1200.35657669885;4.7477510921963;5.00046320801306;25.9679640961436;24.6515399723222;2401.92848592065;2513.7345278021;117.841529479409;0.881188118811881;24;24
21;27.2400000000052;0.940000000000055;28.3099999999977;NA;NA;-1051.23872889582;-1123.50261554698;4.73847148643285;4.79184522470142;21.6254694604653;21.3212497240487;2199.0990121962;2342.26754639082;144.527773302323;0.217821782178218;19;19
22;26.5899999999965;1.17000000000007;27.929999999993;NA;NA;-1116.71166164118;-1182.34345988272;4.92372224888383;5.2288418520853;21.2360756541764;19.8638897304499;2328.84971908364;2453.94726308117;131.263596483069;0.623762376237624;20;20
23;28.5299999999988;1.06999999999994;29.6999999999971;NA;NA;-1157.95821666468;-1227.21456380405;4.88732812387274;4.98788436432927;27.7795571319828;27.1073149005661;2443.279013149;2578.70963868021;138.512694278747;0.277227722772277;24;24
24;28.3999999999942;1.16000000000008;29.6399999999994;NA;NA;-1108.67380653488;-1183.57475136593;4.76657880749431;5.1505771908117;24.0699309391602;22.4810458224725;2328.19374140958;2470.67854470335;149.801889662102;0.168316831683168;25;25
25;26.0099999999948;1.03999999999996;27.1300000000047;NA;NA;-1107.06094066869;-1167.26264782443;4.66496292974118;4.91714004439375;21.965207860673;20.7955153679141;2313.36054751146;2428.47929875253;120.403414311479;0.663366336633663;21;21
26;29.8999999999942;1.21000000000004;31.1199999999953;NA;NA;-1174.00503399298;-1250.39968274447;4.79478660949352;5.09734257918595;26.3600907771833;25.081854180431;2467.71792249431;2614.70242357816;152.789297502968;0.118811881188119;22;22
27;29.1900000000023;0.970000000000027;30.2199999999866;NA;NA;-1048.68581366642;-1111.57842632711;4.51849104085079;4.97839887350249;20.5128336233386;18.8666909345516;2188.46744252998;2306.94228290312;125.785225321381;0.683168316831683;18;18
28;26.3100000000122;0.889999999999873;27.3100000000122;NA;NA;-1045.39646800879;-1105.03135952084;4.56024149439351;4.69541726139901;21.7166675642451;21.0400052206806;2187.82195915071;2304.06844746383;119.269783024092;0.742574257425743;19;19
29;28.7000000000116;0.789999999999964;29.570000000007;NA;NA;-1104.45617010752;-1176.31932304645;4.92664699387381;5.58259734861495;25.4620791390605;23.1717929653798;2326.66886839061;2459.80310333552;143.726305877855;0.386138613861386;26;26
30;28.75;1.09000000000015;29.9400000000023;NA;NA;-1133.64290257874;-1199.86246412455;4.94141700542897;4.90769076445608;26.7371222579765;26.4689292672075;2390.41480343903;2521.61885216547;132.439123091622;0.366336633663366;25;25
31;26.5099999999948;1.15999999999985;27.7899999999936;NA;NA;-1083.67463241774;-1144.33677615862;4.49591203001228;4.50715657663794;23.088055134945;22.5992429676672;2270.50558148306;2389.6458797802;121.324287481771;0.613861386138614;19;19
32;26.8399999999965;1.25999999999999;28.2199999999866;NA;NA;-1131.20854821707;-1191.81652981995;4.68708832334539;4.72204732333578;26.1690253485551;25.4344566829632;2383.93690948385;2501.74179238662;121.215963205761;0.633663366336634;27;27
33;28.9499999999971;1.18000000000006;30.2100000000064;NA;NA;-1183.86985994757;-1244.75011452949;4.70060028358448;4.74312306803334;30.4894026420521;29.9079577691451;2509.32185601638;2628.38233828532;121.76050916384;0.633663366336634;27;27
34;28.3999999999942;1.11000000000013;29.5299999999988;NA;NA;-1101.41712103078;-1165.56913218163;4.61394779591034;5.07490312728986;24.8071854331359;22.9500883691169;2315.48995974072;2435.36043350018;128.304022301714;0.574257425742574;22;22
35;26.5399999999936;1.03999999999996;27.5899999999965;NA;NA;-1110.32729667533;-1173.44770917991;4.50748418187535;4.55508111529664;23.2811083695813;22.7693167620258;2324.67346253831;2448.62762733215;126.240825009177;0.613861386138614;19;19
36;25.1100000000006;0.779999999999973;25.9500000000116;NA;NA;-1112.96281443365;-1175.09504071454;4.57277020894445;4.62739336042817;21.6394793774231;21.204994105197;2322.60977890503;2444.93297222871;124.264452561782;0.445544554455446;19;19
37;28.8000000000029;1.19000000000005;30.1000000000058;NA;NA;-1177.76458668636;-1243.37793442951;4.60477063355079;4.64555065854004;27.5582380183969;27.034403846063;2481.29062436066;2610.12681340218;131.226695486298;0.376237623762376;23;23
38;24.9199999999983;1.16999999999985;26.1699999999983;NA;NA;-1061.33118759618;-1121.08190144227;4.5001787114346;4.58543372704322;19.8463160344122;19.2288611878248;2210.79824032988;2327.55760158549;119.501427692177;0.732673267326733;18;18
39;30.6899999999878;1.23000000000002;32;NA;NA;-1117.62858758408;-1186.57851983939;6.31373540498593;6.67972770789392;19.1308082336268;17.9952651554145;2321.69004227234;2454.45953054524;137.899864510614;0.702970297029703;21;21
40;29.4599999999919;1.12000000000012;30.7899999999936;NA;NA;-1147.01355418285;-1202.98842980199;4.85753203549961;5.33302094484633;22.9056379481798;21.197249728796;2396.95584663726;2501.22878728868;111.949751238267;0.821782178217822;20;20
41;27.6699999999983;1.07999999999993;28.8500000000058;NA;NA;-1172.34431618944;-1233.19380370312;4.70908285475984;4.83517398616689;30.055898261057;29.1600539201541;2484.80425668161;2602.32695362827;121.698975027367;0.594059405940594;28;28
42;38.75;1.27999999999997;40.2700000000041;NA;NA;-1142.73516721556;-1210.62664867826;4.8334041924705;6.15966372472856;24.5723811888325;19.936751271703;2397.05974651396;2511.79113885242;135.782962925405;0.772277227722772;22;22
43;26.3600000000006;0.990000000000009;27.5500000000029;NA;NA;-1085.20169331272;-1152.1740200535;4.84663709017987;4.81101424227738;20.416221162815;20.0751310404096;2262.64374097875;2395.04735150696;133.944653481562;0.277227722772277;21;21
44;30.9600000000064;1.17000000000007;32.25;NA;NA;-1126.73970073027;-1176.67573211541;5.98526742050582;5.54185159972727;21.8472119525615;23.2932646379564;2352.18496288964;2458.59028228222;99.8720627702683;0.98019801980198;21;21
45;25.429999999993;0.980000000000018;26.4600000000064;NA;NA;-944.762291600467;-1005.0956387673;4.54034719609345;4.60515405085286;19.6963353752381;19.1183745673998;1976.9943965066;2095.09441419729;120.666694333658;0.623762376237624;18;18
46;29.0299999999988;0.829999999999927;29.9800000000105;NA;NA;-1069.20374957399;-1143.12159820538;4.61911666002306;4.74229116097938;22.3646267402943;21.538863029042;2239.45073722093;2383.55563941;147.83569726278;0.128712871287129;21;21
47;26.4799999999959;0.920000000000073;27.5500000000029;NA;NA;-1111.7480749289;-1171.67888920198;4.68430850705006;4.9026387936266;21.8802390688391;20.8768383088129;2322.35092758332;2437.6791980254;119.861628546158;0.633663366336634;21;21
48;30.1200000000099;1.29999999999995;31.4700000000012;NA;NA;-1146.31925149155;-1217.04493454119;8.44877277941812;10.1559654076235;15.5326108626499;13.1029059077831;2363.17602643086;2493.59348639932;141.45136609928;0.891089108910891;22;22
49;27.9200000000128;1.05999999999995;29;NA;NA;-1084.53840147072;-1145.86908672228;4.58274220423038;4.59833605448301;25.1765381884909;24.9118988455288;2282.82423863861;2404.28997031237;122.661370503106;0.564356435643564;21;21
50;28.0400000000081;0.610000000000127;28.75;NA;NA;-1085.80949228322;-1158.97225201934;4.57851972641275;4.64224710561622;21.4065906331997;20.8226148486099;2268.33382174205;2412.02094241978;146.32551947224;0.0891089108910891;21;21
51;29.9600000000064;1.13999999999987;31.1600000000035;NA;NA;-1197.25077210432;-1275.19914901054;5.74345506769073;7.18818277141363;26.1262336684196;21.3451554978027;2516.756124438;2650.28039577896;155.89675381244;0.514851485148515;29;29
52;28;0.970000000000027;29.0800000000017;NA;NA;-1138.52395888771;-1200.15468036075;4.55769374731292;4.78504701147846;24.744285781636;23.5625223614738;2388.84243991133;2506.76468341554;123.261442946071;0.653465346534653;21;21
53;27.8600000000006;0.980000000000018;28.9699999999866;NA;NA;-1089.71545314343;-1163.39572805679;4.5774748400855;4.65202768935613;25.6642401778582;24.881151969012;2294.75569515243;2438.59736104874;147.360549826728;0.0792079207920792;20;20
54;26.8099999999977;1.16000000000008;28.0500000000029;NA;NA;-1016.75852952131;-1092.08301101916;4.50922141107661;4.65917060204557;19.6515451267212;18.8282311826694;2120.22633694611;2267.24255976203;150.648962995694;0.0792079207920792;17;17
55;28.4700000000012;1.04999999999995;29.6399999999994;NA;NA;-1148.22690891127;-1218.02315463354;4.75262189577934;5.66088682720372;26.1042248952879;22.6314349017393;2415.57990990271;2539.32439581535;139.592491444538;0.504950495049505;23;23
56;28.5799999999872;1.30999999999995;29.9499999999971;NA;NA;-1172.56118365836;-1239.73736263465;5.33397451972607;6.29985541360368;23.1777395903086;19.9181727471461;2451.38672187734;2570.79475079444;134.352357952568;0.772277227722772;24;24
57;25.6399999999994;1.00999999999999;26.7600000000093;NA;NA;-1058.75010430106;-1133.65912053628;4.434570849811;4.48464775950023;19.0958373873896;18.6816093355456;2200.56246809263;2348.57870904;149.818032470438;0.0594059405940594;15;15
58;27.929999999993;1.04999999999995;29.0400000000081;NA;NA;-1055.07968779355;-1138.57883881648;4.64820251129026;4.67551259082328;20.460853349941;20.0585692753986;2201.02435064453;2366.2361420413;166.998302045869;0.0099009900990099;18;18
59;26.4799999999959;0.940000000000055;27.5299999999988;NA;NA;-1028.83023890025;-1099.49839861123;4.62418504506382;4.6376724999443;20.8058992096653;20.4456530329234;2150.05777327983;2289.79426891612;141.336319421953;0.386138613861386;18;18
60;26.679999999993;0.940000000000055;27.7299999999959;NA;NA;-1105.99857818975;-1183.75793488916;4.70351651257395;4.85658086963745;25.2418702871576;24.2476259933623;2327.72505311923;2478.68539585623;155.51871339881;0.108910891089109;24;24
61;28.4800000000105;1.23000000000002;29.7799999999988;NA;NA;-1138.63606558394;-1212.35421415539;4.63830418007169;4.73342161367036;28.208111365211;27.59550220835;2405.99926577459;2550.63993366123;147.436297142898;0.138613861386139;23;23
62;27.2200000000012;1.01999999999998;28.2200000000012;NA;NA;-1106.42292159591;-1165.62221781193;4.82309842130128;4.83400683961623;23.5630989951171;23.3140314601094;2319.30377111291;2436.57707804261;118.398592432032;0.673267326732673;21;21
63;27.3400000000111;1.04999999999995;28.5200000000041;NA;NA;-1088.18324913141;-1144.95372562092;4.67943259388154;4.84449945145696;25.3589093844969;24.4338262335488;2293.64588896491;2402.90853538717;113.540952979016;0.782178217821782;26;26
64;27.6700000000128;1.08000000000015;28.9400000000023;NA;NA;-1084.85893331422;-1151.79709109848;4.6477977821001;4.73507163528926;23.0285652623994;22.6593051813096;2273.19899088376;2405.41599993889;133.876315568514;0.465346534653465;20;20
65;25.9400000000023;1.17999999999984;27.179999999993;NA;NA;-988.989455666111;-1061.82048415011;4.48939939202052;4.5706054573892;20.5236788439569;19.8787158821406;2069.67771840914;2212.45811197474;145.662056968008;0.099009900990099;19;19
66;28.5299999999988;1.13000000000011;29.8399999999965;NA;NA;-1118.10789038;-1196.08144752284;4.64623199873364;4.96022825612701;27.9733462241788;26.2904060217076;2364.46683690076;2512.69807562909;155.947114285686;0.0891089108910891;24;24
67;28.5800000000017;1.21000000000004;29.9500000000116;NA;NA;-1213.37439400281;-1285.10109744026;4.72912130402482;5.59944330666714;29.4429721346668;25.4589183619762;2561.7377250435;2686.92520477567;143.4534068749;0.475247524752475;24;24
68;27.8100000000122;1.07999999999993;28.9400000000023;NA;NA;-1123.79012892839;-1191.13707219667;4.65799486902836;5.27541524021991;24.3384536719666;21.8712394341576;2358.10734578485;2481.59698702814;134.693886536563;0.544554455445545;22;22
69;27.9499999999971;1;28.9799999999959;NA;NA;-1157.0770985594;-1206.06892264648;4.76708481022458;4.91311034337089;27.6204760436786;26.8503340211439;2439.58578063026;2534.07201864891;97.983648174164;1;22;22
70;27.7600000000093;1.25999999999999;29.0800000000017;NA;NA;-1087.96987797098;-1150.27421687415;4.5871710176099;4.72765752767412;23.9334575656365;22.942424023855;2284.07096147451;2404.20215618831;124.608677806336;0.603960396039604;21;21
71;31.9499999999971;0.950000000000045;33.0299999999988;NA;NA;-1175.54899214261;-1253.67322115187;9.69594266768572;15.7137960245995;13.6101014212092;8.9499614182016;2413.77481757845;2548.56253779258;156.248458018511;0.742574257425743;25;25
72;24.25;0.980000000000018;25.2900000000081;NA;NA;-987.906551061827;-1044.95738743603;4.42010045522129;4.43793360356674;17.1633038609049;16.852391611994;2051.54341618398;2164.27323870786;114.101672748403;0.782178217821782;17;17
73;28.1999999999971;0.990000000000009;29.2299999999959;NA;NA;-1199.49643430241;-1259.11955251069;4.96493236787443;5.17475293685204;30.6430545709258;29.3399111453299;2543.40518479466;2656.51006346955;119.246236416568;0.732673267326733;31;31
74;31.75;1.32999999999993;33.1300000000047;NA;NA;-1100.75306175717;-1166.24436620999;5.0050600499678;6.12075585035938;21.9339786614531;18.1773627563874;2299.5060821474;2413.70431239657;130.98260890564;0.792079207920792;19;19
75;27.0200000000041;1.06999999999994;28.2099999999919;NA;NA;-1122.58737691136;-1185.81061566692;4.56533589314361;4.61297128160407;20.8793104907493;20.2558381084779;2337.89806279281;2461.57575048392;126.446477511124;0.524752475247525;18;18
76;29.0200000000041;1.33000000000015;30.5200000000041;NA;NA;-1153.15352115689;-1210.88245981977;5.67217521998292;5.33267023600864;25.1995582303285;25.949545146755;2423.78321297843;2542.73740520722;115.45787732576;0.861386138613861;28;28
77;25.9800000000105;0.960000000000036;27.0299999999988;NA;NA;-1046.70739530196;-1118.83455777281;4.64005519138635;4.69689795549469;21.5912934223052;21.2929976403444;2190.43739240338;2333.35129589344;144.254324941688;0.099009900990099;20;20
78;22.6699999999983;0.829999999999927;23.5699999999924;NA;NA;-996.052880129269;-1082.03852013842;4.45162133159979;4.52568614219418;18.8566923655544;18.3690794889204;2075.30787836793;2245.12764510031;171.97128001831;0.0099009900990099;17;17
79;26.9300000000076;1.25;28.25;NA;NA;-1172.22084041013;-1239.73529658269;4.65106133567514;4.70781158174275;26.2533086854125;25.6965266094864;2464.24811370278;2596.73616252441;135.028912345118;0.267326732673267;23;23
80;27.8899999999994;0.960000000000036;29;NA;NA;-1148.1311247594;-1202.21231089116;4.73797203086843;4.85666712892534;25.2366682820849;24.6705020242252;2410.28135258751;2515.88578938241;108.162372263531;0.920792079207921;21;21
81;26.1700000000128;0.710000000000036;26.9900000000052;NA;NA;-1102.13787150706;-1148.21946344647;4.52989788595422;4.52782767377113;21.9295624105018;21.5191113585918;2301.66313479935;2392.00353915102;92.1631838788117;0.95049504950495;18;18
82;27.8100000000122;1.08999999999992;29.0099999999948;NA;NA;-1098.90209019081;-1160.60954723374;4.57783173835689;4.60790600961396;27.8414351126614;27.2627872816243;2323.59160304013;2444.39218999096;123.414914085857;0.534653465346535;21;21
83;37.9100000000035;1.49000000000001;39.5899999999965;NA;NA;-1157.8282268112;-1220.77909654127;6.23442584952624;7.31760129982849;19.157271436977;16.4388113366795;2403.0802668312;2516.57636967416;125.901739460141;0.910891089108911;23;23
84;27.6399999999994;1.03999999999996;28.75;NA;NA;-1061.07779333385;-1134.99960840254;4.67041327232782;5.27771991078316;21.1046651363477;19.0955870872378;2217.50632641334;2356.27295499908;147.843630137374;0.168316831683168;21;21
85;27.4499999999971;0.970000000000027;28.4499999999971;NA;NA;-1162.92793259009;-1213.98375144552;4.75950695142852;4.93144542579313;25.3070142075711;24.5249198579078;2440.19279068246;2538.77093121108;102.111637710856;0.920792079207921;21;21
86;27.2399999999907;1.22000000000003;28.5599999999977;NA;NA;-1160.76038955391;-1226.17703535504;4.68277123810907;4.79511111564954;28.8896413435187;27.9433703408844;2453.97282771656;2580.46769464448;130.83329160227;0.346534653465347;24;24
87;27.2799999999988;1.08999999999992;28.4600000000064;NA;NA;-1121.50436341306;-1187.55531919197;4.62019368873248;4.65291089690282;27.6354477575308;26.9506317425958;2369.12252286665;2498.09929066018;132.101911557828;0.356435643564356;23;23
88;25.2899999999936;0.970000000000027;26.3199999999924;NA;NA;-1031.23951181949;-1101.55583575191;4.43239594402717;4.45110044238695;22.6973055905012;22.4936257586483;2162.62722905573;2302.36117246605;140.632647864831;0.217821782178218;17;17
89;28.1100000000006;1.01999999999998;29.1699999999983;NA;NA;-1143.61294132589;-1200.62716767085;4.75718311210707;5.09921816000492;29.4504265576166;27.6834557186456;2425.03562522975;2530.79574958205;114.028452689921;0.940594059405941;29;29
90;26.2399999999907;1.09000000000015;27.4400000000023;NA;NA;-1086.69057574584;-1149.90065372907;4.70046508208943;4.9911336023649;23.4173277385842;22.3295385892069;2279.18048582437;2400.68601749282;126.420155966458;0.633663366336634;21;21
91;27.1700000000128;1.09999999999991;28.320000000007;NA;NA;-1102.09047918359;-1169.51253278218;4.70227281172399;4.83472667803355;26.6712499101662;25.5875654252747;2328.03292685726;2457.8447818305;134.84410719719;0.495049504950495;27;27
92;26.9700000000012;0.849999999999909;28;NA;NA;-1079.13481152514;-1156.30684606792;4.70063882177477;4.82694639730497;20.959107516817;20.2928077266337;2251.91390443383;2403.28097819705;154.344069085545;0.0891089108910891;19;19
93;32.0800000000017;1.09000000000015;33.25;NA;NA;-1217.76337116783;-1301.8037274414;5.37455051264573;7.68261147475236;26.5566670625197;19.2480974094791;2557.28266567253;2691.85534634643;168.080712547137;0.257425742574257;24;24
94;26.4000000000087;1.1099999999999;27.6500000000087;NA;NA;-1071.79961871557;-1132.59151049199;4.60563911551166;4.73727533362145;22.5951710322821;22.023243765049;2245.68407311501;2364.68389299635;121.583783552834;0.722772277227723;21;21
95;27.0099999999948;0.970000000000027;28.0500000000029;NA;NA;-1163.44141285223;-1222.63055773145;4.70494784613378;4.7251480131828;28.1874745006001;27.8438393444547;2455.51578440502;2572.32590221364;118.37828975845;0.673267326732673;23;23
96;31.2200000000012;1.42000000000007;32.6699999999983;NA;NA;-1167.81298414024;-1240.41977219761;6.03709078544871;6.61430877115662;22.4003940255237;20.4263879853101;2437.3518360555;2573.60095033062;145.213576114723;0.712871287128713;22;22
97;26.3199999999924;0.989999999999782;27.3999999999942;NA;NA;-1064.22302774232;-1125.776294296;4.5957266598964;4.60615699305118;23.7064381565677;23.3395992904455;2235.55158880437;2357.00074630182;123.106533107355;0.633663366336634;21;21
98;26.3699999999953;1.01000000000022;27.4400000000023;NA;NA;-1033.18681956994;-1104.9268201733;4.49944224948539;5.54242806940026;18.7374373511792;15.9424479709955;2148.48158867828;2279.7138719774;143.480001206717;0.326732673267327;16;16
99;27.2099999999919;0.849999999999909;28.179999999993;NA;NA;-1118.76581443943;-1188.50393032325;4.5557861531624;4.69827822386549;26.0521305938129;25.0067512741335;2355.84095812655;2490.56985739962;139.47623176764;0.178217821782178;22;22
100;28.1600000000035;1.32999999999993;29.5900000000111;NA;NA;-1140.30206420065;-1220.65192446003;4.81497438856791;5.64761891217022;25.8317912415401;22.500461039115;2398.48697511975;2543.98423894673;160.699720518774;0.168316831683168;23;23
101;27.7799999999988;1.23000000000002;29.0600000000122;NA;NA;-1124.79664554613;-1189.16854332859;4.61322586969787;4.65039346216205;25.326744281488;24.8157152091743;2363.40150893441;2489.84894507236;128.743795564924;0.514851485148515;20;20
102;28.2200000000012;1.11000000000013;29.4699999999866;NA;NA;-1148.47593737355;-1207.79095532393;4.82755291318356;5.02859975001896;25.0061202756534;24.0061101999123;2411.06678903681;2525.13329957562;118.630035900764;0.702970297029703;23;23
103;25.9300000000076;0.889999999999873;26.9199999999983;NA;NA;-1083.67898288146;-1146.26501939794;4.69393272060238;4.89825874925087;25.1606372516102;24.0340002640392;2283.72039136269;2403.68201557699;125.172073032955;0.633663366336634;26;26
104;28.0299999999988;1.17000000000007;29.2799999999988;NA;NA;-1120.66046818723;-1186.87391291546;4.77935688042854;4.85925217991072;25.4704773096618;24.8418037045527;2356.39638710823;2485.98293330796;132.426889456467;0.445544554455446;21;21
105;26.7900000000081;1.13999999999987;27.9599999999919;NA;NA;-1128.70924233983;-1180.70686118882;4.64476129268223;4.6948941585884;23.9000801576146;23.4929915153438;2364.8158468827;2466.9817917049;103.995237697978;0.900990099009901;20;20
106;25.9700000000012;0.940000000000055;26.9500000000116;NA;NA;-1106.33939864599;-1171.20149726044;4.73612341676241;4.90811793149802;21.8488428650063;21.001483663481;2312.38554121648;2438.24283220048;129.724197228902;0.514851485148515;23;23
107;26.8399999999965;0.909999999999854;27.8000000000029;NA;NA;-1014.65234523961;-1085.13999910242;4.51713110005896;4.62435658297556;19.4587571019438;18.9711229056541;2115.16332227275;2253.98702264289;140.975307725623;0.158415841584158;17;17
108;26.2799999999988;1.29999999999973;27.6300000000047;NA;NA;-1144.59654108089;-1212.7497596292;4.74861628218156;4.93506192454521;26.3096070831913;25.4486011825361;2409.25643162178;2541.6336860434;136.30643709662;0.346534653465347;23;23
109;25.1000000000058;0.920000000000073;26.0800000000017;NA;NA;-1121.19363593089;-1186.50401126965;4.58016625229407;4.5915062939575;24.6598269203334;24.3318489165135;2353.19863091003;2482.34558015096;130.620750677516;0.366336633663366;20;20
110;30.140000000014;0.889999999999873;31.1100000000006;NA;NA;-1188.01004699663;-1259.44845215661;6.39562589473949;7.0307117092155;21.3849319553621;19.6177416214943;2474.50134506347;2609.23994314494;142.876810319968;0.683168316831683;25;25
111;28.070000000007;1.08000000000038;29.2099999999919;NA;NA;-1183.41659052144;-1248.95496860996;4.77346211340187;4.82054143635885;29.8931898250845;29.3774474081524;2503.88625777384;2632.59845916581;131.076756177022;0.396039603960396;24;24
112;27.5199999999895;0.919999999999618;28.5299999999988;NA;NA;-1195.9025584503;-1272.15211231971;4.7410335655622;4.84226269128174;29.2212487240991;28.3968491991963;2525.77750549452;2674.49693993635;152.499107738819;0.108910891089109;24;24
113;25.4600000000064;1.01999999999998;26.5299999999988;NA;NA;-1101.68166061784;-1159.89686090242;4.51792290208511;4.56744068895202;23.0203212021088;22.5764208251879;2306.80739999478;2421.24309053587;116.430400569171;0.782178217821782;20;20
114;27.3000000000029;1.22000000000025;28.6200000000099;NA;NA;-1126.10797778303;-1189.51661298596;4.7437221930814;4.90669738170261;26.4858798063835;25.385676490879;2374.70733714733;2496.43640866678;126.817270405862;0.574257425742574;26;26
115;26.1699999999983;0.9699999999998;27.2800000000134;NA;NA;-1098.21586557313;-1162.61208451151;4.66678237689345;4.67712303312489;22.8905654413687;22.5765069589865;2301.37946138875;2428.73201675262;128.792437876774;0.534653465346535;24;24
116;26.5099999999948;1.09000000000015;27.6999999999971;NA;NA;-1160.28420623545;-1226.1180534197;4.7201996063873;4.77250209010998;26.9967659106936;26.2440200949889;2443.76759707204;2572.00015143104;131.667694368489;0.346534653465347;23;23
117;26.2700000000041;1.09000000000015;27.4700000000012;NA;NA;-1138.46523789517;-1207.24067465735;4.61568212565498;4.63510072187174;27.9640638284221;27.5275508701277;2404.54390449482;2540.10276013423;137.550873524357;0.168316831683168;23;23
118;26.9100000000035;0.9699999999998;28.0099999999948;NA;NA;-1200.17736227803;-1254.47184213292;4.7093985434972;4.79184140013605;29.2140943216179;28.5956242820863;2536.01477429404;2641.73177516777;108.58895970978;0.851485148514851;27;27
119;27.8700000000099;1.36999999999989;29.3099999999977;NA;NA;-1217.38540199082;-1284.7114518033;4.81906827443251;5.01556152480392;28.3050389635456;27.1387057396688;2565.67539743678;2694.93346186181;134.652099624967;0.316831683168317;26;26
120;26.3300000000017;0.920000000000073;27.2700000000041;NA;NA;-1097.18511728395;-1149.4768063727;4.64805009776334;4.83514262033706;21.842455826607;21.038002054899;2291.37079314351;2392.38165796337;104.583378177491;0.940594059405941;18;18
121;28.4000000000087;1.25;29.7299999999959;NA;NA;-1237.66770201242;-1306.6079219859;5.07524788564096;5.13266046734043;33.4146613979427;32.8066522418962;2633.33997942791;2768.34538714282;137.88043994696;0.396039603960396;32;32
122;26.3700000000099;1.05999999999995;27.5;NA;NA;-1116.18740892345;-1175.78555883714;4.73849832226844;4.81759290610723;23.1239353792053;22.6275484803458;2336.84860740919;2453.8022344578;119.196299827375;0.782178217821782;21;21
123;29.3699999999953;1.16000000000031;30.609999999986;NA;NA;-1092.54052180111;-1161.65816660879;5.74778828323493;8.01454043282051;19.2314071787396;14.2615112293568;2273.64494657635;2388.99301953816;138.235289615368;0.742574257425743;25;25
124;37.7899999999936;1.66000000000031;39.5;NA;NA;-1118.26588944168;-1204.00171692188;4.66966953211314;6.3553182869893;27.9601599143614;20.845814734748;2364.72237896903;2503.57647449542;171.471654960399;0.0792079207920792;24;24
125;29.2599999999948;1.19999999999982;30.5399999999936;NA;NA;-1153.152759892;-1222.46087280325;5.25301768647821;5.37847163822451;24.262009014706;23.424792551863;2418.03620035071;2552.7969018793;138.616225822496;0.435643564356436;25;25
126;25.3000000000029;0.829999999999927;26.1399999999994;NA;NA;-990.521325215635;-1059.73447491658;4.60484246421133;5.01227667472666;20.1118316660602;18.8234505340161;2069.78286855842;2202.52439371465;138.4262994019;0.396039603960396;17;17
127;27.6499999999942;1.26999999999998;29;NA;NA;-1145.55167039643;-1204.60311072472;4.77458025257884;4.78658730733685;27.3571693894424;26.978307579783;2415.33918203914;2531.7215551765;118.102880656583;0.811881188118812;22;22
128;27.820000000007;0.900000000000091;28.820000000007;NA;NA;-1121.39069931777;-1190.71388001772;5.03249499394212;5.35583185768666;25.2433787769367;23.6474001984795;2359.52648563171;2490.79179635561;138.646361399893;0.336633663366337;26;26
129;27.3300000000017;1.15999999999985;28.5800000000017;NA;NA;-1118.96696619376;-1201.71506181974;4.9064517700224;5.58448868299189;23.2947303655685;21.048668517542;2344.23895410882;2499.4852884277;165.496191251967;0.0495049504950495;23;23
130;25.4199999999983;1.02999999999975;26.5699999999924;NA;NA;-1074.8295373482;-1131.28818943049;4.52389355002834;4.59579538017415;21.5988516156061;21.2057306308163;2245.57780690934;2356.74929295643;112.917304164578;0.900990099009901;18;18
131;26.5299999999988;1.21000000000004;27.8699999999953;NA;NA;-1076.7013852184;-1144.27834480131;4.68599079336628;6.0167462763373;17.8114826840645;14.4197849477454;2231.45316196141;2351.74457130991;135.153919165818;0.534653465346535;16;16
132;25.6999999999971;1.01000000000022;26.8199999999924;NA;NA;-1075.63087227083;-1131.66890667428;4.51455419157623;4.53141965401812;21.0221509992546;20.8819825563004;2244.01860011557;2355.4761982427;112.076068806916;0.752475247524752;17;17
133;26.9700000000012;1.04999999999973;28.1399999999994;NA;NA;-1183.50920253956;-1235.9689150458;4.64094452431314;4.83848882996948;26.6994597863892;25.5544442412234;2488.860839312;2588.55500949258;104.91942501247;0.95049504950495;23;23
134;27.429999999993;1.08000000000038;28.6000000000058;NA;NA;-1090.08091929796;-1143.26462135645;4.59194430544542;4.61871246217775;27.8391806721555;27.3743015465954;2307.20536559168;2411.45130340426;106.367404116975;0.930693069306931;23;23
135;28.1100000000006;1.19999999999982;29.429999999993;NA;NA;-1113.12315665258;-1172.14113172111;4.68186430995087;5.02415281614231;24.1627030275805;22.2579228053409;2335.41324834295;2444.84341383144;118.035950137057;0.871287128712871;21;21
136;27.0999999999913;1;28.1999999999971;NA;NA;-1071.02489690365;-1135.18664903473;4.53260531235611;4.61611477557139;23.2236149232968;22.5954717704025;2246.40739290877;2371.90827409761;128.323504262152;0.386138613861386;20;20
137;25.8500000000058;1.11000000000013;27.0600000000122;NA;NA;-1070.93178366679;-1133.9057381702;4.63489184502646;4.93006031349068;24.279988770592;23.1565062327102;2253.67704773604;2374.45112845493;125.94790900682;0.564356435643564;25;25
138;25.5800000000017;0.829999999999927;26.4000000000087;NA;NA;-980.927989979403;-1051.55284486117;4.49258017949571;4.54189051239254;17.7034629145331;17.3521244393978;2040.4756097781;2180.16505412973;141.249709763524;0.168316831683168;18;18
139;26.0999999999913;1.11000000000013;27.2799999999988;NA;NA;-1073.67398207954;-1138.99113297757;4.60787105845604;4.63748092130773;25.2707893938417;24.8002172559078;2261.52122618866;2390.02948612782;130.634301796065;0.405940594059406;21;21
140;25.3999999999942;1.05000000000018;26.5300000000134;NA;NA;-1043.69717436283;-1118.72096720331;4.63657497972965;4.68291433234065;23.1255005574535;22.692563172284;2193.8912144289;2341.94504977128;150.047585680962;0.0495049504950495;25;25
141;25.5400000000081;1.08999999999969;26.7599999999948;NA;NA;-1088.48299517935;-1151.73244542611;4.72821998860423;4.85541925436639;21.3396672043035;20.6229407004184;2271.73370581465;2395.04968256667;126.498900493507;0.495049504950495;18;18
142;27.9499999999971;1.0600000000004;29.1399999999994;NA;NA;-1114.80668174569;-1186.09215370449;4.79027672734755;5.19543404892385;26.7097926708465;24.8364913971727;2352.61650437309;2486.5605771158;142.570943917598;0.297029702970297;25;25
143;27.3899999999994;1.07999999999993;28.5200000000041;NA;NA;-1048.60856730623;-1122.3354108387;4.68741349200594;5.23358276288708;21.0576472618186;19.3066811045518;2191.30168682343;2330.93214155881;147.453687064931;0.217821782178218;19;19
144;28.9799999999959;1.10999999999967;30.1699999999983;NA;NA;-1193.51615495674;-1268.39014207922;4.73547560286096;4.83908302676743;30.9528648901932;30.1016407162132;2530.76660283077;2676.56178933879;149.74797424496;0.0495049504950495;27;27
145;28.2700000000041;0.870000000000346;29.3399999999965;NA;NA;-1170.71982117511;-1232.25002441537;4.7837484366071;4.81875790689985;30.4877968512562;29.6863839626891;2484.10363492843;2603.41392581536;123.060406480531;0.485148514851485;29;29
146;27.7000000000116;1.07999999999993;28.8100000000122;NA;NA;-1099.33210406796;-1153.24594770809;4.61705124573119;4.63167363196382;23.1344236973513;22.5770043158796;2302.02769728366;2407.36486165567;107.827687280265;0.940594059405941;19;19
147;28.7000000000116;1.15999999999985;29.9100000000035;NA;NA;-1190.69687286768;-1260.85040929034;4.8996970161621;5.17761697020737;31.4775924839228;29.9124441078512;2530.72300550162;2663.60503627797;140.307072845318;0.405940594059406;33;33
148;28.0299999999988;1.01000000000022;29.1199999999953;NA;NA;-1053.33182047761;-1113.71013661253;4.68912660324334;4.70786881297856;19.2477844484306;18.7801477848394;2192.1414763077;2310.82137242942;120.75663226984;0.742574257425743;18;18
149;26.5400000000081;0.929999999999836;27.5399999999936;NA;NA;-1060.64344366395;-1121.17201995212;4.52508292108459;4.61715904600626;21.342633583336;20.6994283612219;2216.64474467655;2334.8280873467;121.057152576354;0.623762376237624;19;19
150;26.8700000000099;0.980000000000018;28.0599999999977;NA;NA;-1122.07216844164;-1183.93525129144;4.64965484981312;4.84357310028347;25.6474754390479;24.655416236593;2360.616024493;2479.83699786701;123.726165699595;0.613861386138614;22;22
151;28.5899999999965;1.09000000000015;29.8600000000006;NA;NA;-1140.87384081249;-1201.04230849252;4.72346519358862;5.0617311624699;28.0798400479081;26.584979311923;2410.48698630264;2523.97034516751;120.336935360052;0.801980198019802;24;24
152;29.1100000000006;0.9699999999998;30.2700000000041;NA;NA;-1097.8555948466;-1169.97388215192;5.11514462038174;5.43875134538933;23.9129964317465;22.7546120624214;2305.34651981366;2444.27218104297;144.236574610649;0.306930693069307;24;24
153;28.2900000000081;1.09999999999991;29.4899999999907;NA;NA;-1134.80545792827;-1198.09387655923;5.06692139223263;5.42345531729253;25.063077891455;23.4942651079736;2385.03065493138;2504.38284233539;126.576837261901;0.732673267326733;25;25
154;31.2699999999895;1.25;32.6399999999994;NA;NA;-1038.82158914326;-1108.53606093516;4.55779952432898;6.45206606018205;20.3986803473559;15.2056569673158;2168.23204812817;2284.5991999172;139.428943583814;0.603960396039604;18;18
155;25.5799999999872;0.930000000000291;26.6399999999994;NA;NA;-1020.37539967777;-1085.03530197083;4.52629566719347;4.59583200916372;20.4198245964738;19.8618818954325;2130.84998668452;2257.70795896144;129.319804586124;0.514851485148515;17;17
156;28.6200000000099;1.15999999999985;29.9100000000035;NA;NA;-1163.79764166151;-1251.1594489256;4.69893720927354;4.72011470001079;29.5687342641596;28.9910926242082;2464.90215708076;2636.94340559943;174.723614528172;0.0099009900990099;27;27
157;25.6500000000087;0.869999999999891;26.6399999999994;NA;NA;-1084.50642955579;-1140.93913938427;4.69065925024552;4.71535522730018;23.2965771603919;22.9250036403039;2275.82205531359;2386.98389986005;112.865419656966;0.762376237623762;24;24
158;27.5899999999965;1.11000000000013;28.7700000000041;NA;NA;-1098.20993416392;-1161.22944208195;4.6688927474675;4.80959028104014;24.3663594764221;23.4884437065645;2307.07368358807;2429.12586136136;126.039015836062;0.673267326732673;22;22
159;27.3699999999953;1.23000000000002;28.75;NA;NA;-1068.56508649661;-1136.33888823631;4.76015636446611;4.85668184599796;22.5867975401822;21.9205727983713;2239.70254638163;2372.22465442034;135.547603479401;0.336633663366337;22;22
160;28.9199999999983;1;29.9799999999959;NA;NA;-1117.20972233588;-1184.21754944392;6.46123505389584;7.57134716478753;21.4253835296714;18.4458820772625;2333.50714153677;2453.7432554092;134.015654216076;0.881188118811881;26;26
161;26.1699999999983;1.32000000000016;27.5599999999977;NA;NA;-1073.09178758654;-1149.67090575396;4.56845033513963;4.64279751647538;24.7404238540975;24.0299204326593;2257.35710447477;2407.32262376451;153.158236334844;0.0495049504950495;20;20
162;28.8899999999994;1.2199999999998;30.1800000000076;NA;NA;-1106.61061301703;-1183.58752726776;5.35168853160361;6.55372304502301;22.9370108198963;19.2691303610738;2317.38400670479;2454.68106023419;153.953828501457;0.405940594059406;22;22
163;25.5200000000041;0.949999999999818;26.5799999999872;NA;NA;-1006.27029135659;-1070.53694457947;4.38824735238873;4.4209591363146;19.4612772557603;18.9386902299657;2097.19241696593;2223.45259664263;128.53330644576;0.396039603960396;15;15
164;23.8699999999953;0.970000000000255;24.9200000000128;NA;NA;-1026.4710331972;-1090.10983256525;4.44350178339447;4.48807896790466;17.1286205931934;16.7768981145114;2127.44741012789;2253.19510141871;127.277598736106;0.574257425742574;15;15
165;32.0500000000029;0.889999999999873;33.1300000000047;NA;NA;-1084.07354471986;-1166.58997470623;4.67474012622326;4.74696379301182;26.0060267824892;25.4880627099467;2285.64214920659;2448.33485087028;165.032859972741;0.0198019801980198;21;21
166;31.6999999999971;1.19000000000005;33.0299999999988;NA;NA;-1169.15162137326;-1236.25601861272;4.64177902993471;4.83394286505087;26.5951490421432;25.5273208437546;2459.07855642338;2588.43807235871;134.20879447891;0.415841584158416;22;22
167;30.5099999999948;1.2800000000002;31.7900000000081;NA;NA;-1170.36366255472;-1243.37200176297;4.88000704615712;5.19644182929994;27.8875428123606;26.6273615475641;2468.58499326945;2608.82404405272;146.016678416509;0.217821782178218;24;24
168;26.2100000000064;0.889999999999873;27.1199999999953;NA;NA;-1128.69236572757;-1187.13578789678;4.59352259939052;4.60612414102684;22.1552665344979;21.8884204310779;2356.94160193502;2472.6293470473;116.886844338411;0.693069306930693;20;20
169;26.8300000000017;1.25;28.1199999999953;NA;NA;-1133.11223560846;-1195.29421218574;4.72498888966866;4.94296280640567;26.0087076884255;24.9573058523397;2383.73164329937;2503.34536980059;124.363953154568;0.564356435643564;21;21
170;25.0800000000017;1.11999999999989;26.3399999999965;NA;NA;-1023.56895672101;-1091.28361704446;4.41097088820991;4.51122609728984;18.5147306014566;17.9344687647746;2127.67249940528;2260.57782184915;135.429320646894;0.267326732673267;15;15
171;31.4400000000023;1.19000000000005;32.7700000000041;NA;NA;-1129.93553844869;-1212.4965376593;5.08457366826005;6.28113602126734;22.6717127822921;18.9081982131598;2361.74864941536;2509.95892475149;165.121998421237;0.148514851485149;20;20
172;26.1299999999901;0.869999999999891;27.0899999999965;NA;NA;-1153.22617406975;-1214.53819759092;4.60082801600827;4.71790408140087;27.1332282270487;26.1647754942009;2430.27427570768;2548.47880867168;122.624047042328;0.613861386138614;23;23
173;26.3300000000017;1.07999999999993;27.4700000000012;NA;NA;-1052.3832162766;-1115.31925498865;4.61258757573218;5.50549191984239;20.3642848164152;17.5502330744311;2195.75307480373;2309.05210478567;125.872077424104;0.841584158415842;19;19
174;28.5;1.17000000000007;29.8000000000029;NA;NA;-1192.79926504969;-1257.19521403627;4.88886510915826;5.0195146055209;28.2427428380938;27.4568761638856;2515.66116738789;2640.83401558282;128.791897973159;0.465346534653465;25;25
175;26.390000000014;0.740000000000236;27.1899999999878;NA;NA;-1091.02875824863;-1159.2643908201;4.60363249332462;4.72495412540856;23.3259604387573;22.6529095982133;2287.98661598606;2421.40138664356;136.471265142952;0.366336633663366;22;22
176;27.8000000000029;1.16000000000031;29.0200000000041;NA;NA;-1138.56537295704;-1200.83971893396;4.70616248399646;5.0218592352894;26.1255532808575;24.7959952202628;2396.35416964203;2514.83545079983;124.548691953847;0.702970297029703;23;23
177;26.6100000000006;1.1899999999996;27.8999999999942;NA;NA;-1082.52857881968;-1155.61674192113;4.59462826776106;4.59880877819875;22.5584370026735;22.060259283185;2266.42571429412;2410.36342988867;146.17632620291;0.128712871287129;20;20
178;28.6499999999942;1.20000000000027;30;NA;NA;-1209.42545608284;-1275.17788297641;4.83452839781376;5.08562727499164;31.0904636031932;29.7819633400921;2563.2241654438;2688.65280105966;131.504853787141;0.475247524752475;27;27
179;28.4199999999983;1.13999999999987;29.6399999999994;NA;NA;-1203.1164444691;-1259.61828112072;4.81217083279785;4.83623144397359;28.9799783069961;28.4467436353119;2541.84122529249;2652.34969083721;113.003673303249;0.752475247524752;29;29
180;28.9799999999959;1.13999999999987;30.1800000000076;NA;NA;-1132.2029567154;-1185.19598678577;4.67450697198904;5.02229536979434;22.846366736351;21.4672698258281;2365.86475818898;2465.72636182573;105.986060140744;0.930693069306931;18;18
181;26.0799999999872;1.14000000000033;27.25;NA;NA;-1087.3111101165;-1141.65764581136;4.73215471698659;4.77989370784735;21.9914327973039;21.5568433992552;2272.87888117363;2379.6302280961;108.693071389719;0.910891089108911;19;19
182;27.1699999999983;1.10999999999967;28.3100000000122;NA;NA;-1141.59103735675;-1210.52612240518;4.7327270496921;4.9757821848994;25.5016246137577;23.8925534940577;2400.10088248892;2530.59384898443;137.870170096869;0.247524752475248;24;24
183;26.6900000000023;1.15000000000009;28.0599999999977;NA;NA;-1073.97799378229;-1138.22359083991;4.58977868618528;4.78363206065;23.5089359122973;22.6470508041927;2253.59570460865;2378.21393317223;128.491194115255;0.594059405940594;20;20
184;27.0600000000122;0.880000000000109;27.9799999999959;NA;NA;-1089.49851726332;-1154.74512374171;4.5476582398735;4.73119963791009;23.4716822803626;22.4484015585277;2284.46934870946;2410.3643490413;130.493212956794;0.495049504950495;20;20
185;25.7800000000134;1.09000000000015;26.9900000000052;NA;NA;-1159.05027128913;-1210.93842528994;4.573758107023;4.63410014755246;26.0508224246388;25.3102695696735;2435.79798876485;2536.22848378695;103.776308001629;0.940594059405941;21;21
186;26.0999999999913;0.909999999999854;27.0299999999988;NA;NA;-1043.45179749353;-1115.8698900324;4.56344503229794;4.78426766608622;20.7906814798263;19.8577905577199;2179.23330977372;2319.92660262117;144.836185077737;0.128712871287129;18;18
187;27.4700000000012;1.11999999999989;28.6600000000035;NA;NA;-1081.74469205604;-1152.18046421743;4.65494552479575;4.91659358811645;23.2589211618804;22.2041221800739;2268.00563527112;2404.13733656603;140.871544322775;0.336633663366337;20;20
188;24.7799999999988;0.970000000000255;25.820000000007;NA;NA;-1062.99743091655;-1117.74102528679;4.57935437696983;4.69796821150482;20.5730643687488;19.521937363316;2216.7701949773;2321.61945509495;109.487188740476;0.97029702970297;17;17
189;29.2400000000052;1.13999999999987;30.4499999999971;NA;NA;-1143.51691771003;-1228.75526326659;5.23366776592389;6.68071925638154;23.2504396636448;18.6811909791195;2393.63150230993;2543.15928853109;170.476691113122;0.158415841584158;24;24
190;23.3699999999953;0.909999999999854;24.4399999999878;NA;NA;-973.439136544772;-1048.77917352462;4.51149548207469;4.52448812060864;17.8632751947848;17.3520987054663;2026.69052499149;2175.08668705447;150.680073959704;0.128712871287129;19;19
191;27.2899999999936;1.18000000000029;28.570000000007;NA;NA;-1126.70896607029;-1226.11331197768;4.74045846710588;5.37041996940538;27.421258533325;24.7272024388815;2381.25130199004;2567.50075008166;198.808691814796;0.0099009900990099;28;28
192;29.4599999999919;1.19000000000005;30.7200000000012;NA;NA;-1189.11303777028;-1260.51116202275;6.27540020103441;8.18547925841622;22.6865707214472;17.9051154553354;2484.38516512057;2604.80716658084;142.796248504938;0.871287128712871;29;29
193;35.0500000000029;1.25;36.3899999999994;NA;NA;-1215.05646001222;-1292.37406293843;5.42971662346938;7.48829093921965;29.2178264829051;21.9911528669111;2566.32159237431;2687.26724163646;154.635205852416;0.633663366336634;28;28
194;27;0.980000000000018;28.0299999999988;NA;NA;-1073.38932305417;-1140.82124793325;4.59885335158328;4.73141333964517;23.4786582928341;22.8691378501551;2252.85507148601;2384.96511185067;134.863849758171;0.425742574257426;21;21
195;26.7200000000012;1.35999999999967;28.179999999993;NA;NA;-1153.53496382747;-1206.6909533067;4.70674751591104;4.75874488119518;24.6175960302373;24.0967272739824;2418.86467179459;2522.81125369053;106.311978958446;0.881188118811881;22;22
196;27.75;0.920000000000073;28.7700000000041;NA;NA;-1111.5441931704;-1180.65881626638;4.67559164869283;4.8160122241018;27.347339264975;26.5827869685646;2347.27958649993;2482.03680689971;138.229246191965;0.217821782178218;22;22
197;27.6899999999878;1.28999999999996;29.0099999999948;NA;NA;-1086.21599558123;-1170.72978437085;4.52857605572419;4.57681619180342;25.9892645408132;25.4151277306457;2289.21730898873;2455.66494631049;169.027577579237;0.0198019801980198;20;20
198;26.5899999999965;1.01999999999998;27.7400000000052;NA;NA;-1034.73181000441;-1097.72670248098;4.46091615565026;4.480379255407;19.1972959983391;18.8071270907563;2154.16859679216;2278.43682427901;125.989784953132;0.633663366336634;17;17
199;26.4799999999959;0.7800000000002;27.3399999999965;NA;NA;-1148.16602610765;-1204.93883773841;4.6292645621668;4.723794835061;25.6796301285093;24.8117471911451;2412.94976242109;2522.5541092555;113.545623261502;0.871287128712871;22;22
200;29.6300000000047;0.9699999999998;30.6399999999994;NA;NA;-1162.22598474393;-1228.96435651872;5.39398217835845;6.94484775080564;24.830353156938;20.0436141330303;2439.75545646911;2551.00425596822;133.476743549575;0.871287128712871;27;27
201;25.5900000000111;1.0300000000002;26.7299999999959;NA;NA;-1062.54767786996;-1132.28058563458;4.52951675335921;4.59525757357701;22.1212009762413;21.6661017992737;2223.93181464442;2361.36426900353;139.46581552924;0.217821782178218;19;19
202;29.4200000000128;1.09999999999991;30.6100000000006;NA;NA;-1171.80251078814;-1241.06459679258;4.95327486204963;5.11422660415251;29.2219748657104;28.2021719200373;2478.75024235053;2612.55804953902;138.524172008885;0.376237623762376;26;26
203;24.5;0.889999999999873;25.4700000000012;NA;NA;-1007.26473338998;-1067.90626992874;4.56482551979074;4.72631738245338;20.6358382903335;19.9329806211279;2107.76204988622;2225.86961658819;121.283073077529;0.762376237623762;21;21
204;28.5799999999872;0.980000000000018;29.6600000000035;NA;NA;-1159.15599402733;-1233.67492943956;4.96392864464811;5.23315783944348;22.0878205948365;21.0894493746996;2417.56578356729;2562.11737506403;149.03787082446;0.138613861386139;20;20
205;26.1199999999953;0.889999999999873;27.0899999999965;NA;NA;-1077.43751118857;-1140.16576252636;4.50328661993522;4.58787031241196;22.7255733716179;21.9052063328114;2256.99462275371;2378.76472540781;125.456502675573;0.574257425742574;20;20
206;25.8499999999913;1.13999999999987;27;NA;NA;-1081.75410050267;-1152.05054141912;4.5963491221257;4.77815367779903;21.2770043613132;20.5605938854207;2258.57283015575;2395.96482453975;140.592881832897;0.277227722772277;19;19
207;31.0600000000122;1.33000000000038;32.4700000000012;NA;NA;-1165.09108131569;-1247.34593708539;6.19979758574042;8.25254011344921;20.5680004619767;15.8314244537914;2423.1082548706;2566.21814682868;164.509711539394;0.415841584158416;21;21
208;27.2100000000064;0.9699999999998;28.3600000000006;NA;NA;-1082.99814347268;-1145.83293228947;4.62836562176251;4.79182529456091;23.1156991146898;22.101805851749;2270.97053646028;2392.03576776468;125.669577633593;0.633663366336634;22;22
209;28.2200000000012;1.11000000000013;29.3799999999901;NA;NA;-1105.8249165176;-1157.67932650615;4.72307764913362;4.68654438050618;24.2777398407868;23.7022015453812;2322.95742385178;2424.02753934057;103.708819977116;0.96039603960396;24;24
210;27.7299999999959;1.13999999999987;28.9199999999983;NA;NA;-1104.44156094656;-1171.09388897305;4.65879275496623;4.91507951698346;25.3027154998955;23.9836865395506;2325.40643293777;2452.63673614811;133.304656052982;0.346534653465347;25;25
211;25.3300000000017;0.949999999999818;26.2600000000093;NA;NA;-1037.51404125364;-1106.61760427161;4.66407931633018;4.68275223345215;18.0816497459682;17.7573650733584;2154.81044988179;2291.58672202732;138.207126035947;0.306930693069307;17;17
212;24.1900000000023;0.880000000000109;25.1399999999994;NA;NA;-1035.25206556306;-1097.46419639557;4.41977188365265;4.47842242402608;19.6874499427289;19.1545295995989;2156.77506114397;2278.86405167123;124.424261665014;0.584158415841584;16;16
213;25.3899999999994;0.840000000000146;26.3300000000017;NA;NA;-1079.42425482564;-1145.56112371777;4.83609988404194;5.18319718375928;23.0451437878964;21.7729860593623;2264.50494438839;2390.94614533724;132.27373778426;0.405940594059406;24;24
214;35.2199999999866;1.63000000000011;37;NA;NA;-1045.04338668025;-1124.09318732119;6.52886416538476;6.68397971714381;14.2648897336745;13.3403811225263;2153.43598112222;2307.42991533069;158.099601281869;0.188118811881188;18;18
215;29.8899999999994;1.14999999999964;31.1399999999994;NA;NA;-1182.73108035444;-1252.99954578821;4.90330732443638;5.92785278492317;24.6454655034194;21.0779395009969;2476.81021347089;2601.22908507545;140.536930867529;0.415841584158416;21;21
216;26.4599999999919;1;27.6100000000006;NA;NA;-1161.50068378122;-1219.67828520581;4.67892375914462;4.8249164529984;28.6204843356508;27.7602327625169;2454.80356873352;2567.19716668566;116.355202849186;0.792079207920792;25;25
217;30.2799999999988;1.22000000000025;31.6100000000006;NA;NA;-1204.34819413199;-1256.57906813057;4.66215167740283;4.77518223937608;30.0430342407551;29.0675362536696;2547.04967384612;2647.01908759666;104.461747997157;0.96039603960396;25;25
218;26.5;0.909999999999854;27.5;NA;NA;-1159.5787830681;-1217.79093467927;4.72013726156137;4.91735372174424;26.0578575239155;25.2849030480705;2438.62656785753;2551.50706094427;116.424303222343;0.732673267326733;24;24
219;26.5;0.760000000000218;27.3999999999942;NA;NA;-1068.71082126643;-1134.12361938168;4.64170752168647;4.77842465313809;20.9516423578958;20.2839557592223;2231.56990932612;2359.39519011823;130.825596230504;0.564356435643564;20;20
220;27.9700000000012;1.07999999999993;29.0299999999988;NA;NA;-1073.25441828702;-1136.91141672514;5.15445311982076;5.27951714734998;20.7711719912652;20.036126032627;2240.35285646043;2364.34592047891;127.313996876237;0.643564356435644;21;21
221;25.1399999999994;0.940000000000055;26.109999999986;NA;NA;-1033.39086816235;-1090.63767808789;4.41742402807367;4.42857841779775;19.2819863914921;18.831760098766;2151.86039582807;2264.36746467342;114.493619851069;0.851485148514851;17;17
222;27.7000000000116;0.859999999999673;28.6399999999994;NA;NA;-1032.6504541196;-1096.71553953704;4.65674173008278;5.67054593437081;19.0561821675126;16.1304684503735;2151.3966152623;2266.30843056248;128.130170834881;0.633663366336634;21;21
223;25.8899999999994;1.17000000000007;27.1499999999942;NA;NA;-1110.11305636816;-1159.8364310579;4.54874577194471;4.62893238184275;22.3128010679653;21.9349789689097;2319.91863160848;2417.67729007431;99.4467493794646;0.98019801980198;19;19
224;28.9499999999971;0.720000000000255;29.8099999999977;NA;NA;-1160.19374921662;-1229.0958396334;4.6348554752619;4.68558848332313;28.6851136760708;28.0012620522464;2451.90183693932;2586.57072275681;137.804180833549;0.237623762376238;24;24
225;27.7400000000052;1.2199999999998;29.1499999999942;NA;NA;-1197.04378062422;-1259.47142752411;4.71075867783029;4.77081448002523;29.6561385467638;29.0020544155836;2532.33957191192;2654.14563372433;124.855293799777;0.475247524752475;28;28
226;35.0299999999988;1.17000000000007;36.2799999999988;NA;NA;-1091.21103383814;-1156.29271997047;4.84005373008169;5.35227403518163;21.0518086554035;19.1384448022274;2276.48053327541;2398.09508813875;130.163372264659;0.594059405940594;19;19
227;26.25;0.9699999999998;27.3600000000006;NA;NA;-1172.96472036696;-1228.62163054213;4.70341686736058;4.76821063278519;27.2078916866821;26.6400902177811;2470.67107215034;2579.38165949878;111.313820350352;0.811881188118812;24;24
228;26.2200000000012;1.21000000000004;27.4700000000012;NA;NA;-1151.07462481547;-1212.74673253502;4.6182101184892;4.98684636421582;24.4121924746027;22.9482981447816;2411.84783892751;2528.61390113324;123.344215439099;0.663366336633663;20;20
229;28.6100000000006;1.13999999999987;29.7899999999936;NA;NA;-1144.68184468532;-1217.78963870953;4.80171557612448;5.41718840223576;26.5622291999403;24.0345278038891;2410.57987465173;2545.26034949663;146.215588048422;0.366336633663366;23;23
230;26.6999999999971;1.22000000000025;28;NA;NA;-1106.00260175155;-1158.14677192145;5.03261246348918;5.30543364500928;20.4218730572679;19.5328216078317;2303.77289980923;2404.06619996912;104.288340339784;0.920792079207921;20;20
231;24.179999999993;1.00999999999976;25.1999999999971;NA;NA;-985.633295769088;-1060.81698208257;4.41554393944316;4.48026787378986;17.9575791319847;17.3892653669119;2049.9571815888;2197.83418816037;150.367372626968;0.0792079207920792;16;16
232;28.8499999999913;1.13000000000011;30.0400000000081;NA;NA;-1224.12310111788;-1306.03599296932;10.3797478462538;16.2871972720863;14.2319132029887;9.54940568744813;2514.33423603647;2656.41609040635;163.825783702874;0.831683168316832;27;27
233;26.6399999999994;0.869999999999891;27.6399999999994;NA;NA;-1062.90670022267;-1130.45362566395;4.6311341344461;4.77322699462279;19.5362524710323;18.8881358546624;2212.5722986758;2344.78791671179;135.093850882562;0.415841584158416;18;18
234;26.3699999999953;1.25;27.6700000000128;NA;NA;-1098.28090656908;-1164.56211859117;4.64585357439205;4.73470598837743;22.2281035104635;21.6137626094677;2297.5052660086;2427.27781228579;132.562424044176;0.445544554455446;22;22
235;26.25;1.11000000000013;27.4700000000012;NA;NA;-1138.6064748348;-1191.73870498649;5.02252892786062;5.01220129780158;22.0612793080266;21.8376781178408;2376.88566601762;2482.13989759885;106.26446030338;0.920792079207921;21;21
236;27.2400000000052;1.00999999999976;28.3999999999942;NA;NA;-1191.46917154992;-1248.07907288528;4.85046520621432;4.91112887237897;27.4220598439145;27.0935722903076;2508.66188394308;2620.37565028402;113.21980267072;0.782178217821782;24;24
237;29.5199999999895;1.11000000000013;30.7100000000064;NA;NA;-1156.13828008563;-1223.15898167304;4.82811215765418;4.89418680164181;27.4388258294172;27.0935988541202;2439.17510797798;2571.61991215467;134.041403174812;0.435643564356436;26;26
238;27.7300000000105;1.01999999999998;28.8000000000029;NA;NA;-1191.87162005043;-1260.48244904386;4.7511639375981;4.95425920982463;30.600710251754;29.1946142925366;2526.39868775343;2657.06535904705;137.221657986879;0.316831683168317;28;28
239;28.429999999993;1.28999999999996;29.7400000000052;NA;NA;-1145.91142850649;-1215.0882110669;4.66652608174754;4.95001672046504;25.2895704175025;24.0033504861819;2406.08097158525;2538.62340342655;138.353565120821;0.336633663366337;21;21
240;26.8799999999901;0.890000000000327;27.8400000000111;NA;NA;-1118.91950784684;-1190.35229730538;4.64316598173512;4.71022279453145;27.1694107419774;26.429367022967;2361.22219732495;2500.72705011275;142.865578917082;0.168316831683168;22;22
241;26.75;1.00999999999976;27.8600000000006;NA;NA;-1113.19016429731;-1169.80606210815;4.7984656846163;4.88275999041059;23.94439568841;23.2722805022476;2334.56095249469;2444.75613607913;113.231795621676;0.881188118811881;21;21
242;25.8299999999872;0.920000000000073;26.8199999999924;NA;NA;-1056.37524451336;-1123.78514835196;4.5761084351838;4.60224668551189;19.9020889688244;19.4560467377504;2202.1824843793;2334.99795739601;134.819807677199;0.287128712871287;20;20
243;27.6399999999994;1.11000000000013;28.8000000000029;NA;NA;-1062.05384205108;-1149.71528314912;5.34795082130725;7.10380978198811;22.4021166808436;17.6876408942864;2226.33928167756;2380.14775082701;175.322882196074;0.128712871287129;23;23
244;27.9199999999983;0.989999999999782;29.0299999999988;NA;NA;-1123.17393592566;-1198.12380199049;4.74780977309804;4.91924893443795;26.0876433816489;25.0639506661867;2366.48590937519;2511.67136233198;149.899732129659;0.0891089108910891;25;25
245;28.6199999999953;1.0300000000002;29.8000000000029;NA;NA;-1095.58938519135;-1178.35399408384;4.73644883764947;5.99795050304309;24.3231329105449;20.0552861120424;2300.4771617638;2446.8283899595;165.529217784979;0.217821782178218;20;20
246;27.3899999999994;1.38000000000011;28.8600000000006;NA;NA;-1072.18702617619;-1119.64829119853;4.696199751861;4.67191690002292;23.1917883140579;23.0639883917297;2249.15440103278;2343.49953186005;94.9225300446801;0.98019801980198;21;21
247;28.5400000000081;1.13999999999987;29.7799999999988;NA;NA;-1124.30353910769;-1185.10130763057;4.72340515979907;4.86443842219175;23.4545410243369;22.7307729351892;2355.12009473851;2473.42881741608;121.595537045764;0.574257425742574;22;22
248;26.3699999999953;1.07999999999993;27.5199999999895;NA;NA;-1131.46283379955;-1189.13776690167;4.71366664421787;4.86607786615745;25.0780592142232;24.1799604308927;2377.90253001697;2489.13482957196;115.349866204252;0.722772277227723;24;24
249;26.0599999999977;0.849999999999909;26.9499999999971;NA;NA;-1052.98795818765;-1119.5579308648;4.54298094062014;4.60234762621445;19.7778995305275;19.3473027786008;2195.33233774787;2326.52684977912;133.139945354316;0.376237623762376;21;21
250;29.0599999999977;1.13999999999987;30.3500000000058;NA;NA;-1122.58242932316;-1196.34253292778;5.48396353018563;5.5881523242217;25.1367094998137;24.528492785397;2360.41061849997;2505.14229853906;147.520207209248;0.386138613861386;24;24
