1;11.0500000000029;0.450000000000045;11.9199999999983;NA;NA;-518.006854986048;-530.068467459803;3.45988823204864;3.61038892426041;10.5711917728877;9.33543469364477;1072.52531285925;1092.38038406291;24.1232249475083;0.0099009900990099;10;10
2;11.9700000000012;0.480000000000018;12.8899999999994;NA;NA;-546.312955021523;-558.932669459894;3.72093351262346;4.33740251419054;11.1753354606554;9.28660463562339;1132.24290358386;1150.78670912481;25.2394288767409;0.188118811881188;12;12
3;11.3899999999994;0.430000000000064;12.25;NA;NA;-538.9278477612;-547.515558528021;3.5661998149769;4.02350066732047;10.0056597434786;8.8287736101591;1113.32614370935;1126.32945868689;17.1754215336414;0.574257425742574;12;12
4;11.25;0.5;12.0999999999913;NA;NA;-493.539778572956;-502.97893692782;3.50117642781807;3.87724068861701;10.5350956746811;9.43573840812264;1023.9685394581;1038.99742071767;18.8783167097281;0.198019801980198;11;11
5;11.8299999999872;0.519999999999982;12.5699999999924;NA;NA;-547.335114031392;-555.230599787995;3.66610148477195;3.92809412582999;11.344879764141;10.308712308003;1135.34230012026;1147.4185493697;15.7909715132057;0.455445544554455;13;13
6;12.9400000000023;0.6099999999999;13.8999999999942;NA;NA;-584.054704867807;-596.204270314149;3.7113733329943;4.05332143587659;16.0370755224825;14.3047217903774;1226.75074356578;1244.71533214282;24.2991308926828;0.0198019801980198;15;15
7;11.9099999999889;0.559999999999945;12.609999999986;NA;NA;-545.434841977894;-554.340265258625;3.63346811887527;3.7336637980735;13.6064778053091;12.795185818517;1140.15389440962;1155.02614910413;17.8108465614614;0.0792079207920792;14;14
8;11.0200000000041;0.369999999999891;11.9199999999983;NA;NA;-466.674087689313;-474.409997896877;3.42350286250059;3.63403835109423;9.19257650067924;8.10775857238791;964.613942503466;976.396083021308;15.4718204151275;0.0792079207920792;9;9
9;12.0300000000134;0.440000000000055;12.9499999999971;NA;NA;-560.670219426458;-570.404728730475;3.66761526146307;3.74862081279586;12.897686734877;11.9082682531571;1167.06323382994;1183.02472590891;19.4690186080334;0.0396039603960396;12;12
10;12.75;0.319999999999936;13.3199999999924;NA;NA;-577.836123858282;-592.052662676794;3.71235835206739;4.33837975423983;14.7355372917299;12.3909702655414;1209.55436358487;1229.41427353448;28.4330776370252;0.0198019801980198;15;15
11;11.2200000000012;0.430000000000064;11.9099999999889;NA;NA;-515.455685191493;-525.040149044284;3.59649164551584;4.61112420142873;9.06040110346225;7.18422462436767;1062.20488715905;1074.89373087575;19.1689277055827;0.306930693069307;10;10
12;12.3700000000099;0.5;13.2200000000012;NA;NA;-562.175565033106;-574.404656856445;3.70956870619596;3.93897696239621;15.5450734637426;13.8919964820836;1181.6950321793;1200.05521411227;24.4581836466791;0.0198019801980198;16;16
13;12.1600000000035;0.5;12.9100000000035;NA;NA;-542.976698572742;-554.891864319871;3.6370209280211;4.24147738522038;13.365209412615;11.3580161115111;1134.36370603482;1150.92375505858;23.8303314942573;0.0693069306930693;14;14
14;12.1499999999942;0.289999999999964;12.8399999999965;NA;NA;-568.136774556099;-579.428752902136;3.68384279728326;4.5570470521996;14.4605249890301;12.0312215096026;1189.1500521911;1202.85099301709;22.5839566920745;0.0891089108910891;15;15
15;10.8600000000006;0.389999999999873;11.6100000000006;NA;NA;-532.896394155791;-542.195989431172;3.59159237656594;3.68500407600574;10.1604090854732;9.55557722935108;1101.36979326839;1117.85114527916;18.5991905507622;0.118811881188119;11;11
16;10.2200000000012;0.449999999999818;11.0200000000041;NA;NA;-491.199003215186;-500.038710559319;3.59168901866735;3.81809919064181;8.75384833580888;7.54163131883121;1012.63272745692;1026.12529289603;17.6794146882662;0.455445544554455;10;10
17;12.7100000000064;0.340000000000146;13.2200000000012;NA;NA;-532.70458434377;-552.667801577095;3.84114372440322;6.90206367240614;11.7913306523315;7.22059551239015;1107.68179386432;1131.22186965356;39.9264344666506;0.0792079207920792;13;13
18;11.7700000000041;0.549999999999955;12.6900000000023;NA;NA;-565.254464463194;-573.798751416929;3.69656260331844;3.6934247785429;13.4484398250621;12.5441122755729;1179.22070783771;1193.03370448662;17.0885739074706;0.0792079207920792;14;14
19;12.9400000000023;0.380000000000109;13.8000000000029;NA;NA;-578.3459484267;-589.796786568782;3.75103295660365;4.38946417859132;15.3182695048466;13.4449624978401;1213.19914650241;1229.19041905718;22.9016762841629;0.138613861386139;16;16
20;12.2599999999948;0.559999999999945;13.2700000000041;NA;NA;-535.316982808241;-542.398183449742;3.69533550931276;4.02311088676752;12.9363207565919;11.6992716636926;1117.49079100427;1127.17245974881;14.1624012830034;0.554455445544555;14;14
21;13.1399999999994;0.440000000000055;13.8800000000047;NA;NA;-557.121340009309;-569.158734214094;3.68250318102393;4.02449847858915;14.3080804920288;12.9454190952702;1166.06817521653;1185.20724903367;24.0747884095695;0.0396039603960396;14;14
22;12.5500000000029;0.6400000000001;13.6900000000023;NA;NA;-555.925120672031;-564.714957836077;3.73151868360331;3.97122731072785;14.3734869501343;13.2257274477751;1164.40848024271;1177.79124547474;17.5796743280914;0.465346534653465;15;15
23;12.1300000000047;0.519999999999982;13.0400000000081;NA;NA;-521.78034103189;-532.30144378091;3.65296751489819;4.19296002160623;11.1295414353808;9.65260478245521;1083.01533402568;1098.82174234831;21.0422054980399;0.316831683168317;12;12
24;12.7199999999866;0.580000000000155;13.6600000000035;NA;NA;-528.361005103801;-543.669369353487;3.77242372357683;4.40943616664949;15.5099679319608;13.0809259028539;1114.84981779876;1136.36305309182;30.6167284993721;0.0099009900990099;18;18
25;11.0899999999965;0.579999999999927;12;NA;NA;-508.635900919336;-516.697825196528;3.66182444357671;4.12876861828256;11.6575242722241;10.1672290606229;1059.496680887;1070.22251065226;16.1238485543852;0.158415841584158;14;14
26;12.0799999999872;0.450000000000045;12.8899999999994;NA;NA;-534.555725313945;-543.758596449601;3.7328779344028;3.81070074227722;13.354033292332;12.7852859713167;1117.94194488957;1134.26799990931;18.4057422713108;0.168316831683168;15;15
27;12.9500000000116;0.450000000000045;13.6699999999983;NA;NA;-568.872898782863;-581.654155203121;3.76124021213958;4.013641180133;15.4367631502072;13.9657967752062;1195.15807995257;1215.24978676456;25.5625128405172;0.0099009900990099;17;17
28;12.7200000000012;0.559999999999945;13.8999999999942;NA;NA;-595.111472651111;-605.292406861898;3.83917865852351;3.96386508435502;19.0214167291608;17.9574482690074;1262.02507633857;1278.37067174104;20.3618684215749;0.108910891089109;19;19
29;13.1699999999983;0.470000000000027;13.929999999993;NA;NA;-595.041274985919;-601.078035449201;3.61359589558773;3.7768825066232;14.6135938243751;13.7364319327573;1242.47315731193;1251.40200042757;12.0735209265654;0.366336633663366;13;13
30;10.8499999999913;0.360000000000127;11.320000000007;NA;NA;-495.932714713493;-503.320360525467;3.6674585940612;3.77457387628142;12.1783454795961;11.3927327258165;1035.97678213589;1047.90649499607;14.7752916239477;0.702970297029703;14;14
31;13.2699999999895;0.349999999999909;14;NA;NA;-569.948023160955;-581.830027156843;3.71950475943019;3.97947694389472;15.1475841312039;13.6193160207375;1195.77365820297;1213.90006936167;23.7640079917746;0.0891089108910891;16;16
32;12.2699999999895;0.309999999999945;12.9499999999971;NA;NA;-526.30576077959;-540.190508887995;3.4630633914017;5.13745967755821;9.52439841718181;6.74873335860785;1085.50762828189;1103.69031701817;27.7694962168096;0.0297029702970297;10;10
33;11.3899999999994;0.3900000000001;12.3300000000017;NA;NA;-478.48223237368;-487.596275422399;3.46327698095918;4.36353458162022;9.87279333982228;7.80456026033909;991.063884903089;1002.14854701404;18.2280860974372;0.277227722772277;10;10
34;10.8899999999994;0.429999999999836;11.4799999999959;NA;NA;-539.711145426636;-547.137085738121;3.55282330330718;3.7307922510611;11.2479546188915;10.3298901659207;1119.2967220999;1130.894028967;14.8518806229713;0.297029702970297;12;12
35;12.5800000000017;0.370000000000118;13.320000000007;NA;NA;-527.964278789941;-536.941869728617;3.6975928034538;3.91805746220944;15.2828455910463;14.1330769443797;1112.30513268109;1126.01895662077;17.9551818773512;0.099009900990099;16;16
36;12.3700000000099;0.599999999999909;13.2299999999959;NA;NA;-525.22049847263;-535.727102777705;3.59036063769447;3.91630057125893;13.4964333251272;11.8280633687826;1098.82651712094;1113.85851971624;21.0132086101507;0.0198019801980198;13;13
37;10.0899999999965;0.5;10.8600000000006;NA;NA;-516.593646832141;-528.660206822614;3.45470237302327;3.72609992478158;9.709925998137;8.45046126077696;1066.72418995036;1086.50727283721;24.1331199809465;0.0099009900990099;10;10
38;13.5899999999965;0.360000000000127;14.1600000000035;NA;NA;-599.393236766514;-612.39448078323;3.83166353771004;4.47645724641065;16.6123285390443;14.1981615835485;1261.04567620802;1278.00041940423;26.0024880334311;0.0297029702970297;18;18
39;11.9700000000012;0.339999999999918;12.5299999999988;NA;NA;-540.346647248986;-545.702949218989;3.52047252329881;3.57378039715389;11.3947313397917;11.1011117465534;1120.5923192269;1130.27680455119;10.7126039400055;0.415841584158416;11;11
40;12.4400000000023;0.460000000000036;13.25;NA;NA;-534.693953219874;-552.970005464824;3.5580693701246;6.16731865167543;12.0358740113904;7.57426666030212;1112.05554220299;1132.79107722775;36.552104489901;0.0495049504950495;12;12
41;13.1200000000099;0.450000000000045;14.1100000000006;NA;NA;-599.305559780067;-605.259637360517;3.84423967269155;3.92625127534423;17.6002095264301;17.1200989746121;1264.57267392339;1274.68148469486;11.9081551609006;0.96039603960396;18;18
42;12.2899999999936;0.360000000000127;13.2299999999959;NA;NA;-522.819255200919;-529.155055754985;3.63011424930278;3.89769765172896;10.9923993019052;9.90656388820506;1085.04691893383;1093.8257351816;12.6716011081321;0.396039603960396;13;13
43;12.5600000000122;0.450000000000045;13.429999999993;NA;NA;-556.937187396306;-564.28852332775;3.61253332532842;3.66988934451461;13.8566690443518;13.2732312490566;1163.55136155362;1176.16237404729;14.7026718628886;0.316831683168317;13;13
44;13.0299999999988;0.470000000000027;13.8999999999942;NA;NA;-589.893054837967;-599.799935700554;3.77271257760553;4.14907493859707;16.8331983778547;15.2075291305393;1242.39200246184;1256.15958850974;19.8137617251734;0.356435643564356;17;17
45;13;0.5;13.8600000000006;NA;NA;-598.584721561657;-610.644152280189;3.71996088131713;4.03952375498533;13.7919242064952;12.4870717504306;1247.60113376539;1266.94865841053;24.1188614370647;0.099009900990099;15;15
46;11.8600000000006;0.299999999999955;12.5299999999988;NA;NA;-549.154397389881;-558.143256941872;3.61173066847998;3.68627591210127;11.6024610646794;10.7878154885625;1139.4399649961;1154.52973423579;17.9777191039827;0.168316831683168;12;12
47;11.3600000000006;0.450000000000045;12;NA;NA;-528.371858005549;-537.310705572206;3.54150631490806;3.73162710102548;9.09739976821472;8.50606220739423;1087.68576828268;1103.55220765246;17.8776951333127;0.188118811881188;9;9
48;12.0899999999965;0.450000000000045;13.0100000000093;NA;NA;-559.587382539466;-567.66522788638;3.72917509854369;3.79066488841253;13.372766025893;12.6063057038389;1168.07375764511;1181.42680171236;16.155690693829;0.138613861386139;15;15
49;13.0400000000081;0.420000000000073;13.8099999999977;NA;NA;-616.109165560659;-627.325859879146;3.79946269586024;4.16771563391487;17.3894496890838;15.8440052144008;1297.39000588411;1314.03142258012;22.4333886369736;0.0792079207920792;18;18
50;12;0.529999999999973;12.7600000000093;NA;NA;-532.447838956227;-539.815079979193;3.64144851134821;3.73584791795922;12.5555629633762;11.6074795797432;1110.37335525904;1121.67377143758;14.7344820459323;0.168316831683168;14;14
51;11.8899999999994;0.400000000000091;12.5999999999913;NA;NA;-577.99956179066;-585.253815878511;3.59838195474664;3.65794832802758;12.5296936832381;11.7669431838355;1200.91882435713;1212.69282640156;14.5085081757034;0.158415841584158;13;13
52;12.5;0.470000000000027;13.5599999999977;NA;NA;-578.029080137854;-589.02789182329;3.74502180341155;4.12888497010759;15.3069740969528;13.6815068364061;1212.52374252661;1228.52521311672;21.9976233708721;0.128712871287129;16;16
53;11.4599999999919;0.569999999999936;12.6100000000006;NA;NA;-548.994085871695;-557.763977077522;3.65840000988476;3.75132540570849;13.1610241593416;12.2278063558859;1145.6588984177;1159.81845978443;17.5397824116533;0.148514851485149;14;14
54;10.2800000000134;0.309999999999945;11.0599999999977;NA;NA;-500.339260647168;-508.789552026617;3.47564828089364;3.54502277059487;8.271846408445;7.51053653075227;1028.81270364025;1043.12392123651;16.9005827588985;0.277227722772277;9;9
55;11.5;0.399999999999864;12.3499999999913;NA;NA;-533.538002291256;-543.432860704418;3.8373137934921;3.97586345828119;12.2160955572003;11.0996800656862;1111.32409236687;1127.07002528196;19.7897168263239;0.0594059405940594;14;14
56;12.3899999999994;0.529999999999973;13.320000000007;NA;NA;-561.189231382276;-570.044982387829;3.75392273594792;3.875769606616;15.7365556003012;14.5729036464268;1180.90573076301;1194.28938800991;17.7115020111073;0.386138613861386;17;17
57;12.6699999999983;0.470000000000027;13.7899999999936;NA;NA;-593.927470448653;-601.564235006415;3.71135847670536;3.79928268938005;15.9032520231701;14.8564373847941;1246.00693435575;1257.45267039383;15.2735291155243;0.188118811881188;15;15
58;11.7599999999948;0.580000000000155;12.6500000000087;NA;NA;-557.478184722356;-564.812967691588;3.63514813436337;3.80281835954735;12.187831645977;11.3137198722948;1158.65047438326;1170.1862973659;14.6695659384636;0.574257425742574;13;13
59;12.0899999999965;0.470000000000027;12.8400000000111;NA;NA;-539.225630003256;-548.299125652536;3.61421392910165;3.93425959360764;12.1025983716301;10.8332060937979;1121.83979856198;1135.43594267075;18.146991298561;0.128712871287129;13;13
60;12.3600000000006;0.409999999999854;13.25;NA;NA;-545.740094601998;-558.105384639053;3.5157820090057;3.91855889524547;10.9807881473038;9.528972508137;1129.92977829631;1149.57677839284;24.7305800741094;0.0198019801980198;11;11
61;11.4900000000052;0.450000000000045;12.3600000000006;NA;NA;-531.080772303917;-541.646719350507;3.52804133167206;3.80469538931448;10.1570102730306;8.8032011670479;1097.72664851163;1114.11813571087;21.1318940931808;0.0495049504950495;11;11
62;15.1399999999994;0.720000000000027;16.4399999999878;NA;NA;-551.348386281812;-561.820426013413;4.18945526463031;5.34998223861729;13.7795135599997;10.9924292139944;1153.52773702279;1164.19059830513;20.9440794632014;0.415841584158416;16;16
63;13.25;0.529999999999973;14.0899999999965;NA;NA;-546.766843502192;-564.746807528243;3.76106658902701;5.72040701199379;13.3929800402122;9.33393002016439;1142.50659434137;1163.62415871406;35.9599280521008;0.0693069306930693;15;15
64;13.2099999999919;0.380000000000109;13.9800000000105;NA;NA;-564.089116570423;-573.794979340421;3.91375628624812;4.5653299651022;14.8067431902731;13.1058073080458;1182.79852387779;1195.93570198907;19.4117255399963;0.227722772277228;16;16
65;11.5999999999913;0.470000000000027;12.5299999999988;NA;NA;-511.467771820171;-521.469260932551;3.58827895324778;3.74952523707411;13.2308342382895;11.8360636837209;1070.36887521439;1085.37151763318;20.0029782247602;0.0198019801980198;13;13
66;11.3999999999942;0.519999999999982;12.1600000000035;NA;NA;-517.800244616476;-525.267679194309;3.58858692900241;3.69190021095523;12.1861068829915;11.3691461310025;1079.2884107931;1091.29442682174;14.9348691556668;0.544554455445545;13;13
67;11.6399999999994;0.610000000000127;12.6600000000035;NA;NA;-576.099995555927;-585.640393690441;3.61951195117454;3.82565332475216;13.0798836235324;12.0470299331502;1199.5768175351;1214.91650024239;19.0807962690267;0.0198019801980198;14;14
68;12.5900000000111;0.449999999999818;13.5899999999965;NA;NA;-586.306450359751;-599.021015714505;3.64931979365088;4.14159072506062;13.7881014310416;12.074733138356;1222.55497260684;1241.77808845123;25.4291307095077;0.0297029702970297;14;14
69;12.2299999999959;0.550000000000182;13.5;NA;NA;-584.931635734328;-595.199413225283;3.75100358243391;4.09507260028292;14.098803162466;12.7766227679517;1221.41709882932;1237.11795550294;20.5355549819089;0.118811881188119;15;15
70;12.2799999999988;0.740000000000009;13.5800000000017;NA;NA;-588.555893006895;-600.377426722172;3.78886100753849;4.14142347016558;15.5593729011891;14.2607143068315;1234.9800775768;1253.79318465765;23.6430674305534;0.178217821782178;17;17
71;11.9400000000023;0.6099999999999;12.8600000000006;NA;NA;-531.323423227407;-544.197254569212;3.62207694849067;4.68580312218518;11.9215134280004;9.68998283627336;1105.38618466362;1123.13367679345;25.747662683609;0.277227722772277;13;13
72;13.6999999999971;0.519999999999982;14.6900000000023;NA;NA;-600.353227300846;-628.00768457557;4.07585470071039;7.37104888241287;16.84569795462;9.94444040814882;1264.72770810968;1293.80872992967;55.3089145494491;0.0198019801980198;20;20
73;11.75;0.590000000000146;12.570000000007;NA;NA;-503.834390886345;-511.782493340323;3.63249590881629;3.71021483586477;13.2125161052189;12.2760235800118;1055.03644174478;1067.57526497409;15.896204907957;0.099009900990099;13;13
74;10.7899999999936;0.480000000000018;11.5500000000029;NA;NA;-490.312840246498;-501.998202401964;3.75111834572492;4.74281486217324;10.3000117352353;8.30687254071356;1017.1396177991;1033.44458709326;23.3707243109332;0.247524752475248;12;12
75;11.2799999999988;0.369999999999891;12.1399999999994;NA;NA;-469.297607455897;-474.192427569464;3.51930041667282;3.5625431924968;10.3990541724126;9.74097866764241;975.007843451231;982.493210759999;9.78964022713251;0.742574257425743;11;11
76;11.0799999999872;0.460000000000036;11.8000000000029;NA;NA;-521.886517078008;-527.849550533954;3.50306238620742;3.64737812452374;10.1245981638567;9.50241227472648;1078.74215736299;1088.51927034481;11.9260669118923;0.633663366336634;10;10
77;12.890000000014;0.400000000000091;13.5800000000017;NA;NA;-500.237202907459;-509.834427457463;3.67991949166481;3.77229011679455;13.5047798856511;12.8422752551179;1049.39025483482;1066.18503679797;19.194449100008;0.0099009900990099;14;14
78;12.0299999999988;0.599999999999909;13.0299999999988;NA;NA;-536.258769960808;-542.079710335949;3.91187917429545;4.03472563094835;16.4357863853076;15.7394062614;1134.55942168714;1143.57260355448;11.6418807502826;0.940594059405941;19;19
79;11.1900000000023;0.360000000000127;11.8500000000058;NA;NA;-509.96113436644;-518.07157001694;3.57023670849618;3.70439682423247;10.7283569532405;10.0126016597227;1057.95470629293;1071.63819758061;16.2208713009989;0.158415841584158;12;12
80;12.6500000000087;0.460000000000036;13.7599999999948;NA;NA;-580.590322728828;-594.778613007326;3.65398898222938;5.29010591215823;12.0412462171064;8.80149919512006;1204.34923287204;1221.11112670995;28.376580556996;0.0099009900990099;13;13
81;11.3300000000017;0.440000000000055;12.1000000000058;NA;NA;-542.207977614811;-552.65961010562;3.62863511374691;3.93091386576767;12.6820840410882;11.4429202023929;1130.35190631245;1146.76677890575;20.9032649816172;0.0396039603960396;14;14
82;12.9499999999971;0.490000000000009;13.9600000000064;NA;NA;-612.541831523569;-627.970988760197;3.78706879365441;3.99374241200011;17.6545106706872;15.6637020430238;1291.72599083001;1315.06939177253;30.8583144732575;0.0099009900990099;19;19
83;11.429999999993;0.579999999999927;12.4300000000076;NA;NA;-538.135977641328;-550.224305629939;3.70884038003414;3.97972208481393;12.1477198477041;10.8387933712328;1120.27237846895;1139.70795384779;24.176655977222;0.0792079207920792;14;14
84;11.2799999999988;0.450000000000045;11.9900000000052;NA;NA;-540.709435357707;-550.975048552886;3.74037998110069;3.81917539737572;13.2071452507996;12.3955311932789;1129.25665322962;1146.84812117621;20.5312263903584;0.0396039603960396;14;14
85;12.2300000000105;0.549999999999955;12.9799999999959;NA;NA;-548.511182640109;-560.44400413959;3.6515046379923;3.84707433348842;12.9001411611505;11.6309332370885;1143.27014240663;1162.58559913508;23.8656429989619;0.0099009900990099;13;13
86;11.0399999999936;0.360000000000127;11.6599999999889;NA;NA;-494.846503987414;-502.802797056854;3.57593596972275;3.65973873442781;11.4983169185826;10.462631591643;1030.45498319226;1042.69602505829;15.9125861388807;0.138613861386139;12;12
87;10.4499999999971;0.470000000000027;11.3800000000047;NA;NA;-510.650479665457;-517.892798568698;3.54885521341061;3.60302056183301;11.4498248066465;10.8860847456058;1061.89102814856;1074.37718578095;14.4846378064822;0.138613861386139;12;12
88;12.6100000000006;0.3599999999999;13.4400000000023;NA;NA;-581.883635777701;-591.403347757147;3.79894946979701;4.00382248888567;15.2622664024227;14.1399544708146;1219.5754304591;1234.51099716854;19.0394239588927;0.0792079207920792;15;15
89;12.6900000000023;0.529999999999973;13.6600000000035;NA;NA;-558.001140144535;-576.040687212267;3.94414900420987;5.24253480876506;13.2315893223597;10.0750155704232;1164.38504468201;1188.92177905947;36.0790941354626;0.0198019801980198;15;15
90;11.3699999999953;0.410000000000082;12.1499999999942;NA;NA;-492.006091340148;-501.208786486849;3.72170233256902;3.76431537360687;11.629076062174;11.0839081706049;1025.70311545312;1042.15404626963;18.4053902934018;0.128712871287129;13;13
91;10.6600000000035;0.470000000000027;11.2900000000081;NA;NA;-525.587589430858;-534.806769463843;3.62268478052062;3.6904711467938;11.7484844460299;10.8663192793898;1093.729526007;1108.97258348623;18.4383600659717;0.0594059405940594;14;14
92;12;0.599999999999909;12.8899999999994;NA;NA;-516.893679960252;-527.373457844919;3.65524233238036;3.90021649931691;14.9688527355855;13.6009245533657;1088.00624735258;1104.01101163341;20.9595557693328;0.0198019801980198;14;14
93;12.570000000007;0.450000000000045;13.4399999999878;NA;NA;-538.527905995373;-551.147558261883;3.6195394106911;4.8884438235451;10.4725282851597;8.1116994875398;1113.72571254073;1130.69849777039;25.2393045330198;0.0099009900990099;11;11
94;11.75;0.470000000000027;12.679999999993;NA;NA;-522.938276013449;-531.340560999795;4.44632089433902;5.0914674577213;9.57775687096099;8.37100990449324;1080.21338288834;1092.6916928569;16.8045699726908;0.811881188118812;13;13
95;12.5;0.3900000000001;13.3300000000017;NA;NA;-543.392981040703;-551.158047101535;3.88769362836298;3.93195208082592;12.0375979112597;11.4191515583715;1129.94147010126;1143.25443508222;15.5301321216634;0.267326732673267;13;13
96;12.8000000000029;0.419999999999845;13.4699999999866;NA;NA;-564.849507943414;-578.654904538276;3.71750970450242;4.13279388656569;15.2094202993259;13.4620828872164;1185.804733938;1206.96981004878;27.6107931897229;0.0099009900990099;16;16
97;11.7600000000093;0.379999999999882;12.6600000000035;NA;NA;-557.291216614745;-565.11075078929;3.72122589503463;3.98277430365388;14.5069927565282;13.3116627297617;1168.09698075003;1179.32662072249;15.6390683490897;0.475247524752475;16;16
98;11.7000000000116;0.470000000000027;12.4199999999983;NA;NA;-552.257907017796;-563.25500678326;3.63735713901945;3.79987854608406;13.271515673029;11.6779827465435;1152.58675354175;1168.80899553615;21.9941995309273;0.0792079207920792;14;14
99;9.19000000000233;0.420000000000073;9.83000000000175;NA;NA;-437.225016483364;-445.92167782944;3.1980522234894;3.20291556616862;6.38434576518891;5.89585456019619;894.870138343973;910.701039098361;17.3933226921523;0.0396039603960396;6;6
100;12.7800000000134;0.430000000000064;13.5800000000017;NA;NA;-554.701151877267;-566.479488091581;3.6886111836577;4.31286094143488;14.1409059652283;12.1930932925057;1160.62227379897;1177.12374714811;23.5566724286291;0.0396039603960396;14;14
101;13.2999999999884;0.5;14.1599999999889;NA;NA;-555.045455225932;-562.346572799875;3.64697622036495;3.85929031566068;14.3230129648496;13.347130898099;1161.97049276502;1173.03797205293;14.6022351478875;0.504950495049505;14;14
102;11.4599999999919;0.289999999999964;12.0299999999988;NA;NA;-512.367481888021;-520.623955603709;3.56770309988558;3.7832110867667;10.8036336413784;9.67982711542395;1063.03426008752;1075.56327021011;16.5129474313758;0.287128712871287;12;12
103;12.3899999999994;0.519999999999982;13.2100000000064;NA;NA;-563.230476318985;-570.723011507122;3.74926363579648;4.2374632399176;14.5656945595375;13.063045856601;1180.19204403355;1189.63402448281;14.9850703762736;0.495049504950495;16;16
104;11.2200000000012;0.370000000000118;11.9899999999907;NA;NA;-534.890663796369;-542.919039151027;3.52282873098536;3.66827755143961;10.2701864484713;9.27570568529726;1105.74272157903;1118.31726534734;16.0567507093147;0.0891089108910891;11;11
105;12.1200000000099;0.559999999999945;13;NA;NA;-540.082072045939;-553.061688935114;3.72471914782184;4.58862974887767;13.5978090944923;11.2417375971005;1129.88603143668;1147.23003016095;25.9592337783515;0.0594059405940594;15;15
106;10.5899999999965;0.25;11.1999999999971;NA;NA;-538.930307645135;-548.353757449051;3.52908645674258;3.92433125118729;9.5709026052592;8.5047628816601;1111.37344401242;1126.48722048396;18.8468996078302;0.0693069306930693;11;11
107;12.1699999999983;0.340000000000146;12.8399999999965;NA;NA;-527.933781070771;-536.631812414222;3.62597472915597;3.65509016723206;14.7959075157441;14.0201314475888;1109.46002231348;1124.04613583094;17.3960626869009;0.128712871287129;14;14
108;12.5;0.3900000000001;13.4700000000012;NA;NA;-558.207754736492;-571.917214847076;3.69991453794706;4.84775427932577;13.0450436308988;10.215657527954;1163.66614147959;1180.83670337114;27.4189202211669;0.0594059405940594;14;14
109;10.6800000000076;0.279999999999973;11.3499999999913;NA;NA;-497.591392534548;-505.929721403006;3.58593345942963;3.69605980149349;12.08243817359;11.0709733088777;1038.49904810959;1051.54954384951;16.6766577369162;0.138613861386139;13;13
110;12.7700000000041;0.470000000000027;13.4400000000023;NA;NA;-552.811611198022;-562.410932036601;3.70927301355728;3.90450120531285;14.1356568905374;13.0131945648898;1157.31180947444;1172.40604396976;19.1986416771579;0.0891089108910891;15;15
111;8.5;0.269999999999982;9.10000000000582;NA;NA;-464.010409819952;-469.990750856613;3.23063787029604;3.57164378130417;5.65489544394056;5.07255289682114;946.107803821148;956.20588373989;11.9606820733233;0.534653465346535;6;6
112;11.75;0.579999999999927;12.7200000000012;NA;NA;-567.481945602515;-574.863837182796;3.55787696771171;3.56495215948041;12.2474479160751;11.3100729920796;1178.3815645886;1189.82231763163;14.7637831605623;0.316831683168317;12;12
113;11.8899999999994;0.419999999999845;12.8899999999994;NA;NA;-568.290046485872;-577.160844250669;3.56561836872792;3.71543398228478;12.0070695069682;10.6678665134582;1179.1456156602;1192.13968512845;17.7415955295937;0.148514851485149;12;12
114;11.2200000000012;0.5;11.9400000000023;NA;NA;-503.221071006632;-511.724510523388;3.4429102141063;3.6553761309252;9.37245106587099;8.43365833633977;1038.31969803826;1052.13355769817;17.006879033511;0.148514851485149;9;9
115;11.2200000000012;0.3900000000001;11.8300000000017;NA;NA;-529.187937186421;-535.225530483038;3.69136271527227;3.81255488031873;12.230337702421;11.7224522865442;1102.67554882734;1112.91111666834;12.075186593235;0.603960396039604;14;14
116;9.43999999998778;0.279999999999973;10.0500000000029;NA;NA;-465.203361045748;-474.064365780903;3.29917859164157;3.39812888929019;7.434446104395;6.5396101307036;954.758548929717;969.549487224857;17.7220094703092;0.0396039603960396;7;7
117;12.4799999999959;0.549999999999955;13.3600000000006;NA;NA;-562.81368040732;-572.391298921288;3.77745401577392;4.37790498472007;12.9423201709353;11.2354585164174;1172.50591676366;1185.4787067101;19.1552370279367;0.465346534653465;14;14
118;12.2799999999988;0.379999999999882;12.8500000000058;NA;NA;-552.39925736417;-558.674589885336;3.63651463309838;3.7319723185241;13.6223737849345;12.9887571175458;1154.14030222867;1164.39593562288;12.5506650423313;0.673267326732673;14;14
119;15.8299999999872;0.440000000000055;16.75;NA;NA;-588.238113515123;-604.109402014065;3.82488609517823;5.00064232933074;15.5729812031301;12.287384788724;1234.84019392994;1254.26910806039;31.7425769978838;0.108910891089109;18;18
120;12.6100000000006;0.3900000000001;13.2200000000012;NA;NA;-524.495398767543;-530.562392907642;3.62495983057898;3.71278883366143;12.2669447620394;11.7088766600301;1092.96852772344;1103.10180850124;12.1339882801976;0.693069306930693;13;13
121;12.2099999999919;0.399999999999864;13.2200000000012;NA;NA;-565.238998221814;-575.650106668849;3.64930405143907;3.86617629229889;13.8637927574598;12.6218024843171;1180.69423092573;1197.0178177644;20.8222168940711;0.178217821782178;14;14
122;13.4400000000023;0.599999999999909;14.25;NA;NA;-611.353878134874;-624.180840421055;3.80366556084302;4.1565870216327;20.3483566038636;18.4861391552626;1299.51882602593;1318.14324363956;25.653924572362;0.0594059405940594;19;19
123;11.6600000000035;0.5;12.820000000007;NA;NA;-548.210681405187;-555.643937987283;3.85995339801996;3.98050136722691;10.3537121088918;9.77124469164745;1132.67522463037;1145.50220906928;14.8665131641928;0.445544554455446;11;11
124;12.5900000000111;0.670000000000073;13.6900000000023;NA;NA;-575.914413575635;-588.161383402412;3.82750942481592;4.34050310049874;14.5048412653981;12.7095502463258;1205.33543808038;1223.20676557952;24.4939396535542;0.0297029702970297;16;16
125;11.9100000000035;0.619999999999891;13.2100000000064;NA;NA;-575.019108043332;-585.096607522419;3.68033601866817;4.04801129076831;13.5444070169433;12.1882622220957;1199.097599084;1214.34048732318;20.1549989581736;0.0594059405940594;14;14
126;12.1900000000023;0.480000000000018;13.0200000000041;NA;NA;-542.641894771688;-550.652891348246;3.68930444972676;4.10317490888058;13.8582784475002;12.5062332184223;1135.48005056751;1146.60478209522;16.0219931531155;0.297029702970297;14;14
127;12.8799999999901;0.5;13.6499999999942;NA;NA;-565.416084094093;-575.867273237698;3.69825353940985;4.11243990527819;14.5229205137495;12.6967880062067;1183.93682737881;1198.16175092417;20.9023782872114;0.148514851485149;15;15
128;11.3800000000047;0.559999999999945;12.4100000000035;NA;NA;-524.49687921439;-527.494934918629;3.5149299771896;3.53815131811265;11.2011636538337;10.6799430157984;1088.21499956997;1092.38603985513;5.99611140847992;0.891089108910891;11;11
129;10.1100000000006;0.529999999999973;10.8600000000006;NA;NA;-517.549373175831;-526.028653851878;3.54886777290001;3.6094063127065;10.2912183129077;9.57185691528953;1071.58151063779;1085.98990819899;16.9585613520951;0.366336633663366;12;12
130;11.5599999999977;0.330000000000155;12.3899999999994;NA;NA;-544.856944893905;-558.896031052418;3.59788915647746;4.34151300427097;11.4654803537612;9.45728368796921;1130.81832216758;1151.69698940436;28.0781723170255;0.0594059405940594;13;13
131;8.11000000000058;0.389999999999873;9.07000000000698;NA;NA;-444.405966022626;-450.782022325711;3.12446535437889;3.11305834388983;4.51331656804524;4.26554931225088;902.836178892511;914.818403301489;12.7521126061692;0.722772277227723;5;5
132;13.1699999999983;0.570000000000164;13.8899999999994;NA;NA;-556.026201952824;-568.852952682357;3.78436242735242;4.57886341430138;14.7787344428277;12.4067835326481;1166.5693737496;1183.47303422994;25.6535014590663;0.247524752475248;16;16
133;12.5500000000029;0.480000000000018;13.3699999999953;NA;NA;-551.509801899336;-563.414048801387;3.6997889891377;4.47248174607827;13.6103538149836;11.6964133730651;1152.7873622963;1169.59732197064;23.8084938041029;0.128712871287129;15;15
134;11.2900000000081;0.399999999999864;12.2699999999895;NA;NA;-491.884159569652;-500.551025822079;3.52709991624443;3.68225418950438;11.3874387507541;10.2003813015601;1023.64180862903;1036.81902062386;17.3337325048537;0.128712871287129;11;11
135;12.8899999999994;0.540000000000191;13.7900000000081;NA;NA;-558.445210105854;-569.853167484091;3.71620345990778;4.02784721180867;15.8535861095942;14.2808396318267;1175.37238828542;1192.38663087352;22.8159147564741;0.0198019801980198;16;16
136;11.8899999999994;0.579999999999927;12.6499999999942;NA;NA;-547.594277442147;-557.377565533075;3.91082893559646;4.13119154168717;12.2957377241911;11.1899552071444;1140.14927478373;1155.67243534191;19.5665761818564;0.257425742574257;15;15
137;12.3400000000111;0.539999999999964;13.1300000000047;NA;NA;-589.844834529048;-599.520735742792;3.73456987250243;4.01682403535682;15.1854225102698;13.8417185139267;1235.70686215827;1250.10190252124;19.3518024274895;0.0495049504950495;16;16
138;12.0899999999965;0.460000000000036;13.1399999999994;NA;NA;-573.234982313969;-582.343977518325;3.73269475097678;3.93478242790509;15.3599442296268;14.4569608990068;1203.59654271797;1218.45616495948;18.2179904087118;0.217821782178218;17;17
139;10.1600000000035;0.410000000000082;10.9400000000023;NA;NA;-486.19069197955;-492.430328431869;3.64951897829086;3.75604136722506;8.56907234539035;8.06187701666078;1001.97791132402;1012.70539362391;12.479272904638;0.861386138613861;10;10
140;12.5;0.470000000000027;13.3899999999994;NA;NA;-595.487567440267;-605.415413501676;3.72082109280508;3.99335957392641;15.3037735204475;13.8561490450039;1247.42891059053;1261.94449052861;19.8556921228176;0.207920792079208;16;16
141;12.5299999999988;0.450000000000045;13.2199999999866;NA;NA;-595.33915905193;-603.825656146034;3.78924370977075;3.96640115854968;14.8191796346409;14.0526643861348;1245.7936889654;1259.9158659536;16.9729941882092;0.455445544554455;17;17
142;11.8899999999994;0.529999999999973;12.7200000000012;NA;NA;-491.063098345524;-502.43129954245;3.46654595375006;4.74387611156349;10.4974501440431;7.85060355237129;1018.38310501523;1031.97762315094;22.7364023938512;0.108910891089109;10;10
143;11.1100000000006;0.440000000000055;11.9799999999959;NA;NA;-550.760074757412;-561.065393758112;3.64002909902163;3.93120613217415;12.3786350545705;11.072462786343;1146.35697384879;1162.23650730738;20.6106380014005;0.0693069306930693;14;14
144;11.1499999999942;0.450000000000045;11.7299999999959;NA;NA;-537.789629623591;-547.975944148381;3.59338347651651;3.70299159959142;10.3147535949916;9.50623144163302;1112.14545701248;1129.65184396669;20.3726290495799;0.0693069306930693;12;12
145;11.3800000000047;0.440000000000055;12.1399999999994;NA;NA;-502.371651063857;-510.06111030468;3.59988981132468;3.85222655514881;9.16852342802122;8.38515025114049;1036.41026018291;1049.08350356555;15.3789184816454;0.326732673267327;10;10
146;11.9900000000052;0.480000000000018;12.7700000000041;NA;NA;-547.122249226955;-555.302745797925;3.6040912181725;3.64899719064019;12.0804002112631;11.4155437609741;1137.55345527765;1151.53089830568;16.3609931419396;0.405940594059406;13;13
147;12.75;0.639999999999873;13.8100000000122;NA;NA;-573.6129901201;-592.720276079551;3.73898827036543;5.60067583306313;14.6118710549682;10.7078302120199;1200.65589688656;1224.59491326313;38.2145719189018;0.0396039603960396;15;15
148;12.4199999999983;0.300000000000182;13.0800000000017;NA;NA;-568.022938513124;-576.454951584933;3.69844297052426;4.04462679082623;14.8524394767464;13.5719448882978;1190.83473585549;1202.97517182067;16.8640261436169;0.465346534653465;16;16
149;11.0199999999895;0.5;11.8399999999965;NA;NA;-517.260124941675;-522.357520095198;3.57696188474209;3.64576514263667;11.9238526084365;11.2165104438527;1076.79076546949;1084.4780006285;10.1947903070454;0.712871287128713;12;12
150;12.3700000000099;0.3599999999999;13.5099999999948;NA;NA;-565.34898698714;-576.121487257858;4.02767444865738;4.58242675686324;15.0243036984477;13.269070030941;1186.57624056474;1201.59319050429;21.5450005414352;0.376237623762376;17;17
151;11.3099999999977;0.5;12.25;NA;NA;-540.268774041917;-548.179048329929;3.80973038350323;4.1586344851204;12.7161148058043;11.556494568498;1127.03542310503;1138.61569250068;15.8205485760247;0.524752475247525;15;15
152;12.1299999999901;0.360000000000127;12.7799999999988;NA;NA;-565.913812878747;-575.244226314298;3.67854614748863;4.18909687079989;13.5129731115272;11.7520126841408;1181.23930098221;1193.4609820041;18.6608268711007;0.108910891089109;15;15
153;11.7700000000041;0.5;12.6800000000076;NA;NA;-506.79436062898;-514.255679657019;3.54282145164417;3.63276109543809;10.8826380995211;10.3570031311712;1051.69463474558;1064.77674475626;14.9226380560765;0.425742574257426;11;11
154;11.9400000000023;0.470000000000027;12.5599999999977;NA;NA;-529.23840200516;-545.478264090162;3.70084933387882;4.95447595943968;11.9188418384116;9.1016278825808;1101.64820501029;1123.92365975221;32.4797241700028;0.0099009900990099;14;14
155;15.9900000000052;0.529999999999973;17.1399999999994;NA;NA;-584.237827621867;-596.492517048083;3.75369935605254;4.6018252144268;15.8948484984356;13.0868021842948;1227.10983529587;1241.26066979387;24.5093788524323;0.128712871287129;16;16
156;11.5299999999988;0.389999999999873;12.2099999999919;NA;NA;-550.92665830307;-558.06270370398;3.62446062695478;3.7646386272822;13.7396503804968;12.6644455755365;1151.61989327672;1161.99746996204;14.2720908018198;0.386138613861386;14;14
157;11.3600000000006;0.429999999999836;12.4699999999866;NA;NA;-595.750756136988;-604.668420003749;3.63803437607534;3.8848402606285;14.5880253382168;13.5639749400287;1244.34099955069;1258.46710024825;17.8353277335234;0.544554455445545;14;14
158;12.6600000000035;0.580000000000155;13.6399999999994;NA;NA;-592.188932276672;-603.797508004307;3.65188926056178;4.62792064522819;14.1040785145472;11.5175663556786;1235.464441382;1249.31295156191;23.2171514552708;0.138613861386139;14;14
159;11.7599999999948;0.329999999999927;12.679999999993;NA;NA;-560.371022975464;-571.207907097449;3.91659464991169;4.20469421485123;14.9659901006002;13.8381013545453;1176.83114921633;1194.27784875826;21.6737682439716;0.207920792079208;18;18
160;12.4400000000023;0.490000000000009;13.2299999999959;NA;NA;-581.211343789834;-590.335824377392;3.69907884851094;4.18074716489724;14.510369139015;12.9558784973548;1215.94969016819;1228.46432275367;18.2489611751173;0.188118811881188;16;16
161;9.19999999999709;0.420000000000073;9.97000000000116;NA;NA;-502.055590301751;-507.012787562049;3.27964084646958;3.29546231942135;6.70505338856541;6.35304166424267;1026.07385230313;1034.83521828126;9.9143945205966;0.732673267326733;7;7
162;10.4199999999983;0.3900000000001;10.8899999999994;NA;NA;-527.492572819745;-535.148073485165;3.59616764951721;3.71227388420944;10.3995062432561;9.54187142529318;1091.8517947989;1104.12244775154;15.3110013308392;0.514851485148515;12;12
163;11.0599999999977;0.329999999999927;11.8300000000017;NA;NA;-482.358130522193;-492.515257049858;3.57545439563115;4.59962615982849;9.77852152323138;7.75550276231784;999.381495514387;1012.52406934217;20.31425305533;0.247524752475248;12;12
164;12.9900000000052;0.350000000000136;13.7799999999988;NA;NA;-539.297311072437;-548.936403489838;3.63157575045205;3.85746456098259;13.6274037198485;12.435327818688;1127.44967901396;1142.45420049066;19.2781848348022;0.128712871287129;13;13
165;10.25;0.279999999999973;10.9799999999959;NA;NA;-515.971328302922;-523.678455272425;3.68165925112565;3.80179462211402;9.4679898800796;8.51671855103473;1065.5070444709;1077.54900500261;15.414253939007;0.445544554455446;12;12
166;12.5599999999977;0.559999999999945;13.5;NA;NA;-555.408902922511;-567.36069467154;3.72022502185421;3.95598538108904;15.0926479236283;13.6047049216304;1166.00573609015;1184.46849203969;23.9035834980593;0.0099009900990099;15;15
167;13.1499999999942;0.539999999999964;14.3899999999994;NA;NA;-601.498873452016;-613.172569044769;3.73941479951983;4.4877518811605;14.9614675368185;12.7080526049346;1257.70600160956;1272.81353278485;23.3473911855049;0.217821782178218;15;15
168;11.9099999999889;0.490000000000009;12.8100000000122;NA;NA;-543.625890255764;-552.707767217595;3.73487447039593;3.82615597581568;14.3753390360272;13.3891126768108;1139.81679176633;1154.37430033174;18.1637539236633;0.217821782178218;15;15
169;12.7099999999919;0.580000000000155;13.9199999999983;NA;NA;-584.079091946389;-592.538608840333;3.7189600586427;4.19108415006852;14.4197160420126;12.8831566871322;1220.88546456003;1232.18589974787;16.9190337878877;0.485148514851485;15;15
170;13.6399999999994;0.579999999999927;15.5100000000093;NA;NA;-581.778769318026;-592.036544954672;3.8339916144068;4.53429358500851;15.4207964639009;13.3707693453322;1220.44299787781;1233.39624623304;20.5155512732922;0.247524752475248;16;16
171;12.6699999999983;0.450000000000045;14.1999999999971;NA;NA;-547.427568696333;-556.027534161513;3.64010349213667;3.97271300933032;12.8710236137173;11.5610267329289;1140.99852637112;1153.50204018308;17.1999309303596;0.257425742574257;13;13
172;11.9199999999983;0.470000000000027;12.9100000000035;NA;NA;-547.627437383591;-556.420017790729;3.8130519180053;3.77767719534954;12.7749055112507;12.0582786984986;1141.5270357741;1156.5164927507;17.585160814275;0.475247524752475;14;14
173;10.2399999999907;0.440000000000055;11.1699999999983;NA;NA;-511.335676126673;-518.920641880604;3.45780948060501;3.95358214643134;10.0520736210804;8.48196866034966;1057.38998456371;1067.13696565605;15.1699315078619;0.178217821782178;10;10
174;9.08000000000175;0.460000000000036;9.9600000000064;NA;NA;-480.792816691199;-486.626735811065;3.48481131066958;3.72893967954876;7.32376094006819;6.86373120666225;986.495189915677;996.598376230662;11.6678382397325;0.881188118811881;9;9
175;12.5100000000093;0.460000000000036;13.1399999999994;NA;NA;-546.070820757628;-556.111788229617;3.80148997706086;3.93129841007158;13.5478123375722;12.5037244004845;1141.68071020906;1157.94482255932;20.0819349439776;0.297029702970297;15;15
176;12.8899999999994;0.639999999999873;13.7600000000093;NA;NA;-615.021499276031;-628.115221239861;3.82379832674461;4.61351010286013;16.3778318577084;13.8488392267322;1291.42336137173;1308.13272012876;26.1874439276608;0.108910891089109;18;18
177;13.4799999999959;0.320000000000164;14.2700000000041;NA;NA;-607.933933323807;-619.639215543976;3.80888352014443;3.98231525587142;17.3980706631756;15.9405293620613;1281.54218351497;1299.45081437257;23.410564440338;0.0198019801980198;19;19
178;11.7700000000041;0.389999999999873;12.5500000000029;NA;NA;-532.260515873702;-539.868053740954;3.60661153285837;3.63985812583015;12.6765883326157;12.1485599392283;1109.96735862138;1123.28942100442;15.2150757345037;0.257425742574257;13;13
179;15.9700000000012;0.7800000000002;17.4600000000064;NA;NA;-558.816217837901;-578.234000060337;3.96281673444436;6.50883121548265;12.9646861742922;8.05927357144097;1165.03923929683;1185.93762201457;38.835564444872;0.267326732673267;15;15
180;12.5800000000017;0.599999999999909;13.6399999999994;NA;NA;-563.610846239081;-574.087715848255;3.77806994685334;4.07642498585499;15.3868323596385;14.0749911979665;1184.44827267991;1200.52302305275;20.9537392183488;0.336633663366337;17;17
181;10.9499999999971;0.309999999999945;11.6499999999942;NA;NA;-502.140858380349;-515.027024306679;3.56525824224193;4.32725469490511;10.8976045053462;9.10743411141113;1042.9141433951;1062.34025242669;25.7723318526602;0.0099009900990099;12;12
182;12.3700000000099;0.529999999999973;13.6699999999983;NA;NA;-517.413617092686;-531.027008064757;3.68310353037082;4.9183024274296;12.0954231352913;9.38801532174233;1078.63823273014;1096.05847558485;27.2267819441438;0.168316831683168;14;14
183;12.2900000000081;0.5;13.4400000000023;NA;NA;-535.868715362682;-546.02916697361;3.72191337641195;3.78843580638164;14.2935612064206;13.5496976806955;1124.00341233482;1141.60429660591;20.3209032218554;0.198019801980198;15;15
184;11.7200000000012;0.240000000000009;12.5;NA;NA;-562.819270037331;-572.810640049215;3.63513057845911;3.74265501626211;14.2212933504782;13.0551974915118;1177.14968237316;1192.90869054325;19.9827400237684;0.0198019801980198;14;14
185;10.6900000000023;0.389999999999873;11.609999999986;NA;NA;-519.658036864999;-529.331294266442;3.74831940638513;4.11625721348766;10.9987875877647;10.1519094570857;1078.74738464864;1095.05779073367;19.3465148028858;0.0792079207920792;13;13
186;11.8800000000047;0.420000000000073;12.7200000000012;NA;NA;-510.683005350801;-517.409940330838;3.65341376747958;3.78373328549329;12.3956222950183;11.1291434220002;1065.30896795107;1074.27312165085;13.4538699600738;0.0792079207920792;12;12
187;11.679999999993;0.5;12.75;NA;NA;-547.968567367296;-555.879058897423;3.59626004232464;3.78106304566821;12.6414395857193;11.6091224912487;1141.25745125004;1153.37751582325;15.8209830602536;0.297029702970297;13;13
188;12.0899999999965;0.509999999999991;13.0299999999988;NA;NA;-539.423608545548;-551.315903970401;3.65166593100924;4.08104750342912;14.0616534378687;12.102114753306;1129.25908515513;1146.01861269568;23.7845908497072;0.0198019801980198;13;13
189;12.3399999999965;0.380000000000109;13.4099999999889;NA;NA;-557.451645524783;-568.03754857075;3.67231312929667;3.90612135464593;13.6722979149724;12.4318962194402;1164.42590942815;1181.1048394735;21.1718060919327;0.0693069306930693;14;14
190;12.6899999999878;0.450000000000045;13.7799999999988;NA;NA;-525.194873613802;-535.167165627552;3.63598096735407;4.04849925705037;12.1506885973712;10.8363419012891;1093.95069211679;1109.18326467807;19.9445840275007;0.0297029702970297;13;13
191;11.6300000000047;0.389999999999873;12.4499999999971;NA;NA;-509.180074496477;-519.420783562405;3.62559884062031;3.7485220024634;13.1772028802716;12.0091211074157;1066.08947683493;1082.33996990709;20.4814181318555;0.0198019801980198;14;14
192;11.8399999999965;0.539999999999964;12.8300000000017;NA;NA;-532.41395982743;-544.269031231808;3.67087367352088;3.7215223874765;13.1105946438976;11.9452531843884;1112.76825367318;1132.21719702213;23.7101428087558;0.0198019801980198;15;15
193;10.3100000000122;0.440000000000055;11.2200000000012;NA;NA;-482.477414461118;-491.956305967138;3.41538184090327;3.51883521624543;9.08054181062501;8.04377770846097;995.839543952608;1011.27108761497;18.9577830120407;0.128712871287129;9;9
194;11.609999999986;0.429999999999836;12.6299999999901;NA;NA;-546.925834710683;-554.931814600094;3.63753464959082;3.89379076722159;13.5063451651375;12.438677532301;1142.77318806163;1154.91793421879;16.0119597788221;0.485148514851485;14;14
195;8.70000000001164;0.340000000000146;9.47000000000116;NA;NA;-463.525597846401;-469.720196259512;3.21053117923907;3.20694515188392;5.99568384445837;5.81477654125555;946.228179586761;958.03875076663;12.3891968262211;0.376237623762376;6;6
196;10.25;0.299999999999955;10.7999999999884;NA;NA;-537.956072318258;-543.678697746424;3.60557702296495;3.74254599257711;10.7212723633424;10.1834369769657;1114.34854688804;1123.86562573686;11.4452508563315;0.396039603960396;13;13
197;12.5500000000029;0.420000000000073;13.5200000000041;NA;NA;-554.994803095301;-568.407279396593;3.69062174632038;4.04903450355989;16.1443431587216;14.1385338680013;1169.02317595287;1188.5136658567;26.8249526025845;0.0099009900990099;15;15
198;11.25;0.430000000000064;12.3999999999942;NA;NA;-536.985501127438;-546.91999704212;3.70401224278354;3.86272664955204;12.6091344955165;11.591181490036;1119.64272178506;1135.82457202848;19.8689918293649;0.0891089108910891;14;14
199;10.9199999999983;0.559999999999945;11.9799999999959;NA;NA;-549.366676770123;-556.398161507641;4.04917720048747;4.1227832669792;11.2862164096184;10.6747227360434;1140.00264751021;1151.82962298517;14.0629694750357;0.742574257425743;15;15
200;12.6999999999971;0.509999999999991;13.8399999999965;NA;NA;-568.625570130988;-579.458093294147;3.76962931161287;4.60770642600157;15.4364629384955;12.8468132082555;1194.6623061039;1206.69594847922;21.6650463263168;0.227722772277228;17;17
201;11.8099999999977;0.509999999999991;12.6900000000023;NA;NA;-540.924796799336;-548.931624388876;3.6655497651544;3.78523615517016;12.6678577469865;11.7260483730509;1127.73401542591;1140.33632991443;16.0136551790799;0.396039603960396;14;14
202;11.6699999999983;0.450000000000045;12.75;NA;NA;-568.551869146109;-575.565629503015;3.67592670153083;3.72695445787854;14.4803339970066;13.999077840641;1190.05267519161;1202.32042973835;14.0275207138127;0.613861386138614;15;15
203;12.1100000000006;0.350000000000136;12.8099999999977;NA;NA;-581.752949519919;-601.131304445367;3.7008905448975;5.82123624387549;13.0309992990248;8.74829204200249;1211.15518390873;1234.25170274763;38.7567098508948;0.0099009900990099;15;15
204;9.91000000000349;0.5;10.9199999999983;NA;NA;-527.237976112983;-534.127402558987;3.55162604051512;3.6712422419483;11.503437336595;10.5667586345112;1095.25607952196;1105.71437042987;13.7788528920078;0.128712871287129;12;12
205;11.4199999999983;0.419999999999845;12.3399999999965;NA;NA;-564.270278381499;-576.770906202362;3.6725934147967;4.0837000605491;14.4276924701457;12.8271577613251;1181.29700411867;1200.445728229;25.0012556417257;0.0297029702970297;15;15
206;13.1199999999953;0.3900000000001;13.8600000000006;NA;NA;-604.368125153157;-616.452512824436;3.89278606362522;4.59594908836195;18.5308106325378;15.8182467909966;1279.1616923634;1293.02150111854;24.1687753425576;0.237623762376238;20;20
207;10.5200000000041;0.569999999999936;11.4700000000012;NA;NA;-487.059081218417;-491.722470641294;3.40402099993658;3.40630316502069;9.55158846570349;9.26083521082585;1006.6050001171;1014.94286975365;9.32677884575423;0.465346534653465;9;9
208;11.9099999999889;0.410000000000082;13.0599999999977;NA;NA;-526.733993041769;-538.250141231768;3.59067597214411;3.97443328618748;12.5269552004331;10.9254444717646;1098.37786923481;1115.66865392747;23.0322963799983;0.0297029702970297;13;13
209;11.8499999999913;0.299999999999955;12.9499999999971;NA;NA;-515.601989538357;-523.20129914246;3.62047292330755;3.79537564910905;11.0935548192426;10.2051590283966;1070.53105710188;1082.58027910124;15.1986192082063;0.693069306930693;12;12
210;11.859999999986;0.470000000000027;13;NA;NA;-539.887158920117;-548.462154830759;3.62386697727087;3.92002883298059;12.3770781108441;11.2449904769712;1124.14688266692;1137.23827265394;17.1499918212828;0.475247524752475;13;13
211;12.4099999999889;0.460000000000036;13.7600000000093;NA;NA;-573.841470989947;-585.579197094353;3.72712243698394;4.20501243160231;14.3076711838497;12.5929266535046;1200.89591482351;1217.99390329595;23.4754522088117;0.099009900990099;17;17
212;12;0.470000000000027;13.4700000000012;NA;NA;-476.775479767787;-485.145269157802;3.40553012315918;3.6966886487838;9.39400424318764;8.45560886786662;985.501822170826;999.049733057351;16.7395787800305;0.138613861386139;9;9
213;12.6399999999994;0.3900000000001;13.3399999999965;NA;NA;-594.738470450839;-605.559509114022;3.77406673918576;4.43357007232672;15.637794907141;13.4992785118359;1248.08381471985;1261.71122237686;21.6420773263662;0.0693069306930693;18;18
214;12.8799999999901;0.380000000000109;14.3199999999924;NA;NA;-560.460538868208;-571.604975770231;3.72283317873716;4.08804445274424;14.740097910128;13.2619811842163;1175.29552206872;1192.13180145176;22.2888738040447;0.0594059405940594;16;16
215;10.8899999999994;0.639999999999873;12.0699999999924;NA;NA;-552.048449039099;-561.914123421672;3.75310098595046;4.18452907797894;12.1918423416599;10.8998889930794;1147.80538160049;1162.9050003887;19.7313487651461;0.237623762376238;13;13
216;11.0999999999913;0.529999999999973;12.2200000000012;NA;NA;-498.090984669336;-507.479391347882;3.55924472745484;3.94055577089485;10.1358961337953;9.06225346118328;1031.67314139289;1046.69055979215;18.7768133570934;0.346534653465347;11;11
217;12.6900000000023;0.440000000000055;13.6299999999901;NA;NA;-577.859668731915;-588.688363688443;3.73011632733706;4.00095915706943;16.1950555027235;14.8945013091153;1215.95185452364;1232.77223398986;21.6573899130558;0.0495049504950495;17;17
218;12.3600000000006;0.649999999999864;13.6100000000006;NA;NA;-569.322151913606;-582.075697157152;3.72185406376107;4.18111454958096;14.8195806713163;12.9373833020322;1193.31195048422;1211.87584176717;25.5070904870904;0.0297029702970297;16;16
219;10.9599999999919;0.580000000000155;12.0299999999988;NA;NA;-545.287995034483;-552.164736497455;3.49256318934089;3.81985442862312;10.8000176904773;9.72624106011129;1127.87792967621;1137.92271950873;13.7534829259439;0.207920792079208;10;10
220;9.07999999998719;0.480000000000018;9.97000000000116;NA;NA;-465.460125752009;-473.913955348578;3.3432274543779;3.38019546098625;7.65822441099513;6.74873799277871;956.516379859444;970.384257263899;16.9076591931375;0.0693069306930693;8;8
221;10.2800000000134;0.439999999999827;11.3500000000058;NA;NA;-520.819205268467;-528.434049077367;3.42974151367664;3.4718434322693;9.74130789113519;9.04742969784738;1074.77052143023;1087.64019235383;15.2296876178004;0.0792079207920792;9;9
222;9.75999999999476;0.479999999999791;10.8000000000029;NA;NA;-505.158495380987;-516.1153342695;3.56023418608544;3.95303249146421;10.9644474222443;9.5415039902564;1049.18637810474;1066.05566674889;21.9136777770267;0.0396039603960396;12;12
223;11.4499999999971;0.399999999999864;12.6399999999994;NA;NA;-517.670404281602;-526.005859520385;3.6225741470646;3.66146145773056;13.2270870505048;11.9684774210208;1083.25082254448;1095.36290576739;16.6709104775662;0.168316831683168;14;14
224;11.9199999999983;0.470000000000027;13.2899999999936;NA;NA;-555.75685093765;-568.485635758506;3.64881518168772;4.65543162857956;11.484733687834;9.02498897973396;1152.22752401788;1168.96520417119;25.4575696417137;0.0792079207920792;12;12
225;11.4800000000105;0.470000000000027;12.5899999999965;NA;NA;-557.179959741198;-564.715737073408;3.72193075239851;3.77659345575508;14.3938726351455;13.7657248056309;1166.4961635822;1179.2924953514;15.0715546644205;0.504950495049505;14;14
226;11.4100000000035;0.6400000000001;12.429999999993;NA;NA;-562.582087467107;-575.556708792687;3.68004519159193;4.37195935175102;11.96123822213;10.1623662489709;1168.04592890439;1187.54610801009;25.9492426511595;0.0297029702970297;13;13
227;11.5599999999977;0.519999999999982;12.7599999999948;NA;NA;-561.005040762184;-574.747886614962;3.63768880265113;4.34303914301106;13.7668372522641;11.5878583953368;1171.87513213721;1191.46831454713;27.485691705557;0.0099009900990099;14;14
228;12.2100000000064;0.320000000000164;13.1499999999942;NA;NA;-568.872898727808;-577.12987691846;3.67638021396841;3.73789276385241;14.474675797158;13.8134803560344;1190.67404452377;1204.77026691513;16.5139563813029;0.326732673267327;15;15
229;10.4800000000105;0.409999999999854;11.5500000000029;NA;NA;-504.357782037082;-511.884258444913;3.41450110747079;3.8440662138992;8.12889168345417;7.18851771594142;1036.36352918374;1048.21808452332;15.0529528156624;0.297029702970297;9;9
230;11.7199999999866;0.660000000000082;13.2200000000012;NA;NA;-576.462953153727;-588.93742275692;3.72249385968258;4.17921330055062;15.850044436867;13.7440871369398;1211.39480957741;1228.57512616885;24.948939206387;0.0099009900990099;16;16
231;12;0.470000000000027;12.9400000000023;NA;NA;-574.396448871005;-585.264243424922;3.73377666165023;3.83000302265767;17.1601554332945;16.1976112217321;1212.61480651602;1230.77050911874;21.7355891078328;0.0693069306930693;17;17
232;11.1300000000047;0.450000000000045;11.9499999999971;NA;NA;-515.577348264606;-526.533474446237;3.56875082372649;3.82562210522589;10.7175595062491;9.69857274048891;1069.14885672487;1087.44876185619;21.912252363262;0.0297029702970297;12;12
233;11.8799999999901;0.509999999999991;13.0300000000134;NA;NA;-586.255025531225;-597.050363858063;3.66045511574339;3.8595472762752;14.9569593404589;13.5321411916536;1227.20182105121;1243.58249313802;21.5906766536768;0.0099009900990099;15;15
234;11.1900000000023;0.710000000000036;12.4499999999971;NA;NA;-527.981640474726;-536.374342629511;3.55503917997146;3.71624390754031;10.9257134025801;10.045536352536;1094.22002402056;1107.92345958174;16.7854043095713;0.158415841584158;11;11
235;12.070000000007;0.490000000000009;13.0200000000041;NA;NA;-526.149822938231;-541.826360626198;3.71646147604719;5.51081744047326;12.0934835802689;8.61362812828593;1096.1036191323;1114.85226220045;31.3530753759342;0.0396039603960396;14;14
236;11.6699999999983;0.410000000000082;12.6499999999942;NA;NA;-540.177786314753;-547.974872784434;3.60967431517255;3.73074061811322;12.0445001126573;10.9870931842079;1123.53582545393;1135.33913135176;15.5941729393621;0.178217821782178;13;13
237;11.7900000000081;0.619999999999891;12.8699999999953;NA;NA;-562.215757229316;-574.041027688222;3.77298687167401;4.28484502829585;13.9572535466005;12.008656338675;1174.9862745509;1191.57877471347;23.6505409178126;0.227722772277228;14;14
238;12.4399999999878;0.490000000000009;13.6000000000058;NA;NA;-531.898830456234;-542.639645413382;3.77000890968659;4.15248631457222;13.9783456027687;12.3695294702085;1114.42881883156;1130.08313369834;21.481629914296;0.0297029702970297;14;14
239;10.3600000000006;0.3599999999999;11.1999999999971;NA;NA;-546.463728060529;-556.09516879831;3.58946399378061;3.80769638208578;9.50146775046522;8.45407157534448;1126.19715642659;1141.79254591432;19.2628814755615;0.0594059405940594;11;11
240;11.6299999999901;0.300000000000182;12.3099999999977;NA;NA;-543.189020414953;-555.658311404491;3.66411772909472;3.87770047645645;12.6064979800747;11.3043953462366;1132.04021060123;1152.26242871622;24.9385819790768;0.0297029702970297;14;14
241;11.5500000000029;0.629999999999882;12.7899999999936;NA;NA;-552.334113891923;-563.205186787006;3.64895744780953;4.05189687474881;11.2240504226921;9.57885572612365;1143.96960769526;1159.95105040917;21.742145790166;0.108910891089109;11;11
242;11.5800000000017;0.539999999999964;12.8699999999953;NA;NA;-569.829211724331;-578.601295287846;3.70796038311768;3.82915462801726;15.5350104777951;14.6171132701753;1196.96520441965;1211.1233593965;17.5441671270282;0.099009900990099;16;16
243;10.8500000000058;0.450000000000045;11.8000000000029;NA;NA;-513.026658748674;-521.04913628783;3.54601997675389;3.56152513493915;11.0998232054457;10.4848521531133;1065.40261719242;1079.26747626432;16.0449550783117;0.0495049504950495;12;12
244;11.359999999986;0.3900000000001;12.3299999999872;NA;NA;-539.083596799597;-546.825194531872;3.60516475296325;3.80324042973552;12.0114091838712;11.068860983682;1121.22881346602;1133.33291729516;15.4831954645501;0.475247524752475;13;13
245;11.7899999999936;0.470000000000027;13.0099999999948;NA;NA;-532.616745840365;-541.274986452083;3.74368605125514;3.86355428304283;12.7879480426391;11.7321457233431;1111.99403284797;1125.4498565483;17.3164812234347;0.603960396039604;15;15
246;11.1999999999971;0.450000000000045;11.9700000000012;NA;NA;-526.52140531292;-534.424839378125;3.58246590711142;3.64823032631142;12.527534586115;11.9399450759411;1097.45340201504;1111.17724275793;15.8068681304112;0.247524752475248;12;12
247;11.6800000000076;0.519999999999982;12.8500000000058;NA;NA;-559.056015612417;-568.251002953208;3.72918771367629;3.87885256917641;14.4741513170929;13.5759785659807;1171.94417560905;1186.99367359113;18.3899746815805;0.396039603960396;17;17
248;12.4900000000052;0.430000000000064;13.5599999999977;NA;NA;-569.230045201779;-585.437293053252;3.79406350457112;5.25822826300285;12.4418328756772;9.06786996791965;1183.06480493267;1203.38344194372;32.4144957029469;0.0297029702970297;13;13
249;16.8799999999901;0.639999999999873;18.5;NA;NA;-630.521537518079;-662.537654232902;3.91149070556068;6.97007256029969;20.0499620425808;11.4458982389766;1337.24197793775;1368.57488650396;64.0322334296479;0.0198019801980198;20;20
250;11.9400000000023;0.470000000000027;13.2299999999959;NA;NA;-547.482512449557;-558.970729503481;3.84937909208063;5.00119330241596;12.7011683188049;10.1879979982278;1140.97010140681;1154.8435467208;22.9764341078483;0.198019801980198;14;14
