1;75;2.13000000000011;77.739999999998;NA;NA;-3124.42680374343;-3275.1989137187;6.35170510317631;8.6939980641837;149.253035676315;108.486699653895;7035.02601250139;7121.83846308355;301.54421995054;0.0693069306930693;94;94
2;75.8600000000006;1.77999999999997;78.3199999999997;NA;NA;-3206.92504036169;-3278.37325288817;6.26016440021631;7.11596680588181;155.709913710164;137.907675445612;7234.85718345615;7283.88826807264;142.896425052963;0.277227722772277;95;95
3;71.2799999999988;1.75;73.7300000000032;NA;NA;-3106.03581856059;-3254.31091045195;6.85503545154946;9.3511559210981;131.893019683826;95.5891296409846;6903.19771537782;7009.51368349912;296.550183782727;0.277227722772277;89;89
4;50.9699999999939;1.33000000000015;53.0800000000017;NA;NA;-3070.93821668367;-3098.46790122407;5.80459527635907;6.04158968036838;156.743136465865;152.35488591991;6964.96003954036;6996.97599399012;55.0593690808091;0.227722772277228;91;91
5;50.3199999999997;1.47000000000003;52.2799999999988;NA;NA;-3148.96185910485;-3193.92322738618;5.59520667470812;6.04695620288832;168.496354136419;160.909028184599;7186.34951098275;7236.26677616105;89.9227365626602;0.0099009900990099;95;95
6;65.3199999999997;1.69999999999982;67.9199999999983;NA;NA;-3016.61399063811;-3119.29015093982;5.57572608298377;6.81009617531313;156.993924323303;130.438001863374;6856.76113654998;6922.81072484132;205.352320603407;0.0099009900990099;90;90
7;72.9699999999939;1.63999999999987;75.3199999999997;NA;NA;-3222.45592859592;-3339.09297767351;8.20811580513693;10.5494530829098;109.623134916173;85.6805370358034;7020.56070052378;7128.10833786632;233.274098155176;0.534653465346535;91;91
8;71.75;1.82000000000016;74.8099999999977;NA;NA;-3062.5309619598;-3240.48095010597;5.94599364035725;8.80866726954447;152.074785359867;103.139973573063;6921.9414726587;7021.4205660149;355.899976292342;0.0099009900990099;89;89
9;76.1500000000015;1.72000000000003;78.8300000000017;NA;NA;-3271.69531391697;-3492.77135847713;9.35068444876795;15.1046775334797;97.8860087165824;61.6815864330576;7057.94082130937;7309.77978258941;442.152089120325;0.0693069306930693;92;92
10;77.0800000000017;2.22000000000003;80.0699999999997;NA;NA;-3253.76004373697;-3455.47759482426;5.82912235676486;8.68653357835438;172.310407643709;115.787236588747;7417.85109350047;7522.66932235963;403.435102174597;0.0495049504950495;97;97
11;52.5900000000038;1.37999999999988;54.4800000000032;NA;NA;-3040.80443201329;-3096.99523668701;5.64166043018456;6.23896876693788;158.060495653229;148.228099189361;6911.61013673997;6972.36023914377;112.381609347432;0.0099009900990099;91;91
12;53.0599999999977;1.25;54.9499999999971;NA;NA;-3224.84996461942;-3254.66370926811;5.62060788234785;5.85754980008136;174.986004111435;170.584175419135;7373.25967487483;7409.6547244806;59.6274892973688;0.0099009900990099;96;96
13;72.1100000000006;2.05999999999995;74.9099999999962;NA;NA;-3069.49476484744;-3178.95476407897;6.09115317546642;7.71474351969277;147.952669956419;119.774483594025;6915.91297193554;6986.86474818794;218.919998463044;0.0099009900990099;91;91
14;77.3400000000038;1.83999999999992;79.9200000000055;NA;NA;-3200.65613146419;-3361.33859885823;6.00231603226643;8.25534094135429;163.88556878894;119.746764035952;7266.28495027391;7354.68940632342;321.364934788062;0.0198019801980198;96;96
15;77.6899999999951;2.31999999999994;81.2699999999968;NA;NA;-3177.93660772439;-3398.89996292329;5.90821271768218;9.35370544795645;163.718631434412;106.516352180143;7218.24140539712;7358.86199327712;441.926710397797;0.0099009900990099;94;94
16;53.0699999999997;1.38000000000011;55.0299999999988;NA;NA;-3165.69446540426;-3198.67518619297;5.60939867357582;5.87774345687309;168.673967548903;163.276199269068;7218.95674901331;7256.51496106501;65.9614415774313;0.0198019801980198;93;93
17;69.1999999999971;1.88999999999987;71.8399999999965;NA;NA;-3169.36296580455;-3245.07915076769;5.8242851280795;6.66135203148701;165.166268355025;146.748773179597;7210.45803135161;7264.68458618517;151.432369926282;0.0297029702970297;96;96
18;78.7300000000032;2.24000000000001;81.75;NA;NA;-3179.32764206815;-3384.86760469637;6.15432126381528;9.41143774142161;154.688656496512;103.016221048705;7173.45916772409;7312.3607572778;411.079925256442;0.0099009900990099;94;94
19;78.3199999999997;2;81.0400000000009;NA;NA;-3196.43072282706;-3340.6516304316;5.61210570130491;7.36761342760247;173.73041316578;134.564785937443;7309.79429984081;7391.5236016443;288.441815209083;0.0099009900990099;96;96
20;55.1300000000047;1.21000000000004;56.7200000000012;NA;NA;-3257.37036857878;-3289.39187784767;5.78090718743113;6.05182902083515;174.70455990087;169.564733227866;7436.815046602;7473.73054120529;64.0430185377791;0.168316831683168;96;96
21;52.25;1.21000000000004;53.9800000000032;NA;NA;-3090.68965077754;-3147.29466882854;5.66317783405631;6.32773680452013;161.844493894787;149.781041393477;7033.01021071128;7082.74197347806;113.210036101999;0.0198019801980198;93;93
22;77.239999999998;1.75999999999999;79.5299999999988;NA;NA;-3226.24077605366;-3310.61847082679;6.81824449867677;8.03399763442977;140.733450300394;121.782904511766;7194.52269473991;7263.35809639067;168.755389546251;0.297029702970297;95;95
23;68.25;2.08999999999992;71.1699999999983;NA;NA;-3185.76161654237;-3243.66606167443;5.71703988415798;6.36912950563746;168.559726112217;155.083135859865;7259.39130669378;7304.21387951331;115.808890264114;0.0099009900990099;94;94
24;47.6800000000003;1.26999999999998;49.6900000000023;NA;NA;-3021.1686960869;-3054.19763492576;5.58001198511871;5.8436539495472;157.998708158769;153.32279845623;6872.01420874254;6913.5181269495;66.0578776777329;0.0099009900990099;91;91
25;76.9400000000023;2.1099999999999;79.9399999999951;NA;NA;-3287.34299935929;-3357.06047264411;7.68864297838886;8.83046423406857;126.318769852258;112.289082858521;7240.05491830689;7305.59017690378;139.434946569652;0.504950495049505;94;94
26;47.5;1.12000000000012;48.9100000000035;NA;NA;-3039.05988363517;-3074.36659379361;5.49119086693567;5.77441484959002;161.103943138031;155.522684466055;6923.21258975617;6964.54875246997;70.6134203168776;0.0099009900990099;90;90
27;77.9000000000015;1.92000000000007;80.5599999999977;NA;NA;-3185.56251853849;-3368.22874734175;5.58602158511135;7.90662056296163;174.478808143024;125.349476439852;7292.9118932463;7398.68977973698;365.332457606523;0.0099009900990099;97;97
28;77.0900000000038;1.81999999999994;79.7699999999968;NA;NA;-3183.69731233726;-3342.8495393728;6.21575506841579;8.52715273265817;157.023319438941;113.146344068163;7193.65635946942;7281.078764193;318.304454071094;0.0693069306930693;93;93
29;82.6399999999994;1.98000000000002;85.5199999999968;NA;NA;-3280.88328004101;-3512.63977415898;5.94530398701195;9.28820283749561;172.924368885615;111.279525481877;7477.10577285574;7614.31459241746;463.512988235945;0.0198019801980198;99;99
30;57.3100000000049;1.72000000000003;59.4000000000015;NA;NA;-3245.2192013716;-3292.49222401485;5.75697975007111;6.17690301034637;174.061977950456;164.731986399047;7410.91574177597;7456.12277634019;94.5460452864991;0.0594059405940594;98;98
31;46.8700000000026;1.22000000000003;48.739999999998;NA;NA;-2971.29030287181;-3006.23375014954;5.53960299227833;5.86466658271;153.923554254388;147.651154871359;6748.27816292289;6785.3328058776;69.8868945554532;0.0099009900990099;88;88
32;69.6900000000023;1.94000000000005;72.3600000000006;NA;NA;-3161.95264507658;-3242.91950342452;5.76883314475289;6.74032115531413;166.145710130671;144.905925068716;7199.93691110546;7249.8802350198;161.933716695885;0.0099009900990099;95;95
33;53.3399999999965;1.25;55.1699999999983;NA;NA;-3156.57858616115;-3200.72328945556;5.66765421981039;6.12197433313726;167.362953369626;158.042702078231;7194.72138952376;7233.91749399049;88.2894065888149;0.0594059405940594;94;94
34;70.2900000000009;1.78999999999996;73.0500000000029;NA;NA;-3147.29491858;-3229.00898566742;5.6204512543838;6.61264739602418;168.109353965874;144.282299454077;7180.97510546542;7218.77102698746;163.428134174855;0.0693069306930693;95;95
35;71.0299999999988;1.94000000000005;73.8600000000006;NA;NA;-3131.90985577314;-3168.17551538695;5.77482153504261;6.16289892489449;162.732653573341;154.812343377126;7121.85540912526;7152.62554069308;72.5313192276053;0.0891089108910891;95;95
36;71.0199999999968;1.72000000000003;73.4799999999959;NA;NA;-3168.86449115844;-3239.32864644207;5.98424245621331;6.8625854759301;159.404456375184;142.976611219235;7179.05077791234;7233.27445989735;140.928310567262;0.0396039603960396;96;96
37;70.489999999998;2.01999999999998;73.3600000000006;NA;NA;-3070.11974882966;-3199.78178652792;5.5126721440536;7.16872972138266;163.839467896952;128.86292963055;7003.24417913319;7078.33354812404;259.324075396509;0.0099009900990099;94;94
38;79.9599999999991;2.22000000000003;83.1300000000047;NA;NA;-3235.46665928954;-3536.2639044342;6.62302485019637;12.3868237641549;151.617236628612;82.1088614557432;7269.55886761298;7505.02635599115;601.594490289315;0.0198019801980198;94;94
39;75.0299999999988;1.9699999999998;77.9000000000015;NA;NA;-3202.05083185756;-3350.73868731748;5.62888172234505;7.54321027501171;173.204958716148;132.971620624344;7318.26121851532;7403.28913806272;297.375710919843;0.0099009900990099;96;96
40;77.3600000000006;2.41999999999985;80.8300000000017;NA;NA;-3283.22719147665;-3360.83113582091;7.90744611637613;9.17113345054455;123.113617993555;105.030687108663;7216.23653150756;7276.00440410331;155.207888688521;0.455445544554455;96;96
41;74.7799999999988;2.16000000000008;77.6700000000055;NA;NA;-3084.14939761073;-3263.03099492893;5.63992551562835;8.21058307765703;161.823638950876;112.830240019031;7019.81996499502;7119.77832567702;357.763194636404;0.0099009900990099;93;93
42;68.2900000000009;1.8900000000001;70.8399999999965;NA;NA;-3044.17841939903;-3155.63798258529;5.6652006006383;7.15195688164148;157.312255851515;125.115266573581;6913.55984574909;6967.58525037624;222.919126372508;0.0891089108910891;90;90
43;79.7900000000009;2.32999999999993;83.0900000000038;NA;NA;-3103.50095579553;-3355.15108189465;5.74157566956618;9.91617860757209;160.827138561486;96.2590596113842;7053.27946440757;7216.82041769206;503.300252198243;0.0099009900990099;93;93
44;80.0800000000017;2.04000000000019;83.1100000000006;NA;NA;-3204.35385489247;-3383.36536282988;6.85438801454005;9.9122193367234;141.355542930969;97.2285031309634;7151.76101145291;7277.82465780911;358.023015874805;0.0594059405940594;92;92
45;80.4099999999962;2.25999999999999;83.4099999999962;NA;NA;-3185.47399706444;-3360.5032916144;5.91494344049555;8.39132499352872;162.845884487944;115.377404829622;7228.71909455897;7328.74317919293;350.058589099911;0.0495049504950495;94;94
46;73.2000000000044;2.11999999999989;76.4499999999971;NA;NA;-3202.1914020423;-3305.91635065553;5.65749030001244;6.90939395816144;171.761882162171;145.77125451513;7310.02665086226;7380.43652671652;207.449897226452;0.0099009900990099;95;95
47;75.010000000002;1.94000000000005;77.8099999999977;NA;NA;-3109.3887124336;-3201.31954850221;6.4068825167624;7.73449795402605;143.152041947292;119.5075663069;6971.27425098311;7030.84574442263;183.861672137229;0.376237623762376;92;92
48;80.2000000000044;2.05999999999995;82.9599999999991;NA;NA;-3203.5925702578;-3369.62655986588;5.93591979047644;8.34534456810478;165.913128716399;118.881676874837;7280.22533638135;7364.81231005398;332.067979216157;0.0198019801980198;93;93
49;54.0699999999997;1.20000000000005;56.0999999999985;NA;NA;-3195.64494440843;-3244.7597108404;5.64341410626776;6.06787194122717;171.613697575739;164.019262619856;7296.15240706458;7354.33898510659;98.2295328639293;0.0099009900990099;95;95
50;56.6100000000006;1.50999999999999;59.010000000002;NA;NA;-3146.87595423189;-3207.9007413792;5.64969413254144;6.27747286959369;167.193382055705;154.843229571785;7176.18292451837;7233.04955035642;122.049574294607;0.0099009900990099;96;96
51;81.4300000000003;2.63999999999987;85.25;NA;NA;-3126.03132707066;-3361.89263602104;5.86346244091191;9.67842852847438;160.353148322765;99.091120082847;7095.84605514446;7245.20591882862;471.722617900755;0.0099009900990099;93;93
52;54.3300000000017;1.22000000000003;56.1599999999962;NA;NA;-3138.77974514396;-3184.96183159272;5.59308817034338;6.01636957741531;168.173447040453;160.911862033451;7163.39288536946;7217.50753306767;92.3641728975099;0.0099009900990099;94;94
53;76.5699999999997;2.00999999999999;79.3100000000049;NA;NA;-3144.82342356352;-3282.16495076061;6.05293261051207;8.02755716742806;155.180840136636;116.544364990261;7104.52658214139;7176.32324539705;274.683054394194;0.287128712871287;91;91
54;50.4300000000003;1.19000000000005;52.2999999999956;NA;NA;-3116.69905303295;-3136.31950286024;5.71716920412287;5.81114851584748;163.121565508922;160.976502587837;7090.86726016793;7118.83236509421;39.2408996545846;0.762376237623762;92;92
55;65.4499999999971;1.61000000000013;67.5999999999985;NA;NA;-3113.70863419594;-3148.01172015561;5.732624630268;6.03192406850413;162.225406544732;156.078688501457;7080.17564947891;7116.47082006235;68.6061719193258;0.0396039603960396;92;92
56;75;2.11999999999989;77.9700000000012;NA;NA;-3093.314573122;-3311.97688197744;5.72718727171489;9.12709291620238;160.641085400328;102.404880322761;7031.92768136907;7162.81152323089;437.324617710874;0.0099009900990099;93;93
57;77.6100000000006;1.88999999999987;80.1900000000023;NA;NA;-3253.26398095477;-3313.38052801037;6.76251144670137;7.4744632435062;148.247692467673;132.580141362578;7289.73353184969;7327.19357844443;120.233094111199;0.594059405940594;97;97
58;69.8900000000067;1.77999999999997;72.4499999999971;NA;NA;-3012.59709599509;-3193.78835895662;5.73959747547887;8.51183491255614;153.500348173337;104.773674089966;6830.40131456955;6937.1813907364;362.382525923047;0.0099009900990099;90;90
59;73.3899999999994;1.86999999999989;76.0799999999945;NA;NA;-3170.8611284113;-3295.97293354426;5.91577396515145;7.55615407993976;162.958964930862;128.390758989374;7200.08899487818;7268.22874012313;250.223610265922;0.0198019801980198;94;94
60;77.2799999999988;1.69000000000005;79.6600000000035;NA;NA;-3155.37618400655;-3296.40027281786;5.79709061045248;7.66425964540752;165.031541691877;126.937298712948;7180.90934566175;7262.09912375341;282.048177622623;0.0099009900990099;95;95
61;55.5499999999956;1.30999999999995;57.4199999999983;NA;NA;-3098.64674692858;-3147.54656619482;5.64341556502074;6.14920383509329;163.414530153854;154.734067002635;7058.92450211642;7110.95491676103;97.799638532485;0.0198019801980198;95;95
62;75.1900000000023;2.11000000000013;77.9000000000087;NA;NA;-3213.08589024749;-3347.05301564752;6.37011966905627;8.34963832204767;154.047976710643;117.123257507502;7236.77716658271;7310.41236260152;267.934250800067;0.217821782178218;93;93
63;65.9700000000012;1.47000000000003;68.0499999999884;NA;NA;-3151.83647190339;-3202.15347299334;5.80376355279434;6.3615114843372;164.381264355691;153.452888610106;7168.65242035597;7211.7809594346;100.634002179916;0.0297029702970297;93;93
64;79.7200000000012;1.52999999999997;81.8400000000111;NA;NA;-3187.2070648203;-3445.64035033345;5.76143895052873;9.79088463914119;168.667119043525;101.588523271899;7262.84788259215;7426.38602231508;516.866571026292;0.0099009900990099;94;94
65;73.8499999999985;2.29999999999995;76.6299999999901;NA;NA;-3258.5364755047;-3369.57898943116;5.75667700952743;7.1203716687464;175.043004691227;144.737888150772;7441.84050705837;7503.820944566;222.085027852917;0.0198019801980198;97;97
66;56.1399999999994;1.61000000000013;58.2100000000064;NA;NA;-3071.66729271105;-3175.55183639102;5.5174972704115;6.86248730875324;163.607258319238;138.298500695214;7001.55889091729;7076.56742010908;207.769087359953;0.0099009900990099;90;90
67;72.1900000000023;1.91000000000008;74.7200000000012;NA;NA;-3038.86762539471;-3302.75578925204;5.70801164239133;10.4201145554182;154.967716255708;88.2070169763593;6888.89837025926;7067.22244821587;527.77632771466;0.0099009900990099;88;88
68;76.4800000000032;2.1099999999999;79.3400000000111;NA;NA;-3244.75685014834;-3348.18843394721;5.80527559802375;7.11641966965804;172.364871468715;144.281963504698;7401.89132975838;7460.1034597156;206.863167597747;0.0198019801980198;99;99
69;74.8600000000006;1.93000000000006;77.3899999999994;NA;NA;-3124.69535031271;-3280.11185023404;5.83286292862648;8.12479271480713;160.518085184344;116.852706115504;7094.0420046755;7175.10638168677;310.832999842645;0.0099009900990099;93;93
70;72.3600000000006;1.90000000000009;74.8600000000006;NA;NA;-3232.32154631763;-3333.45674950493;5.60755696330857;6.75845228240057;176.151727561489;153.574077642253;7394.35541749311;7477.46310155541;202.270406374588;0.0099009900990099;96;96
71;80.4700000000012;2.30999999999995;83.9400000000023;NA;NA;-3339.1763237477;-3562.18560718557;7.91968190218649;12.3909507623281;126.287419035192;80.4290248845625;7344.22462406507;7548.44697886619;446.018566875748;0.0693069306930693;95;95
72;51.4300000000003;1.58000000000015;53.4700000000012;NA;NA;-3176.20021225937;-3218.77845975767;5.63479122153145;5.99689055058251;169.225160627772;162.980811229865;7242.86863835382;7295.16716687376;85.1564949966096;0.0099009900990099;93;93
73;80.1500000000015;1.98000000000002;82.9800000000105;NA;NA;-3254.42490787655;-3467.68751795682;6.73599908918959;10.2428685502501;147.109121715964;95.7387983105149;7286.0402164878;7441.17150969364;426.525220160544;0.148514851485149;97;97
74;68.6699999999983;1.45000000000005;70.7900000000081;NA;NA;-3144.83562806202;-3214.95438794668;6.58336350454153;7.48277780407954;142.243581695835;125.207225242371;7038.9222057812;7089.42276800716;140.237519769333;0.792079207920792;94;94
75;72.3300000000017;1.86999999999989;75.179999999993;NA;NA;-3125.9678401306;-3255.43350144958;7.30597095959181;9.52973178222056;125.105765360397;95.2803003736506;6908.19512555042;7010.67288226908;258.931322637945;0.0495049504950495;90;90
76;73.5;1.8900000000001;76.0600000000122;NA;NA;-3155.66091524052;-3416.28588859204;6.92213019009458;12.2463915463791;132.903064938772;76.268920691358;7008.48307978637;7232.65085780463;521.24994670304;0.0099009900990099;90;90
77;75.3099999999977;2.66000000000008;78.7799999999988;NA;NA;-3154.20035924451;-3396.00256105102;5.90331904718431;9.7514157055519;161.778624078276;98.0864958920452;7159.68501856159;7308.13940422839;483.604403613011;0.0198019801980198;93;93
78;78.5299999999988;1.95000000000005;81.0299999999988;NA;NA;-3211.42139664806;-3485.92859069745;5.93662478578269;10.4122815522721;166.397147607264;96.3230715812784;7298.42991206395;7478.71226833291;549.014388098763;0.0099009900990099;93;93
79;73.260000000002;2;75.8300000000017;NA;NA;-3091.8279227254;-3312.1060274638;6.53205590670279;10.6818028403971;137.709211328243;84.3849145108551;6907.54174356173;7067.79203798409;440.556209476801;0.0495049504950495;92;92
80;66.8499999999985;1.6400000000001;69.1800000000076;NA;NA;-3121.25401897338;-3192.85121044238;5.96704486038068;6.85103407005585;156.7974163919;138.179014245686;7068.41956052523;7113.54375060926;143.194382938005;0.0792079207920792;94;94
81;76.9300000000003;2.16999999999985;80.2200000000012;NA;NA;-3230.26509969924;-3356.55404269454;6.6821745145607;8.62772638758109;145.85683156941;114.327692087709;7230.34889974283;7316.51893964478;252.577885990589;0.148514851485149;96;96
82;72.8600000000006;2.06999999999994;75.75;NA;NA;-3112.16147258387;-3308.4644757448;5.78447279743186;8.82909152837228;159.904004030448;106.344957018015;7064.0047790677;7175.36355152561;392.606006321861;0.0099009900990099;91;91
83;64.8499999999985;1.8900000000001;67.4300000000076;NA;NA;-3132.51601340896;-3183.74637552186;5.936541066359;6.53623779474565;159.010059290414;149.470823872049;7102.59837960525;7154.81232917167;102.460724225799;0.0297029702970297;94;94
84;76.1100000000006;1.51999999999998;78.6399999999994;NA;NA;-3143.90880355481;-3374.73602570228;5.81030214345022;9.51026762821535;162.635220323619;101.687358485406;7143.60934405351;7284.55418779727;461.654444294937;0.0198019801980198;93;93
85;80.9499999999971;2.25;84.0900000000111;NA;NA;-3257.55757840285;-3535.02913074756;6.78258189055069;11.9830535314372;146.882334830376;82.8542935139514;7290.34636734283;7507.35546495526;554.943104689417;0.0198019801980198;96;96
86;52.3199999999997;1.58999999999992;54.4200000000128;NA;NA;-3054.35473631197;-3116.21627161017;6.25301196883199;7.10903664869026;144.938931603644;130.582496515788;6866.54968340232;6915.20745806597;123.723070596409;0.0792079207920792;87;87
87;50.3600000000006;1.53999999999996;52.8800000000047;NA;NA;-3153.63342735774;-3182.06589905672;5.58690875489978;5.7851805490196;169.664776460382;165.836860597167;7200.95564805689;7237.65750527882;56.8649433979663;0.0198019801980198;94;94
88;69.6100000000006;1.72000000000003;72.0899999999965;NA;NA;-3076.1215087301;-3178.13430530596;5.55446210290302;6.8354788806229;162.291378928196;136.002616412143;7005.34819073051;7071.18357655617;204.025593151712;0.0099009900990099;92;92
89;51.3300000000017;1.33999999999992;53.2299999999959;NA;NA;-3189.48371077951;-3221.34452228302;5.70910803904604;5.94824050213157;169.402368976639;165.285150143769;7272.17033225139;7314.18321607316;63.721623007018;0.0297029702970297;95;95
90;53.9599999999991;1.57999999999993;56.1600000000035;NA;NA;-3131.36037895596;-3174.66299052788;5.83055880185978;6.24669374901157;162.106652033391;154.294156678352;7116.59804034343;7162.05188432365;86.6052231438352;0.0198019801980198;94;94
91;77.3899999999994;2.1400000000001;80.1699999999983;NA;NA;-3176.75313140714;-3349.88767896831;5.72331567051389;8.13441415376432;168.706319458199;122.526691235862;7243.92242082182;7346.45976201815;346.269095122356;0.0099009900990099;96;96
92;70.9200000000055;2.1400000000001;73.9099999999889;NA;NA;-3132.43567790031;-3217.37185456086;5.68028055682706;6.75794849246013;165.486942946786;144.269578794238;7135.66894850013;7193.89485226776;169.872353321109;0.0099009900990099;93;93
93;73.8400000000038;2;76.7699999999895;NA;NA;-3096.56647956607;-3352.81989323524;5.80527594810714;10.1928794894536;158.959342796919;90.6934853493394;7028.72286276896;7182.3815705653;512.50682733835;0.0099009900990099;92;92
94;73.5899999999965;2.3599999999999;76.8600000000006;NA;NA;-3158.99097052636;-3326.28436605344;5.89904672514525;8.25634337735879;162.903029421173;116.171674915995;7176.05404554204;7264.48905017224;334.586791054153;0.0099009900990099;94;94
95;73.9599999999991;2.25999999999999;76.8899999999994;NA;NA;-3083.17839864592;-3367.0926189781;5.86360722237269;10.8453485868272;156.35063460165;84.7199091373327;6989.9149505538;7180.43716454049;567.828440664355;0.0099009900990099;94;94
96;78;2.13000000000011;81.3099999999977;NA;NA;-3134.44347441482;-3332.03253842583;5.85031904664786;8.82147457399423;162.062932680696;108.675009429019;7121.66728987173;7235.91645625515;395.178128022016;0.0099009900990099;93;93
97;70.7200000000012;2.27999999999997;73.9499999999971;NA;NA;-3177.61032788929;-3278.87755964787;5.80100724243589;7.12394256798842;165.282407389953;138.156077130086;7224.04854870888;7283.99002405032;202.53446351717;0.0198019801980198;92;92
98;75.739999999998;2.06999999999994;78.6199999999953;NA;NA;-3153.52396463321;-3415.40387425857;6.05277261039518;10.6382793580173;155.677775207053;89.6636628303463;7125.3878575451;7302.13614020438;523.759819250712;0.0198019801980198;92;92
99;48.8400000000038;1.49000000000001;50.8399999999965;NA;NA;-3081.98950578092;-3115.90404409252;5.66753460200729;5.94567071407048;160.569268622366;155.887682554808;7008.89964450169;7052.09406533239;67.8290766231876;0.0099009900990099;93;93
100;58.0199999999968;1.54999999999995;60.0199999999895;NA;NA;-3199.92019902899;-3253.56931011565;5.59941427787622;6.12731008628731;173.216460335119;163.894305154281;7314.06065732621;7372.1574172951;107.298222173322;0.0099009900990099;96;96
101;80.5400000000009;2.25;84;NA;NA;-3193.1190089525;-3383.83942433686;5.63759426974046;8.28664353907196;171.948950511076;120.446164717616;7293.76847899977;7403.38242859313;381.44083076873;0.0099009900990099;96;96
102;73.8300000000017;1.95000000000005;76.5599999999977;NA;NA;-3173.52510528308;-3275.90193770509;5.86821625629518;7.13242601817586;164.023202309044;135.019891500382;7210.14555316071;7262.28286783975;204.753664844022;0.0891089108910891;93;93
103;66.2699999999968;1.81999999999994;68.9400000000023;NA;NA;-3143.65964375622;-3217.91494274998;5.6175376800596;6.41344909676284;168.080872162656;151.032098444673;7170.85766469998;7229.74922591069;148.510597987524;0.0198019801980198;92;92
104;53.010000000002;1.3900000000001;54.8800000000047;NA;NA;-3181.06725428925;-3240.97707009193;5.71431119899806;6.300571971331;169.07237285028;159.113849911302;7254.48266211562;7321.74214207264;119.819631605347;0.0099009900990099;96;96
105;75.7200000000012;1.80999999999995;78.5;NA;NA;-3109.7400251667;-3294.44106587242;5.73742590967406;8.37779115081426;162.178089962046;112.96379118594;7073.73362345759;7183.90530828384;369.402081411439;0.0099009900990099;94;94
106;77.0699999999997;2.36000000000013;80.1699999999983;NA;NA;-3203.45079455357;-3354.6096713305;5.63661731926609;7.6245908874204;172.635468724714;128.633051784564;7318.0554290543;7388.13254597569;302.317753553866;0.0099009900990099;96;96
107;69.5;1.96000000000004;72.0800000000017;NA;NA;-3171.03123872804;-3215.95737129618;6.398888201347;6.94972637156772;146.861498594855;137.31731440331;7114.85238558658;7154.48284790092;89.8522651362746;0.831683168316832;93;93
108;72.7700000000041;1.96000000000004;75.5800000000017;NA;NA;-3180.83844401656;-3291.26858909081;5.68350679388955;7.08514349465642;169.112034313094;140.060756484561;7254.23437105744;7321.76473691878;220.860290148502;0.0099009900990099;96;96
109;63.5;1.76999999999998;65.75;NA;NA;-3083.88501888758;-3160.96370574061;5.91308113561541;6.9352543525604;153.916373497708;134.984000511244;6973.43000799676;7028.48775565346;154.157373706072;0.0396039603960396;88;88
110;69.1900000000023;1.59000000000015;71.2600000000093;NA;NA;-3146.70855196436;-3209.14273621033;5.88032859340761;6.58693448126953;161.920075203177;148.134069973803;7148.01610015914;7200.12322384393;124.86836849194;0.0099009900990099;96;96
111;68.75;1.5;70.8699999999953;NA;NA;-3090.25945962802;-3197.5895977584;5.8080155568051;7.21405223727021;158.004393522294;129.013604610914;7011.94309729167;7074.0529140119;214.660276260764;0.0198019801980198;93;93
112;64.2700000000041;1.5;66.2999999999884;NA;NA;-3001.32176368587;-3106.9196373215;5.65618395255083;7.10417680282203;153.052207683165;124.476215793751;6802.90551390201;6864.68636293256;211.195747271253;0.0099009900990099;87;87
113;69.9800000000032;1.91000000000008;72.4400000000023;NA;NA;-3056.82007465846;-3192.25417451126;5.69668681363626;7.60965042995672;158.171910024665;120.490585533174;6945.09081292726;7017.8823614166;270.868199705608;0.0099009900990099;92;92
114;72.8400000000038;1.98000000000002;75.5299999999988;NA;NA;-3081.99071861935;-3259.74099553261;5.77075947484575;8.42525486037532;158.309428167704;109.429499157061;6994.41524829531;7093.50943263205;355.500553826527;0.0297029702970297;90;90
115;76.0900000000038;1.8900000000001;78.7200000000012;NA;NA;-3127.66510159921;-3358.92799334195;5.86339734309803;9.53937160323422;160.361957774542;100.200117050233;7099.1599598189;7245.11221102305;462.52578348547;0.0099009900990099;93;93
116;66.8100000000049;1.71000000000004;69.0500000000029;NA;NA;-3067.1753942305;-3146.85495071108;6.11425443713718;7.27861966954922;147.485023470407;127.454960507295;6908.00370055767;6962.29237194956;159.359112961165;0.128712871287129;90;90
117;53.6100000000006;1.33999999999992;55.6199999999953;NA;NA;-3157.81358293659;-3199.04318190439;5.67542261265217;6.01811708260475;168.013722067335;161.576003058357;7201.50819866735;7250.02342408487;82.4591979355901;0.0099009900990099;95;95
118;62.8399999999965;1.7199999999998;65.2299999999959;NA;NA;-3022.5781658871;-3106.56111693775;5.57358963722062;6.60403390053588;157.868371203931;136.375292197128;6873.27651805458;6928.49752733716;167.965902101295;0.0198019801980198;90;90
119;75.9599999999991;2.17999999999984;78.7399999999907;NA;NA;-3150.40176424198;-3350.75475281833;5.96967601737752;9.06150634075146;159.763013048792;106.111696974794;7141.48161877925;7259.87265282843;400.705977152703;0.0099009900990099;93;93
120;65.0299999999988;1.81999999999994;67.2799999999988;NA;NA;-3083.64320736491;-3124.05008117319;5.73051213054541;6.12005273610316;159.745261946412;151.463076806005;7006.13466822602;7043.45731973425;80.8137476165593;0.0594059405940594;91;91
121;72.1599999999962;1.97000000000003;74.6599999999889;NA;NA;-3037.86439994006;-3173.90128339929;5.82491590128719;7.75825488445883;154.451821853069;118.039861344453;6887.62434919439;6968.29403732589;272.073766918453;0.0099009900990099;92;92
122;74.5799999999945;1.86000000000013;77.1499999999942;NA;NA;-3165.2364114553;-3392.11473780821;6.51342690841199;10.5631780119888;144.215001221845;88.929107942677;7089.33677712313;7252.17728913243;453.756652705811;0.099009900990099;93;93
123;75.4000000000015;1.95000000000005;78.0500000000029;NA;NA;-3090.48689441233;-3375.2705767711;5.5958565302957;10.2205080242998;163.69300900628;92.0237541249088;7040.5523017731;7233.77279676764;569.567364717542;0.0099009900990099;91;91
124;50.0499999999956;1.27999999999997;51.6399999999994;NA;NA;-3090.33049529326;-3124.42275488765;5.68398327138807;5.95450856811864;161.568760718031;156.206857593305;7029.96762977902;7069.96662657909;68.184519188796;0.0495049504950495;92;92
125;48.2099999999991;1.29999999999995;50.1100000000006;NA;NA;-3091.36567379369;-3114.78882490093;5.76398322305097;5.94757583981228;158.611350707366;155.188964113803;7013.86282857213;7042.77565234814;46.8463022144924;0.217821782178218;89;89
126;72.75;1.74000000000001;75.0800000000017;NA;NA;-3178.30833344991;-3281.1300565009;5.74877134039043;7.02025431678472;167.762863216761;138.278673034802;7239.39022493522;7289.8869182121;205.643446101965;0.0792079207920792;93;93
127;77.1399999999994;2.29999999999995;80.1100000000006;NA;NA;-3169.16307896299;-3456.11005055792;6.19448994025958;11.3404333301079;155.225800367207;85.0308698280164;7157.59339836188;7361.00507056722;573.893943189854;0.0198019801980198;96;96
128;50.6199999999953;1.49000000000001;52.4499999999971;NA;NA;-3141.29700950934;-3169.14385862229;5.83313962407775;6.10312137190338;162.900769584566;157.979140958868;7139.78308467658;7169.57901548288;55.6936982259076;0.099009900990099;93;93
129;70.0899999999965;1.92999999999984;72.5899999999965;NA;NA;-3182.48588084068;-3284.32194511992;6.14287078706317;7.55656854047675;157.749624824643;130.707998025794;7196.73358948338;7257.82412421586;203.672128558482;0.0594059405940594;95;95
130;65.6100000000006;1.81000000000017;67.8800000000047;NA;NA;-3138.41538221034;-3187.7676010682;5.79995870581543;6.31320225978347;163.296050279265;153.133651224931;7136.97305898572;7182.14828257817;98.7044377157126;0.0099009900990099;94;94
131;77.1100000000006;1.80999999999995;79.6600000000035;NA;NA;-3331.12217186497;-3491.0475853937;8.60379277125346;11.8589714912736;109.887760695961;80.2586576524268;7241.06489981806;7404.84799202103;319.850827057449;0.346534653465347;94;94
132;48.7899999999936;1.33000000000015;50.3899999999994;NA;NA;-3121.51199884021;-3148.24771703526;5.67415303935911;5.853073328061;163.953325746749;160.597724279478;7103.96947601135;7139.82010539941;53.4714363901103;0.0594059405940594;91;91
133;74.5;1.65999999999985;77.0499999999884;NA;NA;-3191.94094269582;-3316.91136267384;6.18884323025279;7.89969880079286;155.185747053036;120.958725334221;7202.1252299393;7271.59825466784;249.940839956038;0.445544554455446;95;95
134;52.3000000000029;1.39999999999986;54.1500000000087;NA;NA;-3127.4668693915;-3174.27211231957;5.58102813907012;6.00633607844214;167.414568073137;159.574189842541;7135.87455662018;7188.22872117699;93.6104858561384;0.0099009900990099;93;93
135;69.8399999999965;1.85000000000014;72.5900000000111;NA;NA;-3128.78535829376;-3254.41834994042;5.82859030955326;7.50726756702204;161.09413064836;126.385138339411;7105.25319031429;7173.87934469146;251.265983293322;0.108910891089109;93;93
136;76.5099999999948;1.97000000000003;79.8000000000029;NA;NA;-3113.51295124509;-3241.15380180141;6.28001275946714;8.21877145530711;145.199460073333;112.957964067525;6990.28524111113;7076.08543791849;255.281701112638;0.0792079207920792;92;92
137;57.5899999999965;1.63999999999987;59.9700000000012;NA;NA;-3258.96452416826;-3318.84849116315;5.56503215156109;6.11466960376216;181.00033683104;170.840960238712;7474.1697129123;7540.26476874941;119.767933989777;0.0099009900990099;97;97
138;61.1699999999983;1.34999999999991;63.5;NA;NA;-3230.39813695876;-3294.05651050047;5.60239745255793;6.26724841109336;177.32206207925;163.580922592984;7396.68551478087;7451.47781424844;127.31674708341;0.0099009900990099;96;96
139;71.5699999999924;2.18000000000006;74.390000000014;NA;NA;-3161.07512159503;-3265.09401398103;5.6751538143646;6.93673645652657;167.722841767543;139.920394019863;7206.49755994467;7267.9421925511;208.037784771997;0.0099009900990099;95;95
140;78.3300000000017;2.01999999999998;80.8799999999901;NA;NA;-3233.59820637018;-3375.80219331634;6.46364722662955;8.55350459076775;150.004152060162;114.186084224923;7258.11891308953;7353.67000948315;284.407973892321;0.287128712871287;95;95
141;68.1199999999953;1.88000000000011;70.6300000000047;NA;NA;-3092.97165126333;-3186.92217417498;5.69422005872364;6.85053475045989;160.885999079394;136.193419137859;7031.66091875393;7089.76229297032;187.901045823302;0.0099009900990099;92;92
142;81.0200000000041;2.48000000000002;84.2799999999988;NA;NA;-3244.21099888775;-3437.53115706742;6.08121782906856;8.85104732721564;165.885119424709;113.909585570052;7363.94812615726;7476.26644133796;386.640316359333;0.0099009900990099;96;96
143;78;2.20000000000005;80.6200000000099;NA;NA;-3304.13839058687;-3517.33726015117;8.1058964197193;12.687176910804;120.101864034047;76.413540252534;7242.1631743224;7437.97803110102;426.397739128583;0.128712871287129;96;96
144;65.8899999999994;2.00999999999999;68.390000000014;NA;NA;-3099.58650728724;-3181.71466270529;5.62674040875432;6.60373535305077;163.218662461191;143.663503202234;7058.90767812029;7120.15954073601;164.256310836108;0.0099009900990099;94;94
145;65.1300000000047;1.60000000000014;68.1100000000006;NA;NA;-3103.93229963542;-3158.2719269662;5.57268658775756;6.13058384231948;165.819175711022;155.520963358541;7080.41041141389;7134.9001429266;108.679254661568;0.0099009900990099;93;93
146;68.8899999999994;1.7199999999998;71.2399999999907;NA;NA;-3164.68223939243;-3288.59240036183;5.81846218855033;7.44519191667174;165.023178846516;130.295243832048;7201.19641552818;7265.54600896454;247.820321938802;0.207920792079208;97;97
147;76.9400000000023;1.63999999999987;79.3000000000029;NA;NA;-3145.09265298416;-3382.0190777443;5.82721532736378;9.61526893283875;163.016106605091;99.7681867880929;7148.85303091675;7289.55507375909;473.852849520278;0.0099009900990099;94;94
148;49.2799999999988;1.28999999999996;51.1399999999994;NA;NA;-3118.8208679391;-3152.25806675852;5.62109194585021;5.92786646112627;165.097781262508;159.87180289589;7106.39154733404;7145.76667947122;66.8743976388287;0.0099009900990099;93;93
149;48.9799999999959;1.09000000000015;50.5599999999977;NA;NA;-3155.61423083632;-3183.54065800305;5.57149818943299;5.81298529053978;169.667253141435;165.065493220493;7204.02298047048;7235.66122675098;55.8528543334514;0.0396039603960396;93;93
150;55.5899999999965;1.44000000000005;57.6599999999889;NA;NA;-3055.95061875823;-3114.70165364858;5.63757539505185;6.33394279657584;159.953735568086;147.316720680094;6952.71829260735;7003.79229426244;117.502069780694;0.0099009900990099;92;92
151;70.1300000000047;2.07999999999993;72.9199999999983;NA;NA;-3068.03779553513;-3213.63616348989;5.72880549977965;7.7422873981356;158.559084454602;119.965497042715;6970.41857055297;7058.53461372942;291.19673590951;0.0099009900990099;93;93
152;51.5899999999965;1.37000000000012;53.6100000000006;NA;NA;-3147.96520221865;-3189.1253074455;5.58903628073629;5.97368487990451;169.347078419849;162.8006718703;7188.84178622982;7236.64495055274;82.320210453714;0.0198019801980198;95;95
153;74.7399999999907;1.92000000000007;77.429999999993;NA;NA;-3143.36267145487;-3318.06714437869;5.90992401829247;8.51368183239385;159.860607526;111.985655839525;7127.91697846909;7225.40639558029;349.408945847644;0.0495049504950495;93;93
154;72.1699999999983;2.00999999999999;74.9700000000012;NA;NA;-3225.09058454235;-3292.7571875723;5.71122849992801;6.43207389292983;172.801542016504;155.320703006641;7363.10688110605;7406.08728050936;135.333206059902;0.0297029702970297;97;97
155;72.4400000000023;2.3599999999999;75.6399999999994;NA;NA;-3275.32285747542;-3235.53833011126;7.76003184042535;6.89218900300284;122.137470546091;142.289218472827;7193.33699582213;7219.8070839459;-79.5690547283157;0.99009900990099;93;93
156;48.9200000000128;1.38999999999987;50.9700000000012;NA;NA;-3131.10455832049;-3162.01707097605;5.57930632028631;5.84235221994405;167.171488158078;162.585625911359;7141.87084018168;7179.56491151064;61.8250253111055;0.0099009900990099;93;93
157;52.7599999999948;1.19000000000005;54.6399999999994;NA;NA;-3217.72461301349;-3247.50513861081;5.54662399136664;5.74746426343453;177.226790089863;172.88929806581;7372.66277529317;7409.28623171044;59.5610511946406;0.0099009900990099;98;98
158;75.8499999999913;2.02999999999997;78.75;NA;NA;-3179.00816458925;-3472.76897120288;5.80402455929351;10.7653674425771;166.041306997114;92.07839750254;7230.83347394175;7429.55969251124;587.521613227277;0.0099009900990099;92;92
159;48.7800000000134;1.05999999999995;50.5599999999977;NA;NA;-3066.59309729502;-3101.14808102897;5.70925349226953;6.09198845695523;158.011438928421;151.798875462401;6962.05686223508;6998.57797624535;69.1099674679035;0.0396039603960396;90;90
160;65.2700000000041;1.58000000000015;67.4000000000087;NA;NA;-3161.57543834687;-3210.79354378693;5.88990543279218;6.42078490819692;162.894372686131;152.719577416651;7179.42576296877;7224.37687477162;98.4362108801161;0.0099009900990099;92;92
161;46.5500000000029;0.809999999999945;47.8000000000029;NA;NA;-3062.46577217952;-3086.8898635678;5.5930960902851;5.77056018033064;160.923027476869;157.70782917104;6970.84380504403;7002.79089100383;48.8481827765609;0.0594059405940594;92;92
162;76.4600000000064;2.02999999999997;79.1900000000023;NA;NA;-3284.37522575551;-3433.80211473562;8.16995334462026;10.8863818071954;115.939072440257;87.1940438536142;7179.44556402574;7326.88836294777;298.853777960217;0.376237623762376;94;94
163;49.6700000000128;1.5;51.5500000000029;NA;NA;-3183.91020335663;-3210.52673796215;5.55330027211802;5.74300372948298;172.924736786273;169.162072743008;7279.59560301829;7312.98938370163;53.2330692110372;0.0099009900990099;95;95
164;75.4700000000012;2.07999999999993;78.1999999999971;NA;NA;-3335.00273804264;-3557.6885842416;8.65463060145342;13.7707575471686;111.21983447313;69.8669783956694;7255.84257049912;7483.39306971781;445.371692397923;0.118811881188119;94;94
165;64.7799999999988;1.95000000000005;67.4500000000116;NA;NA;-3096.21705377726;-3152.21170856702;5.67956548500757;6.24228327267403;162.75613867267;151.219232898095;7049.73248270224;7100.95252941133;111.98930957952;0.0099009900990099;94;94
166;72.109999999986;1.76999999999998;74.3600000000006;NA;NA;-3081.74071026071;-3252.7715496972;5.73343595962234;8.21805525843929;159.483927785458;114.245658401704;7000.95736599532;7105.46556252161;342.061678872968;0.0099009900990099;91;91
167;77.5899999999965;2;80.3400000000111;NA;NA;-3347.10726578441;-3382.17582365329;8.20974637818365;8.62049506299843;118.134334080079;114.366354731688;7318.9344087231;7369.14563573447;70.1371157377635;0.811881188118812;98;98
168;77.0599999999977;2.27999999999997;80.1900000000023;NA;NA;-3256.2173648113;-3374.43850422178;6.93395897786299;8.73190921981562;140.420156178674;111.199344847715;7253.55916629442;7335.77673887597;236.442278820971;0.108910891089109;96;96
169;75;2.08999999999992;77.5;NA;NA;-3172.05642920294;-3320.92964241117;6.08019171244414;8.23862144176334;158.756049377199;119.386336239955;7179.49227361814;7270.07400888307;297.746426416462;0.0198019801980198;93;93
170;66.6699999999983;1.8599999999999;69.3399999999965;NA;NA;-3119.71710081693;-3185.36203118131;5.90876960945487;6.70529442090644;158.67147959739;141.899145695732;7074.36860795683;7117.40191064275;131.289860728763;0.0396039603960396;93;93
171;74.6500000000087;2.01999999999998;77.3899999999994;NA;NA;-3165.54550929759;-3377.5744964854;6.34370541089835;9.88735942329829;149.091495572193;94.6543691754643;7115.61524222523;7253.22331441736;424.05797437561;0.108910891089109;93;93
172;74.1499999999942;1.98000000000002;77.0299999999988;NA;NA;-3188.30665131728;-3410.02569142001;5.65779746035394;8.9350446885426;170.433437829397;108.816155442045;7275.2526998765;7393.80313943199;443.438080205458;0.0198019801980198;95;95
173;75.5599999999977;2.15000000000009;78.1399999999994;NA;NA;-3168.81050439646;-3390.49086520917;5.65563766641884;8.8612768939532;169.299366100146;111.009248583355;7229.38504703357;7365.70958899872;443.360721625428;0.0099009900990099;94;94
174;71.9499999999971;1.63999999999987;73.9400000000023;NA;NA;-3111.54761299484;-3327.21632780552;6.14062983868202;9.83952654076995;150.351120408636;93.3857500191001;7012.6133201682;7144.81635995674;431.337429621375;0.0495049504950495;91;91
175;52.8000000000029;1.33999999999992;54.6700000000128;NA;NA;-3227.51573936324;-3282.37629086718;5.61403634245098;6.16287099840507;176.19596220952;166.505341702937;7384.97726991492;7443.55218522875;109.721103007872;0.0099009900990099;96;96
176;64.5899999999965;1.85000000000014;67.0800000000017;NA;NA;-3194.98931637861;-3234.7769700035;5.87819574651239;6.26537959944282;166.375684758062;157.573452723802;7267.22283419358;7300.38687033134;79.575307249771;0.148514851485149;95;95
177;66.1300000000047;1.52999999999997;68.3199999999924;NA;NA;-3201.91431563408;-3253.08640133254;5.75141203282293;6.27915752296536;169.314854509215;157.306312166204;7298.33386718701;7337.23585548244;102.344171396919;0.0792079207920792;97;97
178;48.9700000000012;1.46000000000004;50.6399999999994;NA;NA;-3107.84585499588;-3136.71232779219;5.91643615820932;6.14491415300398;156.633703152643;153.664004884723;7039.05659450067;7081.17894529677;57.7329455926183;0.128712871287129;92;92
179;49.3300000000017;1.2800000000002;51.0899999999965;NA;NA;-3056.46574438171;-3092.56961968566;5.59955977307347;5.97285173469642;160.316827548411;153.178627668592;6955.65718280255;6990.34208231677;72.2077506078967;0.0099009900990099;92;92
180;56.1599999999889;1.4699999999998;58.6700000000128;NA;NA;-3117.1257520132;-3181.27069049043;5.68439491901455;6.36996960744932;164.230608214922;151.973193398156;7098.43822313884;7162.22919084346;128.28987695447;0.0099009900990099;93;93
181;66.8699999999953;1.60999999999967;69.1300000000047;NA;NA;-3062.05518055382;-3170.07074518532;5.71321228521509;7.10710703017594;158.185514896385;128.371826960266;6954.76813012332;7014.24275341691;216.031129262985;0.0198019801980198;91;91
182;52.9700000000012;1.5;55.1000000000058;NA;NA;-3200.01345611782;-3223.08268558278;5.81827409448209;5.96275131247438;168.236313165689;165.256265043226;7287.96242103835;7318.37246500192;46.1384589299096;0.287128712871287;96;96
183;54.3100000000122;1.26999999999998;56.3100000000122;NA;NA;-3215.09898747136;-3283.87821036219;5.53615544538949;6.18003837561486;177.323163803382;165.369771193142;7366.09303060288;7440.56258939234;137.558445781647;0.0099009900990099;96;96
184;74.2899999999936;2.19000000000005;77.3600000000006;NA;NA;-3125.87501504018;-3355.20290746665;5.62691041995325;9.11877528003204;165.271449303929;104.724473774839;7122.29750129755;7262.02937849015;458.655784852946;0.0099009900990099;94;94
185;73.820000000007;1.96000000000004;76.9099999999889;NA;NA;-3155.01943641252;-3334.82353230879;5.91232975044461;8.61329667591384;161.322561274056;114.205952302276;7158.9233558186;7270.60244252167;359.60819179255;0.0099009900990099;93;93
186;72.3299999999872;1.92000000000007;75.1199999999953;NA;NA;-3223.83650889185;-3336.1464734163;5.9217324697485;7.27003280539304;168.089333520021;137.896147184382;7335.70371876149;7400.81039456046;224.619929048893;0.0396039603960396;97;97
187;70.1100000000006;2.15999999999985;73.1300000000047;NA;NA;-3175.29549669588;-3277.81455549852;7.14056624723577;8.80858777489887;127.41629057753;105.267738810902;7018.97061550059;7107.82546805446;205.038117605285;0.257425742574257;90;90
188;47.5899999999965;1.30000000000018;49.390000000014;NA;NA;-3112.80312964644;-3148.91964247342;5.72835143663571;6.07999050800607;161.912292633758;156.195209336793;7078.4597769751;7120.5787543293;72.2330256539653;0.0198019801980198;94;94
189;72.8600000000006;1.97000000000025;76.2599999999948;NA;NA;-3199.27892903066;-3264.21868846307;6.86425522707576;7.76098281978477;138.446145971167;122.673147137138;7127.06591122527;7173.94740517194;129.879518864821;0.594059405940594;93;93
190;47.0499999999884;0.880000000000109;48.5199999999895;NA;NA;-3103.68697072039;-3124.63606397149;5.60215980220185;5.71506506074846;164.686760210885;162.086155459777;7072.17080297894;7100.41279256538;41.8981865022088;0.099009900990099;91;91
191;47.5299999999988;1.11000000000013;49.4400000000023;NA;NA;-3166.2168207751;-3200.17514497067;5.52146462758904;5.81658175293748;172.662320835446;167.250842282084;7241.91163917683;7281.32397548009;67.9166483911395;0.0099009900990099;94;94
192;47.4500000000116;1.13999999999987;49.1900000000023;NA;NA;-3090.40720315017;-3128.78819856502;5.73432790974155;6.14277949988778;160.365381547796;152.891263839137;7024.6621789253;7062.09512304981;76.7619908296956;0.0297029702970297;93;93
193;57.1200000000099;1.38000000000011;59.2799999999988;NA;NA;-3015.15160575286;-3059.21047445526;5.90449630068302;6.37932474012949;149.707663025328;140.186225002924;6816.44240670716;6854.56153032805;88.1177374047857;0.0693069306930693;91;91
194;76.7799999999988;1.82000000000016;80.1399999999994;NA;NA;-3232.01017906491;-3614.06413043253;6.45116014785536;14.3458829856482;153.942687398018;68.7147589040041;7275.70945843205;7590.43855812569;764.107902735246;0.0099009900990099;95;95
195;72.5299999999988;1.94999999999982;75.7099999999919;NA;NA;-3261.64916012573;-3523.71588783742;7.64785267653918;13.2363036424267;125.825288198855;71.7099597887144;7184.71487237875;7424.38425506578;524.133455423385;0.0297029702970297;92;92
196;70.7099999999919;1.67999999999984;73.5200000000041;NA;NA;-3085.24598431813;-3241.80936393041;5.6868912993697;7.94946054159283;160.206685140556;118.012743361356;7013.50467568486;7104.60556221173;313.126759224553;0.0099009900990099;93;93
197;48.2699999999895;1.17999999999984;50.070000000007;NA;NA;-3122.37877015111;-3173.55647088143;5.58306522746462;6.08187953187681;166.535246430562;157.933875000709;7121.96191080453;7179.01062330713;102.35540146064;0.0099009900990099;94;94
198;50.7200000000012;1.38999999999987;52.6600000000035;NA;NA;-3228.00992602058;-3272.39970006125;5.54049811470856;5.96000821610304;177.939170810398;170.211946171486;7395.16613500717;7443.16211494989;88.7795480813475;0.0099009900990099;96;96
199;65.0699999999924;1.86000000000013;67.6199999999953;NA;NA;-3071.57078834103;-3131.23709735337;6.0967666952858;6.87774371665545;149.38491871523;132.930809431268;6928.40230837448;6961.24181848175;119.332618024689;0.514851485148515;92;92
200;71;1.71000000000004;73.75;NA;NA;-3138.99074538503;-3266.29333742579;5.59258758879926;7.2717952893644;167.892443514653;133.017971624412;7162.33473359409;7233.24283362419;254.605184081524;0.0099009900990099;94;94
201;60.9700000000012;1.5;63.5599999999977;NA;NA;-3100.22178593705;-3170.06642430791;5.72885333975937;6.56780437524499;160.851412035126;144.411806981891;7045.10039871211;7098.46264566249;139.689276741719;0.0099009900990099;91;91
202;71.6299999999901;1.92000000000007;74.6299999999901;NA;NA;-3109.04755860637;-3286.79681052926;5.90083074759113;8.52309839844419;157.894709371217;109.285438481341;7050.6219280553;7149.81975259088;355.498503845785;0.0099009900990099;95;95
203;80.3999999999942;2.11000000000013;83.6899999999878;NA;NA;-3264.87300289391;-3443.49947293736;5.88775099943963;8.26220835605521;173.009890978952;125.660289945024;7444.65968165094;7551.51770334631;357.252940086913;0.0099009900990099;98;98
204;69.1399999999994;2.0300000000002;72.2099999999919;NA;NA;-3076.11798112986;-3236.66350812573;5.79993040982681;8.12942181015035;157.895149247887;112.907380460606;6983.08529342541;7067.44926754423;321.09105399173;0.0099009900990099;93;93
205;51.6100000000006;1.51999999999998;53.7400000000052;NA;NA;-3130.06402062485;-3177.6824386701;5.68802924012569;6.18848551611731;164.4432915783;155.368536996297;7127.18336974884;7174.57201306949;95.2368360905002;0.0198019801980198;95;95
206;71.8399999999965;1.98000000000002;74.6600000000035;NA;NA;-3097.05112079717;-3406.76601825413;5.93051828054418;11.5013510981144;156.831573786745;80.8971034453269;7019.35500462767;7239.21518517338;619.429794913914;0.0099009900990099;93;93
207;67.9600000000064;1.76999999999998;70.6100000000006;NA;NA;-3116.39361060184;-3230.83510590053;6.11998603856466;7.73761667494467;154.062747311931;122.922917125194;7040.94448557437;7106.47922738498;228.882990597365;0.148514851485149;90;90
208;54.5699999999924;1.41000000000031;57.0299999999988;NA;NA;-3169.72170162902;-3212.94125982007;5.68858566604914;6.12607962139402;169.464126998457;161.536785963226;7233.85919850901;7278.45855114974;86.4391163820928;0.0099009900990099;96;96
209;52.7799999999988;1.32999999999993;54.9100000000035;NA;NA;-3283.47624749983;-3300.56969275588;5.85474240010243;5.90895222467526;175.100190077753;173.888286018282;7492.92012402878;7520.69820408752;34.1868905121128;0.96039603960396;98;98
210;72.8999999999942;1.78999999999996;76.0199999999895;NA;NA;-3135.13218642876;-3347.3783207266;5.91069737023551;9.21049639524667;159.685389909239;102.772840550198;7109.6708350303;7234.99508494963;424.492268595674;0.0099009900990099;92;92
211;73.0799999999872;2.27999999999975;76.6600000000035;NA;NA;-3131.66507861499;-3370.90335631872;5.74396494384452;9.44417784694902;164.356238397643;100.594833635479;7128.17794638661;7271.13994828704;478.476555407453;0.0099009900990099;93;93
212;52.3399999999965;1.05999999999995;54.0600000000122;NA;NA;-3250.63653118085;-3294.15238794105;5.59947379832668;5.99161033214013;178.217042320755;170.771428213253;7441.88592514207;7489.62038454122;87.0317135203932;0.0198019801980198;96;96
213;78.3000000000029;1.82000000000016;81.6900000000023;NA;NA;-3253.08807668327;-3504.08297883867;6.30987436817044;10.381010199282;160.848529104925;96.4182094325155;7355.11962962002;7517.05223935655;501.9898043108;0.0495049504950495;96;96
214;49.9399999999878;1.08999999999969;51.5400000000081;NA;NA;-3123.16915540927;-3162.99855402328;5.78236254313115;6.2034091453627;161.567082411713;154.544703300977;7095.63612778148;7138.38090044701;79.6587972280076;0.0297029702970297;92;92
215;72.2599999999948;2.18000000000029;75.2200000000012;NA;NA;-3112.60205164562;-3306.61751856454;5.69032381441087;8.58010043431805;163.146479151187;110.437203634885;7083.68610055637;7194.35913886953;388.030933837829;0.0099009900990099;93;93
216;71.2900000000081;1.69000000000005;74.1000000000058;NA;NA;-3127.52992433679;-3292.62136264981;6.71129851144371;9.41351450253016;136.862973885408;96.8174599382876;6973.74950001726;7093.64689445999;330.182876626033;0.0594059405940594;91;91
217;72.0800000000017;1.75;75.1300000000047;NA;NA;-3118.66423583233;-3382.22255861904;6.46146444683155;11.4313957324986;142.499324159143;80.6481181545852;6987.92651397246;7189.24937480098;527.116645573418;0.0099009900990099;94;94
218;64.3299999999872;1.71000000000004;67.0299999999988;NA;NA;-3091.71164905665;-3181.27736501008;5.97459284832332;7.09765688289793;154.530455483762;131.143301501522;6994.03398982619;7050.48489893649;179.131431906872;0.0297029702970297;90;90
219;72.1399999999994;2.08999999999969;75.5;NA;NA;-3162.08724595069;-3334.35739340575;5.83775644437917;8.2958839258665;164.406965037559;116.952245789594;7190.16839627346;7284.74666802332;344.540294910125;0.0099009900990099;94;94
220;47.6800000000076;1.03999999999996;49.609999999986;NA;NA;-3098.83659380966;-3117.81274886333;5.77461880869803;5.89984743197982;160.752115620429;158.28659236962;7042.68702849998;7067.6790035977;37.9523101073446;0.722772277227723;92;92
221;70.6000000000058;1.72000000000025;73.5100000000093;NA;NA;-3130.76059851049;-3282.10473228173;5.76438616295848;7.83138199523919;162.427508714542;120.889277273716;7117.94796623781;7201.61881712847;302.688267542464;0.0099009900990099;95;95
222;78.1499999999942;2.15999999999985;81.5500000000029;NA;NA;-3278.59096783205;-3491.30122852351;6.51935105658783;9.92529755000852;155.012685658217;102.630132991851;7376.12755834468;7524.80645675138;425.420521382904;0.0792079207920792;97;97
223;70.8899999999994;1.90000000000009;73.8199999999924;NA;NA;-3108.85630236935;-3264.93759748607;5.69506972204741;7.92477261722065;161.990421586889;118.724613626973;7070.97765727988;7155.24281048892;312.16259023344;0.0099009900990099;94;94
224;77.2200000000012;2.0600000000004;80.6499999999942;NA;NA;-3241.56492057064;-3424.61143646482;5.79048849570855;8.27972116297588;172.478405651993;123.252477595366;7394.34839538956;7500.3765290492;366.093031788361;0.0099009900990099;97;97
225;60.1000000000058;1.73000000000002;62.9499999999971;NA;NA;-3015.32517284549;-3079.53137847629;5.66480637612353;6.45675797280577;155.154268813808;141.296140340914;6844.53333575687;6900.25103404367;128.412411261608;0.0099009900990099;90;90
226;70.5299999999988;2.01999999999998;73.7799999999988;NA;NA;-3106.10557204977;-3244.50561349154;6.0038747404858;8.05200512370907;154.591333820261;116.440841745398;7026.50239220153;7102.34934893206;276.800082883534;0.0495049504950495;94;94
227;52.6499999999942;1.59000000000015;55.0800000000017;NA;NA;-3170.73465786036;-3225.43828745519;5.82973603448562;6.41017860210816;164.265549408407;152.740104576778;7206.71833028353;7255.41669574058;109.407259189663;0.0297029702970297;94;94
228;70.4499999999971;1.82999999999993;73.3099999999977;NA;NA;-3080.14003662182;-3390.46071782102;5.78992201772681;11.4418589552009;157.86179764386;80.786510967864;6989.23795051542;7205.14449431515;620.641362398397;0.0099009900990099;91;91
229;71.2699999999895;1.5;74.0999999999913;NA;NA;-3287.96129239036;-3362.69732722997;9.10987331619529;10.5474711050249;102.102757554532;88.3106762494027;7112.0807080839;7189.12832414292;149.472069679223;0.643564356435644;91;91
230;74.8300000000017;2.21000000000004;78.0500000000029;NA;NA;-3216.37635697373;-3423.62636836376;5.88145681583422;8.92898300276856;167.401747895853;109.688426141374;7315.40700844665;7425.60368949519;414.500022780059;0.0594059405940594;95;95
231;71.8499999999913;1.88999999999987;74.8799999999901;NA;NA;-3166.72713801139;-3286.07895943241;5.68333125764964;7.19201241979264;167.264242769384;133.305103804213;7212.69993745027;7272.89306838268;238.703642842043;0.0297029702970297;92;92
232;74.6299999999901;2;77.8099999999977;NA;NA;-3302.8586472974;-3656.40664778659;8.13093714963755;17.0691405550525;118.946762902077;56.2162725639889;7231.61896967642;7608.62512185729;707.096000978383;0.0198019801980198;93;93
233;76.6900000000023;1.86999999999989;79.9500000000116;NA;NA;-3210.28679560846;-3453.61051652642;6.00241154907351;9.93725889243116;164.530010242094;101.074220675973;7288.08615867547;7440.15211689259;486.64744183591;0.0099009900990099;95;95
234;61.0400000000081;2;64.2599999999948;NA;NA;-3087.21717545062;-3174.04767250052;5.64037018715608;6.67856965858207;162.252974837551;140.279762618375;7028.21469985788;7086.25194767526;173.660994099807;0.0099009900990099;93;93
235;67.0699999999924;1.71000000000004;69.8399999999965;NA;NA;-3025.02068732903;-3177.70762671722;6.04439540849274;8.41157765669392;147.64683881564;106.682707005307;6822.88408827159;6913.83528761188;305.373878776396;0.0099009900990099;88;88
236;68.8699999999953;1.66999999999962;71.3100000000122;NA;NA;-2993.6218753652;-3172.25680125005;5.50817079352297;8.05321388101203;157.434123498353;110.196528358925;6813.08603113202;6922.56460091169;357.269851769694;0.0099009900990099;90;90
237;54.8699999999953;1.5300000000002;57.1699999999983;NA;NA;-3125.64246984822;-3176.7905419993;5.87103494194039;6.47008733268078;160.104352122268;150.745860664816;7092.89372976671;7145.99577929267;102.296144302178;0.0198019801980198;92;92
238;73.7299999999959;2.15000000000009;76.8299999999872;NA;NA;-3237.36151671766;-3363.99445343679;6.75153499057627;8.68678074071993;143.540337724157;111.571307486738;7231.56396919971;7316.26767297898;253.265873438259;0.257425742574257;95;95
239;70.2100000000064;1.97000000000025;72.8899999999994;NA;NA;-3079.35103039599;-3230.84781057562;5.84258756519112;7.99046268412628;157.483135310002;116.306296337323;6988.22552525535;7074.32504135375;302.993560359268;0.0099009900990099;94;94
240;62.8300000000017;1.93000000000029;65.8800000000047;NA;NA;-3147.77172903846;-3200.3486547984;5.9683264579221;6.54369142657859;158.61149809169;146.031878760296;7130.16223979628;7169.12173159331;105.153851519884;0.306930693069307;93;93
241;73.9499999999971;1.98000000000002;77.2699999999895;NA;NA;-3209.56703428058;-3327.11037847057;6.11247463370363;7.68888815592146;160.384534357557;129.595334724805;7263.08262388437;7336.15555792261;235.08668837998;0.0396039603960396;93;93
242;70.25;1.82999999999993;73.1200000000099;NA;NA;-3082.35297700002;-3314.52431216151;5.91214742484523;9.78253897689125;154.818140628107;93.9709958364232;6977.68109512807;7122.50554928099;464.342670322965;0.0099009900990099;91;91
243;82.6100000000006;2.40999999999985;85.9800000000105;NA;NA;-3497.62841692907;-3519.87948483488;8.58658606371983;8.72071089366857;123.356383029563;121.805213663328;7647.59203388717;7683.89125101757;44.5021358116255;0.900990099009901;98;98
244;73.5;2.13000000000011;77.1000000000058;NA;NA;-3157.06246871359;-3351.37972139717;5.79879057636944;8.56221399600655;166.066811408573;114.50014172353;7190.61001908781;7307.08047008133;388.634505367168;0.0099009900990099;96;96
245;71.3100000000122;2.19000000000005;74.320000000007;NA;NA;-3088.34870923481;-3340.72559413327;5.7947499586894;9.94546174803687;158.547343480639;93.3040710733741;7009.25520800713;7171.40598323405;504.753769796924;0.0099009900990099;91;91
246;47.3600000000006;1.33999999999969;49.4800000000105;NA;NA;-3175.10992583519;-3195.59284801893;5.66398641996565;5.80394888550705;169.306195351663;166.578191497312;7242.01986217159;7268.61627451147;40.9658443674889;0.247524752475248;94;94
247;69;2.03999999999996;72.5200000000041;NA;NA;-3151.08162485419;-3254.79781581511;6.02420418990751;7.39267525754661;159.5829327869;131.31619932904;7142.74714470152;7201.28790962025;207.432381921843;0.0891089108910891;94;94
248;69.8899999999994;1.91999999999962;72.8699999999953;NA;NA;-3102.12236652771;-3217.89936995443;5.90163696763961;7.40315252309106;158.821756959689;129.332143685053;7039.11139932569;7115.64952173427;231.554006853455;0.0198019801980198;92;92
249;51.7700000000041;1.5;53.9100000000035;NA;NA;-3222.63926722973;-3287.56161917238;5.76412024753527;6.38197554438532;172.18365525196;161.454733595031;7354.04774520105;7427.26620513765;129.844703885295;0.0099009900990099;96;96
250;49.0899999999965;1.28999999999996;50.8099999999977;NA;NA;-3129.79610297818;-3173.9475012299;5.60939924298129;5.99056718859186;166.793046983603;159.878613289483;7137.26255991923;7189.18138492315;88.3027965034507;0.0099009900990099;93;93
