1;18.75;0.889999999999986;19.9099999999999;NA;NA;-595.893424114319;-605.741009254748;4.41545646982235;4.39248429234206;14.5221880070404;13.6754602246054;1254.9548426004;1270.96695246575;19.6951702808583;0.0891089108910891;15;15
2;18.1399999999994;0.639999999999986;19;NA;NA;-595.432800411282;-603.368273959032;4.23098408132182;4.26200736029924;13.3601578109716;12.6087618391992;1246.90718638605;1259.62626789434;15.8709470954998;0.366336633663366;11;11
3;17.8599999999988;0.740000000000009;18.75;NA;NA;-602.05505990751;-616.543083432027;4.68445064945436;5.33866005857725;12.6772235412757;11.2145951553791;1258.34590570497;1281.06452582486;28.9760470490357;0.0594059405940594;13;13
4;15.5500000000011;0.649999999999977;16.3899999999994;NA;NA;-544.049641537328;-553.316593597981;4.30708248241024;5.04072110075687;11.1202680086343;9.58870555186475;1135.22904279973;1147.27190097363;18.5339041213056;0.435643564356436;12;12
5;18.9700000000012;0.819999999999993;20.130000000001;NA;NA;-631.356083508935;-642.453863733884;4.3375334361609;4.58145675823746;16.8919132016756;15.7603968810763;1335.60518023125;1352.91795250175;22.1955604498978;0.108910891089109;14;14
6;22.0299999999988;1.14999999999998;23.3599999999988;NA;NA;-710.770693376891;-719.4503015023;4.63480587263885;4.59291516177008;22.3388784669171;21.7905966521033;1520.10809021399;1535.04810126015;17.3592162508191;0.217821782178218;17;17
7;18.9499999999989;0.699999999999989;20.0299999999988;NA;NA;-618.86568905021;-624.757501941333;4.40550174514369;4.46126526066217;15.7778605004028;15.3817139925654;1305.23233058542;1315.32115962372;11.7836257822462;0.564356435643564;13;13
8;15.1400000000012;0.70999999999998;16.0900000000001;NA;NA;-519.278304231986;-527.616300772412;4.14092103447449;4.20855279854073;10.0497240450331;9.6395218479885;1079.70364145959;1094.70012540556;16.6759930808523;0.386138613861386;9;9
9;20.3099999999995;0.930000000000007;21.3899999999994;NA;NA;-639.498273544706;-655.696900529729;4.40119737337914;4.49236168390802;17.6693626514268;16.4731827642744;1355.85398757819;1383.04814926334;32.397253970046;0.0099009900990099;15;15
10;21.1999999999989;0.96999999999997;22.9000000000015;NA;NA;-682.470800678091;-696.509824673127;4.54162935881893;4.72971204496264;21.640851568228;20.1746490364603;1461.63188227624;1483.15900807938;28.0780479900716;0.0396039603960396;19;19
11;19.7800000000007;0.759999999999991;20.9099999999999;NA;NA;-591.931340867345;-603.657911068442;4.35751497336014;4.69907806588378;14.3211263583236;13.1147931307155;1245.13142408542;1263.42362128649;23.4531404021943;0.0495049504950495;13;13
12;20.0300000000007;1.00999999999999;21.2800000000007;NA;NA;-637.194405166532;-649.605447037126;4.51932811972197;4.91961527624713;17.1401978609651;15.6883847932579;1349.49761388339;1367.95781409332;24.8220837411882;0.108910891089109;16;16
13;18.2799999999988;0.889999999999986;19.4899999999998;NA;NA;-592.080138699391;-602.517777673753;4.33166139443797;4.42613074595353;13.1193104206023;12.3100987453357;1239.76234988495;1257.20803856546;20.8752779487238;0.178217821782178;12;12
14;19.8100000000013;0.950000000000045;21.0600000000013;NA;NA;-627.771216362529;-642.766313742524;4.36156344428247;4.60299635539993;16.6961400229489;15.4154262168255;1326.30377291999;1350.86606487114;29.990194759991;0.0099009900990099;12;12
15;18.0700000000015;0.860000000000014;19.0300000000007;NA;NA;-603.149638924613;-608.684392916052;4.33938015637638;4.32781073602746;13.7298506731226;13.4053206350412;1264.4889332409;1274.18302269011;11.0695079828786;0.712871287128713;12;12
16;17.7199999999993;0.720000000000027;18.7900000000009;NA;NA;-568.794206809263;-574.601547677255;4.28314037803554;4.42298140571861;12.8386902830033;12.2863011286289;1192.00116587888;1201.27471985606;11.6146817359845;0.821782178217822;12;12
17;18.5699999999997;1.02000000000004;19.7999999999993;NA;NA;-586.579737499369;-596.789667996574;4.50042354371138;5.30213174372021;12.0039610856849;10.469654797442;1223.51224940472;1237.49618663612;20.4198609944103;0.326732673267327;11;11
18;20.7600000000002;0.759999999999991;21.7199999999993;NA;NA;-639.648161603939;-654.239672328934;4.43069895563837;4.75598320859592;16.6441197140206;15.0236316652867;1351.12004286321;1373.31023553541;29.1830214499896;0.0198019801980198;14;14
19;19.4799999999996;0.860000000000014;20.5599999999995;NA;NA;-651.217290694111;-663.951785051215;4.39677926577074;4.47466919737466;17.6131798546101;16.569683582444;1378.44004841516;1399.40607842676;25.4689887142083;0.0099009900990099;14;14
20;21.2900000000009;0.860000000000014;22.4200000000001;NA;NA;-634.020145524954;-643.767990222387;4.37665186483717;4.72615990606435;18.47464896152;17.1701972569412;1347.7632220635;1361.62986197162;19.4956893948654;0.198019801980198;14;14
21;18.9600000000009;0.689999999999998;19.7900000000009;NA;NA;-600.797887427383;-611.45355975502;4.21726226896776;4.5774445005457;14.4526309631979;13.2891067467728;1262.21993560206;1278.65066860195;21.3113446552741;0.0792079207920792;11;11
22;19.7800000000007;0.75;20.8600000000006;NA;NA;-599.496005307411;-610.144671254697;4.28214345942;4.52833019771984;14.5710760203607;13.4671959362581;1260.11301046383;1276.77991874662;21.2973318945717;0.0693069306930693;11;11
23;16;0.939999999999998;17.1399999999994;NA;NA;-571.855986900855;-576.766835620366;4.20800895769885;4.22600141480488;12.6560459879655;12.3679489814984;1196.80003564687;1205.41325836075;9.82169743902273;0.524752475247525;11;11
24;17.2100000000009;0.889999999999986;18.3500000000004;NA;NA;-561.439405595393;-571.260954761967;4.2143096228881;4.27045499859927;13.0626135196165;12.4432272805377;1177.672293693;1194.71726501259;19.6430983331488;0.138613861386139;11;11
25;18.3600000000006;0.75;19.4099999999999;NA;NA;-582.980442712823;-592.312705274774;4.35318932801578;4.67215070534596;13.9368202849787;13.1441384775377;1226.10190160638;1241.34579789008;18.6645251239024;0.405940594059406;14;14
26;19.0599999999995;0.829999999999984;20.0299999999988;NA;NA;-595.115810101343;-601.822987254663;4.26871932238436;4.47888323836837;13.6556043466719;12.8857786586906;1248.10660588285;1258.25829604538;13.4143543066407;0.732673267326733;12;12
27;19.1400000000012;0.860000000000014;20.2700000000004;NA;NA;-613.084519001944;-625.618839768979;4.31089917835807;4.42497538661263;15.7541537485679;14.6541559450518;1293.56856809837;1313.93119138194;25.068641534069;0.0297029702970297;13;13
28;19.3400000000001;0.800000000000011;20.3099999999995;NA;NA;-659.53127065515;-668.68104895679;4.41495878675306;4.56324984016899;20.1960744776152;19.3224188914402;1406.91056519728;1421.40993197217;18.2995566032805;0.663366336633663;15;15
29;21.8900000000012;0.779999999999973;22.9799999999996;NA;NA;-654.979894256299;-665.029747398585;4.42319220167242;4.76546447487997;15.7165712465881;14.5602580785914;1377.19853288583;1392.35129213606;20.0997062845724;0.0396039603960396;13;13
30;17.6100000000006;0.609999999999957;18.3299999999999;NA;NA;-546.692459723618;-558.392640689632;4.21524100878036;4.28480437829517;12.8365040101522;12.3970175990186;1147.22994493265;1168.7868020452;23.4003619320279;0.0198019801980198;11;11
31;19.9099999999999;1.02999999999997;21.3099999999995;NA;NA;-613.195109535043;-630.398154593279;4.38141615724354;5.99239079979804;14.9298035847148;11.2876215288915;1290.81621729662;1309.50534145719;34.4060901164717;0.0396039603960396;14;14
32;18.9000000000015;0.839999999999975;19.9200000000001;NA;NA;-596.081755956072;-606.214465333189;4.33941647734645;4.67435433632447;13.2795814139365;12.1316120020441;1248.44484261411;1263.8449539394;20.2654187542332;0.217821782178218;12;12
33;16.8600000000006;0.839999999999975;17.8299999999999;NA;NA;-549.779399430627;-557.665325928237;4.24043030080387;4.29860244062019;12.738712098353;12.0603326508176;1153.54782501927;1166.44458000966;15.771852995221;0.623762376237624;12;12
34;18.7199999999993;0.720000000000027;19.5799999999999;NA;NA;-616.708257936809;-626.793421147201;4.28145384722009;4.34335070591305;15.0488587056565;14.3058496364367;1297.19637211301;1314.21768819711;20.1703264207842;0.277227722772277;12;12
35;15.8899999999994;0.620000000000005;17.0699999999997;NA;NA;-550.416644382783;-565.175260057801;4.15897666045562;4.31119849063584;10.0206396028916;8.49846308715979;1142.38912991154;1165.59385747034;29.5172313500368;0.0297029702970297;10;10
36;18.1900000000005;0.550000000000011;19.0200000000004;NA;NA;-577.296432063324;-586.513722252658;4.30468980738596;4.34647143140484;12.5921703954313;12.120124353929;1207.96081934977;1224.39478099354;18.4345803786682;0.425742574257426;12;12
37;16.6800000000003;0.949999999999989;17.8200000000015;NA;NA;-570.848501793103;-579.392140823905;4.15971688179596;4.20852807855181;12.0918699082985;11.351625983731;1191.84228821675;1205.85975635028;17.0872780616037;0.227722772277228;10;10
38;22.4500000000007;1.10000000000002;23.8000000000011;NA;NA;-644.585987576079;-665.8193422293;5.2347211761889;7.6201605844348;13.3036176102419;9.70370961756241;1346.08760450283;1373.15316240741;42.4667093064425;0.118811881188119;13;13
39;20.7800000000007;0.949999999999989;22.0900000000001;NA;NA;-641.917641225228;-649.117805982042;4.32594282337341;4.48330855744786;17.6735696204079;16.7100109108819;1359.44647087217;1369.72449681577;14.4003295136283;0.247524752475248;13;13
40;24.3199999999997;0.989999999999952;25.5699999999997;NA;NA;-613.300448471485;-629.533789914449;4.38281606170918;6.07988991028319;14.8123284261833;11.640304368553;1290.51995920666;1309.29853058115;32.4666828859274;0.0198019801980198;14;14
41;18.9799999999996;0.860000000000014;20.0100000000002;NA;NA;-627.594989786329;-636.916146646602;4.2900954129281;4.38740868887484;15.5147398736809;14.701244399514;1321.56524756313;1336.72725929044;18.642313720545;0.435643564356436;13;13
42;18.9499999999989;0.829999999999984;20.1100000000006;NA;NA;-591.352001942052;-608.137992413534;4.62763319822424;6.04504190787588;12.5936570038831;10.012384408248;1235.53036391113;1258.27473255507;33.5719809429638;0.0594059405940594;11;11
43;20.1800000000003;0.900000000000034;21.3599999999988;NA;NA;-624.428667395936;-632.626359886123;4.29922717460615;4.39190487546755;16.2224183675637;15.4568421756603;1318.26019783485;1331.38028942852;16.3953849803736;0.475247524752475;13;13
44;20.7299999999996;1.03000000000003;22.1100000000006;NA;NA;-637.541285499619;-646.110925929956;4.33239671771792;4.4219730002368;16.7404001773397;16.0313248001123;1347.32176597705;1361.40120156003;17.1392808606752;0.396039603960396;14;14
45;19.8500000000004;0.859999999999957;20.9699999999993;NA;NA;-662.765176777758;-670.670527133047;4.30697682910268;4.36118844274582;17.4687968023875;16.6476392846923;1400.26548148354;1412.56310039299;15.8107007105787;0.257425742574257;13;13
46;19.5299999999988;0.759999999999991;20.4300000000003;NA;NA;-630.285909921945;-642.208280160305;4.35213378529638;4.52332472318314;16.5859758206726;15.3252855581708;1332.14463342745;1350.54916645902;23.8447404767201;0.0495049504950495;14;14
47;19.1900000000005;0.859999999999957;20.369999999999;NA;NA;-596.838518723651;-611.960402197243;4.23329049582646;5.20573148696465;13.0454814624632;10.8861963870083;1248.39865645356;1269.58491367487;30.2437669471828;0.0396039603960396;11;11
48;19.2700000000004;0.71999999999997;20.3400000000001;NA;NA;-609.693153900384;-617.858663766947;4.59495321490985;4.70461733918844;13.6790370082746;13.2245123565867;1277.90805903013;1292.29452823842;16.3310197331248;0.168316831683168;13;13
49;20.3999999999996;1.03000000000003;21.5400000000009;NA;NA;-685.341383725027;-694.742634645196;4.38161286433148;4.58274450608416;19.2897733149521;18.272818491455;1454.58860117158;1468.96759626928;18.8025018403375;0.405940594059406;15;15
50;17.8199999999997;0.879999999999995;18.8100000000013;NA;NA;-574.959110801992;-604.039751777568;4.55821628176595;9.83695440352844;11.926427972934;6.45770092397968;1201.38387036977;1235.94616810401;58.1612819511518;0.0099009900990099;14;14
51;28.7000000000007;1.39000000000004;30.3599999999988;NA;NA;-675.569033818417;-698.425455944158;4.52786214303063;5.83004411989151;19.6407218507983;14.9989092757861;1437.79958957846;1463.03118342712;45.7128442514811;0.0099009900990099;17;17
52;17.6100000000006;0.610000000000014;18.3899999999994;NA;NA;-628.521232972602;-634.587647252373;4.83738339451377;4.49761705622108;13.047774045697;13.0843832015659;1312.86354357934;1325.15299368404;12.132828559543;0.940594059405941;13;13
53;15.8099999999995;0.71999999999997;16.6100000000006;NA;NA;-572.91566316803;-579.868367322047;4.1543679544176;4.25006251724098;10.958431404154;10.1218155005358;1191.27621335791;1201.71215474879;13.9054083080339;0.465346534653465;10;10
54;16.8199999999997;0.560000000000002;17.6100000000006;NA;NA;-580.962997895712;-594.504205311737;4.37504462046548;5.5091662827034;12.5246200262433;10.6354633465606;1215.50891226242;1234.5091238535;27.0824148320505;0.108910891089109;13;13
55;19.6299999999992;0.739999999999952;20.6399999999994;NA;NA;-613.15658443807;-621.111748337398;4.37400330636947;4.43150621908803;16.4926584825407;16.0111956054046;1298.05223172917;1311.86831282764;15.9103277986558;0.306930693069307;15;15
56;18.8899999999994;0.769999999999982;19.9699999999993;NA;NA;-609.017211673175;-618.953330189384;4.40855575212493;4.48017005814193;15.2973356520736;14.3641903365145;1283.47959108449;1299.35963934039;19.8722370324178;0.178217821782178;13;13
57;20.0599999999995;0.920000000000016;21.25;NA;NA;-680.194804024304;-688.610340531228;4.50273791405486;4.65605097095704;20.6674800838009;19.6516425526271;1451.58153532941;1463.93038884207;16.8310730138476;0.663366336633663;17;17
58;18.8100000000013;0.79000000000002;19.8000000000011;NA;NA;-646.997457929815;-657.223238163512;4.48958150338855;4.58765123514846;17.3371047152349;16.5471983975597;1369.96657048992;1386.95674043436;20.4515604673934;0.108910891089109;16;16
59;18.3099999999995;0.75;19.3999999999996;NA;NA;-600.829202918235;-607.705358927033;4.30260924068226;4.2817885109081;13.7735957835616;13.49630757981;1260.0334611252;1272.61057427104;13.752312017597;0.643564356435644;12;12
60;19.7299999999996;1.06;20.9200000000001;NA;NA;-627.146146253975;-635.091629839678;4.28903441009335;4.79488424342778;15.1887009381878;13.869354199544;1318.66482608331;1328.96415690764;15.8909671714071;0.346534653465347;12;12
61;21.1200000000008;0.699999999999989;22.1599999999999;NA;NA;-654.757184037516;-665.911925618916;4.37140857708795;4.67824310050975;19.175078501276;17.4433152200279;1392.921307185;1407.69804024499;22.3094831628007;0.099009900990099;15;15
62;18.5799999999999;0.839999999999975;19.4799999999996;NA;NA;-612.33416935396;-618.901978667588;4.55642488181874;4.72102970665437;14.7246736138927;14.0713531490731;1288.20914758408;1298.52551792926;13.1356186272546;0.831683168316832;14;14
63;19.1400000000012;1.08999999999997;20.3899999999994;NA;NA;-592.200119424237;-605.539486059663;4.44672214446364;4.63489326662577;12.9253788479692;12.063418058495;1239.18039333642;1262.2059768029;26.678733270852;0.0099009900990099;12;12
64;19.1700000000001;0.799999999999955;20.1399999999994;NA;NA;-643.103366695621;-653.612861022407;4.35951773539297;4.44024828012406;17.2228153838893;16.5363176455206;1360.52767586595;1378.58424764487;21.0189886535718;0.148514851485149;14;14
65;19.8899999999994;0.800000000000011;20.7399999999998;NA;NA;-611.585729161776;-625.380228344136;4.38760085237261;4.86775032125702;16.6295029070471;15.0663027801497;1294.9321026427;1315.77548456098;27.5889983647194;0.0099009900990099;14;14
66;19.4899999999998;0.680000000000007;20.3900000000012;NA;NA;-599.909125386887;-608.808684028202;4.37241101591359;4.50851270334496;15.3814134157677;14.6440433376337;1266.19306326363;1280.81023625097;17.7991172826312;0.534653465346535;14;14
67;20.5799999999999;0.939999999999998;21.7199999999993;NA;NA;-683.381076936744;-693.597279365433;4.45913332761807;4.69807352918688;19.1330259079398;17.6894416504594;1451.18354923392;1465.24637105079;20.4324048573776;0.198019801980198;17;17
68;20.0599999999995;0.919999999999959;21.1299999999992;NA;NA;-676.812619240315;-688.434178413873;4.43687045968121;4.50811875507446;19.7108302986528;18.8407064990118;1440.59610265714;1459.99993987562;23.2431183471156;0.0396039603960396;17;17
69;18.3799999999992;0.640000000000043;19.1299999999992;NA;NA;-637.397967819487;-650.714600129186;4.33988762602225;4.57243329923627;16.0029171060039;14.2525898253038;1343.85269872635;1362.932844402;26.6332646193985;0.0594059405940594;14;14
70;20.2999999999993;0.810000000000002;21.4200000000001;NA;NA;-668.982252277662;-686.842035900904;4.47910759656334;4.7067777322871;18.6996988289204;17.078796980198;1419.90708288403;1448.52381505722;35.7195672464845;0.0099009900990099;16;16
71;18.9099999999999;0.96999999999997;20;NA;NA;-584.92966953794;-593.022473012435;4.20619861842728;4.22648464735073;12.5417538990414;12.2413541065916;1221.87030378218;1236.81014533594;16.1856069489904;0.237623762376238;10;10
72;20.4899999999998;0.910000000000025;21.6599999999999;NA;NA;-648.923751033857;-661.403151352532;4.33339317229701;4.57774925882458;18.6824901447535;17.37975857839;1378.46732202069;1397.80449601655;24.9588006373499;0.0396039603960396;14;14
73;17.1700000000001;1.00999999999999;18.5;NA;NA;-557.39725889918;-564.701660270798;4.27704227749742;4.25662593658227;12.7998409175898;12.2281244413456;1168.48575334597;1180.69638847212;14.6088027432377;0.663366336633663;11;11
74;14.6000000000004;0.609999999999957;15.3899999999994;NA;NA;-528.19991249922;-536.495995997005;4.271776417433;4.45018001165188;9.72111251360124;8.86328966084016;1096.71351987085;1109.74827420482;16.5921669955692;0.306930693069307;10;10
75;18.1099999999988;0.610000000000014;18.9400000000005;NA;NA;-529.280364866849;-539.531984613101;4.3548594308529;4.95798325984383;12.1181325513167;10.7253552581952;1108.81492619668;1123.5422836858;20.503239492504;0.267326732673267;10;10
76;20.1599999999999;0.699999999999989;21.1499999999996;NA;NA;-617.408748834234;-625.833301927058;4.26829319621985;4.33390380028424;15.6439286935087;15.0200372199184;1301.11937096044;1315.32430928773;16.849106185648;0.445544554455446;12;12
77;20.4200000000001;0.799999999999955;21.3400000000001;NA;NA;-588.815251642942;-601.187680374408;4.54502371348862;4.64489811105636;16.5972007481897;15.3535171074925;1249.82429962983;1269.15943500558;24.744857462932;0.0396039603960396;15;15
78;19.2000000000007;0.75;20.1100000000006;NA;NA;-622.556010253438;-633.207955547175;4.47034369541729;4.7560768840257;17.4929723894534;16.5764570496071;1321.76669143708;1339.05438739426;21.3038905874735;0.425742574257426;16;16
79;19.8600000000006;0.850000000000023;20.9200000000001;NA;NA;-604.716022769398;-626.686625343078;4.64316681581008;7.47904488173035;15.3545534138713;10.3127145368235;1275.69095011166;1297.87530489538;43.941205147361;0.158415841584158;14;14
80;19.8799999999992;0.759999999999991;20.880000000001;NA;NA;-649.177387779624;-660.017995046368;4.38899321782522;5.12420541144923;15.8709349905911;13.7395831314448;1366.84200137942;1379.32587648923;21.6812145334884;0.227722772277228;14;14
81;15.9199999999983;0.769999999999982;16.9099999999999;NA;NA;-574.565113532229;-580.994303234253;4.20334887444548;4.31635327962487;10.854359945096;10.2193733045417;1194.14352716254;1204.36860120781;12.8583794040492;0.584158415841584;10;10
82;18.7799999999988;0.939999999999998;19.9000000000015;NA;NA;-665.085496786665;-673.543816941762;4.28629605679006;4.29139410542358;17.5219594119704;17.1953846368525;1405.13356214727;1420.65304798412;16.9166403101954;0.178217821782178;13;13
83;16.0500000000011;0.689999999999998;16.9600000000009;NA;NA;-562.623834364495;-573.886490952068;4.15932964255673;4.29128629248507;10.9630399416808;9.88550932886339;1170.71166747035;1188.76843444978;22.5253131751449;0.0198019801980198;10;10
84;20.1799999999985;0.870000000000005;21.2600000000002;NA;NA;-624.689258517419;-635.358573152869;5.44757105871751;5.85912650453123;13.3089135505722;12.257711797515;1306.80995181165;1323.61237121925;21.3386292708999;0.613861386138614;14;14
85;20.5900000000001;0.900000000000034;21.9200000000001;NA;NA;-638.146456646371;-652.750331824873;4.46464067509798;4.69147483464735;18.6195150274021;17.3913846772722;1358.98065556872;1382.73437956019;29.2077503570054;0.0297029702970297;18;18
86;17.4900000000016;0.699999999999989;18.2799999999988;NA;NA;-544.738665880365;-555.604108803904;4.22626562116493;4.46865687113215;11.3232182678827;10.5208359433473;1136.43499896049;1154.83838539255;21.7308858470788;0.0792079207920792;10;10
87;18.8899999999994;0.799999999999955;19.9599999999991;NA;NA;-577.681616006911;-589.441905232536;4.41463064134023;4.43404952097356;12.9796120493856;12.5116432091417;1210.89269852146;1232.41120942693;23.5205784512498;0.0594059405940594;13;13
88;21.8299999999999;0.920000000000016;23.3600000000006;NA;NA;-655.060599759353;-661.185854135772;4.4470974272053;4.5715163819699;17.6588860890178;17.0044689123918;1386.93306950289;1396.33702231596;12.2505087528366;0.495049504950495;15;15
89;20.6999999999989;0.78000000000003;21.6100000000006;NA;NA;-647.259437140372;-670.702800539718;4.78139974701279;6.83917860071846;17.8226103520779;13.2669488882101;1372.61802754296;1399.54172446843;46.8867267986909;0.0198019801980198;16;16
90;18.1399999999994;0.659999999999968;19.1700000000001;NA;NA;-551.358087980369;-559.697736784798;4.28743011160641;4.67315342933159;12.3717072277068;11.4192665597393;1154.61152772062;1167.29564159414;16.6792976088584;0.297029702970297;11;11
91;18.7300000000014;0.840000000000032;19.8799999999992;NA;NA;-608.070190205748;-621.261261032909;4.40141984118189;4.87883414718096;14.4506580170534;12.9542880461967;1278.99723668184;1298.87053202104;26.382141654323;0.0396039603960396;15;15
92;21.3899999999994;0.639999999999986;22.5;NA;NA;-598.004596155742;-609.006492579451;4.32116412280708;4.50154427259418;16.8321716321497;15.4438401992846;1268.0207060102;1284.08492966946;22.0037928474194;0.0396039603960396;13;13
93;18.4399999999987;0.919999999999959;19.6399999999994;NA;NA;-599.555329879239;-613.829094260895;4.25852144145242;4.70373622918058;13.7165797280157;12.1388547475657;1257.24407042172;1279.10490789458;28.5475287633112;0.0198019801980198;12;12
94;19;0.879999999999995;20.0199999999986;NA;NA;-597.553355290545;-614.515250336384;4.45111591063687;5.56723629941281;14.670138823696;11.9980937843715;1257.86860048761;1280.36082891523;33.9237900916771;0.0198019801980198;13;13
95;18.1700000000001;0.849999999999966;19.1700000000001;NA;NA;-614.260455590033;-626.005018915791;4.28421985388322;4.31842335483004;15.2460228568208;14.5100253790165;1293.13638568545;1313.50621842604;23.4891266515165;0.0198019801980198;12;12
96;17.8500000000004;0.670000000000016;18.8100000000013;NA;NA;-622.011208235492;-637.574462903511;4.29751599116202;5.06710257247338;15.198377512184;12.9350841164698;1309.04422080706;1330.48789260249;31.1265093360373;0.0099009900990099;13;13
97;16.8799999999992;1;18.0699999999997;NA;NA;-600.215213696477;-604.851094189618;4.25584648606505;4.36332935460441;13.7644026209438;13.1855487580058;1258.76652035228;1265.58499123305;9.27176098628343;0.722772277227723;12;12
98;20.5099999999984;0.75;21.6200000000008;NA;NA;-640.445676316626;-670.664060427944;4.48257661222656;8.14759178409331;17.2717611900042;10.4159814354479;1357.1002171907;1387.28696139997;60.4367682226355;0.0198019801980198;17;17
99;16.8700000000008;0.650000000000034;17.6599999999999;NA;NA;-547.222093198323;-556.544333761795;4.25871064725797;4.39649284170585;12.2946970596657;11.4205787498876;1146.5513944122;1161.4911999073;18.6444811269444;0.217821782178218;12;12
100;20.3899999999994;1.01999999999998;21.5400000000009;NA;NA;-624.046284527669;-636.745745145429;4.3099303808394;4.3557565301539;16.9515945438884;16.0477467223771;1320.61499868531;1342.14707188704;25.3989212355204;0.0099009900990099;13;13
101;20.3499999999985;0.900000000000034;21.4699999999993;NA;NA;-618.322243530943;-631.964340574045;4.35916846075233;5.02207504348324;14.7376411060986;12.8950306040926;1299.69516570228;1319.09629072844;27.2841940862027;0.0594059405940594;13;13
102;16.3400000000001;0.669999999999959;17.4500000000007;NA;NA;-570.162073540633;-573.752785236658;5.78139587912156;4.61030484111216;9.1793122700189;10.5384111261595;1178.8284238475;1191.71083190704;7.18142339204974;0.99009900990099;11;11
103;18.2300000000014;0.810000000000002;19.2900000000009;NA;NA;-624.10668290122;-637.37704281771;4.30034813558754;4.56167399010068;14.5762935363286;13.3903574804616;1310.5737661481;1332.04080610191;26.5407198329804;0.0297029702970297;13;13
104;16.7799999999988;0.54000000000002;17.4199999999983;NA;NA;-565.852553098285;-579.83159452435;4.15536808065546;4.18314983140166;10.7605618921974;10.4078469911237;1175.76255426634;1202.27650078125;27.9580828521305;0.0099009900990099;9;9
105;20.1399999999994;0.889999999999986;21.1799999999985;NA;NA;-586.739253263607;-600.376662840216;4.3910322779904;5.01075251022933;12.3422921286366;10.5955587289734;1225.25047136198;1245.19830301559;27.2748191532189;0.0396039603960396;11;11
106;18.5200000000004;0.900000000000034;19.7000000000007;NA;NA;-611.017539958801;-620.063616146434;4.3713561647604;4.35188173185379;14.4447209036838;14.171588538149;1283.83258531156;1300.7562209017;18.0921523752656;0.108910891089109;13;13
107;18.5599999999995;0.759999999999991;19.6599999999999;NA;NA;-586.684920505552;-594.45910753783;4.2985515402642;4.70095011778989;14.3766993223703;13.1631828378635;1234.30096103239;1244.70622700883;15.5483740645554;0.495049504950495;12;12
108;21.9099999999999;0.799999999999955;22.9699999999993;NA;NA;-654.495976540628;-664.483634979982;4.61879633009802;5.27491915323589;17.7381281664474;15.9098503072121;1386.14850687608;1398.17125865467;19.9753168787079;0.267326732673267;15;15
109;18.5300000000007;0.900000000000034;19.7700000000004;NA;NA;-582.043274672225;-590.333713005143;4.36063299163804;4.3453672806474;15.5549195878614;14.7118251881337;1231.21008624131;1244.15279057664;16.5808766658345;0.257425742574257;14;14
110;17.5200000000004;0.639999999999986;18.4000000000015;NA;NA;-611.477495965726;-622.341191794337;4.32559861522999;4.66565212947829;14.8850220773122;13.8261652006314;1286.0404781321;1303.28023782375;21.7273916572203;0.0693069306930693;12;12
111;14.3299999999999;0.730000000000018;15.1599999999999;NA;NA;-517.383410205056;-525.940349668527;4.1529657404357;4.39019419078089;9.53789531858764;8.99395784829071;1074.32070902734;1089.17886576441;17.1138789269419;0.217821782178218;10;10
112;19.6800000000003;0.880000000000052;20.7000000000007;NA;NA;-660.764610793882;-671.38979781358;4.42194842198677;4.64789030322029;17.1026388456279;15.8787890708237;1396.47344053251;1412.36087226188;21.2503740393977;0.178217821782178;16;16
113;18.6499999999996;0.889999999999986;19.6499999999996;NA;NA;-622.296369138844;-637.841676736754;4.45602091236029;5.17646205061896;13.5516487923223;11.7739602432241;1302.02714102453;1325.58358221304;31.0906151958202;0.0396039603960396;12;12
114;16.0799999999999;0.610000000000014;16.8999999999996;NA;NA;-551.674931175762;-563.220828495625;4.16221828667098;4.24416453336458;11.2466707399101;10.0838713543782;1149.99008505287;1168.25972178006;23.0917946397271;0.0198019801980198;10;10
115;20.3299999999999;0.690000000000055;21.3899999999994;NA;NA;-588.600478336436;-597.471375419954;4.24716806894266;4.35663121902779;13.6470543688716;13.2069177955167;1234.44598146402;1250.34154358916;17.741794167036;0.207920792079208;11;11
116;18.6900000000005;1.04999999999995;19.9299999999985;NA;NA;-582.486274443977;-591.439518625659;4.25864870928972;4.50364705432636;15.2124594665264;14.0683086278816;1229.44577551596;1242.50314027253;17.9064883633625;0.198019801980198;12;12
117;18.3099999999995;0.75;19.4500000000007;NA;NA;-609.909161036011;-630.070036392633;4.35094716175455;4.38579713096649;15.4567245356152;13.6153178217351;1287.05132360032;1319.36340188114;40.3217507132438;0.0099009900990099;15;15
118;19.9400000000005;1.00999999999999;21.4500000000007;NA;NA;-628.305719854123;-638.397130055366;4.29935324361105;4.3388020750649;16.6700004951629;15.9758129857164;1327.92915172124;1345.14209429463;20.1828204024866;0.128712871287129;13;13
119;20.5599999999995;0.92999999999995;21.8100000000013;NA;NA;-641.051674014125;-654.228111175814;4.43143397585097;4.94733740884161;17.2133354044666;15.3754990087758;1358.05441821674;1376.29813543581;26.352874323378;0.148514851485149;17;17
120;19.5100000000002;0.889999999999986;20.6699999999983;NA;NA;-628.938253358399;-636.531128137647;4.52876326907108;4.55234585370693;16.6663777706891;16.0236723454262;1330.37120632447;1342.76134322005;15.1857495584948;0.782178217821782;15;15
121;23.1599999999999;1.12;24.3499999999985;NA;NA;-654.494201128337;-687.340608085183;4.52702280823417;9.01835675087674;17.9406032734531;10.0922362057765;1387.02567364127;1418.57999502765;65.6928139136912;0.0198019801980198;15;15
122;22.5799999999999;0.920000000000073;23.8799999999974;NA;NA;-707.654662862065;-724.025228565897;4.82629240732991;5.06417614811934;20.8808926188281;18.9468670584109;1508.03966079553;1532.19194298454;32.7411314076649;0.0396039603960396;18;18
123;18.1800000000003;1.01999999999998;19.4200000000019;NA;NA;-597.573342008748;-607.217741422042;4.31198068900942;5.08697834551616;12.6829570784398;10.8198686382505;1248.89941005307;1260.29209428382;19.2887988265886;0.287128712871287;12;12
124;21.5299999999988;0.730000000000018;22.3899999999994;NA;NA;-661.157313352166;-669.14989744277;4.60159989971997;4.82907854561541;18.1711935642127;17.2139112863004;1401.94128088653;1413.73161262902;15.9851681812079;0.504950495049505;16;16
125;18.8299999999999;0.889999999999986;20.010000000002;NA;NA;-635.319761320551;-647.999714071552;4.46270008894526;4.69628130041572;16.982694797692;15.9548894724102;1344.51012456954;1365.39932627875;25.359905502002;0.0297029702970297;15;15
126;20.5;0.990000000000009;22.0699999999997;NA;NA;-623.088538591406;-632.370106384269;4.4448539602582;4.67876159450315;16.4072483484516;15.1196402122641;1316.37068113502;1329.42516264069;18.5631355857263;0.495049504950495;13;13
127;20.0100000000002;0.809999999999945;21.2199999999975;NA;NA;-621.184517675309;-631.304412734046;4.37961425021415;4.56319407730774;15.637138547045;14.8104283821061;1309.84736851043;1326.5196885458;20.2397901174734;0.188118811881188;14;14
128;18.6700000000001;0.700000000000045;19.7000000000007;NA;NA;-592.076018771877;-597.896847596443;4.625633535363;4.66270707085039;13.117864012274;12.8726186984606;1240.27297456019;1250.86542200275;11.6416576491322;0.702970297029703;13;13
129;18.8600000000006;0.690000000000055;19.7200000000012;NA;NA;-596.54107233774;-606.850380371977;4.38745933130774;4.77496769380774;13.4201061854272;12.2883704099764;1251.45635051682;1267.15219055048;20.6186160684733;0.0792079207920792;15;15
130;16.5300000000007;1.07999999999993;17.8299999999981;NA;NA;-589.56972333805;-602.03113545847;4.24202109018085;4.25820323342954;12.9898796895932;12.1323413155736;1234.19296770211;1255.48138515606;24.9228242408387;0.0198019801980198;12;12
131;16.7600000000002;0.920000000000073;18;NA;NA;-543.608179660105;-551.207896815277;4.2400772165845;4.36893231049195;12.5303973103629;11.9120423046172;1139.77736518172;1152.38299817224;15.1994343103449;0.514851485148515;11;11
132;19.1100000000006;0.92999999999995;20.2299999999996;NA;NA;-597.78033481367;-609.13185101515;4.29733552887425;4.53080408122098;12.9041673187301;12.1089856376429;1249.68952103389;1269.05702081443;22.7030324029599;0.099009900990099;11;11
133;18.2700000000004;0.690000000000055;19.130000000001;NA;NA;-604.181635118268;-614.449683634874;4.41647388227549;4.58928144753872;13.9719098255284;12.9919897921473;1267.5788172419;1283.96183130201;20.5360970332122;0.326732673267327;12;12
134;20.7600000000002;0.850000000000023;21.8100000000013;NA;NA;-571.514490969052;-588.41795459588;4.27354915372885;5.63590246098104;14.9482302701035;11.7605165277871;1206.38235619114;1226.67916097014;33.8069272536561;0.0396039603960396;12;12
135;18.5599999999995;0.950000000000045;19.6299999999974;NA;NA;-616.065343152343;-630.868559577532;4.29672022241883;4.51010738297597;16.4600698835173;14.9425804806039;1302.55027171544;1325.66457085226;29.6064328503771;0.0099009900990099;13;13
136;18.6999999999989;0.559999999999945;19.4799999999996;NA;NA;-616.089685731159;-622.838076803263;4.43528055808911;4.49160116646037;14.4991928195581;14.0199441364994;1294.74717187433;1306.17587089677;13.4967821442081;0.920792079207921;14;14
137;18.8299999999999;0.720000000000027;19.5999999999985;NA;NA;-619.499667179268;-627.425151874703;4.27280925617058;4.32053163059885;13.6379674265081;12.7178765331184;1296.20624233511;1308.19772494014;15.8509693908697;0.376237623762376;11;11
138;18.9500000000007;0.590000000000032;19.7400000000016;NA;NA;-622.969034583078;-633.134473596101;4.32665640620299;4.34865238018158;16.3920325743915;15.8951107790403;1316.67396703478;1334.86049784793;20.3308780260475;0.138613861386139;14;14
139;19.1599999999999;0.660000000000082;20.010000000002;NA;NA;-564.877402696514;-573.454254627122;4.33680564984708;4.43290652885249;13.8595772835399;13.4058399218341;1189.0489452832;1204.26146680905;17.1537038612148;0.287128712871287;13;13
140;21.2099999999991;0.860000000000014;22.2000000000007;NA;NA;-683.278561889991;-696.304472315733;4.46494277672907;5.06649644328259;19.5996127320423;17.6649508639552;1453.0372583559;1470.55269530029;26.0518208514841;0.0891089108910891;17;17
141;20.25;0.75;21.1699999999983;NA;NA;-670.641106297979;-682.393495557032;4.46560215028912;4.94884761852941;19.4245191291315;17.7128721805572;1426.98977484863;1442.94218687445;23.5047785181059;0.207920792079208;17;17
142;15.6399999999994;0.830000000000041;16.6100000000006;NA;NA;-548.663788443771;-552.074862043878;4.68739436242848;4.4748329434726;9.49171607178346;9.50028385435768;1137.14228760483;1144.00037391048;6.82214720021307;1;11;11
143;19.5099999999984;1.13;20.8400000000001;NA;NA;-652.25391492527;-662.379934765793;4.56158598403397;4.73325755462874;17.422797564485;16.5187072225851;1381.88104782203;1398.11809629223;20.2520396810448;0.267326732673267;18;18
144;15.4500000000007;0.700000000000045;16.25;NA;NA;-575.192450354415;-583.258505500901;4.1686799309218;4.45203226333318;10.5583377697084;9.86245039564137;1194.17058949829;1207.41683757905;16.1321102929726;0.623762376237624;10;10
145;18.1200000000008;0.850000000000023;19.1100000000006;NA;NA;-571.409688027337;-578.948276252445;4.22571661225357;4.26521214412679;14.5299163421259;13.8463642946615;1203.76772422829;1215.9776186376;15.0771764502156;0.455445544554455;11;11
146;19.4799999999996;0.920000000000073;20.6700000000019;NA;NA;-587.95450870469;-599.350114166196;4.23353913511092;4.21658684997652;13.3886351114258;12.7393626661477;1232.07005613297;1252.13777697369;22.7912109230119;0.0594059405940594;11;11
147;18.7999999999993;0.970000000000027;20;NA;NA;-593.102902503055;-602.502714777043;4.25442489406941;4.37473719504125;12.5483660537082;11.6289870227805;1239.38810929899;1254.29123487857;18.7996245479753;0.168316831683168;12;12
148;18.5900000000001;0.690000000000055;19.5;NA;NA;-612.071846082201;-621.698155324278;4.29098259595536;4.63137388271568;14.2690903694105;13.0776663232972;1284.61874547099;1298.82188772126;19.2526184841538;0.316831683168317;12;12
149;21.3099999999995;0.82000000000005;22.2999999999993;NA;NA;-610.540444092822;-622.576124882078;4.47299023948403;4.9523363588471;17.6971499166948;15.7295074190124;1297.44870794149;1313.02917870909;24.0713615785112;0.0198019801980198;14;14
150;17.75;0.779999999999973;18.7400000000016;NA;NA;-608.903281924172;-616.928702619621;4.30241638460592;4.32658802996563;15.0442963263915;14.5352117450745;1282.16917698414;1296.04204917995;16.0508413908979;0.623762376237624;13;13
151;23.9599999999991;1.11000000000001;25.4200000000019;NA;NA;-625.428902256334;-639.006211831609;4.84998089449536;6.16186491039206;14.8634659873858;11.6637657536107;1315.51027529606;1328.74697475982;27.1546191505504;0.653465346534653;15;15
152;19.2699999999986;0.800000000000068;20.2700000000004;NA;NA;-619.193007765313;-630.803478584775;4.25128821848695;4.91204652436725;14.8439348986502;12.9772959406627;1301.29736664239;1316.60714593206;23.2209416389233;0.0693069306930693;12;12
153;14.6800000000003;0.699999999999932;15.5999999999985;NA;NA;-538.39828282802;-546.922734184422;4.19725700345088;4.20564860170106;10.4486024141348;10.0349435666458;1120.6251082897;1135.93884454537;17.0489027128024;0.247524752475248;11;11
154;17.5400000000009;0.799999999999955;18.5;NA;NA;-582.839010672635;-592.975695695065;4.25463779814549;4.33647970687379;13.8297980417934;13.4232290166779;1224.29127223544;1242.84152729328;20.2733700448584;0.158415841584158;12;12
155;19.7000000000007;0.940000000000055;20.869999999999;NA;NA;-639.861268120847;-649.972892666305;4.31316868844256;4.52318614526475;15.6059587156547;14.3901381928725;1346.48805731608;1361.5097745937;20.223249090915;0.267326732673267;13;13
156;20.0500000000011;0.710000000000036;21.239999999998;NA;NA;-602.303567739598;-616.72961144274;4.32674074717153;5.16677443583426;13.0031519371822;10.9285449730159;1260.23731049846;1280.21379996739;28.8520874062849;0.0297029702970297;13;13
157;28.4700000000012;1.20999999999992;30.1399999999994;NA;NA;-691.185718125352;-713.271284284963;4.45071857984569;5.87035224382553;21.1494252146807;16.1508064509873;1475.68986880212;1497.80540087618;44.171132319223;0.0297029702970297;17;17
158;21.2999999999993;0.939999999999941;22.619999999999;NA;NA;-663.145630924374;-673.098503788092;4.40535172541504;4.46244011993158;17.105042808049;16.4702847907969;1400.10398492732;1417.2705841776;19.9057457274359;0.138613861386139;14;14
159;20.2999999999993;0.760000000000105;21.2200000000012;NA;NA;-596.21033319364;-617.464375316602;4.54921639310578;6.77918381385152;13.7459007574849;9.73620938675924;1250.67834501535;1276.19261303964;42.5080842459245;0.0396039603960396;12;12
160;20.3499999999985;0.779999999999973;21.5;NA;NA;-647.510674469572;-655.387788638827;4.59234364725147;4.53945430904121;16.1140885648487;15.7041586292067;1365.11372450108;1379.08485707916;15.7542283385101;0.495049504950495;15;15
161;19.4700000000012;1;20.75;NA;NA;-597.025653231749;-609.724801557969;4.394111822783;4.59491541447361;14.6464248642907;13.4851107306292;1256.71174314402;1277.14169759605;25.39829665244;0.0693069306930693;13;13
162;19.9599999999991;0.67999999999995;21.0599999999977;NA;NA;-604.58384241538;-611.772408748725;4.27505199594027;4.35153229190347;14.5208925860518;13.6336055427156;1270.70992266557;1281.32656816351;14.3771326666913;0.198019801980198;12;12
163;18.1100000000006;0.610000000000014;18.869999999999;NA;NA;-556.617961528654;-562.12424015373;4.38762171029842;4.38975511100512;13.3906241264831;13.1131649061032;1170.52378429066;1180.34931357521;11.0125572501533;0.940594059405941;13;13
164;20.1700000000019;0.810000000000059;21.1899999999987;NA;NA;-622.272600017553;-632.270371552992;4.30853889305429;4.51849642684009;15.7971476121096;14.8992949506463;1312.1286667755;1328.28301034798;19.9955430708783;0.425742574257426;13;13
165;20.25;0.740000000000009;21.2299999999996;NA;NA;-605.577183070974;-616.21415324403;4.32959814968759;4.86198094280112;15.7885902157629;13.9750053945516;1279.28625277183;1292.73410138056;21.2739403461121;0.168316831683168;14;14
166;21.3100000000013;0.860000000000014;22.5599999999977;NA;NA;-630.884905032187;-644.375673349935;4.31908702846579;4.41712875225246;16.5615023967508;15.2145085453889;1332.62334475843;1353.84216293435;26.9815366354958;0.0099009900990099;13;13
167;24.1699999999983;1.02999999999997;25.619999999999;NA;NA;-745.763121007269;-755.523963633637;4.89638468987429;5.05967999187388;24.2028756146679;23.4739463264874;1600.28424540205;1616.53041516417;19.5216852527356;0.544554455445545;20;20
168;19.8300000000017;0.610000000000014;20.7799999999988;NA;NA;-610.594256718631;-617.789079168;4.46165137976862;4.50859238065822;17.3032191693412;16.7052490140425;1297.53618126209;1309.28737915631;14.3896448987393;0.613861386138614;17;17
169;20.9099999999999;0.970000000000027;22.2999999999993;NA;NA;-635.115025203666;-648.844887519901;4.41682134693394;5.11138730808885;15.1181070152147;13.3387344902387;1335.99014787927;1355.71003374995;27.4597246324684;0.0792079207920792;15;15
170;19.8000000000029;0.980000000000018;20.989999999998;NA;NA;-630.270837988152;-640.720670770525;4.43384494965441;4.88915065950037;15.9250177494758;14.6005753043029;1329.81163936484;1344.95030163712;20.8996655647461;0.287128712871287;15;15
171;18.8100000000013;0.779999999999973;19.9399999999987;NA;NA;-598.101177493105;-606.781444595064;4.26617713230688;4.6657092940906;13.4436950739757;12.3699005492188;1252.59435262855;1265.45066251205;17.3605342039175;0.514851485148515;11;11
172;19.6100000000006;1.06999999999994;20.8400000000001;NA;NA;-603.520862832939;-612.809138882078;4.27450593198016;4.57054340821681;13.2416059160383;12.1356668948296;1262.5860239774;1276.52351588178;18.5765520982782;0.405940594059406;11;11
173;19.3400000000001;1;20.630000000001;NA;NA;-606.120093862869;-616.156976312958;4.32058982739902;4.52896563217457;15.341084997068;13.9270168455631;1278.44097256567;1292.41266440748;20.0737649001767;0.128712871287129;14;14
174;16.6700000000019;0.940000000000055;18.0499999999993;NA;NA;-537.993756163754;-548.022921566422;4.22738089762;4.24593672349291;11.693062419766;11.3749819062139;1125.03616634553;1143.76025121092;20.0583308053358;0.118811881188119;11;11
175;18.3400000000001;0.779999999999973;19.3600000000006;NA;NA;-593.857291069842;-602.813666927516;4.26954536198652;4.27432194013897;13.747395485426;13.3844781759714;1245.97859570218;1262.35323650317;17.9127517153477;0.495049504950495;12;12
176;20.8100000000013;0.75;21.9799999999996;NA;NA;-657.555620638324;-674.314983086691;4.810480762293;6.52862088935978;16.009131520507;12.7081263705565;1385.74895576953;1404.70252708357;33.5187248967336;0.0396039603960396;17;17
177;22.9099999999999;0.710000000000036;24.0600000000013;NA;NA;-698.883815741536;-715.940338017356;4.59077979620251;5.39864822371888;21.6230548629235;19.3127004872241;1493.79384833638;1517.64679820226;34.1130445516394;0.099009900990099;18;18
178;16.2300000000032;0.720000000000027;17.2299999999996;NA;NA;-558.970742676207;-565.854430139223;4.18631212744472;4.30777877647116;10.564919172307;9.96421788979781;1161.7544673818;1173.03071917983;13.7673749260325;0.574257425742574;10;10
179;21.5400000000009;0.930000000000064;22.8100000000013;NA;NA;-632.464844805209;-648.125449830009;4.36140472707222;4.73703289411892;17.3653439123863;16.0385234448347;1339.86567987675;1365.46131339051;31.3212100496005;0.0099009900990099;14;14
180;20.8100000000013;0.889999999999986;22.0600000000013;NA;NA;-616.117295456961;-629.795887885525;4.31700032179014;4.33980690375792;17.9490324901178;16.9164706691224;1309.02426649993;1331.96393819581;27.3571848571285;0.0198019801980198;13;13
181;19.1000000000022;0.590000000000032;20.0299999999988;NA;NA;-570.313920437156;-578.386300643361;4.24349073517109;4.28843913364373;12.0114586787874;11.3898364883595;1191.01206528345;1204.54931958209;16.1447604124103;0.257425742574257;11;11
182;16.6899999999987;0.590000000000032;17.6599999999999;NA;NA;-574.633148032858;-581.93180653089;4.32580399612323;4.41025856471733;12.6414330459864;12.0236698343766;1203.3489628099;1215.30336093919;14.5973169960644;0.415841584158416;13;13
183;22.3400000000001;1.07000000000005;23.6699999999983;NA;NA;-619.238781585478;-629.525796802604;4.48538845726305;4.78003232619857;16.400591069797;15.6582188163773;1309.25039318049;1326.62089362784;20.5740304342521;0.188118811881188;14;14
184;19.3600000000006;0.75;20.3899999999994;NA;NA;-602.780596661499;-614.83810275464;4.35579350037943;5.41129435318755;13.8568717386675;11.5224393577507;1264.28918756536;1278.51044205429;24.1150121862834;0.316831683168317;12;12
185;18.7000000000007;0.610000000000014;19.5;NA;NA;-588.874216786331;-597.746694930728;4.26834638498865;4.38604743355014;14.1566503437349;13.3054254379845;1237.74694518174;1251.88425233395;17.744956288793;0.287128712871287;12;12
186;17.9500000000007;0.720000000000027;18.8899999999994;NA;NA;-562.460950236667;-570.992879600432;4.22913345484908;4.59349146114555;10.8177886645985;9.54601997251488;1169.78353856349;1181.57334095959;17.0638587275309;0.188118811881188;10;10
187;19.260000000002;0.940000000000055;20.5900000000001;NA;NA;-617.956645305121;-626.278624028612;4.3209783047513;4.40502729340715;15.4809044342884;14.6867200055316;1302.14380358867;1315.39007569115;16.6439574469832;0.346534653465347;13;13
188;22.9199999999983;0.980000000000018;24.1500000000015;NA;NA;-591.051983493025;-607.806413992206;4.37909965434481;5.80426228240869;14.5654349126045;11.3246083245331;1243.83498346778;1263.60861989351;33.5088609983638;0.0099009900990099;12;12
189;18.9599999999991;0.849999999999909;20.0499999999993;NA;NA;-609.385927890415;-616.979688532601;4.24710794914989;4.26659132710006;14.5870890432015;13.8050406549477;1280.594646487;1292.46770155499;15.1875212843729;0.504950495049505;12;12
190;19.3300000000017;0.920000000000073;20.5299999999988;NA;NA;-582.179910251626;-592.401788403732;4.39637297274471;4.98769870107428;12.1236710539081;10.7282631151638;1215.74218856425;1230.27194703851;20.4437563042106;0.415841584158416;12;12
191;18.8900000000031;0.82000000000005;19.9599999999991;NA;NA;-573.605552814455;-581.978454803483;4.36650587788807;4.37766867340659;13.7922635370879;13.449054321192;1206.72832172209;1221.99308837711;16.745803978057;0.386138613861386;14;14
192;20.0499999999993;0.919999999999959;21.1800000000003;NA;NA;-624.657593560606;-634.959340126364;4.36636661065225;4.72305127029454;16.8908350703636;15.6271374998426;1322.78622152332;1337.89293682882;20.6034931315162;0.485148514851485;15;15
193;18.8600000000006;0.940000000000055;20.1100000000006;NA;NA;-564.624054341729;-575.522962035071;4.21697333691188;4.25114337568836;13.664042717822;13.3634110960986;1186.56439416065;1207.10115612339;21.797815386685;0.138613861386139;11;11
194;20.1800000000003;1.02999999999997;21.4399999999987;NA;NA;-617.316411292197;-628.493327480104;4.3493016064814;4.51525554519841;16.9820389146333;16.0176796684485;1307.91475176645;1326.10712235665;22.3538323758146;0.099009900990099;14;14
195;17.7900000000009;0.560000000000059;18.6800000000003;NA;NA;-539.879007471741;-551.29123576498;4.21682244924421;4.25957693458851;11.4836304523194;10.9999638448886;1127.92816889515;1148.72379888033;22.8244565864775;0.0396039603960396;11;11
196;19.7800000000025;0.620000000000005;20.6599999999999;NA;NA;-613.839390344564;-625.971335438666;4.32166687053825;4.43570177769223;14.6445802113076;13.7175575479594;1290.33132556244;1310.62922094738;24.2638901882037;0.0495049504950495;13;13
197;21.5800000000017;1.09000000000003;22.9700000000012;NA;NA;-625.786745356682;-632.268660965488;4.46687303245717;4.45056353548603;16.1532317346318;15.930150721894;1321.27890064612;1333.28007908338;12.9638312176107;0.544554455445545;14;14
198;20.3700000000026;0.959999999999923;21.7099999999991;NA;NA;-602.756037904718;-614.97404063932;4.4164880409343;4.44140102324373;15.7507038067158;15.4029918339824;1274.02381584004;1296.94735859178;24.4360054692031;0.0099009900990099;15;15
199;19.9400000000023;0.870000000000005;21.2000000000007;NA;NA;-599.52531951102;-606.522517661319;4.26401418910081;4.42423899330419;13.1877630797609;12.5432333055805;1254.94282658243;1266.20558607632;13.9943963005974;0.643564356435644;12;12
200;19.6599999999999;0.730000000000018;20.6899999999987;NA;NA;-614.635780806819;-623.670719203543;4.37744715897559;4.55898257228165;15.3724240168105;14.5545171812704;1295.60758250131;1310.14797787613;18.0698767934466;0.158415841584158;14;14
201;20.3600000000006;1.19000000000005;21.7999999999993;NA;NA;-607.148572667206;-617.833700194182;4.30113565117026;4.80792578931286;14.5013833799316;12.7225772064177;1276.33706452818;1290.09721864384;21.3702550539517;0.099009900990099;13;13
202;18.9099999999999;0.809999999999945;19.9799999999996;NA;NA;-608.761980666293;-617.678831363382;4.21519700026913;4.28682749057505;12.5308485834061;12.197324752889;1270.08686014007;1286.52153582288;17.8337013941782;0.0792079207920792;11;11
203;22.5299999999988;0.92999999999995;23.8299999999981;NA;NA;-682.139753195559;-700.787687125811;4.6167994013225;5.77101962917142;19.4860647428575;15.8140498498412;1451.34230371557;1472.23178616056;37.2958678605046;0.0693069306930693;19;19
204;20.1999999999971;0.57000000000005;20.989999999998;NA;NA;-582.754753182109;-598.183718137536;4.20520674639867;4.62343707490308;14.479921072582;12.8434558594412;1226.24814038509;1250.24162254304;30.8579299108544;0.0099009900990099;11;11
205;20.9900000000016;0.92999999999995;22.0499999999993;NA;NA;-665.892218746765;-679.221032386308;4.47391358379748;5.10391370738917;18.9255313647028;16.896079952139;1414.71662000901;1432.48113714447;26.6576272790849;0.326732673267327;16;16
206;19.6100000000006;0.759999999999991;20.8600000000006;NA;NA;-620.228914359821;-635.355004805084;4.30594338063279;4.57702554520774;14.7309749580873;13.3394960316162;1303.47998819926;1327.7791342726;30.2521808905262;0.0198019801980198;13;13
207;16.7999999999993;0.879999999999995;18.0099999999984;NA;NA;-543.791121656988;-552.475992697865;4.22056859929802;4.23369538446762;11.1623017396275;10.6117775844938;1134.40452617003;1149.4649956383;17.3697420817543;0.0693069306930693;11;11
208;18.2900000000009;1;19.4599999999991;NA;NA;-589.28947866919;-601.437306796545;4.29705121957202;4.36493328758818;14.5070564813924;13.6536565519843;1240.64314723426;1261.2877819779;24.2956562547115;0.0495049504950495;13;13
209;18;1.12;19.3600000000006;NA;NA;-567.805977446146;-574.319005188928;4.16461376683433;4.19101650049988;11.8230521059864;11.3818878763199;1184.64244542457;1195.83898189999;13.0260554855649;0.782178217821782;10;10
210;19.5799999999981;0.850000000000023;20.6500000000015;NA;NA;-594.011082288036;-602.033286491277;4.21714524377912;4.29045095632264;13.4895196120558;12.8398470320555;1244.60638148768;1257.92562137479;16.0444084064811;0.415841584158416;11;11
211;19.6399999999994;0.700000000000045;20.760000000002;NA;NA;-610.510787068311;-617.575756391427;4.37393280552596;4.42879624122957;13.0298949511508;12.6635325947186;1276.76616130417;1289.32872597006;14.1299386462338;0.831683168316832;13;13
212;16.9300000000003;0.659999999999968;17.7400000000016;NA;NA;-528.13445593824;-535.007112324797;4.09934782724334;4.1247751442435;9.96121020632004;9.65677571805715;1097.05353871788;1109.55239179942;13.7453127731133;0.405940594059406;9;9
213;19.2000000000007;0.769999999999982;20.2799999999988;NA;NA;-627.140238213474;-637.237663751419;4.30810662936638;4.58229545542533;15.1031390228572;13.9675917136269;1318.89483079586;1334.23157547875;20.1948510758898;0.297029702970297;13;13
214;23.3400000000001;0.879999999999995;24.75;NA;NA;-643.72239918632;-673.057522897299;5.0071119541374;9.16188261251981;16.9774092652363;10.2308535338221;1362.84008336108;1391.54942896854;58.6702474219578;0.0297029702970297;18;18
215;19.3300000000017;0.870000000000005;20.6599999999999;NA;NA;-613.242910865233;-623.842494867933;4.36696853655625;4.38937069861156;15.0684257163839;14.2369078474941;1290.95166539029;1308.59342786805;21.1991680054002;0.118811881188119;13;13
216;18.3799999999974;0.75;19.4199999999983;NA;NA;-579.750355782168;-587.080755329003;4.44086833956026;4.46287888989243;14.7965859281022;14.2166951019999;1224.78826391655;1236.89038813403;14.6607990936707;0.683168316831683;17;17
217;18.7400000000016;0.449999999999932;19.6100000000006;NA;NA;-630.681205640934;-639.709816658177;4.38242919554144;4.57787070313811;15.8896118922126;15.150044387571;1329.93023280606;1344.79602807648;18.0572220344868;0.485148514851485;14;14
218;20.6599999999999;0.82000000000005;21.7199999999975;NA;NA;-627.904465378977;-638.409393402757;4.36398487887831;4.47660680435142;15.5735107390234;14.8498837646011;1322.43563267313;1340.34966276785;21.0098560475597;0.099009900990099;13;13
219;20.5199999999968;0.759999999999991;21.380000000001;NA;NA;-641.986487551081;-650.969889881221;4.44074374800532;4.69275846162466;16.7826028999151;15.9391626413512;1356.3942858402;1370.72142569886;17.966804660281;0.198019801980198;14;14
220;16.3899999999994;0.75;17.3899999999994;NA;NA;-536.230226802515;-540.859254938139;4.18020823773182;4.15471890420388;11.9319637992244;11.5774120989816;1121.94260363236;1129.73032520271;9.25805627124782;0.722772277227723;10;10
221;19.8300000000017;0.730000000000018;20.7700000000004;NA;NA;-632.930128647295;-647.826804226074;4.36451169552529;4.48265025868163;17.2283668315821;16.4840260889979;1340.20515571468;1366.78648234093;29.7933511575591;0.0198019801980198;14;14
222;15.2300000000032;0.810000000000059;16.2299999999996;NA;NA;-545.027568980013;-557.697208560991;4.09789850848638;4.10015670570785;10.8742844858323;10.1591894975602;1134.57820551265;1156.9896393979;25.3392791619551;0.0099009900990099;9;9
223;17.1800000000003;0.950000000000045;18.2099999999991;NA;NA;-551.063060598656;-559.456194197442;4.14911262062066;4.20199158773424;12.3181093586928;11.6788520454932;1153.20962644391;1167.34487769725;16.7862671975718;0.277227722772277;10;10
224;20.7000000000007;0.759999999999991;21.6499999999978;NA;NA;-654.100798047826;-666.28577793971;4.3445057535703;4.68247118471818;17.6442105877781;16.0552451869456;1384.34096883332;1401.85412829047;24.3699597837697;0.0396039603960396;14;14
225;19.3300000000017;0.740000000000009;20.4300000000003;NA;NA;-612.064573706508;-622.13577760496;4.37648507540053;4.33839455182378;14.2530521454051;13.8715609375277;1284.5362277496;1303.06180500334;20.1424077969041;0.138613861386139;12;12
226;18.010000000002;0.610000000000014;18.9599999999991;NA;NA;-620.431951663916;-629.312674717258;4.3095619184333;4.30460966808771;14.4987232661874;14.1262240138101;1302.31218347047;1318.4949086103;17.7614461066839;0.574257425742574;12;12
227;18.9800000000032;0.830000000000041;20.130000000001;NA;NA;-613.662566814212;-626.528811655423;4.32443160226121;4.67686825423512;14.2810825416106;13.0157868967281;1288.42256024409;1308.74185330188;25.7324896824216;0.0495049504950495;13;13
228;19.7800000000025;0.940000000000055;20.9799999999996;NA;NA;-641.10482176325;-648.324372750545;4.42392353630622;4.50896839510038;16.2227059946455;15.1091564515661;1353.29797328152;1362.85747149931;14.439101974589;0.366336633663366;16;16
229;13.5800000000017;0.639999999999986;14.5299999999988;NA;NA;-529.494195347539;-537.945533481873;4.11465405130568;4.19087125517317;8.00345825518304;7.40460258001966;1091.75730648116;1106.20806127267;16.9026762686692;0.386138613861386;9;9
230;20.75;1.09000000000003;22.4099999999999;NA;NA;-662.956871030403;-671.064228249064;4.42833496144369;4.49789627159134;18.5195246282952;17.9591416627001;1406.46918087765;1420.24636537806;16.2147144373228;0.554455445544555;15;15
231;21.2299999999996;0.899999999999977;22.6599999999999;NA;NA;-660.236414345514;-675.43143780197;4.54919007060364;5.25591866900128;19.0316673114021;16.5392104448947;1404.99090552661;1424.31215549673;30.3900469129128;0.118811881188119;18;18
232;19.0299999999988;0.840000000000032;20.0600000000013;NA;NA;-600.494165836036;-616.928421482217;4.61229772595537;5.53406944949666;13.2979770872791;11.2193957137236;1258.83130556814;1282.65849220321;32.8685112923615;0.108910891089109;15;15
233;20.9400000000023;1.01999999999998;22.2900000000009;NA;NA;-684.59082373515;-697.074154502299;4.48235265186665;4.80759651307355;18.922559796402;17.3749788498429;1451.49019148164;1469.72525138162;24.9666615342976;0.0198019801980198;15;15
234;25.6099999999969;1.06999999999994;26.9599999999991;NA;NA;-619.039352714251;-635.179335183688;4.56772579006894;5.79197349869894;15.6396142549249;12.7549850613459;1305.56772191382;1325.39975917199;32.2799649388733;0.287128712871287;14;14
235;15.1699999999983;0.520000000000095;15.9099999999999;NA;NA;-539.230685484444;-548.794758609968;4.06041123285115;4.11302048250803;8.96744618384182;7.92744948195969;1114.64907897191;1129.58036736619;19.1281462510476;0.366336633663366;8;8
236;17.3900000000031;0.719999999999914;18.4799999999996;NA;NA;-599.332726774528;-609.764405554264;4.28973982734115;4.30121371008246;14.2054090066897;13.6443530544556;1259.43913312152;1277.90217720553;20.8633575594736;0.0792079207920792;13;13
237;17.869999999999;0.790000000000077;18.8899999999994;NA;NA;-613.748080908628;-620.680237575399;4.31796231734621;4.3889320789697;13.5605515403665;13.0028506832732;1284.96829606265;1296.46896965542;13.8643133335427;0.435643564356436;12;12
238;17.3400000000001;0.75;18.25;NA;NA;-584.140122948267;-589.684619251346;4.29215198120362;4.30941481243201;13.5510356185118;13.2275870340552;1225.71204989897;1235.43020737264;11.0889926061589;0.732673267326733;12;12
239;18.4700000000012;0.980000000000018;19.6700000000019;NA;NA;-619.091953291254;-625.211046716573;4.2587975647622;4.28639448479356;13.4459363998371;13.1393493496851;1295.17028058994;1306.10909461996;12.2381868506391;0.752475247524752;12;12
240;17.619999999999;0.75;18.8600000000006;NA;NA;-585.765638560606;-596.586914913873;4.3202052138969;4.57617811671262;14.1280572529667;12.9373240479111;1231.97402988313;1248.52237951348;21.6425527065333;0.128712871287129;13;13
241;17.3499999999985;0.709999999999923;18.2200000000012;NA;NA;-615.42416948879;-626.446695054534;4.30245572675018;4.65847916302065;14.4232769385184;13.411945608356;1292.55410265068;1310.2724690544;22.0450511314889;0.227722772277228;13;13
242;20.0600000000013;0.8599999999999;21.4399999999987;NA;NA;-642.810629118395;-656.852353067958;4.36773951594349;4.64069157987773;17.9762351776571;16.5436667792102;1363.81351975945;1385.66564270352;28.0834478991255;0.0297029702970297;15;15
243;19.5;0.939999999999941;20.5400000000009;NA;NA;-585.838937014517;-597.930456989334;4.33527599784022;4.77835632751353;14.9352134934506;13.6134137575033;1235.57380823057;1254.10191536035;24.1830399496339;0.0198019801980198;13;13
244;15.8900000000031;0.900000000000091;17.0300000000025;NA;NA;-583.015638485728;-593.415605190931;4.22520721546158;4.29147508919221;12.3070889618357;11.6537018528455;1217.65557578968;1235.71475942058;20.7999334104059;0.0297029702970297;11;11
245;19.1700000000019;0.970000000000027;20.3300000000017;NA;NA;-598.795029986227;-607.793322938267;4.44654669304577;4.62702607576172;14.6602693955349;13.6339957715742;1260.3097264228;1273.9157013739;17.9965859040801;0.168316831683168;13;13
246;18.1500000000015;0.889999999999986;19.3600000000006;NA;NA;-577.194638195228;-586.332772360539;4.20413609424098;4.32219710282846;13.2972492439232;12.3873390919471;1210.16698065158;1224.62646714785;18.2762683306228;0.168316831683168;11;11
247;19.0499999999993;1;20.5;NA;NA;-599.6780965537;-606.787748898034;4.38309603663755;4.43092188839103;12.9218777724604;12.6885529107037;1254.63866043011;1267.85975307307;14.2193046886698;0.673267326732673;13;13
248;27.4599999999991;1.25;29.0600000000013;NA;NA;-640.000252917301;-670.540319064338;4.6128944759937;7.99641878036393;16.0119190893296;9.75021815715992;1349.64846896699;1383.49172145692;61.0801322940738;0.0099009900990099;15;15
249;20.2700000000004;0.940000000000055;21.630000000001;NA;NA;-704.600806365474;-715.672744637354;4.49714465712579;4.82319287399301;21.3132819061097;19.9659365963687;1503.24303654345;1519.44196890389;22.1438765437606;0.356435643564356;17;17
250;21.6200000000026;0.560000000000059;22.5200000000004;NA;NA;-644.94089415327;-663.810205465765;4.45354421347914;5.06444957067186;19.2081981423937;16.8975414432404;1374.0526241706;1401.66588759631;37.7386226249882;0.0099009900990099;16;16
