1;206.059999999998;2.77999999999975;210.979999999981;NA;NA;-5893.65325398024;-5941.80224231023;5.69139369079927;5.8912354243265;400.350780352235;392.867977436973;13989.6561364301;14044.7908407072;96.2979766599819;0.0198019801980198;150;150
2;201.76999999999;2.53999999999996;206.970000000001;NA;NA;-5919.76848036533;-5939.53578528679;5.6997722120487;5.75107569646221;407.043034629747;404.632512529114;14078.7010140623;14104.9752214949;39.5346098429181;0.504950495049505;150;150
3;195.229999999981;2.50999999999931;200.110000000015;NA;NA;-5918.78208460534;-5943.66276477507;5.68235693888722;5.74843701343156;408.638703917717;405.529853548861;14085.5060789522;14118.1654982169;49.7613603394566;0.0495049504950495;150;150
4;194.820000000007;2.46999999999935;199.75;NA;NA;-5916.63641171901;-5950.07093175915;5.68383180951364;5.77375601640456;409.916852520456;405.98051871812;14088.2458924492;14133.4609637786;66.8690400802807;0.0099009900990099;150;150
5;197.419999999984;2.34000000000015;201.630000000005;NA;NA;-5918.36323325444;-5945.12452089532;5.66713475330353;5.73930856909566;411.79988698641;408.405498378934;14102.0582021194;14136.9080762215;53.5225752817587;0.0594059405940594;150;150
6;202.209999999992;2.77000000000044;207.109999999986;NA;NA;-5928.41062671977;-5960.21467558394;5.63731152715856;5.71806304196852;418.389488743274;414.763059524391;14158.4027172715;14202.0616468332;63.6080977283436;0.0099009900990099;150;150
7;202.869999999995;3.11000000000058;207.600000000006;NA;NA;-5895.45502867333;-5928.43017312563;5.67998131293762;5.76370508005369;404.038871806037;400.295004730123;14013.5480610154;14058.9031502393;65.9502889046125;0.0297029702970297;150;150
8;210.149999999994;2.8100000000004;214.820000000007;NA;NA;-5908.54129851237;-5956.20193426871;5.63437671414151;5.78546730496591;408.888537279964;403.220495322455;14066.3988525638;14130.5399423162;95.3212715126883;0.0099009900990099;150;150
9;196.550000000017;2.5;201.050000000017;NA;NA;-5900.59768375093;-5931.38500797085;5.66748784261676;5.76167639460962;406.279932993539;402.258983158416;14036.1615606382;14075.6167633068;61.5746484398533;0.0099009900990099;150;150
10;197.799999999988;2.75;202.570000000007;NA;NA;-5906.46700525149;-5936.72252008283;5.62264466046852;5.67841741297157;411.974211512056;409.022127021223;14079.2247140315;14123.4961795403;60.5110296626845;0.0099009900990099;150;150
11;187.5;2.40999999999985;191.739999999991;NA;NA;-5898.00483079502;-5943.82886067556;5.63280600032293;5.77302857300639;408.101142404978;402.305943660909;14040.9944186146;14100.7628007847;91.648059761088;0.0099009900990099;150;150
12;190.549999999988;2.21000000000004;194.25;NA;NA;-5900.66184025549;-5929.099050293;5.60121669030877;5.65123880884372;412.611704950726;409.604719759592;14071.1212672697;14111.4541116978;56.8744200750207;0.0099009900990099;150;150
13;203.75999999998;2.17000000000007;207.829999999987;NA;NA;-5921.79762409178;-5942.90162167937;5.66404137617842;5.67524344466563;410.434852998426;408.735359014786;14101.4178636829;14134.2768576143;42.2079951751839;0.247524752475248;150;150
14;197.639999999985;2.04999999999927;201.970000000001;NA;NA;-5905.35040249834;-5930.59215344466;5.61610618960604;5.65279946477753;411.941547881777;409.875184708014;14076.8118242644;14115.9281591841;50.483501892626;0.0297029702970297;150;150
15;196.73000000001;2.4399999999996;201.470000000001;NA;NA;-5917.41727714164;-5950.64149703243;5.67602882804182;5.76299882472353;410.553078751365;406.716309514963;14093.3075355514;14138.6497162297;66.4484397815886;0.0198019801980198;150;150
16;198.539999999979;2.72999999999956;203.309999999998;NA;NA;-5894.39269043773;-5923.46782326849;5.63498655442929;5.6944815962383;407.291267008061;404.350066551907;14029.3149729121;14071.2855480378;58.1502656615157;0.0099009900990099;150;150
17;194.979999999981;2.85999999999967;199.190000000002;NA;NA;-5906.65658517696;-5942.24214421249;5.64657051943513;5.73778911045075;408.563150496488;404.43384908527;14060.8394569536;14109.2950818243;71.171118071059;0.0198019801980198;150;150
18;205.279999999999;2.53999999999996;209.279999999999;NA;NA;-5911.29456977396;-5943.46889063802;5.67894198087365;5.77791764892173;408.315433830534;403.838486207899;14068.752724402;14108.4734537661;64.3486417281056;0.0396039603960396;150;150
19;191.580000000016;2.5;195.890000000014;NA;NA;-5889.03132157302;-5924.16595111964;5.62595188598737;5.69863007410135;408.025844493288;404.535202878061;14022.6331825995;14073.7002479124;70.2692590932384;0.0198019801980198;150;150
20;198;2.63000000000011;202.089999999997;NA;NA;-5918.38605946929;-5959.06432446363;5.70068229044591;5.85231789352986;406.947524116769;401.009616887164;14075.4107641704;14124.1025700651;81.3565299886759;0.0099009900990099;150;150
21;207.369999999995;2.52999999999975;211.619999999995;NA;NA;-5897.19933976897;-5937.20999915372;5.65497413124482;5.78006120223031;405.157115559862;400.270320469728;14023.1881979199;14076.3270129468;80.0213187694917;0.0099009900990099;150;150
22;202.220000000001;2.46000000000004;206.109999999986;NA;NA;-5919.09820973114;-5953.38489457456;5.68420381766701;5.79163530437438;409.041153138319;404.780992680974;14088.3522224568;14133.490236798;68.5733696868429;0.0099009900990099;150;150
23;210.940000000002;2.67000000000007;215.109999999986;NA;NA;-5912.6477808616;-5961.28362746788;5.62966115083331;5.80374770040257;413.852953407376;406.891603949404;14101.9213182058;14160.8982805353;97.2716932125713;0.0099009900990099;150;150
24;207.589999999997;2.76999999999953;213.029999999999;NA;NA;-5892.21254643592;-5946.37556328989;5.64650443581313;5.8538507821412;406.932952949186;399.081047316806;14022.9835813833;14088.1158902357;108.326033707952;0.0099009900990099;150;150
25;203.200000000012;2.52999999999975;209.079999999987;NA;NA;-5920.58968928163;-5961.01595027134;5.66710853709127;5.77876433753558;413.412767996272;408.652914045738;14115.3836531251;14170.0519809078;80.8525219794119;0.0099009900990099;150;150
26;201.059999999998;2.53999999999996;206.470000000001;NA;NA;-5902.59483757078;-5943.91776624524;5.61806470408608;5.73657329961444;411.697971555014;406.84102422763;14069.9607688763;14125.8883165156;82.6458573489272;0.0099009900990099;150;150
27;204.080000000016;2.85000000000036;209.220000000001;NA;NA;-5896.78685542284;-5948.33835122672;5.62629370345157;5.82306708971252;408.939476060557;401.660185678154;14043.1701831597;14106.2294349873;103.102991607753;0.0099009900990099;150;150
28;207.01999999999;2.67999999999938;212.160000000003;NA;NA;-5943.25972501111;-5973.83540342739;5.79429452703588;5.89329046164662;407.679309739241;403.325449289284;14129.1836844944;14166.3842376444;61.1513568325681;0.0792079207920792;150;150
29;202.679999999993;2.88000000000011;207.619999999995;NA;NA;-5929.39016342088;-5953.09242069971;5.77260228093417;5.84088130534876;404.232739891851;401.001709480961;14082.4848085286;14112.115263501;47.4045145576601;0.346534653465347;150;150
30;196.920000000013;2.47000000000025;201.820000000007;NA;NA;-5906.87400125703;-5930.92928696689;5.66770333013426;5.73108400166728;406.501203920564;403.444306979561;14049.931418066;14081.2258468111;48.1105714197201;0.0495049504950495;150;150
31;192.25;2.48000000000047;197.25;NA;NA;-5882.6475947025;-5913.21015838694;5.63819048782621;5.71686859899614;401.739166365836;398.381379601871;13975.2823986445;14017.9361734021;61.1251273688686;0.0099009900990099;150;150
32;193.089999999997;2.41000000000076;197.690000000002;NA;NA;-5900.11492075547;-5929.4006237415;5.6672928370297;5.7244355745353;407.446166879717;404.181222498675;14041.6115454742;14082.2223294182;58.5714059720685;0.0198019801980198;150;150
33;196.229999999981;2.34000000000015;201.050000000017;NA;NA;-5910.30468806505;-5940.50966316213;5.64573412483458;5.71853156122292;412.41504947414;408.964400734149;14089.3251512949;14130.7529105119;60.4099501941491;0.0198019801980198;150;150
34;214.679999999993;2.63000000000011;219.23000000001;NA;NA;-5919.37641869927;-5957.6258606702;5.64629599088676;5.7614059995048;414.041044084556;409.150354120817;14116.4132900859;14166.0082443911;76.4988839418602;0.0099009900990099;150;150
35;193.859999999986;2.73999999999978;198.440000000002;NA;NA;-5906.49115383167;-5934.39804683477;5.663201934031;5.72419730514296;407.699033354365;404.865928575972;14055.7550427269;14095.9837779169;55.8137860061997;0.0297029702970297;150;150
36;203.449999999983;2.90999999999985;208.309999999998;NA;NA;-5915.49832463554;-5959.82906123454;5.64890433942061;5.80431113315141;410.768833126153;404.713862418895;14090.6565061255;14146.0092831951;88.6614731979971;0.0099009900990099;150;150
37;206.470000000001;2.52000000000044;211.270000000019;NA;NA;-5912.29534011751;-5959.28569239646;5.59449286806186;5.75293636955742;417.277364206026;411.109194047427;14120.0542914696;14180.1035840663;93.9807045578982;0.0099009900990099;150;150
38;198.809999999998;2.64000000000033;203.669999999984;NA;NA;-5887.84895108249;-5923.61826843296;5.70726206983928;5.83732819161498;401.55163227428;396.430800823691;13984.6534770051;14028.0221622613;71.5386347009298;0.0297029702970297;150;150
39;207.760000000009;2.84000000000015;213.029999999999;NA;NA;-5918.32792782819;-5963.85608602138;5.7031102283766;5.85479661011074;410.993807263536;404.708185494154;14097.5533064714;14154.0321037224;91.0563163863808;0.0198019801980198;150;150
40;208.320000000007;2.42000000000007;213.130000000005;NA;NA;-5936.31709247389;-5962.20214590599;5.78669761170064;5.8533934851781;407.453209477952;403.98609371358;14114.0546305955;14146.7519605594;51.7701068642054;0.0594059405940594;150;150
41;203.850000000006;2.66000000000076;208.75;NA;NA;-5910.73772244176;-5940.09080143365;5.60229418768386;5.67113926183233;414.395825263814;410.847208522013;14101.0875665489;14140.2726066869;58.7061579837791;0.0099009900990099;150;150
42;197.329999999987;2.76999999999953;202.420000000013;NA;NA;-5922.40695991404;-5959.37376042005;5.6589065709752;5.76611591155394;412.054007046795;407.69364363817;14111.5435825766;14161.4906068058;73.9336010120005;0.0099009900990099;150;150
43;206.029999999999;3.17000000000007;211.5;NA;NA;-5886.15206811721;-5942.44151249515;5.63146701308669;5.84483988957334;404.204114957534;396.516110248891;13995.8511507286;14066.1379417924;112.578888755885;0.0099009900990099;150;150
44;192.489999999991;2.51000000000022;196.940000000002;NA;NA;-5918.8413915833;-5959.0234765933;5.74767752397559;5.87707284318796;403.723760854121;398.465091667778;14058.5873457584;14110.0233140683;80.3641700199933;0.0099009900990099;150;150
45;199.210000000021;2.45000000000073;203.640000000014;NA;NA;-5909.79861837222;-5936.61938800584;5.62042755956423;5.66447603816792;414.287741090898;411.650463220997;14098.614781979;14137.7485240294;53.6415392672279;0.0198019801980198;150;150
46;213.639999999985;2.85999999999967;219.149999999994;NA;NA;-5921.7911850223;-5957.4046672483;5.6699378225779;5.79671216716492;410.384593667517;405.818103093666;14101.1285064556;14147.2349782989;71.2269644519984;0.0099009900990099;150;150
47;198.119999999995;2.64000000000033;202.809999999998;NA;NA;-5919.87644357807;-5958.26924439293;5.71075846363272;5.84223032965766;405.320277004236;399.941250398124;14069.4399647887;14116.635272534;76.7856016297301;0.0099009900990099;150;150
48;195.220000000001;2.39000000000033;199.199999999983;NA;NA;-5909.87646278692;-5946.11533972095;5.73907303215997;5.84553169498569;403.870175427389;398.77357590827;14041.4629220422;14085.9040275303;72.477753868061;0.0297029702970297;150;150
49;208.660000000003;2.30000000000018;213.25;NA;NA;-5903.24113726264;-5942.21387051254;5.59704977918235;5.68279572759239;416.650571955934;412.639486602003;14098.4978703023;14154.3781560343;77.9454664997975;0.0099009900990099;150;150
50;209.170000000013;2.80000000000018;213.529999999999;NA;NA;-5921.6195735029;-5946.13012117057;5.71515405783444;5.75377116411883;408.002785274263;405.564753294051;14087.6828365442;14123.2921962484;49.0210953353471;0.138613861386139;150;150
51;206.579999999987;3.47000000000025;212.139999999985;NA;NA;-5890.44736066134;-5936.19197445971;5.634659467858;5.79545194876246;407.271989838262;401.220147402439;14021.3182686859;14079.5160089316;91.4892275967431;0.0099009900990099;150;150
52;195.5;2.44000000000051;199.660000000003;NA;NA;-5907.82401672672;-5941.13465752976;5.63180156509127;5.73290746754279;411.118703673096;406.877453585021;14077.2325456524;14120.5224987982;66.6212816060852;0.0099009900990099;150;150
53;199.300000000017;2.60999999999967;204.039999999979;NA;NA;-5911.74016111432;-5942.00081223082;5.69601069385558;5.78331938913025;406.174400709886;402.327063433584;14057.8659770044;14097.222884819;60.5213022330099;0.0099009900990099;150;150
54;203.220000000001;2.75;208.010000000009;NA;NA;-5908.05771123503;-5937.81826837139;5.66291846839926;5.72439800130646;411.197948357795;408.10578957284;14078.1358636355;14120.6468580697;59.5211142727167;0.0396039603960396;150;150
55;206.25;2.82999999999993;211.130000000005;NA;NA;-5896.8545780923;-5935.18364755566;5.67265179450494;5.79074126799422;403.824550748999;398.919335698822;14015.1681690196;14064.842475084;76.6581389267067;0.0099009900990099;150;150
56;197.050000000017;2.46999999999935;201.429999999993;NA;NA;-5898.55320323953;-5941.83600909074;5.63135279271338;5.794711815162;407.473312079342;400.57999197796;14038.6374375406;14087.2825512466;86.56561170243;0.0099009900990099;150;150
57;201.850000000006;2.76999999999953;206.630000000005;NA;NA;-5917.76030322792;-5964.18318242679;5.70511413392651;5.8849144125245;409.141300451959;402.252705483659;14086.2273248221;14141.1785784164;92.8457583977324;0.0099009900990099;150;150
58;220.029999999999;2.65999999999985;224.609999999986;NA;NA;-5926.68312114008;-5969.34304407858;5.63180048492566;5.78253084634584;417.930805615124;411.976541524096;14152.4244673264;14204.9896091982;85.3198458770021;0.0099009900990099;150;150
59;198.160000000003;2.82999999999993;202.149999999994;NA;NA;-5872.77608067744;-5908.30746721756;5.66982075129894;5.79053520667421;397.98491727004;392.87818554457;13934.8870589041;13977.8574458314;71.0627730802516;0.0198019801980198;150;150
60;212.040000000008;2.98000000000047;216.559999999998;NA;NA;-5913.14557754507;-5959.57256003674;5.63855369551055;5.7838985180342;412.433793113061;406.180966058856;14095.1100399484;14153.5668911616;92.8539649833383;0.0099009900990099;150;150
61;189.169999999984;2.51999999999953;193.160000000003;NA;NA;-5898.16353124774;-5931.2753952803;5.65728833385954;5.75641909755097;403.72353581498;399.730929058659;14017.2303871357;14061.4905861209;66.2237280651025;0.0198019801980198;150;150
62;201.959999999992;2.72000000000025;206.420000000013;NA;NA;-5921.48663787881;-5963.0338896942;5.70861134299081;5.86751337024216;406.324852529563;400.017492052851;14078.186573504;14126.5839722852;83.0945036307767;0.0198019801980198;150;150
63;190.970000000001;2.77000000000044;195.049999999988;NA;NA;-5899.32327703413;-5940.71279165426;5.61477605658962;5.74043208395215;411.548457237914;406.489054969196;14062.5951620808;14117.5421668725;82.7790292402588;0.0099009900990099;150;150
64;204.790000000008;2.44999999999982;208.75999999998;NA;NA;-5931.41966285938;-5961.72363027568;5.66449529667711;5.72672325271252;416.113509803674;412.67243332878;14151.9005157857;14193.5789171493;60.6079348325911;0.0396039603960396;150;150
65;211.959999999992;2.51999999999953;216.040000000008;NA;NA;-5925.27371531777;-5949.66264935509;5.66603401700561;5.71368674465003;414.699589927481;411.934850815669;14131.8305768798;14165.399477083;48.7778680746414;0.0495049504950495;150;150
66;190.540000000008;2.53999999999996;194.330000000016;NA;NA;-5881.41051631345;-5917.33664837466;5.6280224891338;5.74212721057427;405.556679644253;401.134932031201;13993.8085729836;14041.3365827503;71.8522641224263;0.0099009900990099;150;150
67;202.069999999978;2.72999999999956;206.970000000001;NA;NA;-5915.9254467292;-5992.20733080191;5.79899563905485;6.19153186378062;398.475587169448;382.950638097323;14023.8849906188;14091.0452389036;152.563768145421;0.0099009900990099;150;150
68;201.010000000009;2.6899999999996;205.220000000001;NA;NA;-5922.63725362443;-5966.36469279345;5.72997620901345;5.90688557014055;407.832491202483;400.887430966273;14088.7814005972;14138.0311558743;87.4548783380524;0.0099009900990099;150;150
69;204.860000000015;2.60000000000036;208.75;NA;NA;-5904.56030505925;-5945.7596469661;5.6679412586395;5.79366208991405;406.552717928714;401.258175677585;14045.5874068008;14098.8605493843;82.3986838137043;0.0099009900990099;150;150
70;200.440000000002;2.43000000000029;204.720000000001;NA;NA;-5917.03408032532;-5948.44535004928;5.70927816794474;5.7847524307669;404.005214316771;400.472846008524;14056.5210127908;14099.9118178371;62.8225394479214;0.0198019801980198;150;150
71;211.979999999981;2.61999999999989;215.859999999986;NA;NA;-5942.49302111125;-6028.72624444777;5.86374774343907;6.32240863168516;401.185506482689;383.009584946135;14091.9275408058;14164.4073357533;172.466446673043;0.0198019801980198;150;150
72;195.309999999998;2.27000000000044;198.800000000017;NA;NA;-5906.23584174095;-5939.31709092361;5.66534556762478;5.74989299958658;407.328008308898;403.761291295789;14053.2033912486;14099.7452012721;66.1624983653273;0.0198019801980198;150;150
73;196.679999999993;2.59999999999945;200.610000000015;NA;NA;-5907.27702279065;-5936.40093917305;5.65124568428886;5.72547601404368;408.201969579159;404.768160251439;14060.0934579244;14099.4517341596;58.2478327647987;0.0099009900990099;150;150
74;200.779999999999;2.11999999999989;204.369999999995;NA;NA;-5917.0329083843;-5952.32799286843;5.63383277044675;5.74794314753834;414.603689292205;409.924243432437;14114.8214088308;14159.6697125238;70.5901689682632;0.0099009900990099;150;150
75;218.429999999993;2.88000000000011;222.609999999986;NA;NA;-5926.07680797686;-5974.25022849119;5.64777055585572;5.84415452546995;416.52386128167;409.165015783606;14143.4721699861;14199.3376345719;96.3468410286478;0.0099009900990099;150;150
76;200;2.67000000000007;204.399999999994;NA;NA;-5910.70362777864;-5955.41045250774;5.73750074289666;5.87840840326946;404.125908962885;398.173265453526;14044.5240549708;14101.1919153245;89.413649458209;0.0099009900990099;150;150
77;207.830000000016;2.38000000000011;211.76999999999;NA;NA;-5910.80608604068;-5948.33539485421;5.64454985432882;5.793250553299;410.634028729792;404.890667761324;14080.5304632219;14123.9945654494;75.0586176270554;0.0099009900990099;150;150
78;206.229999999981;2.33999999999924;210.080000000016;NA;NA;-5905.22077309568;-5944.43668842098;5.68889941634663;5.8125582247165;406.726640922605;401.629591829171;14047.8651019454;14098.2578110853;78.4318306505866;0.0099009900990099;150;150
79;206.160000000003;2.61999999999989;210.160000000003;NA;NA;-5900.46018593266;-5944.50715177527;5.6784706871287;5.84557796180337;406.093656506637;400.008745515048;14034.8618487482;14089.4823813062;88.0939316852091;0.0099009900990099;150;150
80;210.470000000001;2.65999999999985;214.910000000003;NA;NA;-5919.57209080145;-5967.59975871766;5.71532911833579;5.88765518974191;410.021974512632;403.266697583698;14094.6955319407;14153.5897521596;96.0553358324159;0.0099009900990099;150;150
81;200.360000000015;2.48999999999978;204.649999999994;NA;NA;-5891.85124544998;-5934.18980476211;5.66501444734059;5.82500120547352;402.373097634414;396.322158855473;13997.1769876942;14048.567590029;84.6771186242677;0.0099009900990099;150;150
82;192.860000000015;2.93000000000029;198.049999999988;NA;NA;-5901.16444479489;-5931.90087303835;5.65415923276057;5.74824316877193;407.513380994901;403.7412498315;14044.0803417561;14084.8025164061;61.472856486911;0.0099009900990099;150;150
83;193.070000000007;2.39999999999964;197.589999999997;NA;NA;-5901.65636935536;-5928.97404058437;5.68768124812585;5.75107396248162;404.882624432696;401.675045426645;14030.5922676994;14067.5825579208;54.6353424580047;0.0297029702970297;150;150
84;197.270000000019;2.78000000000065;202.420000000013;NA;NA;-5914.90015198966;-5945.04060536934;5.67425947332855;5.75685208682054;408.857433976938;405.117883251777;14078.9454586957;14118.6549102354;60.2809067593589;0.0099009900990099;150;150
85;201.48000000001;2.67999999999938;205.669999999984;NA;NA;-5913.48696530498;-5948.11597181565;5.66550580158444;5.79359335163549;407.990729389375;403.055202529447;14071.3513001238;14113.4587335042;69.2580130213391;0.0099009900990099;150;150
86;208.579999999987;2.5;213.279999999999;NA;NA;-5925.0638087253;-5978.64600514174;5.7075912106907;5.94825906100385;409.360234395519;400.752476830371;14102.0387023697;14161.8513911323;107.164392832876;0.0099009900990099;150;150
87;200.73000000001;2.59999999999945;205.609999999986;NA;NA;-5905.2792730679;-5940.42650220777;5.6220418396846;5.71751786871154;414.213093388442;410.321463658304;14089.1654506326;14138.0518594944;70.2944582797481;0.0198019801980198;150;150
88;194.479999999981;2.59000000000015;198.829999999987;NA;NA;-5899.03855416605;-5927.27139235374;5.63029376772601;5.68284430492391;408.246094058684;405.379992382078;14043.8592516398;14084.5583596146;56.465676375381;0.0099009900990099;150;150
89;196.869999999995;2.64000000000033;201.479999999981;NA;NA;-5917.40988962441;-5942.35645181258;5.69154558678317;5.72603409739628;408.708874029872;406.670792296875;14083.1476982802;14121.8292333011;49.8931243763436;0.0594059405940594;150;150
90;209.069999999978;2.5600000000004;213.549999999988;NA;NA;-5906.90304528436;-5937.41253960976;5.61434589072608;5.67447445734801;414.21752758546;411.046110672592;14092.4373878047;14136.0102536988;61.0189886507833;0.0099009900990099;150;150
91;195.559999999998;2;199.869999999995;NA;NA;-5888.44889445366;-5925.8112322949;5.65128816934136;5.75420071984603;403.505371705129;398.903231238574;13996.6009818883;14046.0090531227;74.7246756824807;0.0099009900990099;150;150
92;205.649999999994;2.76000000000022;210.049999999988;NA;NA;-5915.48540832629;-5946.7632982293;5.72866003025515;5.81809805156597;402.349880990879;398.449830669278;14044.3175975317;14085.4190058258;62.5557798060145;0.0099009900990099;150;150
93;206.73000000001;2.53000000000065;211.299999999988;NA;NA;-5915.69239922796;-6002.15782248222;5.74981709156811;6.17991919551847;404.723160969912;388.197166549331;14057.7871109753;14139.8076371886;172.930846508518;0.0099009900990099;150;150
94;218.820000000007;3.01999999999953;223.75;NA;NA;-5917.05259487784;-5966.99536812572;5.63535457973015;5.79095382281915;414.858917227798;408.782168672241;14116.2648034327;14182.7218527694;99.8855464957742;0.0099009900990099;150;150
95;202.380000000005;2.46999999999935;206.510000000009;NA;NA;-5926.82834449124;-5962.7358609827;5.63831925865267;5.74019858722333;415.075290975171;410.884901323078;14137.0065854453;14185.7700757653;71.8150329829205;0.0099009900990099;150;150
96;196.420000000013;2.69999999999982;200.910000000003;NA;NA;-5904.70259601138;-5932.64909211461;5.653137854106;5.72487564757212;408.911989256243;405.448580156533;14058.8504580541;14095.6910639076;55.8929922064472;0.0396039603960396;150;150
97;190.74000000002;2.72000000000025;195.860000000015;NA;NA;-5894.09244631022;-5929.17447521074;5.68072438150862;5.7803474771132;403.977006536402;399.413992436109;14010.4825723526;14055.5452617995;70.1640578010411;0.0099009900990099;150;150
98;210.149999999994;2.98000000000047;215.25999999998;NA;NA;-5914.01139848965;-5942.67262761787;5.74241265589436;5.80805420835061;402.359965351795;399.153474996862;14041.4250524313;14081.1084471753;57.3224582564562;0.0396039603960396;150;150
99;208.589999999997;2.77999999999975;213.359999999986;NA;NA;-5904.2123379317;-5948.70249125558;5.65752901889651;5.80562280476973;407.774620575769;402.086908533811;14051.6132200053;14109.3051387762;88.9803066477689;0.0099009900990099;150;150
100;201.289999999979;2.39000000000033;205.690000000002;NA;NA;-5928.18141626074;-5969.13712757014;5.7190482610146;5.86833368869478;408.390950070535;402.194817648854;14102.9418359816;14150.7680248341;81.9114226188067;0.0099009900990099;150;150
101;190.25;2.63000000000011;194.529999999999;NA;NA;-5880.22678845351;-5921.07496212356;5.65907481818754;5.76919635885316;401.380221691189;396.736604531832;13968.4662135726;14024.6177911069;81.6963473400901;0.0099009900990099;150;150
102;195.440000000002;2.47000000000025;199.029999999999;NA;NA;-5906.80082986683;-5936.72344285326;5.67878769530916;5.75032043209056;407.502827228898;404.12654545786;14055.2950551063;14096.5671865107;59.845225972871;0.0396039603960396;150;150
103;200.329999999987;2.77999999999975;204.559999999998;NA;NA;-5913.37832101182;-5940.7809451194;5.6429296175984;5.68977056986417;411.011180799642;408.36055116603;14087.7496655281;14127.9736678077;54.8052482151525;0.0891089108910891;150;150
104;201.690000000002;2.64000000000033;205.989999999991;NA;NA;-5896.60000990151;-5927.81636442636;5.66995684121191;5.73378635650773;405.293605255872;401.93299658465;14022.7403748164;14066.6862078021;62.4327090497154;0.0099009900990099;150;150
105;197.459999999992;2.52999999999975;201.26999999999;NA;NA;-5906.55039322977;-5937.39649477389;5.63759703676931;5.70498493126395;411.493481500679;408.299115747063;14076.7469701971;14120.8668078101;61.6922030882433;0.0099009900990099;150;150
106;201.25;2.78000000000065;208;NA;NA;-5906.88097485782;-5927.60402478712;5.67135155565106;5.71743062852044;408.553033057744;405.899723583488;14061.2325797797;14088.0826917656;41.4460998586164;0.108910891089109;150;150
107;211.970000000001;2.69999999999982;216.059999999998;NA;NA;-5918.59517009936;-5945.10912068125;5.65376868781617;5.69422597908531;415.092016462592;412.66680128373;14120.6322444028;14160.3189157995;53.0279011637685;0.0594059405940594;150;150
108;202.389999999985;2.32999999999993;206.410000000003;NA;NA;-5922.61793622886;-5968.12060303396;5.69864973088242;5.88630731661779;410.413597955823;403.354208402651;14102.9415629066;14155.1128421759;91.0053336101882;0.0099009900990099;150;150
109;199.459999999992;2.55999999999949;203.809999999998;NA;NA;-5908.90416501293;-5948.28974218617;5.72831757077535;5.87237212870344;403.055258632373;397.416838099472;14035.0354285237;14082.7893500454;78.7711543464738;0.0297029702970297;150;150
110;208;2.77999999999975;212.220000000001;NA;NA;-5907.42371884869;-6003.78445317616;5.65703842570462;6.12991704263472;407.53938758937;389.065515076651;14056.7419534381;14147.8377271738;192.721468654945;0.0099009900990099;150;150
111;202.529999999999;2.46999999999935;206.919999999984;NA;NA;-5902.89144866263;-5958.68711646595;5.63409445512534;5.84827439138091;409.865571964131;401.734889947752;14060.4738694361;14127.3379173821;111.591335606648;0.0099009900990099;150;150
112;205.73000000001;2.94999999999982;209.889999999985;NA;NA;-5920.95379991066;-5961.64715388102;5.7132297180745;5.86768176970832;405.640719162161;399.438140330283;14073.3574457613;14120.6234579114;81.3867079407246;0.0099009900990099;150;150
113;199.48000000001;2.46999999999935;203.190000000002;NA;NA;-5916.01151761456;-5950.3704684686;5.68290018689374;5.78457129353876;410.338176255857;405.970064413108;14089.3138271414;14134.0025275438;68.7179017080907;0.0297029702970297;150;150
114;206.330000000016;2.73999999999978;210.989999999991;NA;NA;-5923.22728606103;-5958.88308091025;5.74713093236394;5.86570927634062;404.553528386405;399.363197929506;14071.9237273314;14114.683050082;71.3115896984236;0.0099009900990099;150;150
115;202.790000000008;2.34000000000015;206.709999999992;NA;NA;-5906.83679789858;-5936.69559293618;5.65876021918386;5.75542690088938;407.314834218915;403.438517434903;14054.3328322372;14092.7266101755;59.7175900752136;0.0198019801980198;150;150
116;196.130000000005;2.57999999999993;200.049999999988;NA;NA;-5907.44932456167;-5936.60093040196;5.65018872321825;5.7134420919734;410.366441395681;407.226642647694;14072.3449289808;14113.3759510081;58.3032116805734;0.0396039603960396;150;150
117;190.75999999998;2.3799999999992;194.709999999992;NA;NA;-5895.54707199307;-5923.84541591052;5.67599473768586;5.74710856689708;401.748392994375;398.484080198826;14001.1321093699;14039.77164956;56.5966878349009;0.0396039603960396;150;150
118;213.200000000012;2.61999999999989;218.089999999997;NA;NA;-5900.88324552316;-5981.4247221767;5.65640727264137;6.01194629921268;410.426460052678;396.938968262228;14059.5429365321;14146.4305241962;161.082953307076;0.0099009900990099;150;150
119;213.23000000001;2.69000000000051;217.76999999999;NA;NA;-5925.52935743999;-5984.84562139746;5.64412983127297;5.90596593453062;415.312423497377;405.845155301787;14135.7130891853;14202.2657021446;118.63252791495;0.0099009900990099;150;150
120;201.669999999984;2.34000000000015;205.419999999984;NA;NA;-5922.90724573854;-5952.61200223741;5.65623719960551;5.7275727333748;412.258127425952;408.823608052103;14113.6670306212;14154.1830810901;59.4095129977395;0.0495049504950495;150;150
121;198.369999999995;2.20000000000073;202.229999999981;NA;NA;-5916.60864009007;-5955.15057391553;5.65816220392489;5.75503790452159;414.325733958848;410.30760010744;14112.4438260779;14167.4237388245;77.0838676509229;0.0099009900990099;150;150
122;203.889999999985;2.68000000000029;208.270000000019;NA;NA;-5917.80708062909;-5954.02203109657;5.67311286863326;5.77443318404788;411.036043029896;406.565821786948;14096.7439531324;14144.5829438538;72.4299009349725;0.0099009900990099;150;150
123;205.260000000009;2.92000000000007;210;NA;NA;-5902.60122186739;-5953.35831410175;5.64973419596944;5.85321716863763;406.344065254131;398.944273732749;14040.5214316382;14101.3289935457;101.51418446871;0.0099009900990099;150;150
124;203.369999999995;2.64999999999964;207.5;NA;NA;-5931.9188173624;-5967.12281991625;5.65792129721533;5.73597724366686;415.561546472374;411.951742948228;14149.8624469519;14200.4127426697;70.4080051076926;0.0099009900990099;150;150
125;206.970000000001;2.59000000000015;211.420000000013;NA;NA;-5925.16196766951;-5959.27517599107;5.68655469973574;5.81662973226311;412.109249107489;406.986141307805;14117.3574874212;14157.4014323096;68.2264166431323;0.0099009900990099;150;150
126;193.279999999999;2.07999999999993;197.329999999987;NA;NA;-5902.51365335297;-5920.71152578642;5.65370656116784;5.67027365200361;409.597261110865;407.940472761023;14058.2422874187;14085.5239568653;36.3957448669025;0.435643564356436;150;150
127;213.350000000006;2.72999999999956;217.75;NA;NA;-5903.48007796484;-5939.94106721722;5.66487866524819;5.7758004713238;407.218364948475;402.780628379406;14047.0887100972;14095.598478201;72.9219785047499;0.0099009900990099;150;150
128;217.75;2.81999999999971;225.890000000014;NA;NA;-5904.97947616895;-5931.39256432761;5.66319302858454;5.72964627852156;408.891812778341;405.631681795029;14059.2932265571;14094.1852595875;52.8261763173268;0.0495049504950495;150;150
129;214.429999999993;2.96000000000004;218.929999999993;NA;NA;-5938.51944092083;-5968.56639697397;5.72942630730012;5.81364857028295;410.857930058454;407.172524838328;14137.1888653685;14177.0091793812;60.0939121062729;0.108910891089109;150;150
130;204.940000000002;2.72000000000025;209.25;NA;NA;-5927.91882895169;-5966.51394760072;5.70892815664963;5.84155434775105;412.763464566583;406.43106064593;14126.4700818848;14168.825449098;77.1902372980785;0.0396039603960396;150;150
131;214.789999999979;2.89000000000033;220.600000000006;NA;NA;-5922.51310681702;-5975.45606491483;5.66808215035135;5.87668610427307;412.619032478587;404.736390787764;14114.8641094893;14177.3872202375;105.885916195626;0.0099009900990099;150;150
132;211.00999999998;2.77999999999975;215.25;NA;NA;-5914.50149694546;-5948.54910102178;5.62578985930611;5.71560267999838;414.2195140211;410.456041910251;14107.6452186085;14155.0373788046;68.0952081526484;0.0099009900990099;150;150
133;199.419999999984;2.53999999999996;203.440000000002;NA;NA;-5902.86155632787;-5935.6679530405;5.62549151714483;5.68795797672818;413.62995014629;410.164472412884;14081.1221170666;14127.6711444817;65.6127934252745;0.0099009900990099;150;150
134;205.699999999983;2.32000000000062;209.540000000008;NA;NA;-5907.48824442881;-5947.62525528234;5.63748584419158;5.76619052115373;411.721288613163;406.429059694223;14079.8758508933;14131.037057126;80.274021707075;0.0099009900990099;150;150
135;202.419999999984;2.69999999999982;206.600000000006;NA;NA;-5928.82816909841;-5959.65004828315;5.75954387199965;5.87496429626778;404.297099377817;399.667775235794;14081.7148646288;14117.8924797944;61.6437583694769;0.118811881188119;150;150
136;212.929999999993;2.44999999999982;216.949999999983;NA;NA;-5928.65893288473;-5967.58806391005;5.70087490061516;5.8266595099589;412.58486099037;407.110362357228;14126.9677825622;14174.7105543416;77.8582620506459;0.0099009900990099;150;150
137;201.760000000009;2.59000000000015;205.630000000005;NA;NA;-5910.48528561513;-5942.92633050373;5.71349976067096;5.7578482035162;408.165815895765;405.181722663796;14066.3111003561;14114.7775442966;64.8820897772093;0.0198019801980198;150;150
138;208.5;2.5600000000004;212.429999999993;NA;NA;-5919.98988135311;-5957.62321345361;5.72718296939777;5.84361757260754;405.631052732867;400.560165931283;14071.3764331361;14118.7478958999;75.2666642010026;0.0099009900990099;150;150
139;192.579999999987;2.74000000000069;196.73000000001;NA;NA;-5893.74532166672;-5928.04120903565;5.61351162068864;5.6970309284696;408.84262701342;404.875955845413;14036.5543442044;14083.3252628284;68.5917747378498;0.0099009900990099;150;150
140;195.98000000001;2.55000000000018;199.890000000014;NA;NA;-5900.77253451191;-5932.47090934616;5.64186479299153;5.69826238407184;408.758530961783;405.582106611138;14050.1461533166;14096.0692340632;63.3967496685036;0.0099009900990099;150;150
141;194.410000000003;2.31999999999971;198.140000000014;NA;NA;-5893.4082566942;-5927.79153776328;5.621026543932;5.72148199989796;407.532344939392;403.114284240008;14028.67228716;14073.1348768386;68.7665621381493;0.0099009900990099;150;150
142;201.98000000001;2.59000000000015;206.190000000002;NA;NA;-5904.7071203457;-5949.52111746741;5.64080162867805;5.80171944927957;407.834437503371;401.796878618621;14052.9318407381;14109.346922158;89.6279942434267;0.0099009900990099;150;150
143;217.289999999979;2.75;221.760000000009;NA;NA;-5943.54692598908;-5977.26348602825;5.73399490687051;5.85083466543423;411.833844154535;407.148694282694;14152.6123876657;14194.2722644136;67.4331200783527;0.0198019801980198;150;150
144;195.299999999988;2.22000000000025;199.01999999999;NA;NA;-5903.06222897525;-5943.04981905577;5.63942925940924;5.76137524505047;406.827743633464;401.883797661456;14044.1041847641;14096.8824713284;79.9751801610382;0.0099009900990099;150;150
145;196.670000000013;2.38999999999942;200.449999999983;NA;NA;-5887.55714554166;-5934.30181744185;5.59541902123488;5.74898673398441;408.667002860258;402.509809579619;14023.2118747204;14082.8301909132;93.4893438003819;0.0099009900990099;150;150
146;203.020000000019;2.60999999999967;207.140000000014;NA;NA;-5906.65978870533;-5945.80608740328;5.66735196309229;5.78467080581677;409.24666660984;404.508273656655;14064.6059202714;14116.8323814884;78.2925973959063;0.0099009900990099;150;150
147;204.630000000005;2.75;209.440000000002;NA;NA;-5919.07456236719;-5972.86846302118;5.6793965924123;5.89545424604882;411.300985352243;403.186123457016;14100.7363775499;14163.6839184735;107.587801307984;0.0099009900990099;150;150
148;194.200000000012;2.57999999999993;198.630000000005;NA;NA;-5889.01553621464;-5920.49483564075;5.65233853865219;5.73749284589318;404.37594128558;400.594887583242;14002.5233121317;14044.6821458149;62.9585988522213;0.0099009900990099;150;150
149;203.410000000003;2.52000000000044;207.75;NA;NA;-5905.19315371135;-5942.34156660773;5.62377854650568;5.72895362503101;409.989948919977;405.530336559667;14065.7614833766;14115.5257589488;74.2968257927678;0.0198019801980198;150;150
150;213.450000000012;3.05000000000018;218.220000000001;NA;NA;-5903.46163687685;-5949.52891470139;5.63767176592407;5.79569292349551;409.887521551161;403.752659686723;14061.7349916385;14120.1213659153;92.1345556490705;0.0099009900990099;150;150
151;207.559999999998;2.28999999999996;212.110000000015;NA;NA;-5893.16132336751;-5952.13951592141;5.65063610619514;5.89046878134016;404.739059157604;395.752884578042;14012.8124159785;14081.3354061289;117.956385107816;0.0099009900990099;150;150
152;202.329999999987;2.59000000000015;206.279999999999;NA;NA;-5913.08411005322;-5948.22711468636;5.6433859094283;5.73509634140567;413.848592018563;409.62087048711;14102.7699843715;14149.7990864428;70.286009266285;0.0099009900990099;150;150
153;201.23000000001;2.56999999999971;205.160000000003;NA;NA;-5884.89909901604;-5934.6650575997;5.65168153493058;5.85675645225571;402.421880274747;395.060120997819;13983.541050566;14042.5755624475;99.53191716732;0.0099009900990099;150;150
154;215.089999999997;2.81999999999971;219.470000000001;NA;NA;-5916.69882341536;-5949.80351294314;5.67921752824282;5.77778239767439;410.19933795715;406.276837018147;14089.924682331;14134.5561879074;66.20937905555;0.0099009900990099;150;150
155;211.790000000008;2.80000000000018;216.859999999986;NA;NA;-5896.2708337247;-5928.12155086939;5.61800535722678;5.68208520439523;409.851256393329;406.733329604963;14047.1538888906;14093.7034522684;63.7014342893799;0.0099009900990099;150;150
156;195.829999999987;2.15999999999985;199;NA;NA;-5904.40651695753;-5945.16024984323;5.6261078003402;5.77762082921051;407.351039657238;401.662619071955;14049.6714382787;14099.8866184411;81.5074657714049;0.0099009900990099;150;150
157;207.320000000007;2.51999999999953;211.389999999985;NA;NA;-5895.88559619675;-5918.96995638188;5.6107742399443;5.65059957303227;412.012141299897;409.625615513755;14058.2705495784;14091.3108724623;46.1687203702731;0.0198019801980198;150;150
158;207.609999999986;2.78999999999996;212.190000000002;NA;NA;-5917.46898749877;-5963.63392183275;5.72053620126075;5.88311467887579;406.981827607629;400.827272116954;14073.765325445;14132.2386771196;92.3298686679773;0.0099009900990099;150;150
159;204.5;2.42000000000007;208.860000000015;NA;NA;-5904.45089203435;-5936.00028740689;5.64606975845693;5.7266604664641;409.331455407539;405.722688382846;14060.6545543383;14103.9013375287;63.0987907450799;0.0099009900990099;150;150
160;203.260000000009;2.74000000000069;207.290000000008;NA;NA;-5905.28527260107;-5936.53159754548;5.64921667691918;5.74218844646044;409.088720241139;404.957629869472;14060.9880172039;14100.7553327316;62.4926498888199;0.0198019801980198;150;150
161;203.329999999987;2.39999999999964;207.380000000005;NA;NA;-5892.58544381012;-5914.95395714037;5.64219368835508;5.66306594377687;407.230577966316;405.347120165729;14025.3666262086;14059.7426574847;44.7370266605103;0.0792079207920792;150;150
162;203.559999999998;2.60000000000036;207.829999999987;NA;NA;-5913.78257203753;-5941.862613478;5.6766283410738;5.72514385935687;409.467691582944;406.834119220526;14080.0673563465;14121.7400261923;56.1600828809569;0.0099009900990099;150;150
163;200.559999999998;2.84000000000015;205.160000000003;NA;NA;-5900.29443865505;-5926.65397830597;5.65304157628577;5.70287518818469;407.045292204773;404.323538769586;14039.7653496746;14077.5119274579;52.7190793018435;0.0198019801980198;150;150
164;197.829999999987;2.48999999999978;201.889999999985;NA;NA;-5911.69475714157;-5938.62658926869;5.66122308821624;5.71081120649769;411.452583858566;408.866096144256;14086.8107180498;14126.4459842686;53.8636642542315;0.0693069306930693;150;150
165;200.829999999987;2.42000000000007;204.899999999994;NA;NA;-5898.51928940776;-5935.34050754708;5.60009971274288;5.68717228529877;412.603806881108;408.569481884985;14066.792717899;14118.242130978;73.6424362786529;0.0099009900990099;150;150
166;200.569999999978;2.49000000000069;204.720000000001;NA;NA;-5898.88083565245;-5952.89804348621;5.65284232294965;5.85821901198867;407.444115825527;399.777242848675;14039.1320923167;14104.9906570037;108.034415667513;0.0099009900990099;150;150
167;208.110000000015;2.90999999999985;212.540000000008;NA;NA;-5904.1838514521;-5948.88926280189;5.66679817793089;5.80540101343974;408.383947332111;402.633506437316;14054.9081839507;14112.6855442225;89.4108226995759;0.0099009900990099;150;150
168;199.139999999985;2.35999999999967;202.830000000016;NA;NA;-5911.45927255931;-5974.25536016858;5.71471538699737;5.95730060207262;406.062088576518;396.431941515504;14056.686365242;14129.3026207352;125.592175218544;0.0099009900990099;150;150
169;201.929999999993;2.39999999999964;205.899999999994;NA;NA;-5924.84014444201;-5969.18368059134;5.74858640271836;5.96572441987707;406.495371761572;398.203810401898;14085.8316214381;14128.9064007775;88.6870722986623;0.0297029702970297;150;150
170;202.170000000013;2.26999999999953;205.970000000001;NA;NA;-5893.08582857779;-5913.80384106685;5.67137029308593;5.70182530235524;402.351087902533;400.175482092332;13999.525077316;14028.9929861246;41.4360249781203;0.217821782178218;150;150
171;206.300000000017;2.80000000000018;210.670000000013;NA;NA;-5926.31740407667;-5947.25212623129;5.67194795905281;5.71086566810788;411.782778721996;409.403035376718;14117.8724303473;14146.6507877159;41.8694443092299;0.118811881188119;150;150
172;212.559999999998;2.42000000000007;216.839999999997;NA;NA;-5904.83010363836;-5925.4355115805;5.65452460739855;5.68412469369768;409.146807806247;407.320572833726;14060.3972218739;14091.5618280076;41.2108158842875;0.237623762376238;150;150
173;196.760000000009;2.64000000000033;201.029999999999;NA;NA;-5914.50738588636;-5965.9969157692;5.66382259318198;5.87451161707414;408.526960457897;400.562341735354;14076.3419751635;14135.5072697379;102.979059765688;0.0099009900990099;150;150
174;206.950000000012;2.69999999999982;211.080000000016;NA;NA;-5928.59718974397;-6002.94582443463;5.7023957559993;6.04175947566704;410.932361935719;397.52292049017;14117.7538164873;14192.6850790692;148.697269381322;0.0099009900990099;150;150
175;197.830000000016;2.13999999999942;201.229999999981;NA;NA;-5919.3347579512;-5947.39165060326;5.66004559486997;5.73109893371382;410.918530160752;407.496913806224;14099.1528636171;14136.4441665459;56.1137853041291;0.0198019801980198;150;150
176;196.75;2.30999999999949;200.589999999997;NA;NA;-5916.16355520087;-5937.37680549919;5.7229599189135;5.75291479041152;406.443844886754;404.449347646238;14068.1949910452;14099.6496627553;42.4265005966208;0.346534653465347;150;150
177;200.309999999998;2.46000000000004;204.600000000006;NA;NA;-5901.65171596898;-5926.62512494733;5.64599763403406;5.69073031379819;408.52209087227;406.045081953433;14050.6038474951;14086.9245157355;49.9468179566902;0.0693069306930693;150;150
178;208.670000000013;2.98000000000047;213.339999999997;NA;NA;-5939.19499201589;-5967.82513665966;5.71216163499759;5.80595589089924;412.499410015871;408.239743726678;14147.569830748;14181.3974831336;57.260289287542;0.0297029702970297;150;150
179;210.089999999997;2.77000000000044;214.820000000007;NA;NA;-5926.2555326042;-5970.89835485696;5.64383904800692;5.79579740898856;412.595076186746;406.598706253283;14122.2171763063;14178.5164904655;89.2856445055186;0.0099009900990099;150;150
180;199.050000000017;2.71999999999935;203.169999999984;NA;NA;-5911.45173349706;-5958.95958591913;5.61515288109257;5.75489123141165;413.297683539717;407.499478887959;14096.4746562153;14159.5941478203;95.0157048441361;0.0099009900990099;150;150
181;209.460000000021;2.63999999999942;214.820000000007;NA;NA;-5903.68723973223;-5942.19376659326;5.63266270185166;5.7541670888428;409.382924751569;404.382450282621;14059.4103851649;14108.9155792066;77.0130537220703;0.0198019801980198;150;150
182;197.380000000005;2.77999999999975;202.609999999986;NA;NA;-5911.2423712766;-5943.14793300346;5.661627826977;5.74446109064557;409.4908892175;405.691052621279;14075.1145661704;14118.0225988182;63.8111234537319;0.0099009900990099;150;150
183;220.320000000007;2.75;225.529999999999;NA;NA;-5922.3631539027;-5955.38336694293;5.61861932574486;5.67867678859503;420.204536826302;416.929523338504;14156.2924417504;14204.3168551438;66.0404260804644;0.0099009900990099;150;150
184;219.410000000003;2.59999999999945;224.139999999985;NA;NA;-5923.89502129449;-5961.99230062824;5.70278418774876;5.83220787747577;409.213798314799;403.753971717818;14098.8955753179;14145.0553553176;76.1945586675047;0.0198019801980198;150;150
185;210.550000000017;2.91999999999916;216.220000000001;NA;NA;-5907.3550161496;-5953.00424003332;5.58832955036457;5.70237299972685;416.31208844547;411.40288985099;14104.8636133878;14169.1563146169;91.2984477674454;0.0099009900990099;150;150
186;201.179999999993;2.44999999999982;205.73000000001;NA;NA;-5917.83719147612;-5956.9841261402;5.82928948176591;5.99937926088489;396.612559509579;390.154953810277;14017.4598719522;14060.2301299609;78.2938693281594;0.0594059405940594;150;150
187;220.059999999998;2.83999999999924;226.139999999985;NA;NA;-5915.36979268294;-5948.42733217999;5.66328290262584;5.76584770576411;410.339802179633;406.081164849174;14088.039321566;14130.7274240115;66.1150789940948;0.0099009900990099;150;150
188;226.179999999993;2.89000000000033;231.429999999993;NA;NA;-5919.27681487508;-5982.90335421589;5.77684313682159;6.08315763602337;403.631490566336;391.629781098356;14058.9506088826;14120.1816846483;127.253078681615;0.0297029702970297;150;150
189;197.789999999979;2.94999999999982;203.190000000002;NA;NA;-5899.79037850294;-5937.80102932089;5.72935171329766;5.86315708916247;398.380081178473;393.233489040062;13991.0894709422;14038.7991123037;76.0213016359012;0.0396039603960396;150;150
190;203.609999999986;3.01000000000022;208.600000000006;NA;NA;-5912.68469034042;-5935.70939498416;5.65830727725873;5.70969860353014;411.353836992662;408.598203786401;14088.2473730087;14119.1379064657;46.0494092874742;0.128712871287129;150;150
191;190.429999999993;2.51000000000022;194.850000000006;NA;NA;-5886.24899927964;-5912.89479399735;5.60289172065219;5.64303731024381;408.502529056991;405.905098883706;14019.690803594;14058.6937999809;53.2915894354228;0.0099009900990099;150;150
192;208.779999999999;2.46000000000004;213.489999999991;NA;NA;-5911.79136991508;-5957.89572262682;5.62970133747516;5.78657993345154;410.030103832711;403.91604742328;14079.1788099636;14137.7537858614;92.2087054234798;0.0099009900990099;150;150
193;206.339999999997;2.57999999999993;210.970000000001;NA;NA;-5913.57273483426;-5956.58454040373;5.70171559724203;5.87087793263697;407.824998851226;401.378170086499;14070.6111472186;14121.1704314932;86.0236111389531;0.0099009900990099;150;150
194;209.48000000001;2.57000000000062;214.589999999997;NA;NA;-5922.57140433861;-5956.22487710881;5.62936352896287;5.70423111444441;417.275134850358;413.662637669825;14140.594156115;14188.0285743273;67.3069455403893;0.0099009900990099;150;150
195;192.869999999995;2.61000000000058;197.510000000009;NA;NA;-5909.26849594465;-5954.7677513392;5.69942711646637;5.8786322848137;404.813618738353;397.584050998351;14045.4369171086;14096.6652148556;90.9985107891007;0.0099009900990099;150;150
196;194.779999999999;2.47000000000025;199.420000000013;NA;NA;-5909.75338865784;-5953.04222064596;5.70425451802248;5.8458014580944;404.305956601125;398.220070323183;14043.6140277753;14096.7129275254;86.5776639762316;0.0099009900990099;150;150
197;200.350000000006;2.56999999999971;205.420000000013;NA;NA;-5915.82424306554;-5940.19797512841;5.64925545471305;5.70126955912504;409.244828276094;406.573225677821;14082.9247162261;14116.9755610908;48.7474641257468;0.0495049504950495;150;150
198;189.979999999981;2.18000000000029;194.76999999999;NA;NA;-5886.01915834174;-5920.13281443864;5.64526898841635;5.74097025086576;404.899691610588;400.98598362487;13999.4117330697;14046.1095422594;68.2273121938015;0.0099009900990099;150;150
199;194.080000000016;2.67000000000007;199;NA;NA;-5914.83597037121;-5953.94851106079;5.76444475043469;5.91519989218736;399.79662359483;393.890232342499;14028.9731252258;14074.7068534752;78.225081379167;0.0198019801980198;150;150
200;194.140000000014;2.92000000000007;199.460000000021;NA;NA;-5879.91497917167;-5924.41989218401;5.62683124022604;5.75424692632178;405.110750338758;399.887087179718;13988.3644193294;14048.6386135478;89.0098260246759;0.0099009900990099;150;150
201;191.75;2.36999999999989;196.820000000007;NA;NA;-5924.70128973422;-5956.45513952697;5.69177609639463;5.78315070188302;410.198399805819;406.358630529356;14105.9244541513;14148.3093912634;63.5076995855125;0.0099009900990099;150;150
202;199.369999999995;2.57999999999993;204;NA;NA;-5915.23695663287;-5947.00563473546;5.63315664835678;5.71338063369401;413.739136389213;410.278092496003;14106.4735566496;14150.9715376209;63.53735620519;0.0099009900990099;150;150
203;200.970000000001;3.08999999999924;206.330000000016;NA;NA;-5901.31343087068;-5927.45802058588;5.6543161019142;5.7026869166689;407.564605428752;404.673146870673;14044.6601020754;14081.0432236345;52.289179430416;0.0495049504950495;150;150
204;208.489999999991;2.25;212.470000000001;NA;NA;-5913.85180490899;-5986.41085266239;5.68589696504118;6.02039546847429;408.049453726457;395.76765803156;14072.4040248416;14149.9593491162;145.118095506798;0.0099009900990099;150;150
205;197.470000000001;2.23000000000047;201.940000000002;NA;NA;-5897.71193213646;-5926.42932040273;5.57846080836702;5.61808060546235;415.989292904108;413.229598881254;14083.8017309744;14126.0552929216;57.4347765325238;0.0099009900990099;150;150
206;205.059999999998;2.67000000000007;210.029999999999;NA;NA;-5912.76963070368;-5967.74582058384;5.69897761267065;5.91569862462887;408.327626551295;400.215702347038;14071.769919027;14137.0981987876;109.952379760331;0.0099009900990099;150;150
207;217.359999999986;3.17000000000007;222.779999999999;NA;NA;-5933.63321647713;-5978.13340052682;5.64345370806539;5.79505447416957;417.183960219692;411.520132341877;14162.2162241973;14220.0595923991;89.0003680993814;0.0099009900990099;150;150
208;192.739999999991;2.22999999999956;197.160000000003;NA;NA;-5910.59961191715;-5939.66871720516;5.67014566760273;5.73982916574084;407.561822242261;404.183491798083;14063.2171537205;14102.7709998748;58.1382105760222;0.0198019801980198;150;150
209;207.799999999988;2.50999999999931;212.929999999993;NA;NA;-5924.1201992168;-5960.43076724336;5.71581396479118;5.84231839806773;410.165639840387;404.990938029777;14104.5820589113;14148.73690198;72.6211360531215;0.0099009900990099;150;150
210;190.080000000016;2.22999999999956;194.100000000006;NA;NA;-5894.72006897514;-5919.31241503181;5.67847515858346;5.73951630431983;403.65547431207;400.616111637157;14009.9690528653;14042.4340591771;49.1846921133274;0.0396039603960396;150;150
211;208.220000000001;2.51000000000022;212.610000000015;NA;NA;-5894.39864851853;-5940.59118689437;5.6299660063986;5.80141929835168;406.632141001924;400.105420840772;14025.70100401;14082.1822673374;92.3850767516778;0.0099009900990099;150;150
212;194.649999999994;3.13999999999942;200.029999999999;NA;NA;-5898.49242307039;-5930.56219011471;5.62263147814645;5.69871333572811;409.70621668035;406.379967328485;14050.7991968804;14096.6408672361;64.1395340886502;0.0099009900990099;150;150
213;188.329999999987;2.71999999999935;193.359999999986;NA;NA;-5903.80004689171;-5931.49344013633;5.70126343527685;5.78269662090644;403.45256554407;400.081667367393;14027.0127974364;14063.8561047784;55.3867864892345;0.0297029702970297;150;150
214;193.5;1.94000000000051;197.160000000003;NA;NA;-5899.31846266369;-5937.83959184217;5.61531412109196;5.71256379422175;409.141482507046;404.899642496552;14049.3446451878;14103.0523298918;77.0422583569762;0.0099009900990099;150;150
215;198.5;2.64999999999964;203.010000000009;NA;NA;-5898.68822748297;-5950.93225568975;5.66315472686625;5.86967104573302;405.261784226759;397.533212989965;14026.7417609096;14088.7145611347;104.488056413556;0.0099009900990099;150;150
216;192.619999999995;2.44999999999982;197.559999999998;NA;NA;-5917.18549441861;-5966.76677861999;5.66235441027956;5.8484117277373;411.765401540968;404.287955226158;14099.5130182909;14157.5417812372;99.1625684027567;0.0099009900990099;150;150
217;199.440000000002;2.27999999999975;203.720000000001;NA;NA;-5906.46065157633;-5934.98266875774;5.62302912251005;5.68926610571086;412.069785055341;408.844055037008;14079.7377615139;14119.0368940154;57.044034362807;0.0198019801980198;150;150
218;185.579999999987;2.28000000000065;189.839999999997;NA;NA;-5909.92877574614;-5939.0815512212;5.62439278400581;5.68147085980472;413.763930620361;410.738602911102;14095.9935891794;14137.6566613747;58.3055509501082;0.0099009900990099;150;150
219;201.99000000002;2.46999999999935;206.449999999983;NA;NA;-5888.38359104375;-5930.60172250117;5.63267381153895;5.77780077969491;406.418348611596;400.792391066778;14012.4948064486;14065.9823960582;84.4362629148545;0.0099009900990099;150;150
220;201.089999999997;2.35999999999967;205.919999999984;NA;NA;-5917.51918553823;-5943.72281107536;5.72807582881119;5.77542856822038;406.523627985144;403.818192723578;14071.345142527;14108.8696591704;52.4072510742517;0.188118811881188;150;150
221;192.670000000013;2.5;197.160000000003;NA;NA;-5915.09966773983;-5946.19107625909;5.64116953286958;5.73124935354986;411.869286559646;407.970197541567;14095.9128416071;14136.6465753122;62.1828170385088;0.0099009900990099;150;150
222;193.609999999986;2.15999999999985;198.069999999978;NA;NA;-5888.81705991357;-5939.98961346102;5.72277012194952;5.9390173946791;395.859915038059;387.421214215259;13955.2792740168;14011.2026666205;102.345107094909;0.0099009900990099;150;150
223;189.140000000014;2.77999999999975;193.580000000016;NA;NA;-5898.16812298353;-5934.99724165253;5.6576072502464;5.76838189254386;408.028355110579;403.796810500547;14040.9205964515;14091.3008956485;73.6582373379897;0.0099009900990099;150;150
224;188.080000000016;2.07999999999993;192.190000000002;NA;NA;-5913.54481773825;-5945.94234573618;5.68425071450781;5.76955474396354;407.60421746967;403.821558187547;14069.3407836251;14113.3272420774;64.7950559958608;0.0198019801980198;150;150
225;197.420000000013;2.89000000000033;202.359999999986;NA;NA;-5906.67537316442;-5947.80461094556;5.64328476779817;5.75346235289818;410.533160939159;405.968092932558;14071.7141587177;14128.8599672848;82.2584755622847;0.0099009900990099;150;150
226;197.029999999999;2.51999999999953;201.630000000005;NA;NA;-5908.88037228933;-5956.85467302301;5.69388725590884;5.88856891291226;403.196924213512;395.723316541859;14035.7671525104;14090.603065089;95.9486014673639;0.0099009900990099;150;150
227;190.229999999981;2.5;194.640000000014;NA;NA;-5900.0989367611;-5947.97599149595;5.60680902119975;5.75030240192425;411.165228182321;405.408961758564;14062.0383193689;14126.1269198852;95.7541094696935;0.0099009900990099;150;150
228;203.059999999998;2.90999999999985;208.160000000003;NA;NA;-5915.87358595562;-5960.32200541659;5.67098051631258;5.84832442653154;412.756643542381;406.01792306679;14102.342073098;14154.1688742828;88.8968389219408;0.0099009900990099;150;150
229;193.449999999983;2.27999999999975;197.799999999988;NA;NA;-5917.80405607658;-5949.28037786909;5.66263661241409;5.75383865456817;412.384698528505;408.650565660923;14104.1569252509;14146.5679175212;62.9526435850166;0.0297029702970297;150;150
230;180.539999999979;2.40000000000055;184.300000000017;NA;NA;-5899.44799368279;-5916.98501534217;5.63341884665607;5.64978857374793;406.837514095708;405.226809241431;14036.9294619797;14063.1429374878;35.0740433187566;0.762376237623762;150;150
231;189.690000000002;1.97000000000025;193.079999999987;NA;NA;-5917.27291615577;-5945.29016587538;5.66415820224957;5.70840352107776;410.174084862002;407.205473467792;14090.9339492747;14130.6379692395;56.0344994392253;0.0198019801980198;150;150
232;202.809999999998;2.5;206.830000000016;NA;NA;-5929.19747002297;-6010.91953059097;5.74950069527873;6.14390336746473;407.837605560249;392.09009546365;14101.9299677317;14178.7462497011;163.444121136006;0.0099009900990099;150;150
233;189.169999999984;2.22999999999956;193.329999999987;NA;NA;-5919.26642803697;-5946.22059157331;5.68879414145015;5.74594873969492;406.733708353626;403.835248831117;14075.9952901189;14113.9590466654;53.9083270726642;0.099009900990099;150;150
234;205.350000000006;2.72000000000025;209.619999999995;NA;NA;-5928.57478776038;-5963.45727941743;5.67103313160646;5.78204664520095;412.944980121133;408.303232360826;14128.7805256292;14173.011022795;69.7649833141022;0.0099009900990099;150;150
235;196.940000000002;2.84000000000015;201.979999999981;NA;NA;-5902.18177149473;-5949.09595526957;5.65192722654255;5.81898183455689;406.443791073202;399.964613316115;14040.2311276019;14098.4172148654;93.8283675496641;0.0099009900990099;150;150
236;198.75;2.65999999999985;203.619999999995;NA;NA;-5889.99151943821;-5944.45560442889;5.62632742097277;5.84450976221362;407.549944275041;399.369427465006;14021.935627472;14085.8623661051;108.928169981358;0.0099009900990099;150;150
237;183.199999999983;2.28999999999996;187.360000000015;NA;NA;-5887.35951519402;-5930.49922478471;5.66564466037671;5.79633289779512;401.35250437439;395.961409462084;13982.5791927102;14039.2019296523;86.2794191813882;0.0099009900990099;150;150
238;204.309999999998;2.46999999999935;209.149999999994;NA;NA;-5900.61445209447;-5949.08365292689;5.62663538813071;5.79448345067532;409.067299613034;402.735937360649;14051.5285402462;14113.6378020952;96.9384016648255;0.0099009900990099;150;150
239;206.309999999998;2.69999999999982;211.5;NA;NA;-5933.54348004878;-6032.54607087028;5.64994794388317;6.15710837745286;416.276985148866;396.296533757733;14157.0474361992;14245.1391573034;198.005181642993;0.0099009900990099;150;150
240;188.880000000005;2.51999999999953;193.399999999994;NA;NA;-5909.12034198856;-5933.04141516336;5.66753986645912;5.6917433522771;408.918043838094;406.806354020052;14067.7192565654;14103.9448918092;47.8421463496088;0.0198019801980198;150;150
241;192.220000000001;2.35999999999967;196.640000000014;NA;NA;-5920.29504891063;-5948.35044444819;5.67830758681567;5.75176729173844;410.123447928989;406.84187190192;14096.6996584881;14134.7583360201;56.1107910751234;0.0198019801980198;150;150
242;180.720000000001;2.51999999999953;185.529999999999;NA;NA;-5903.92318611278;-5955.89259769555;5.76434742608061;5.97832131458775;398.418723449008;390.065350369225;13999.5676592211;14057.5541600694;103.938823165536;0.0099009900990099;150;150
243;190.580000000016;2.90000000000055;195.669999999984;NA;NA;-5915.51274238744;-5942.11508680733;5.70041784968061;5.77540608765348;408.923936102921;405.634679197753;14080.5364710062;14115.6467934089;53.2046888397799;0.099009900990099;150;150
244;191.360000000015;2.44999999999982;196.110000000015;NA;NA;-5909.55114994519;-5953.60923281368;5.62813339361319;5.78634287879475;411.436722286518;405.326717854795;14082.4362483574;14136.9409747004;88.1161657369867;0.0099009900990099;150;150
245;198.570000000007;2.53999999999996;203.440000000002;NA;NA;-5909.21070423214;-5969.51065821811;5.64744599635;5.88479385682657;412.946484370405;404.415026750112;14090.060633523;14163.7285672302;120.59990797192;0.0099009900990099;150;150
246;195.989999999991;2.80999999999949;201.5;NA;NA;-5929.60756377085;-5963.78219515005;5.74884548023271;5.88409131878758;407.669730162869;402.42304028722;14101.826664286;14141.3136241206;68.3492627583946;0.0099009900990099;150;150
247;196.209999999992;2.28999999999996;200.720000000001;NA;NA;-5899.98658497042;-5940.01204217566;5.62304505070461;5.74433355887215;409.979877237329;404.89012934549;14055.2929410657;14107.3448982399;80.050914410469;0.0099009900990099;150;150
248;192.24000000002;2.39000000000033;196.700000000012;NA;NA;-5915.62184795904;-5980.48409218533;5.6946283755081;5.97464279421866;408.068786969699;397.806250195283;14076.0504640779;14149.3202254224;129.724488452577;0.0099009900990099;150;150
249;203.570000000007;2.67000000000007;208.720000000001;NA;NA;-5906.83237948659;-5946.40964842709;5.70234000420911;5.81801263693878;406.882219695126;401.491112752862;14051.9441613215;14101.4419507858;79.1545378809915;0.0099009900990099;150;150
250;185.080000000016;2.29999999999927;189.460000000021;NA;NA;-5877.12417535142;-5921.11207091292;5.60292051253873;5.75028648106045;406.154688437064;400.578576116191;13988.5255672817;14045.8268861647;87.9757911229972;0.0099009900990099;150;150
