1;187.850000000006;2.48000000000002;194.440000000002;NA;NA;-2690.153790716;-3714.37449665387;4.98121438697569;23.9276818392428;239.696969889125;52.4042018187535;6531.94563464604;7680.52803327934;2048.44141187575;0.0099009900990099;149;149
2;196.059999999998;2.02999999999975;203.330000000016;NA;NA;-2720.6622444552;-3719.5730527539;4.98054799270624;22.6165571323218;244.227957303114;57.3763964174094;6615.54875402295;7715.00623905681;1997.8216165974;0.0198019801980198;150;150
3;190.320000000007;2.48999999999978;196.940000000002;NA;NA;-2689.31518007426;-3812.94809891667;4.98716793793078;27.0181421674973;241.886463267427;46.2107641373429;6540.78796182778;7847.91850572184;2247.26583768482;0.0099009900990099;149;149
4;191;2.30999999999995;197.239999999991;NA;NA;-2689.57800006594;-3730.33437856137;4.97867687787397;23.7308706397924;241.760845434608;53.2260943626072;6541.51863133185;7716.57464205046;2081.51275699085;0.0099009900990099;150;150
5;177.890000000014;2.05000000000018;183.809999999998;NA;NA;-2665.14827252942;-3702.77902812526;5.00353467016056;25.189251613451;232.694059371657;49.0119190835307;6448.28870680043;7641.03867623396;2075.26151119168;0.0099009900990099;149;149
6;171.079999999987;1.86000000000013;176.830000000016;NA;NA;-2662.71544304348;-3705.90079251784;5.04902780528437;27.9246233722935;225.47379457228;42.3629307858634;6407.97369115427;7615.19411679661;2086.37069894872;0.0198019801980198;148;148
7;168.390000000014;1.77999999999975;173.830000000016;NA;NA;-2670.86380529174;-3770.72586437352;5.04309223339861;30.4430546194239;222.93417009303;38.1578891221016;6413.57341782279;7724.91114841141;2199.72411816355;0.0099009900990099;150;150
8;182.140000000014;2.38999999999987;187.25;NA;NA;-2698.42656600396;-3702.53378753917;5.03657390241387;23.6417950878772;233.835615713346;52.902587642812;6521.11202951556;7659.41807116153;2008.21444307042;0.0198019801980198;150;150
9;186.910000000003;2.65000000000009;192.559999999998;NA;NA;-2672.07149224155;-3667.07165908317;4.96577920508265;22.2642802313149;238.516780041348;55.8388433220201;6490.11074683219;7602.4242932944;1990.00033368325;0.0495049504950495;149;149
10;184.669999999984;2.11000000000013;190.25;NA;NA;-2678.88298323888;-3722.90223993186;5.08012009010793;25.3745776936788;233.816069721243;48.7903251492768;6481.1488922965;7680.22043888307;2088.03851338595;0.0297029702970297;149;149
11;203.799999999988;2.5;209.549999999988;NA;NA;-2724.93327313264;-3611.46743806376;4.9392676124208;18.8991916730755;247.772875716187;69.8265031800841;6641.13443432926;7558.65391209461;1773.06832986225;0.0198019801980198;150;150
12;176.860000000015;2.01999999999998;182.01999999999;NA;NA;-2670.8731240104;-3718.85937171147;5.0493875909727;26.307674921359;227.678934785945;45.6027387973931;6436.40442242804;7656.97227624035;2095.97249540213;0.0099009900990099;150;150
13;194.670000000013;2.19999999999982;199.449999999983;NA;NA;-2708.13725362914;-3721.94589742226;4.968663101383;22.829789183979;243.944795735401;56.9687899408198;6589.13735909355;7717.79219609788;2027.61728758624;0.0198019801980198;150;150
14;200.089999999997;1.96000000000004;205.359999999986;NA;NA;-2715.93120482541;-3719.7986002801;4.94739944995281;21.4777675927364;250.586024287213;62.0231750854109;6636.65564243759;7737.79859399947;2007.73479090938;0.0099009900990099;150;150
15;165.559999999998;2.36000000000013;170.049999999988;NA;NA;-2663.70446242863;-3714.0568727961;5.22641060153977;29.845890724495;213.659249628999;38.3539130369245;6353.94723448934;7612.38735473884;2100.70482073493;0.0198019801980198;149;149
16;191.369999999995;2.11000000000013;196.609999999986;NA;NA;-2716.82982393937;-3685.83202250241;4.99259329645319;21.9347842891756;240.276367453037;58.9972511239865;6588.88505332359;7655.31709033879;1938.00439712607;0.0099009900990099;150;150
17;174.889999999985;1.91999999999962;180.279999999999;NA;NA;-2661.93348106333;-3748.24930424598;5.0385974103086;29.1386554402561;224.195948240724;40.3833114059771;6401.7792759796;7690.65764205274;2172.6316463653;0.0099009900990099;150;150
18;183.270000000019;2.23000000000002;188.559999999998;NA;NA;-2691.25786184579;-3873.04291161706;4.99496302114864;31.331424114394;234.795594868169;38.4945255786727;6511.39010760809;7931.16375824044;2363.57009954253;0.0099009900990099;150;150
19;187.550000000017;1.89000000000033;192.309999999998;NA;NA;-2707.33891171505;-3765.09478006652;5.01637325524384;25.0798536006973;240.374726313008;50.2032803571701;6570.37612870729;7771.56204932138;2115.51173670295;0.0099009900990099;150;150
20;178;2.4699999999998;183.860000000015;NA;NA;-2644.19482654695;-3739.42152657709;5.0491150118241;26.9910606985647;229.181522072905;44.6224600844121;6389.50562479249;7693.23426170807;2190.45340006029;0.0198019801980198;149;149
21;190.330000000016;2.48999999999978;196.039999999979;NA;NA;-2707.31672315254;-3684.12457637016;5.02410731553332;22.0990932604973;236.838954930652;57.1774895490168;6553.3321066649;7643.15296141177;1953.61570643523;0.0099009900990099;150;150
22;199.229999999981;2.21000000000004;204.600000000006;NA;NA;-2707.18976564532;-3649.856862292;4.96948331716982;20.2138692940717;246.441720210468;64.6013242481125;6599.24735315125;7610.31060844685;1885.33419329337;0.0099009900990099;150;150
23;159.690000000002;2.17999999999984;164.809999999998;NA;NA;-2687.1780740284;-3687.70053474489;4.997823836561;24.16110525505;231.263202420562;53.7729125029051;6486.24713264555;7633.93600285255;2001.04492143298;0.0099009900990099;150;150
24;196.080000000016;2.82000000000016;203.640000000014;NA;NA;-2723.24643473687;-3778.0294961999;4.97347016483546;24.3088483871358;243.423268023189;52.0505931678418;6616.84826679246;7806.31318191229;2109.56612292606;0.0198019801980198;150;150
25;216.919999999984;2.26999999999998;224;NA;NA;-2722.6201676578;-3629.2777196441;4.92993241113444;18.2600770026311;257.592959893562;76.1843807497857;6683.72223300344;7624.84253224352;1813.3151039726;0.0099009900990099;150;150
26;187.309999999998;2.30000000000018;193.940000000002;NA;NA;-2695.39280046618;-3804.00199134934;4.97693969382362;27.4460513802516;239.184676115291;45.0496062243694;6540.76226060317;7824.59810790264;2217.21838176631;0.0198019801980198;150;150
27;149.460000000021;1.83000000000038;155.25;NA;NA;-2714.43781273612;-3686.89207733529;4.9547928028837;22.1602555779129;240.974231292537;59.3461015787377;6587.45629238318;7659.11443906182;1944.90852919835;0.0099009900990099;150;150
28;177.589999999997;2.18000000000029;184.100000000006;NA;NA;-2694.53858517526;-3735.87529283337;5.0420290138829;25.610289809222;233.119726105911;48.0598500972805;6509.89414025302;7702.81767063546;2082.67341531621;0.0198019801980198;150;150
29;178.929999999993;2.01999999999998;187.390000000014;NA;NA;-2699.65498421298;-3679.54383506593;5.02157512369093;24.1299878579113;229.535868853675;50.8066844385539;6502.89610122551;7603.36126745645;1959.77770170591;0.0099009900990099;150;150
30;179.289999999979;2.67000000000007;186.720000000001;NA;NA;-2708.08979703259;-3667.8411016181;5.00891676249091;22.7226683221494;234.012372173172;55.24778649269;6541.28831944034;7601.30818729567;1919.50260917102;0.0297029702970297;150;150
31;186.059999999998;2.15999999999985;193.350000000006;NA;NA;-2706.33147516175;-3668.46009866708;5.02388169550163;22.0029686294819;239.426494394925;58.2875262279432;6563.80224876356;7617.16095439578;1924.25724701066;0.0198019801980198;150;150
32;198.860000000015;2.7199999999998;206.25;NA;NA;-2702.18324461756;-3683.82264666788;4.9279780144711;20.726927867918;251.486241939322;64.233443645578;6613.48788093811;7676.47344304167;1963.27880410062;0.0099009900990099;150;150
33;133.220000000001;2.15000000000009;138.880000000005;NA;NA;-2680.90560319904;-3751.24733508597;5.0627756208713;28.1171012508689;226.643705354102;43.5567847743527;6451.49209838338;7711.91145503597;2140.68346377385;0.0198019801980198;150;150
34;185.859999999986;2.30999999999995;192.48000000001;NA;NA;-2703.55298844868;-3690.27689033214;5.03122929400906;22.9586880858745;237.453547061962;55.6066175730379;6548.75953644929;7647.90498965816;1973.44780376692;0.0099009900990099;150;150
35;172.679999999993;2.09999999999991;177.660000000003;NA;NA;-2704.64001817217;-3587.18176149161;5.0266974126788;20.8302857308631;227.852919956305;59.2121597088462;6504.77471452887;7459.04982789119;1765.08348663888;0.0198019801980198;150;150
36;175.470000000001;2.34000000000015;180.580000000016;NA;NA;-2697.86058805616;-3693.46429057811;5.08346345506829;24.7378257434079;228.442041705968;49.4853105596512;6494.04829437128;7624.8491413878;1991.20740504388;0.0099009900990099;150;150
37;157.869999999995;2.15000000000009;163.100000000006;NA;NA;-2601.54124488828;-3723.2087704371;5.12968804944247;32.6768678399718;210.424533580615;33.6048202805692;6214.07941774503;7607.87385725743;2243.33505109763;0.0099009900990099;149;149
38;186.820000000007;2.39000000000033;191.949999999983;NA;NA;-2699.65782391622;-3759.56270156163;5.01820892952506;25.4711187405775;238.926377442022;49.5707882895777;6548.05043260429;7757.45693196677;2119.80975529081;0.0099009900990099;150;150
39;181.059999999998;2.07999999999993;186.630000000005;NA;NA;-2706.60995916632;-3730.3948985752;5.02345984201919;24.2395584556685;236.399951176809;52.2952632825142;6549.80789134145;7712.22033677762;2047.56987881776;0.0099009900990099;150;150
40;192.050000000017;2.37999999999965;197.309999999998;NA;NA;-2676.69280742169;-3737.39037053563;4.98412312347214;24.1563723111191;241.885723627116;52.6727092962896;6516.34864824727;7728.02600442233;2121.39512622788;0.0099009900990099;150;150
41;162.649999999994;2.2800000000002;167.380000000005;NA;NA;-2664.74937514886;-3789.56334196666;5.0683349597631;32.1535395109914;222.156818445529;35.8472361953702;6396.86412425792;7751.3568181909;2249.6279336356;0.0198019801980198;149;149
42;194.869999999995;2.36999999999989;200.839999999997;NA;NA;-2700.51783900419;-3883.59870858185;4.98551076497555;29.4848599678794;245.821662056976;43.1652734732666;6582.92232057383;7974.73185377049;2366.16173915533;0.0297029702970297;150;150
43;179.309999999998;2.26999999999998;184.799999999988;NA;NA;-2686.3721102718;-3670.64023181403;4.95893296500571;23.3678178503405;234.324596307727;52.9809171938895;6499.3540891908;7596.00756057451;1968.53624308446;0.0099009900990099;150;150
44;176.470000000001;2.07999999999993;181.309999999998;NA;NA;-2689.75965728414;-3805.4737794206;5.06437993628779;29.6425174325353;229.716620402285;40.4629189356884;6483.97448323367;7805.4893376622;2231.42824427291;0.0099009900990099;150;150
45;184.970000000001;2.69999999999982;190.960000000021;NA;NA;-2711.64496186073;-3652.03622284492;5.00485332374872;21.5499614505633;236.51293062687;58.8237224614205;6560.42109093779;7586.89118209158;1880.78252196839;0.0198019801980198;150;150
46;155.649999999994;1.80999999999995;160.080000000016;NA;NA;-2716.17822891605;-3640.87657492643;4.95571719383185;18.8593078909613;251.172340516078;73.0488895814151;6639.96864202215;7632.96510622839;1849.39669202077;0.0099009900990099;150;150
47;180.899999999994;2.25;187.329999999987;NA;NA;-2709.49698445567;-3767.29631267438;5.00433006655373;27.3217536460832;230.40248134623;44.2072369921596;6526.74669028839;7747.13672121306;2115.59865643742;0.0099009900990099;150;150
48;189.329999999987;2.44999999999982;196.470000000001;NA;NA;-2712.72602343354;-3583.31285271821;4.96399241681253;18.662977282473;245.216191846666;71.9475129533992;6604.42764754937;7512.54235010429;1741.17365856934;0.0099009900990099;150;150
49;180.949999999983;2.40000000000009;188.110000000015;NA;NA;-2692.32235771616;-3732.68172145457;5.01158830264926;24.965630276946;234.79471189058;49.5475616097761;6513.51485407846;7703.5833001352;2080.71872747683;0.0099009900990099;150;150
50;193.179999999993;2.07999999999993;199.779999999999;NA;NA;-2717.94344176555;-3612.43180757775;4.97108965104271;19.1714012594722;246.42163761595;70.6187855716526;6620.6581502305;7564.39186780391;1788.97673162441;0.0099009900990099;150;150
51;170.479999999981;2.05999999999995;175.970000000001;NA;NA;-2680.41059978567;-3768.66396977082;5.09460377773471;29.6196793016369;223.871056759761;39.5760542705045;6437.17146678273;7727.60575930886;2176.50673997031;0.0099009900990099;150;150
52;206.26999999999;2.30000000000018;213.380000000005;NA;NA;-2729.50007962197;-3687.7482775439;4.92972242861454;19.799149149269;253.675231509601;68.9571593312656;6678.64599989978;7707.03587038211;1916.49639584386;0.0099009900990099;150;150
53;187.220000000001;2.32999999999993;193.869999999995;NA;NA;-2713.03900102607;-3739.40678752685;5.04070164189879;24.2232806112611;239.242202699556;52.2685600674109;6576.33124394506;7730.11572821987;2052.73557300157;0.0099009900990099;150;150
54;171.420000000013;2.52999999999975;178.660000000003;NA;NA;-2652.25471666628;-3723.8673255683;5.006665449638;27.8486644117759;229.886660883746;42.9768013462107;6408.2392534331;7654.07449284815;2143.22521780404;0.0099009900990099;148;148
55;185.700000000012;2.13000000000011;192.050000000017;NA;NA;-2683.08637708901;-3756.27355683121;4.98137708750814;25.4184570150817;238.431695115626;48.5383160553806;6512.52915443735;7745.91461642211;2146.37435948439;0.0099009900990099;150;150
56;179.559999999998;2.4699999999998;186.549999999988;NA;NA;-2695.29100476633;-3807.74990538606;5.02376778389667;28.9735790794617;233.37942233246;42.0121343746044;6512.64757363435;7817.4900667468;2224.91780123947;0.0198019801980198;150;150
57;178.800000000017;2.26999999999998;185.619999999995;NA;NA;-2684.11930696395;-3801.82911461392;5.02843449361312;27.619225819225;235.046002911387;45.6595508534703;6498.31693536151;7823.18490888535;2235.41961529996;0.0099009900990099;150;150
58;169.729999999981;1.86999999999989;175.470000000001;NA;NA;-2671.32870892731;-3833.74423088142;5.03043703108417;32.0935024364487;227.867694059979;36.7986874033349;6437.46102633993;7844.28989876728;2324.83104390821;0.0297029702970297;149;149
59;170.00999999998;2.05999999999995;177.26999999999;NA;NA;-2667.57839751266;-3658.41536905372;5.02298253059491;23.9239113263018;228.950398047916;50.9578685416704;6435.16231788381;7561.66078560622;1981.67394308213;0.0297029702970297;149;149
60;164.279999999999;2.03999999999996;170.260000000009;NA;NA;-2668.50529259063;-3758.26019433023;5.07558074092902;29.5681665196004;222.199481688677;39.6057837783195;6404.58093717813;7706.80868370056;2179.5098034792;0.0198019801980198;149;149
61;174.720000000001;2.29999999999973;181.569999999978;NA;NA;-2680.56935021342;-3703.52884400595;5.01267495754964;25.3944205404647;228.412790569891;48.5998567411048;6459.32518206849;7640.72107240312;2045.91898758507;0.0198019801980198;150;150
62;171.5;2.4699999999998;178.859999999986;NA;NA;-2686.50294802788;-3788.85296051945;5.06387029557282;29.2946560411946;228.685985090855;40.5840265034076;6472.50587038332;7772.82997326659;2204.70002498315;0.0297029702970297;150;150
63;179.470000000001;2.13999999999987;185.770000000019;NA;NA;-2691.51240330542;-3821.8217945314;5.111877257178;29.0863345753577;233.762119526834;42.3245772903916;6506.93034160197;7847.13604018841;2260.61878245197;0.0099009900990099;150;150
64;175.410000000003;2.09000000000015;181.950000000012;NA;NA;-2673.8515258937;-3656.7905518603;5.07986294661028;24.6589033335732;230.37551462084;50.0620197875244;6453.77995216318;7553.93843407434;1965.87805193319;0.0099009900990099;148;148
65;165.260000000009;2.57999999999993;171.700000000012;NA;NA;-2639.4319302878;-3836.68148733708;5.0429677269278;36.3248635959215;221.233255119432;31.4453777279488;6341.79192074174;7824.44412353452;2394.49911409857;0.0099009900990099;149;149
66;190.720000000001;2.03999999999996;196.130000000005;NA;NA;-2714.94183880417;-3722.90010092626;4.96406596597819;23.1324060475029;242.366907227753;55.0256592396249;6595.16019496421;7710.35821968334;2015.91652424417;0.0099009900990099;150;150
67;204.5;2.61000000000013;214.700000000012;NA;NA;-2701.04514364758;-3737.56929447727;4.94996642921025;23.2737839577107;245.396676589549;54.8731064937807;6581.93364106729;7738.96314802061;2073.04830165938;0.0198019801980198;150;150
68;177.359999999986;2.30000000000018;183.75999999998;NA;NA;-2675.03866300005;-3783.5274541506;5.05672716118334;29.2319173899693;228.311287848415;41.1602581542126;6447.77579242905;7764.94942626169;2216.97758230111;0.0099009900990099;150;150
69;170.229999999981;1.69000000000005;175.679999999993;NA;NA;-2720.85054232268;-3609.61226315117;4.9468786807626;18.1256225831391;250.616144855634;76.3120700931102;6646.63913419558;7586.12553720129;1777.52344165697;0.0198019801980198;150;150
70;174.600000000006;2.15999999999985;180.380000000005;NA;NA;-2694.78969017558;-3818.78384679595;5.08433044885782;30.819141410413;228.454439595815;38.9228122151797;6487.96610645867;7824.7047890914;2247.98831324074;0.0099009900990099;150;150
71;174.630000000005;2.44999999999982;180.950000000012;NA;NA;-2706.7448349673;-3717.89140633043;5.02012646021014;25.6775637237352;229.445121477804;47.0165886951188;6516.63949817705;7661.83399827556;2022.29314272626;0.0099009900990099;150;150
72;178.170000000013;2.44000000000005;184.559999999998;NA;NA;-2715.97334877124;-3699.89169589044;5.01728949071955;23.886420379918;231.377521720616;51.7889959597003;6544.38731820719;7648.77984735956;1967.83669423842;0.0198019801980198;150;150
73;184.820000000007;2.03999999999996;190.190000000002;NA;NA;-2699.75815471311;-3670.66846653901;4.99167974861658;22.6758060944566;236.419042245762;55.4276330171153;6536.19607043776;7607.82760173505;1941.82062365179;0.0297029702970297;150;150
74;162.910000000003;2.48000000000002;168.76999999999;NA;NA;-2640.00521301018;-3635.98412470303;5.03455599528413;25.856826077101;222.025555967679;44.962163566196;6345.24494625464;7487.68778009875;1991.9578233857;0.0198019801980198;147;147
75;191.559999999998;2.5;197.550000000017;NA;NA;-2702.52333642476;-3755.60152496993;5.01380014356338;24.3097865271477;242.089678674868;52.7123169215053;6568.99030228634;7764.63874290075;2106.15637709036;0.0099009900990099;150;150
76;171.51999999999;2.54999999999973;177.329999999987;NA;NA;-2651.42813557789;-3888.7532593671;5.01601658024347;35.8161933514696;227.784453676272;32.6823344251671;6398.02177012494;7934.64000396793;2474.65024757841;0.0099009900990099;150;150
77;171.330000000016;2.19000000000005;176.279999999999;NA;NA;-2687.09120100407;-3612.80758241303;5.01549568879013;22.0630315161751;228.848252237354;57.4257407004892;6473.6971593702;7501.52048083934;1851.43276281792;0.0099009900990099;149;149
78;187.160000000003;1.91000000000031;192.589999999997;NA;NA;-2674.28668444332;-3773.78565927636;4.97369584646362;26.5830843176004;240.245787477791;46.6278793924822;6502.84824817184;7771.59768097981;2198.99794966607;0.0099009900990099;149;149
79;192.98000000001;2.36000000000013;199.359999999986;NA;NA;-2703.22330134674;-3801.21887887702;4.99398523553574;25.8862671951972;243.200748691382;49.0975841106272;6575.73214870709;7838.49416692898;2195.99115506056;0.0099009900990099;150;150
80;179.410000000003;2.13999999999987;185.630000000005;NA;NA;-2701.79289781437;-3679.35044038518;4.95456452917068;21.8284619858403;241.720717952982;58.7311058474575;6565.75549779985;7641.07432550006;1955.11508514161;0.0099009900990099;150;150
81;188.559999999998;2.27999999999975;195.01999999999;NA;NA;-2686.86657944218;-3769.87673713719;5.01307155423621;26.4738398879166;238.545858749998;47.054282092006;6520.6384467942;7765.98588607525;2166.02031539;0.0099009900990099;150;150
82;188.770000000019;2;195.350000000006;NA;NA;-2691.21565216894;-3743.59784285444;4.97844784838815;24.388710552266;241.289763684947;51.4783937045623;6542.52902030287;7734.69879585401;2104.764381371;0.0297029702970297;150;150
83;186.850000000006;2.2800000000002;193.630000000005;NA;NA;-2712.53745869698;-3741.88218785336;4.9843665926151;24.5344941507984;238.037709303643;50.9292947438608;6569.53707218831;7728.62747145414;2058.68945831274;0.0099009900990099;150;150
84;197.860000000015;2.49000000000024;205.020000000019;NA;NA;-2702.91066507369;-3727.27057968093;4.97759117086192;22.2070953583522;249.62293523337;59.1233480047989;6605.98412443327;7738.80046623459;2048.71982921447;0.0099009900990099;150;150
85;190.600000000006;2.4699999999998;197.470000000001;NA;NA;-2710.02769170666;-3705.18047341727;4.97554570215773;22.9888459237407;242.046055351237;55.1323919364393;6583.78927615294;7675.43212509083;1990.30556342122;0.0099009900990099;150;150
86;188.220000000001;2.0300000000002;194.50999999998;NA;NA;-2685.48703215257;-3750.28705874548;4.99387081741282;25.8121392748422;240.474917740419;48.3275814120268;6526.34981328306;7732.76679727174;2129.60005318581;0.0099009900990099;149;149
87;183.190000000002;2.26000000000022;190.529999999999;NA;NA;-2701.5855788099;-3669.69233297321;5.01781205810603;22.9546575398536;232.56663887896;53.542332846213;6521.32893792834;7596.81099474598;1936.21350832663;0.0099009900990099;150;150
88;180.00999999998;2.38000000000011;186.789999999979;NA;NA;-2691.17527565719;-3815.47934906005;5.0230442015815;29.2421454371003;233.619272566714;41.3907459388461;6505.56929201453;7829.96137893187;2248.60814680573;0.0099009900990099;150;150
89;165.609999999986;2.63000000000011;172.420000000013;NA;NA;-2667.94201589496;-3719.23678588866;5.09761637723758;28.5940230646616;221.51770579382;40.7181791666403;6399.43289810948;7633.96933648872;2102.58953998741;0.0198019801980198;148;148
90;184.059999999998;1.94000000000005;190.239999999991;NA;NA;-2715.92816127761;-3616.88261386399;5.0125275210496;20.8087748922269;235.456259485256;61.5689334932425;6563.90711769447;7529.78267177162;1801.90890517276;0.0198019801980198;150;150
91;203.339999999997;2.2800000000002;209.960000000021;NA;NA;-2718.63859000731;-3590.78279547175;4.93669266395735;17.773083934509;252.118491237377;75.9706341484762;6649.43836485011;7546.82501102871;1744.28841092888;0.0099009900990099;150;150
92;185.610000000015;2.44000000000005;192.589999999997;NA;NA;-2696.22212869613;-3781.91351694437;5.03179625323158;27.0060590655263;236.115584460708;45.8553122387275;6526.87533571422;7784.14155242669;2171.38277649648;0.0198019801980198;149;149
93;183.929999999993;2.30999999999995;190.359999999986;NA;NA;-2673.88651356554;-3784.9738015552;5.01704379702002;27.4281940805689;236.116120200479;44.8109789440235;6482.99636841109;7785.39443155935;2222.17457597933;0.0099009900990099;150;150
94;198.920000000013;2.16000000000031;204.550000000017;NA;NA;-2708.1997938434;-3695.75584956158;4.97254032645562;21.096994480903;249.930294662718;62.1649781469409;6618.04013621522;7690.39486789049;1975.11211143636;0.0297029702970297;150;150
95;179.279999999999;2.0300000000002;184.76999999999;NA;NA;-2698.52635932702;-3753.10835586147;5.03188576124233;26.7466164672958;229.659994520573;45.1554740444724;6501.23563558757;7723.31983910927;2109.16399306891;0.0297029702970297;150;150
96;178.600000000006;2.17999999999984;184.549999999988;NA;NA;-2674.32156626326;-3672.78461863123;4.98368646046194;24.059294739734;229.995797294239;50.8759563157464;6454.44055653568;7590.1758870352;1996.92610473593;0.0099009900990099;150;150
97;168.470000000001;2.61000000000013;173.950000000012;NA;NA;-2639.50424503706;-3783.70977621047;5.04576834756119;31.2759876893414;224.335979742309;37.2362806348884;6356.08842855856;7746.19805643837;2288.41106234682;0.0198019801980198;148;148
98;192.919999999984;2.59000000000015;199.389999999985;NA;NA;-2704.85155724787;-3794.0179656546;5.00959789331569;26.9025015665179;239.748098947273;46.1494785245224;6562.38865634423;7809.91813555877;2178.33281681347;0.0099009900990099;150;150
99;171.510000000009;2.30999999999995;177.440000000002;NA;NA;-2657.85675554339;-3704.02831424492;5.03541324704042;26.9800115628567;222.693223331609;43.7795052094462;6386.40086973165;7618.54423154403;2092.34311740306;0.0099009900990099;150;150
100;196.640000000014;2.05000000000018;201.579999999987;NA;NA;-2720.41962381945;-3643.36781731195;4.96680590475562;19.7860108247519;244.863946915295;65.9696839718739;6618.12128895048;7603.91145895199;1845.896386985;0.0099009900990099;150;150
101;186.890000000014;2.32999999999993;191.839999999997;NA;NA;-2702.61075843819;-3649.24979094716;5.00256326419717;21.0617070717686;238.858687380271;61.0691488262045;6553.63085441486;7592.11410986788;1893.27806501795;0.0099009900990099;150;150
102;171.860000000015;2.2199999999998;176.839999999997;NA;NA;-2675.09409467155;-3692.38568980296;4.98498220329123;23.5111651320618;236.208192853352;54.2921506226782;6485.85420698315;7645.80275934748;2034.58319026282;0.0297029702970297;150;150
103;185.5;2.59000000000015;191.440000000002;NA;NA;-2710.27031987314;-3798.19368277773;5.0198125862983;27.24840165193;235.094438784049;44.9280498575763;6550.85183614478;7812.39705957045;2175.84672580919;0.0099009900990099;150;150
104;198.550000000017;2.14999999999964;203.920000000013;NA;NA;-2697.11265826985;-3833.80972182715;5.00087228721541;26.8524015377233;246.047783842166;47.8294588139475;6577.19913065575;7897.57882974061;2273.39412711461;0.0099009900990099;150;150
105;176.809999999998;2.51000000000022;182.639999999985;NA;NA;-2689.3015746622;-3771.33396963501;5.05711663612908;28.5913044470353;228.517817188924;41.7346458867309;6477.29458873547;7743.32405758352;2164.06478994563;0.0099009900990099;150;150
106;192.670000000013;2.22000000000025;198.239999999991;NA;NA;-2696.30490533628;-3705.21782592999;4.96932726910753;22.6182552016095;241.132284824965;55.8693987068741;6551.95038359513;7679.05028698726;2017.82584118742;0.0099009900990099;150;150
107;202.850000000006;2.55999999999995;208.25;NA;NA;-2719.29753418644;-3591.78632241605;4.96615756622088;17.8602198591235;249.621859958025;75.4455741864704;6638.75269283948;7546.30762768729;1744.97757645923;0.0198019801980198;150;150
108;191.419999999984;2.26999999999998;196.160000000003;NA;NA;-2704.32016667354;-3753.75205227097;5.02571709391914;24.9685300030279;239.541577938726;51.5060650195261;6560.3329422727;7755.14025567812;2098.86377119487;0.0099009900990099;150;150
109;162.890000000014;2.00999999999976;167.559999999998;NA;NA;-2648.16308809353;-3755.52690217246;5.16944560048229;32.7431780560376;214.732120936618;34.602918590314;6328.01915850702;7677.30554219252;2214.72762815786;0.0198019801980198;149;149
110;171.389999999985;2.2800000000002;175.839999999997;NA;NA;-2695.65132157977;-3786.34875658994;5.14921775671209;31.0588475679181;220.484133737341;37.7673852900795;6451.36891389113;7754.27942840028;2181.39487002033;0.0099009900990099;150;150
111;173.440000000002;2.55000000000018;178.330000000016;NA;NA;-2679.1742612522;-3754.22441471599;5.04248456760393;28.2049593238383;227.645046061525;42.5508621999774;6452.08240571278;7712.88692528787;2150.10030692758;0.0099009900990099;149;149
112;199.419999999984;2.71000000000004;206.420000000013;NA;NA;-2723.13604086202;-3633.37860125878;4.98313261697541;19.3888783681199;243.245400508919;67.1087423667283;6615.77230933352;7589.40950882334;1820.48512079353;0.0099009900990099;150;150
113;168.98000000001;2.44999999999982;173.350000000006;NA;NA;-2653.18685537843;-3780.06238551496;5.12757318414141;31.0094598374575;221.995585108037;37.7588874458546;6373.70689267505;7741.66582944179;2253.75106027307;0.0297029702970297;150;150
114;181.890000000014;2.41999999999962;186.709999999992;NA;NA;-2719.59699969993;-3681.28278818774;5.02917821773595;22.8082672946513;233.492525444468;54.6094495051887;6561.80335226368;7625.12249828368;1923.37157697564;0.0099009900990099;150;150
115;176.839999999997;2.17999999999984;180.729999999981;NA;NA;-2688.32442206274;-3782.80885961239;5.05250589185888;28.8296492840734;228.579498065384;41.4681240178847;6475.63683919149;7764.99242631478;2188.96887509931;0.0198019801980198;150;150
116;178.279999999999;2.02999999999975;182.550000000017;NA;NA;-2666.28119649618;-3645.52206376506;5.00158397986371;23.3606646494978;230.367391495014;52.1015934850248;6439.37594340159;7541.36926813661;1958.48173453776;0.0099009900990099;149;149
117;177.26999999999;2.39000000000033;182.179999999993;NA;NA;-2707.07426831381;-3713.00790475908;5.04845198136025;25.6856330069511;227.507900152237;47.0423709556844;6507.9843931508;7652.19095373407;2011.86727289053;0.0099009900990099;150;150
118;186;2.38999999999987;191.23000000001;NA;NA;-2696.20102906242;-3604.876783243;4.98435786163368;20.4179283419267;237.897729507414;62.5650409858746;6535.39555612646;7510.35095006394;1817.35150836116;0.0099009900990099;149;149
119;182.149999999994;2.76999999999998;187.559999999998;NA;NA;-2677.77971759953;-3780.09904413709;5.02644518212253;28.228538840096;232.944889010726;43.0361844296634;6475.53580535254;7767.11187731452;2204.63865307513;0.0198019801980198;150;150
120;198.470000000001;2.38999999999987;203.179999999993;NA;NA;-2715.50455523683;-3684.53581378595;4.9975098172799;21.2177611943982;246.1498330715;61.6918467945303;6614.47356735904;7665.68002681359;1938.06251709825;0.0099009900990099;150;150
121;162.799999999988;1.94999999999982;168.160000000003;NA;NA;-2645.37985567327;-3740.84848461584;5.06461932501529;31.4341341796099;219.313615308103;36.4005983065435;6343.72631775622;7656.46320258329;2190.93725788514;0.0198019801980198;148;148
122;185.790000000008;2.40999999999985;191.190000000002;NA;NA;-2670.2743659958;-3786.06940901552;4.99823089640706;27.1396484115043;235.26402106877;45.5454900535878;6470.88842439685;7790.9647778346;2231.59008603944;0.0198019801980198;149;149
123;206.640000000014;2.34999999999991;213.589999999997;NA;NA;-2703.12925581364;-3734.78178243734;4.93566802088677;22.0932181490201;252.96134881548;59.6048373355578;6622.47207372199;7756.13782562007;2063.3050532474;0.0099009900990099;150;150
124;191.609999999986;2.30999999999995;196.839999999997;NA;NA;-2703.1802691607;-3680.11723480683;5.00222087774471;21.262214109077;240.757535344948;60.1315452362957;6563.89935219218;7649.34109071821;1953.87393129225;0.0297029702970297;150;150
125;197.660000000003;2.35999999999967;203.26999999999;NA;NA;-2695.8728605426;-3687.34964834301;4.99110656637655;21.7918732594305;241.579954192308;59.5263263235977;6553.23864478567;7660.89608412188;1982.95357560081;0.0198019801980198;150;150
126;196.160000000003;2.19000000000005;203;NA;NA;-2691.67033263983;-3682.18693531246;4.96755594208234;22.154464198804;242.613640528368;57.8729856186036;6549.8034523476;7642.62155675503;1981.03320534527;0.0099009900990099;150;150
127;172.639999999985;2.5;177.950000000012;NA;NA;-2690.95845846944;-3839.4650451734;5.09560379074158;32.7159851623406;225.476922520146;35.9278674465994;6465.98803053977;7851.66778268717;2297.01317340791;0.0297029702970297;150;150
128;183.169999999984;2.38000000000011;188.660000000003;NA;NA;-2704.88809269785;-3750.33735808401;5.03216102827692;25.295687672962;235.624919461924;49.0798506496852;6542.6378812989;7736.64586458749;2090.89853077232;0.0099009900990099;150;150
129;186.040000000008;2;191.059999999998;NA;NA;-2698.79457431528;-3716.41796637997;5.05293715625077;23.669904878521;236.286875840102;52.7327630366449;6533.6334664182;7686.36992865382;2035.24678412937;0.0099009900990099;150;150
130;184.790000000008;2.07000000000016;190.329999999987;NA;NA;-2692.36012074177;-3818.10778948342;5.03854168409194;29.8765600124317;232.634270098815;40.5144480949907;6503.20318611934;7831.00510497404;2251.4953374833;0.0099009900990099;150;150
131;186.470000000001;2.5;192.559999999998;NA;NA;-2709.5949138329;-3761.01752664506;5.0095921466359;25.445924065913;237.932026634746;48.9737061067285;6563.14387046678;7757.49586907068;2102.84522562432;0.0099009900990099;150;150
132;188.029999999999;2.2800000000002;193.649999999994;NA;NA;-2662.48657122736;-3805.6023447689;4.9989203173914;28.618611590753;237.940916537912;43.0087884367577;6468.96992704549;7817.98676130879;2286.23154708309;0.0198019801980198;150;150
133;206.549999999988;2.51000000000022;213.930000000022;NA;NA;-2712.90875904137;-3632.6462695632;4.923217874264;18.2633911491286;256.615885491466;74.7864556525988;6659.60173707551;7624.85854417657;1839.47502104365;0.0297029702970297;150;150
134;185.089999999997;2.32999999999993;191.649999999994;NA;NA;-2692.90294704761;-3648.33501047588;4.96107235380349;20.4183324312646;246.428567941389;65.2156236475379;6569.7863022398;7610.00228331339;1910.86412685653;0.0099009900990099;149;149
135;178.76999999999;1.76999999999998;184.220000000001;NA;NA;-2696.86226014694;-3647.32680095203;4.96626564546865;19.8892304590802;248.52718132756;68.5291752013437;6588.61903637361;7624.13521112743;1900.92908161019;0.0099009900990099;150;150
136;154.850000000006;2.0300000000002;159.869999999995;NA;NA;-2707.7222783628;-3624.74436703542;4.95962819426611;19.6951752789604;245.591021624246;68.38852494744;6596.22230252257;7578.29411055308;1834.04417734525;0.0297029702970297;150;150
137;187.350000000006;2.41999999999962;193.440000000002;NA;NA;-2704.54640883329;-3746.64269920983;4.97991070092411;24.9758021169769;239.042761969541;49.8928273986754;6558.38716792718;7733.1652599782;2084.19258075308;0.0198019801980198;150;150
138;185.420000000013;2.48999999999978;191.889999999985;NA;NA;-2712.59685084408;-3672.98936345016;5.03340132584208;21.9662722690982;236.822261002726;57.8508187768192;6563.81209926615;7624.11983701107;1920.78502521216;0.0297029702970297;150;150
139;179.800000000017;2.69000000000005;186.559999999998;NA;NA;-2696.75323260686;-3748.75187255287;5.02517849309686;26.0053406969687;234.540844848108;47.329113503186;6520.37161534472;7724.89922766176;2103.997279892;0.0099009900990099;149;149
140;190.690000000002;2.39000000000033;197.770000000019;NA;NA;-2702.38690272957;-3684.93571554214;4.98765963736281;22.0996942357266;241.664422157116;57.8834164701282;6565.8645976909;7647.97567699056;1965.09762562514;0.0198019801980198;149;149
141;180.75;2.84000000000015;188.359999999986;NA;NA;-2706.62612427622;-3733.93841942107;5.02090896908066;24.762074350654;234.533615860066;50.0272255562473;6540.86706287805;7708.40287367074;2054.6245902897;0.0396039603960396;150;150
142;162.5;2.05999999999995;168.200000000012;NA;NA;-2669.85904117683;-3780.43822989297;5.15519177533921;32.6757737863518;218.606686690219;35.1845113984241;6390.02664151464;7729.92249415555;2221.15837743227;0.0198019801980198;149;149
143;184.420000000013;2.51000000000022;191.140000000014;NA;NA;-2700.420026472;-3745.40909584348;5.02872455532196;25.1687565854903;235.128816712155;49.5888408396158;6531.31653507725;7729.23651543527;2089.97813874296;0.0198019801980198;150;150
144;182.470000000001;2.19000000000005;188.24000000002;NA;NA;-2692.49439622283;-3740.09582874763;5.03277690632626;25.2642297451709;236.06145439137;49.0939903230203;6519.94930583227;7716.2307880889;2095.20286504959;0.0198019801980198;150;150
145;174.579999999987;2.2800000000002;179.979999999981;NA;NA;-2703.29413072266;-3656.24847875032;5.04129409428974;23.4151766260157;227.771037009027;52.0934091166264;6501.68925438327;7562.95700193061;1905.90869605533;0.0396039603960396;150;150
146;193.73000000001;2.01000000000022;198.890000000014;NA;NA;-2701.48990616925;-3641.56146905763;4.96418766338287;20.0259822478192;243.844763421289;65.4631407092232;6575.36171853665;7597.8633517029;1880.14312577675;0.0198019801980198;150;150
147;192.690000000002;2.13999999999987;198.910000000003;NA;NA;-2717.1853148169;-3688.45719858391;4.98085308650763;21.1055382032548;249.240666969712;63.8305529387818;6632.69551528742;7683.8054875406;1942.54376753402;0.0396039603960396;150;150
148;175.48000000001;2.17000000000007;181.149999999994;NA;NA;-2684.0603528809;-3674.08022103167;5.01653637759136;23.5744081383648;233.561327964895;52.1682366681745;6490.27970997448;7598.80577372497;1980.03973630155;0.0198019801980198;149;149
149;156.640000000014;2.19000000000005;161.919999999984;NA;NA;-2665.85909467509;-3718.96434509175;5.26586208698914;31.3722958969868;209.467325930752;36.1079761094865;6338.11615741139;7611.4115645455;2106.21050083331;0.0099009900990099;149;149
150;193.48000000001;2.25;200.089999999997;NA;NA;-2711.54048927246;-3718.06044446014;4.9709327866768;22.3923782143742;245.521076219205;57.376896137524;6603.52243363735;7711.98342507499;2013.03991037535;0.0198019801980198;150;150
151;182.410000000003;2.34999999999991;188.770000000019;NA;NA;-2710.02260667184;-3718.16030479134;4.99405670895511;22.9832817396225;241.715446923136;56.8582772881178;6582.18957291594;7709.68967675029;2016.27539623899;0.0099009900990099;150;150
152;183.669999999984;2.53999999999996;192.809999999998;NA;NA;-2668.31681660987;-3849.88567872603;5.02138093186072;32.4686446382125;232.275027509539;36.8322936528856;6453.38937442622;7876.85744302781;2363.13772423233;0.0396039603960396;150;150
153;163.690000000002;2.49000000000024;169.549999999988;NA;NA;-2639.06367235649;-3779.62374198493;5.08182355378112;33.6021036493785;217.056160822308;33.6325842973632;6320.9863120297;7720.83719418893;2281.12013925687;0.0099009900990099;149;149
154;181.739999999991;2.2800000000002;187.449999999983;NA;NA;-2696.30554886103;-3755.8143678031;5.00761477928497;26.1920723659703;235.22371794809;46.8799500696299;6523.54385576758;7737.02297599901;2119.01763788413;0.0198019801980198;150;150
155;169.639999999985;2.34000000000015;176.419999999984;NA;NA;-2658.84726484858;-3780.65217145767;5.05667770258321;32.1041541527923;223.12082139001;36.3455601529869;6389.69151195341;7735.92870365265;2243.60981321817;0.0099009900990099;149;149
156;195.920000000013;1.94000000000005;201.450000000012;NA;NA;-2697.45250402391;-3626.92050609065;4.96984551403037;19.6913180033471;247.012556186042;66.1469731695158;6582.51735375951;7571.86922572851;1858.93600413348;0.0099009900990099;150;150
157;184.75;2.07000000000016;190.800000000017;NA;NA;-2668.91669243542;-3737.18838844004;4.9887635503307;24.6714660317154;239.318562583597;50.7052659309613;6486.84756869377;7717.82245497634;2136.54339200923;0.0198019801980198;148;148
158;165.910000000003;2.05000000000018;171.020000000019;NA;NA;-2656.74183795454;-3782.55678527591;5.05005182732815;32.0929147772101;222.962981647677;36.2645289037986;6384.72230792976;7739.34861193266;2251.62989464274;0.0198019801980198;149;149
159;192.670000000013;2.68000000000029;198.399999999994;NA;NA;-2709.30569570088;-3760.2594201883;4.97593851730911;23.5201452852035;245.441339724094;54.8142393066097;6598.66948118085;7784.06037173218;2101.90744897484;0.0198019801980198;150;150
160;183.580000000016;1.94000000000005;188.929999999993;NA;NA;-2669.84046106472;-3617.44379741215;4.97111683585564;21.415555626682;237.903380966629;58.9383537547714;6481.90054838429;7517.86190197504;1895.20667269486;0.0198019801980198;148;148
161;173.630000000005;1.69999999999982;178.110000000015;NA;NA;-2671.9137767006;-3712.36629889397;5.08635165623732;26.8711594801892;225.92339025691;44.6255989934218;6430.04524045702;7639.28813746444;2080.90504438674;0.0099009900990099;150;150
162;158.040000000008;2.36000000000013;163.039999999979;NA;NA;-2612.43843176085;-3693.30596385401;5.09759831961545;29.458526261994;216.937325811828;38.6054813630009;6266.43444964222;7571.96422625321;2161.73506418633;0.0198019801980198;148;148
163;167.459999999992;2.04999999999973;172.75;NA;NA;-2662.86833347607;-3828.11330110748;5.06538256323985;32.7099223295469;224.615085942714;35.5442313325579;6404.91293028675;7827.00093196035;2330.48993526282;0.0198019801980198;149;149
164;182.440000000002;1.84999999999991;187.5;NA;NA;-2705.87829302918;-3698.74234576454;4.99885298099181;23.2631371051784;236.769647697618;54.0747007614157;6550.12202398255;7657.47059348685;1985.72810547072;0.0099009900990099;150;150
165;191.949999999983;1.98999999999978;196.850000000006;NA;NA;-2724.30175178769;-3618.82317285081;4.9572082070573;18.8633682636786;245.839272095274;70.4156388648479;6630.57481349223;7576.19788874174;1789.04284212623;0.0297029702970297;150;150
166;158.210000000021;2.45000000000027;164.489999999991;NA;NA;-2649.49173158539;-3820.93160437578;5.1653916074765;37.1192751148893;212.848357991806;30.2336657304866;6322.33766677306;7787.22373305868;2342.87974558078;0.0198019801980198;150;150
167;201.639999999985;2.59999999999991;214.580000000016;NA;NA;-2711.48862133695;-3609.71561338968;4.98527440212373;19.3090537574517;243.148427576422;68.8941927064369;6592.01123385552;7550.66780466563;1796.45398410547;0.0099009900990099;150;150
168;202.859999999986;2.39000000000033;214.089999999997;NA;NA;-2710.78779574385;-3735.14422098637;5.02971714772409;24.1350978641295;241.515983225627;52.8128718777658;6582.76094900218;7724.20759338336;2048.71285048504;0.0099009900990099;150;150
169;188.109999999986;2.4699999999998;197.130000000005;NA;NA;-2701.23882206981;-3811.32627450666;4.99288342513451;28.5950350010793;236.776837791479;42.8701338102747;6540.08575260461;7828.62460391717;2220.17490487369;0.0099009900990099;149;149
170;207.540000000008;2.55999999999995;217.299999999988;NA;NA;-2718.6057041791;-3654.22590757729;4.96995890651041;19.7627487197288;250.533986912774;67.2441747412201;6641.75445050982;7631.75526714476;1871.24040679637;0.0297029702970297;150;150
171;188.420000000013;2.30000000000018;199.390000000014;NA;NA;-2700.2668684531;-3710.20588518435;5.02775196595631;23.7402488451067;237.576268997126;52.7665506064345;6542.77733158647;7674.10821361195;2019.87803346251;0.0297029702970297;150;150
172;187.5;2.02999999999975;193.25;NA;NA;-2700.12916699402;-3686.96258985958;5.00377798929682;22.4812740838044;238.78175966425;56.8286262156135;6548.29781054988;7647.15168741404;1973.66684573113;0.0099009900990099;150;150
173;185.550000000017;2.26999999999998;191.359999999986;NA;NA;-2709.97869170623;-3765.7063031933;5.03488444935873;25.3935402228365;237.789979428201;49.5836721035547;6563.22847705989;7769.80607935463;2111.45522297413;0.0099009900990099;150;150
174;194.050000000017;1.87999999999965;200.50999999998;NA;NA;-2708.16990242279;-3732.1336831338;4.98071928139366;23.2770790426593;245.321015692132;55.271244055231;6595.81938838171;7730.00613200629;2047.92756142202;0.0099009900990099;150;150
175;200.119999999995;2.63999999999987;219.889999999985;NA;NA;-2725.66216009486;-3703.82551466226;4.9781113287638;21.308605400881;247.346368016569;61.2848643761329;6640.54160071605;7702.30269668164;1956.32670913481;0.0099009900990099;150;150
176;169.020000000019;2.33999999999969;175.410000000003;NA;NA;-2673.15927535447;-3779.02973225386;5.12698928496689;30.6948612595897;222.577302655294;38.3481309425245;6416.44857401652;7742.43354834179;2211.74091379879;0.0099009900990099;150;150
177;175.24000000002;2.60999999999967;180.919999999984;NA;NA;-2688.54533257023;-3814.72471006145;5.03479131350364;28.7750323978792;233.036185569697;43.2353090529408;6497.50598026998;7837.32058098511;2252.35875498245;0.0099009900990099;150;150
178;159.779999999999;2.42000000000007;165.339999999997;NA;NA;-2662.4456892103;-3719.16507111291;5.13279053178506;30.0218517004908;218.265464222387;38.5803661632834;6373.56051436005;7623.69175860804;2113.43876380521;0.0099009900990099;149;149
179;192.640000000014;2.86000000000013;199.440000000002;NA;NA;-2723.36627316628;-3725.73423163819;5.00083129595618;22.4521066775778;245.926631183702;58.4486692238317;6629.12387025002;7732.48398018946;2004.73591694383;0.0099009900990099;150;150
180;168.279999999999;1.92999999999984;174.139999999985;NA;NA;-2652.31698260641;-3818.78203969724;5.02000030549122;31.9829369432176;226.956819110733;36.7823968902654;6395.06122194968;7814.28724768003;2332.93011418166;0.0099009900990099;149;149
181;180.949999999983;2.44000000000005;188.320000000007;NA;NA;-2704.03996452105;-3683.40835059897;5.03404408913327;23.0820371147146;235.810997586091;54.462837401645;6541.83627046835;7628.66872637178;1958.73677215583;0.0099009900990099;150;150
182;180.239999999991;2.30999999999995;187.48000000001;NA;NA;-2701.30267603361;-3722.04414118564;5.05341691419555;24.8539193390434;234.115495300186;49.7573917838528;6528.20988340732;7683.31698266621;2041.48293030405;0.0099009900990099;150;150
183;175.25;2.40999999999985;182.239999999991;NA;NA;-2685.04913675895;-3744.96295108805;5.01315703979094;25.8183891646265;232.75787439647;47.241081929328;6488.39703826316;7716.89843190805;2119.82762865821;0.0099009900990099;149;149
184;173.100000000006;2.69000000000005;179.919999999984;NA;NA;-2683.28409836229;-3813.97633496052;5.02512851811943;30.4687956652482;228.7722323483;39.0154292411647;6466.48283947754;7815.53505907355;2261.38447319645;0.0099009900990099;150;150
185;195.669999999984;2.42999999999984;203.23000000001;NA;NA;-2711.08785016954;-3776.97622827235;4.97825781604371;24.6714090974396;246.592863969957;52.2728045740914;6607.77020669508;7805.27501688616;2131.77675620562;0.0198019801980198;150;150
186;189.76999999999;2.51999999999998;196.829999999987;NA;NA;-2712.60691439945;-3697.86580305047;4.99707549486136;22.6481639876446;242.216405697726;56.6478070359039;6589.76674943617;7668.08875276624;1970.51777730204;0.0099009900990099;150;150
187;202.579999999987;2.65999999999985;210.339999999997;NA;NA;-2701.55425200552;-3721.49045838656;4.98369181170911;22.4625276763865;244.814389649388;57.3691890679285;6580.15227880808;7718.80639808681;2039.87241276208;0.0198019801980198;150;150
188;167.920000000013;2.26999999999998;174;NA;NA;-2660.59785791588;-3683.92374347737;5.03060308065543;25.9644625962925;222.879418075668;45.0860596857523;6392.03286180349;7584.46608679608;2046.65177112298;0.0099009900990099;149;149
189;190.399999999994;2.25999999999976;197.199999999983;NA;NA;-2720.4287374015;-3692.17358055343;4.9892511633839;21.5123363373728;244.261578015621;60.6849475308571;6615.24338503132;7676.11448661979;1943.48968630387;0.0099009900990099;150;150
190;198.380000000005;2.32000000000016;205.279999999999;NA;NA;-2715.10700412758;-3585.11410669853;4.94066994869317;17.9433136386634;249.217026029386;75.8886364528976;6628.425230567;7535.09339653701;1740.01420514191;0.0099009900990099;150;150
191;190.889999999985;2.53999999999996;199.220000000001;NA;NA;-2686.74087377866;-3716.92248725352;4.99783723747423;23.8275027564983;237.251622240508;52.4627306060875;6514.16447220691;7686.08068073814;2060.36322694971;0.0099009900990099;150;150
192;181.279999999999;2.38000000000011;188.25;NA;NA;-2697.42513031317;-3614.46971443137;5.00594724833159;20.7315552645304;234.549470901555;60.6249792970699;6522.54130444938;7520.41843294013;1834.0891682364;0.0099009900990099;150;150
193;202.609999999986;2.38999999999987;209.859999999986;NA;NA;-2708.75224635691;-3682.80141304962;4.96819162288654;20.971245508891;248.087691584954;61.9480418235581;6610.28598485586;7663.44298612298;1948.09833338543;0.0099009900990099;150;150
194;159.98000000001;2.15999999999985;165.319999999978;NA;NA;-2646.63141605375;-3670.38442887782;5.09677305476483;28.8033642691531;215.384307609711;39.4940460641189;6328.08928328558;7530.52030243959;2047.50602564814;0.0099009900990099;149;149
195;182.829999999987;2.25;188.73000000001;NA;NA;-2673.83585486069;-3723.61023498949;5.00165030151761;25.05842847338;234.155869440651;48.7305661053706;6473.47035600204;7681.51229228081;2099.54876025761;0.0297029702970297;150;150
196;189.510000000009;1.90999999999985;194.800000000017;NA;NA;-2707.15836672992;-3801.30479579668;5.02235170618112;27.0941134601984;238.280198895803;45.7725075455669;6559.94475462876;7822.67935604028;2188.29285813351;0.0198019801980198;150;150
197;185.589999999997;2.17000000000007;191.450000000012;NA;NA;-2665.85930838219;-3658.45589906838;4.99020842832476;21.9931316066725;235.134766825206;56.4827629844368;6462.22370646248;7588.47542905479;1985.19318137237;0.0198019801980198;150;150
198;185.699999999983;2.48000000000002;196.080000000016;NA;NA;-2703.75614080715;-3636.40961079909;5.00926066140082;21.1653633391477;234.668205090017;59.618132164378;6535.77418786738;7559.45740258749;1865.30693998388;0.0297029702970297;150;150
199;166.029999999999;2.0600000000004;170.919999999984;NA;NA;-2654.10660944427;-3740.00366849585;5.06519414294583;30.0839144002428;222.333332775305;38.5959889046537;6375.67806631845;7665.31406042912;2171.79411810318;0.0099009900990099;148;148
200;207.200000000012;2.42999999999984;213.640000000014;NA;NA;-2700.92759702475;-3695.78185973814;4.94709495358455;21.405191049581;253.520585023473;61.9746675327759;6620.75750944095;7689.53189332032;1989.70852542679;0.0099009900990099;150;150
201;173.089999999997;2.21000000000004;178.359999999986;NA;NA;-2699.88823174968;-3674.57100073106;5.10146958387823;24.6986254872543;224.673674401796;49.1100702388113;6479.98563827109;7585.25844272696;1949.36553796276;0.0099009900990099;150;150
202;183.309999999998;2.63000000000011;189.959999999992;NA;NA;-2678.03517501112;-3751.1778619768;5.02925272559072;25.7417386839245;232.394596793364;47.2943657178472;6473.40096871606;7729.742434477;2146.28537393136;0.0198019801980198;150;150
203;175.809999999998;2.24000000000024;181.610000000015;NA;NA;-2685.54192781827;-3733.44478248086;5.07668709362392;27.0399138834102;227.548912681671;44.5756610605528;6465.11689641236;7681.20500791395;2095.80570932519;0.0099009900990099;150;150
204;164.309999999998;2.25;170.190000000002;NA;NA;-2661.58530955731;-3787.32268060032;5.1619084428428;32.9964956121953;217.175739372313;34.6935061380567;6367.33045151346;7741.44836442348;2251.47474208602;0.0099009900990099;150;150
205;189.600000000006;2.55999999999995;195.790000000008;NA;NA;-2711.22189154557;-3710.80092113181;5.01105943349387;23.673538968545;237.28806423518;53.7309589864864;6563.30171730677;7679.93506719984;1999.15805917247;0.0198019801980198;150;150
206;200.640000000014;2.01999999999998;206.660000000003;NA;NA;-2718.91464717684;-3725.64800206123;4.95346467767988;22.0870375222809;247.284206032621;59.5858784675405;6626.74770610707;7737.77911247438;2013.46670976879;0.0099009900990099;150;150
207;181.329999999987;2.48000000000002;187.660000000003;NA;NA;-2720.18260303419;-3686.99940879394;5.0942990495267;23.1959554392949;231.576027106407;53.4682338767881;6553.76022132136;7631.06888574931;1933.63361151951;0.0099009900990099;150;150
208;168.910000000003;1.98000000000002;174.720000000001;NA;NA;-2631.14691979431;-3757.7375505646;5.06548554129021;31.7619190266058;223.374439061689;36.5868001544805;6335.50934272066;7691.25851350494;2253.18126154058;0.0099009900990099;149;149
209;189.390000000014;2.25;195.609999999986;NA;NA;-2703.31194935309;-3737.83223611154;5.02565132255392;24.2069416006543;239.694660151011;52.8599037771839;6559.05251201969;7729.80974843178;2069.04057351692;0.0099009900990099;150;150
210;171.610000000015;2.63999999999987;178.300000000017;NA;NA;-2685.42317280297;-3703.42759016888;5.13173246365951;26.9410522938997;221.432435429542;43.8409580738335;6434.73137917345;7617.49161696249;2036.00883473183;0.0297029702970297;149;149
211;196.080000000016;2.48999999999978;203.270000000019;NA;NA;-2702.03568709813;-3667.14354887007;4.9696157641889;20.9164526636103;244.182224868233;61.6660925115883;6578.07576220983;7630.7716728943;1930.21572354388;0.0099009900990099;150;150
212;177.690000000002;1.9699999999998;183.059999999998;NA;NA;-2696.15527568759;-3680.62513198887;5.00517649681269;24.5552264704729;230.837661464483;49.9333925175898;6502.15557643519;7601.32515868265;1968.93971260256;0.0297029702970297;150;150
213;175.600000000006;2.5300000000002;181.75;NA;NA;-2679.04447480303;-3808.11419332179;5.06077649454347;29.9555228818417;227.732039949247;40.4559400318346;6453.00244847344;7810.73661157362;2258.13943703752;0.0099009900990099;150;150
214;180.75;2.4699999999998;188.040000000008;NA;NA;-2678.36668671517;-3821.42408381418;5.03363317849336;30.146401365253;231.640979071885;39.9073354728463;6470.44067141611;7834.71875519604;2286.11479419802;0.0198019801980198;150;150
215;175.070000000007;2.11999999999989;180.630000000005;NA;NA;-2668.85291275004;-3736.38495933669;5.01211529921403;27.5113442597268;227.135800316446;43.3121121255759;6429.75266220319;7681.01034123895;2135.0640931733;0.0099009900990099;150;150
216;198.619999999995;2.46000000000004;205.360000000015;NA;NA;-2721.14497463235;-3744.93644022838;4.94579847555532;23.1126222817494;247.500948972874;55.9715651390408;6632.25043999441;7758.9787218532;2047.58293119207;0.0099009900990099;150;150
217;191.850000000006;2.2199999999998;200.299999999988;NA;NA;-2721.96058431981;-3655.53363572364;5.06017714200721;21.2655359028438;239.087001501787;60.7852728986975;6593.42821826854;7603.31695157114;1867.14610280766;0.0099009900990099;150;150
218;171.779999999999;2.28999999999996;177.600000000006;NA;NA;-2686.98362959858;-3731.85570246825;5.10374077538639;27.4082139823627;222.998078233815;43.2923427185576;6446.12033056166;7671.85677811589;2089.74414573934;0.0297029702970297;150;150
219;186.369999999995;2.17000000000007;191.290000000008;NA;NA;-2717.06425420657;-3751.58809815584;5.04898954246296;25.334946335624;235.532259810992;49.3726731220639;6566.54470572673;7740.55520669846;2069.04768789855;0.0099009900990099;150;150
220;198.049999999988;2.56999999999971;203.929999999993;NA;NA;-2719.34076030307;-3596.11968008779;4.97064973344941;18.0214613575557;248.475886457289;74.5458295164544;6633.32941593855;7550.64845816646;1753.55783956944;0.0099009900990099;150;150
221;188.029999999999;2.28999999999996;193.970000000001;NA;NA;-2698.63792251294;-3696.30838631687;5.04012909723634;23.6803150175828;237.783947417673;53.471826025152;6540.51793735335;7649.70411149513;1995.34092760786;0.0099009900990099;150;150
222;190.809999999998;2.44000000000005;196.739999999991;NA;NA;-2683.50206317676;-3716.75962066522;4.99167781210477;23.6365004601197;240.765976069717;54.0964445452938;6524.58352240805;7693.60968528629;2066.51511497691;0.0099009900990099;150;150
223;173.970000000001;2.38000000000011;179.359999999986;NA;NA;-2689.28897029746;-3745.76897619708;5.03507846588372;28.0954490637773;226.763039282663;42.3816426469042;6468.83257850232;7695.30476820371;2112.96001179926;0.0099009900990099;150;150
224;191.720000000001;2.41000000000031;198.160000000003;NA;NA;-2713.55008717955;-3742.68097015733;5.0333076123368;23.7659851344871;241.968107531573;53.8476074385493;6590.45930156298;7744.25599966318;2058.26176595555;0.0198019801980198;150;150
225;195.200000000012;1.95000000000027;200.559999999998;NA;NA;-2716.40723405287;-3760.12398344537;4.97905551603643;24.0421365478961;244.242241939843;53.0405079027947;6607.10741236235;7775.26157016982;2087.43349878501;0.0198019801980198;150;150
226;182.350000000006;2.19000000000005;187.920000000013;NA;NA;-2685.3437513026;-3661.97093729405;5.02813392950376;23.3460693324295;233.803219038158;53.0905458721837;6494.79064004944;7579.1960555573;1953.25437198289;0.0099009900990099;150;150
227;192.859999999986;1.86000000000013;197.410000000003;NA;NA;-2690.27125953732;-3723.97392133908;4.97978025056575;23.8450525622163;240.530860208326;53.4385153780401;6536.18704689804;7704.69630238994;2067.40532360351;0.0198019801980198;149;149
228;199.199999999983;2.00999999999976;204.25999999998;NA;NA;-2704.21973277471;-3671.06311517469;4.95896373968164;21.4428898936529;245.665475758342;60.3423988653596;6589.57517958171;7632.24661519485;1933.68676479995;0.0099009900990099;150;150
229;196.779999999999;2.51999999999998;202.489999999991;NA;NA;-2706.69608273135;-3570.60290488376;4.9416849781607;17.8355086055137;246.869374662609;73.8938565034889;6600.31610833556;7496.48028492293;1727.81364430482;0.0297029702970297;150;150
230;200.5;2.45000000000027;205.699999999983;NA;NA;-2703.37023593682;-3761.97704319013;4.98968969921411;23.6645734652042;246.349429100315;54.6889026225099;6591.16456705286;7786.89301114893;2117.21361450664;0.0198019801980198;150;150
231;184.739999999991;2.48999999999978;191.639999999985;NA;NA;-2697.83064293223;-3752.48429128836;5.02485094049614;26.0726561081765;234.210906174256;47.2830104405066;6521.72454340742;7732.30069803108;2109.30729671227;0.0198019801980198;150;150
232;174.279999999999;2.05999999999995;179.880000000005;NA;NA;-2678.61623500081;-3741.43025127085;5.04222250098285;27.6888285375419;228.236345193113;43.4816989151655;6454.57061943279;7691.91628189762;2125.6280325401;0.0099009900990099;150;150
233;195.01999999999;2;201.639999999985;NA;NA;-2710.19482300268;-3671.97172181921;4.99706940899329;21.3162209187884;243.010042723875;60.1103009225203;6588.75829627524;7632.94792414857;1923.55379763306;0.0099009900990099;150;150
234;187.299999999988;2.17000000000007;193.25;NA;NA;-2707.18496311554;-3763.52669138486;5.01365509552255;24.7914882354268;238.657984029338;50.6327459012503;6561.81430157868;7770.4907005242;2112.68345653864;0.0099009900990099;150;150
235;196.589999999997;2.64000000000033;202.619999999995;NA;NA;-2708.17705099687;-3696.66700907116;4.96411073942484;21.8210726673631;245.719169774339;59.1716957647726;6597.74797163268;7677.82577634272;1976.97991614858;0.0099009900990099;150;150
236;197.139999999985;2.43000000000029;203.910000000003;NA;NA;-2686.7944243171;-3754.67390425426;4.97306971735811;24.2119656749782;246.501773324687;52.7080750911792;6558.74540002721;7762.76310716175;2135.75895987433;0.0099009900990099;150;150
237;188.059999999998;2.32999999999993;194.529999999999;NA;NA;-2699.33862731573;-3592.32974735864;5.02124261342897;19.7595990521055;238.42679611282;64.8880999551841;6545.01010096176;7496.63516828794;1785.98224008583;0.0198019801980198;150;150
238;192.700000000012;2.5300000000002;199.200000000012;NA;NA;-2719.20789330385;-3618.60342059687;4.9749316066107;19.5194421574263;242.824517749067;67.5582153044002;6605.89245084285;7562.02016966813;1798.79105458606;0.0198019801980198;150;150
239;188.950000000012;2.01999999999998;195.800000000017;NA;NA;-2710.04397260712;-3522.80493438772;4.9718046387585;17.0166289384759;243.178935610438;78.5272267643256;6589.26861605621;7423.16113750355;1625.52192356119;0.0099009900990099;150;150
240;148.48000000001;2.2199999999998;154.51999999999;NA;NA;-2604.41808678795;-3780.65993335227;5.1490703084903;39.6218559955562;207.106904638685;27.587148112827;6203.19602777394;7693.77104028114;2352.48369312864;0.0099009900990099;148;148
241;189.209999999992;2.36999999999989;197;NA;NA;-2706.59182113704;-3626.50777268408;5.00816857618361;20.4659879603266;238.791082454403;64.4900651054321;6561.26794190423;7563.07750609407;1839.83190309409;0.0198019801980198;150;150
242;157.270000000019;2.07000000000016;164.869999999995;NA;NA;-2695.104647758;-3694.75623904373;4.98800385779512;21.9439113866991;239.818461542844;59.5106306544405;6543.23313388053;7675.63380227257;1999.30318257145;0.0099009900990099;150;150
243;186.040000000008;2.09000000000015;192.130000000005;NA;NA;-2719.64094971426;-3696.8692529064;4.99069860775694;22.3939535637655;239.310816398091;57.7802809809008;6589.86502931064;7671.54047706127;1954.45660638427;0.0198019801980198;150;150
244;193.440000000002;2.38000000000011;201.119999999995;NA;NA;-2722.26497616245;-3625.23397034103;4.9727614567476;19.8590736638997;245.370090932913;66.264738563125;6624.24548484564;7569.06235878789;1805.93798835717;0.0198019801980198;150;150
245;200.690000000002;2.5300000000002;208.619999999995;NA;NA;-2697.28233024087;-3687.44989688496;4.95938773325028;20.9884706819275;248.596958703736;62.3953322825219;6589.79465939958;7674.8904828169;1980.33513328818;0.0198019801980198;150;150
246;192.190000000002;2.35999999999967;199.859999999986;NA;NA;-2704.33264337833;-3771.729805026;4.9773459123984;24.6180949046672;243.564052593585;52.9959150456508;6579.69756259714;7798.25881521103;2134.79432329534;0.0099009900990099;150;150
247;187.48000000001;2.19000000000005;194.639999999985;NA;NA;-2694.35490876415;-3660.45135807158;4.98364383869096;21.8757559772834;239.090487674187;58.1601000065491;6538.23362833505;7600.53082032577;1932.19289861485;0.0099009900990099;150;150
248;175.600000000006;2.36000000000013;181.790000000008;NA;NA;-2694.14163235085;-3693.02251755712;5.00571944411273;24.4256442496578;230.038013694362;49.5034313818077;6494.28366105669;7624.05271849632;1997.76177041252;0.0099009900990099;150;150
249;181.300000000017;2.03999999999996;187.660000000003;NA;NA;-2688.3769779123;-3726.74612692801;5.02670910116306;25.093398051508;232.86911509217;48.8900930228235;6496.36601234744;7688.55106606138;2076.73829803143;0.0099009900990099;150;150
250;181.190000000002;2.23000000000002;188.149999999994;NA;NA;-2692.81517505851;-3748.75895180258;5.02531929697894;26.3460396646322;234.226972919527;46.518625151318;6511.7708550086;7721.17492893318;2111.88755348814;0.0198019801980198;150;150
