1;53.0199999999895;1.11999999999989;55.2799999999988;NA;NA;-2929.96741256115;-2991.98597551897;5.66123333323799;5.75521438001891;153.667877389987;151.706104243856;6666.86974761346;6780.60528487893;124.037125915645;0.623762376237624;91;91
2;52.8400000000111;1.53999999999996;55.3800000000047;NA;NA;-2860.92450757557;-2946.17843488512;5.62194698938981;5.95208422175086;150.54540270361;144.447449045407;6510.71452160122;6649.26879135823;170.507854619101;0.0891089108910891;89;89
3;98.9300000000076;2.38999999999987;102.720000000001;NA;NA;-3405.5294399813;-3567.29779253001;8.08777797052978;9.65954035153212;133.556450937555;112.548160550536;7518.0121997859;7730.34588527135;323.536705097433;0.386138613861386;99;99
4;58.1999999999971;1.2800000000002;60.2799999999988;NA;NA;-2989.33711519163;-3051.85203575258;5.73176191482533;5.83557370445703;158.98761135445;156.664019338634;6815.27213213446;6928.07515766741;125.0298411219;0.653465346534653;93;93
5;52.8400000000111;1.09999999999991;54.8699999999953;NA;NA;-2858.91500853353;-2938.88212331449;5.54049853719585;5.63715184214444;153.810997011787;151.931266694195;6524.66669072118;6674.74053717474;159.93422956191;0.0495049504950495;90;90
6;88.8600000000006;2.25999999999976;92.2599999999948;NA;NA;-3191.92098422444;-3341.6585743537;6.64829842893831;8.00891630782327;149.717843520321;123.075642944511;7174.81447542474;7333.53657184699;299.47518025853;0.623762376237624;97;97
7;71.9599999999919;1.96000000000004;75.0400000000081;NA;NA;-2881.88092093314;-3019.36939349963;5.68966401433452;6.87724689449194;151.75519862091;128.278621612824;6560.65297823579;6712.35061366435;274.976945132962;0.0396039603960396;91;91
8;56.5900000000111;1.36000000000013;58.7300000000105;NA;NA;-3011.24384960196;-3091.91529525972;5.80449726685055;5.94452964457796;160.337199034102;157.611110905193;6867.04460088935;7014.02815103049;161.342891315512;0.0693069306930693;94;94
9;59.6199999999953;1.07999999999993;61.2799999999988;NA;NA;-3117.07600780795;-3175.57057925449;5.67557498306797;5.75568757430479;170.732132883673;168.91348894644;7135.26022720475;7242.65073767804;116.989142893078;0.851485148514851;96;96
10;69.0599999999977;1.59000000000015;71.7800000000134;NA;NA;-3356.10770999078;-3400.64918935883;5.65742303891381;5.73406209927155;194.580923774509;192.336616483466;7743.16690761501;7820.3588140551;89.0829587361022;0.99009900990099;100;100
11;58.7900000000081;1.38999999999987;60.6100000000006;NA;NA;-3062.15559609744;-3113.922577077;5.78684181164081;5.92379393865149;162.587925584134;160.006673295648;6979.85406270521;7069.80539247027;103.533961959114;0.97029702970297;93;93
12;62.2299999999959;1.75;64.8600000000006;NA;NA;-3090.66154040835;-3160.52678275712;5.74183069544174;5.85921021472998;167.746344902466;165.041328188468;7067.54174282631;7192.98138682393;139.730484697528;0.534653465346535;97;97
13;66.1300000000047;1.5300000000002;68.5099999999948;NA;NA;-3259.29082095016;-3322.44342949875;5.7356367359643;5.87933527294679;181.449730901834;178.528187478788;7478.12701438984;7588.98247877492;126.305217097185;0.742574257425743;98;98
14;71.6100000000006;1.89000000000033;74.8600000000006;NA;NA;-3343.72086606285;-3418.96329696319;5.91824930652078;5.99003898114972;188.068113986074;186.169574405989;7683.88628655206;7824.3120831245;150.484861800683;0.267326732673267;100;100
15;62.5899999999965;1.42999999999984;64.8800000000047;NA;NA;-3053.37990099288;-3148.84220535731;6.10574537293871;6.35700966807339;156.80939889152;152.044899742745;6932.73444093906;7098.56262373923;190.924608728851;0.0396039603960396;94;94
16;74.9799999999959;1.7800000000002;77.4500000000116;NA;NA;-2958.0076966943;-3073.50702726703;5.75106732047477;6.48487142677827;155.367310444562;138.511820511307;6733.56315582946;6875.86768923114;230.998661145457;0.0594059405940594;93;93
17;59.7900000000081;1.22000000000025;61.6200000000099;NA;NA;-3048.44859150629;-3109.69019968834;5.53764831923828;5.61275722563206;168.442000610427;166.57757121582;6985.91829088995;7098.56122347716;122.483216364095;0.544554455445545;96;96
18;64.5;1.55999999999995;66.8899999999994;NA;NA;-3143.20322598555;-3216.79963995164;5.73033002406921;5.86389462206131;172.932219785179;170.152761135015;7200.022546113;7332.53125006328;147.192827932188;0.237623762376238;97;97
19;62.4200000000128;1.17999999999984;64.3600000000006;NA;NA;-3190.40105751066;-3248.49484283154;5.55889689990061;5.60085391340108;181.288389901368;179.905823739559;7338.56458924798;7447.44794151902;116.187570641766;0.792079207920792;97;97
20;59.9000000000087;1.38999999999987;61.8000000000029;NA;NA;-2948.45367877751;-3027.80349544674;5.73410105647529;6.06911591725085;153.589104745761;147.165055104655;6706.73213295982;6831.55986785595;158.699633338469;0.336633663366337;95;95
21;65.7600000000093;1.38000000000011;67.6600000000035;NA;NA;-3144.45522338524;-3200.34201187595;5.68655435956354;5.73234197655001;172.307271415535;170.940699293936;7200.98318232005;7305.52309375136;111.773576981424;0.811881188118812;99;99
22;66.1999999999971;1.65999999999985;68.9700000000012;NA;NA;-2945.02298426077;-3122.06558101353;6.34150184064708;8.56273763055747;139.584200125006;103.413726051638;6622.25402848814;6786.60204095444;354.085193505521;0.217821782178218;90;90
23;63.4300000000076;1.30999999999995;65.7700000000041;NA;NA;-3199.79840338312;-3261.85167812624;5.68741171061443;5.76988772577928;178.676548330134;176.508166405655;7343.56069274953;7456.21149022547;124.106549486245;0.613861386138614;97;97
24;63.2799999999988;1.66000000000031;70.2799999999988;NA;NA;-3005.07297011869;-3063.66268383908;5.51281192393639;5.5518325790427;164.513698747548;163.212519940184;6876.70205158298;6987.02767623373;117.179427440781;0.663366336633663;94;94
25;65.6699999999983;1.60999999999967;72.3300000000017;NA;NA;-3158.08936503047;-3207.77418946912;5.66940296743935;5.76822215433112;172.125796606848;169.896981700274;7225.53441977776;7313.12904389657;99.3696488772903;1;97;97
26;60;1.62000000000035;62.7899999999936;NA;NA;-3058.61189181744;-3120.74142384303;5.69104919712229;5.79748995840159;165.254827784391;162.643024575667;6990.27954204716;7100.74022052746;124.259064051172;0.693069306930693;97;97
27;66.3499999999913;1.21000000000004;68.5599999999977;NA;NA;-3227.2823684974;-3295.80201773241;5.68638079953393;5.73564611839589;182.470976920513;180.990104556026;7420.43693560295;7549.63754393888;137.039298470023;0.346534653465347;99;99
28;84;2.15000000000009;87.8600000000006;NA;NA;-3140.96663023206;-3245.85356997571;5.87807051859342;6.58766831513642;167.823477792919;151.096748274188;7168.55942230338;7289.96452175852;209.773879487312;0.366336633663366;97;97
29;71.75;1.89000000000033;74.609999999986;NA;NA;-3331.29058562491;-3339.19144253504;6.76509521428357;6.20626851588636;156.272631344467;171.391821967923;7489.77787160351;7585.60987920037;15.8017138202486;0.98019801980198;99;99
30;59.4500000000116;1.35999999999967;61.3699999999953;NA;NA;-3015.82747012271;-3083.16137281341;5.65540475500543;5.74564817235312;163.818053206218;161.799136429609;6892.7852700772;7016.84038390406;134.6678053814;0.475247524752475;92;92
31;52.2200000000012;1.12000000000035;53.9100000000035;NA;NA;-2808.55598476231;-2886.28240030358;5.50005039813998;5.64068648938753;148.887089232567;145.860319383647;6398.11960981214;6537.69510465565;155.452831082553;0.0891089108910891;90;90
32;60.9799999999959;1.59000000000015;63.5199999999895;NA;NA;-3005.14178760912;-3077.7200747228;5.95071548713968;6.21845406127405;155.266822642141;150.201249818777;6828.95440465063;6947.40188137548;145.156574227355;0.554455445544555;95;95
33;54.7299999999959;1.4699999999998;57.4000000000087;NA;NA;-3024.1999204092;-3079.65723863203;5.59037866763376;5.64154004407611;164.683976099777;163.238265118788;6915.85286762649;7019.15239544987;110.914636445666;0.871287128712871;94;94
34;59.75;1.36000000000013;62.390000000014;NA;NA;-3131.2686105126;-3207.64146778216;5.61234635411384;5.65358460340774;175.752701374251;174.547718228031;7192.84762409614;7339.2150107479;152.745714539115;0.138613861386139;99;99
35;79.9899999999907;1.98999999999978;82.9199999999983;NA;NA;-3111.53894503769;-3224.5270214269;5.71316793441037;6.40964395743103;170.350109372335;152.254643639466;7124.79079505024;7254.98236023444;225.976152778416;0.247524752475248;99;99
36;85.1699999999983;2.07999999999993;88.2400000000052;NA;NA;-3229.16460636655;-3308.49189675227;6.07524402575845;6.45210127457556;170.262252575518;160.889319824775;7359.57706601079;7468.61797497451;158.654580771429;0.732673267326733;99;99
37;67.320000000007;1.5;69.8799999999901;NA;NA;-3207.80080073153;-3278.32021687904;5.61376194740792;5.69768543344853;182.536849324683;180.50367337228;7380.89589100421;7511.18284967071;141.03883229501;0.267326732673267;98;98
38;67.1300000000047;1.40999999999985;69.2200000000012;NA;NA;-3263.46360896726;-3316.4934413928;5.89117913100525;5.98029078804523;179.23463664249;177.196165230511;7473.83953345139;7569.129774931;106.059664851067;0.95049504950495;97;97
39;60.2600000000093;1.60999999999967;62.4400000000023;NA;NA;-3114.89234401947;-3171.34238605754;5.63588726368286;5.69778068584078;172.955963102663;171.047646981701;7142.63006730482;7245.45823757151;112.900084076135;0.782178217821782;96;96
40;85.25;1.84000000000015;88.1899999999878;NA;NA;-2979.32625529703;-3134.39277743102;5.91007636069013;7.49751292968101;153.104190295059;122.714473772594;6764.29166234283;6914.51304518691;310.133044267986;0.0495049504950495;93;93
41;50.3099999999977;1.44000000000005;52.3399999999965;NA;NA;-2632.94119195607;-2703.2407618438;5.5448823655735;5.57835635401971;133.482733345137;132.518827354238;5964.58449420805;6100.13816380853;140.599139775464;0.188118811881188;88;88
42;51.9800000000105;1.05000000000018;53.8500000000058;NA;NA;-2818.33566782188;-2876.71877606889;5.74319991000901;5.87818084107137;142.363645506999;139.901416592143;6381.85969860579;6485.73762239161;116.766216494012;0.851485148514851;88;88
43;60.7700000000041;1.55000000000018;62.9700000000012;NA;NA;-3066.92427731442;-3139.09962180513;5.6384494411001;5.74378958973099;169.058280127526;166.819048232162;7026.12232809476;7158.65456079333;144.350688981428;0.158415841584158;96;96
44;61.9400000000023;1.40999999999985;63.8600000000006;NA;NA;-3067.72330642494;-3135.85450102346;5.73741380128295;5.93834278418034;163.918755658703;159.778995173376;6999.73623616452;7114.17103146543;136.262389197032;0.514851485148515;95;95
45;61.5800000000017;1.66999999999962;64.25;NA;NA;-3106.94534102883;-3176.15510624169;5.73876927900389;5.8528392493265;169.234201410585;166.642171922038;7107.96982057812;7232.69543173206;138.419530425712;0.376237623762376;97;97
46;61.2300000000105;1.57000000000016;63.8099999999977;NA;NA;-3127.40332036452;-3187.48218645622;5.74537974847728;5.83003516570133;170.592362119565;168.287893548905;7155.17715531175;7263.17211814826;120.157732183412;0.722772277227723;96;96
47;61.3699999999953;1.30999999999995;63.1399999999994;NA;NA;-3140.19738227995;-3192.03754929098;5.80396249437469;5.90098428405457;169.152471884391;167.281157935986;7172.28005017112;7266.0935619307;103.680334022061;0.96039603960396;95;95
48;89.3600000000006;2.25;92.8600000000006;NA;NA;-3162.94129957784;-3295.47887840103;6.76554072881349;7.72705273836164;150.255058371686;131.332948951315;7118.91472875332;7284.12076456956;265.075157646384;0.306930693069307;96;96
49;66.6900000000023;1.30000000000018;68.8699999999953;NA;NA;-3257.65619887007;-3326.32355845706;5.60364236494646;5.65375989603117;187.539379590913;185.879197793774;7508.95554953832;7637.49409866489;137.334719173975;0.287128712871287;100;100
50;82.1399999999994;1.80999999999995;84.5800000000017;NA;NA;-3186.67373995022;-3221.09774739737;7.87742901091436;7.43587939043837;121.572847059318;128.166243307719;7014.36107085865;7117.97389309299;68.8480148942945;0.99009900990099;95;95
51;70.9199999999983;1.72000000000025;73.4300000000076;NA;NA;-2851.83892656979;-2934.23473701128;6.37359796838561;6.92084672439484;131.618000779846;122.755062978113;6392.61920602623;6511.018659246;164.791620882988;0.693069306930693;88;88
52;63.1900000000023;1.5300000000002;65.8399999999965;NA;NA;-3015.64322387485;-3122.27922818927;5.74287960710341;6.31230778280517;161.645747427568;149.057020994134;6883.59124711917;7030.48704648848;213.272008628838;0.099009900990099;95;95
53;55.6399999999994;1.57999999999993;58.0299999999988;NA;NA;-2947.33719500463;-3014.30585834244;5.63732762519108;5.72035915578566;156.917197191942;155.006708541361;6721.2168435381;6845.09090114602;133.937326675607;0.495049504950495;94;94
54;88.5799999999872;2.0300000000002;92.3400000000111;NA;NA;-3103.16822559513;-3272.87349325248;5.88957189766301;7.28768999847965;165.483340483274;135.628914559425;7081.44810220031;7262.9819842889;339.41053531471;0.0198019801980198;98;98
55;55.4599999999919;1.38999999999987;57.6300000000047;NA;NA;-2952.47033214997;-3027.45025882014;5.70623599885464;5.87708979905941;157.313931382944;154.382218819462;6731.88125459253;6866.43018979929;149.959853340337;0.168316831683168;92;92
56;61.3000000000029;1.36000000000013;63.25;NA;NA;-3062.50393250583;-3121.83198953346;5.57060990210116;5.65844280961408;168.531401302404;166.432939928335;7013.6184499506;7121.21006816309;118.656114055244;0.772277227722772;95;95
57;62.6399999999994;1.71000000000004;64.9900000000052;NA;NA;-3171.79523690294;-3243.07393927726;5.72738023062029;5.81281866716561;174.941015972132;172.757037005751;7268.71635578083;7399.72440798763;142.557404748637;0.297029702970297;98;98
58;64.5899999999965;1.44000000000005;67.3699999999953;NA;NA;-3208.95252667482;-3257.05196851746;5.55143062454499;5.57382109923244;182.250801747471;181.175055630332;7379.80772070044;7470.32891710233;96.1988836852734;0.96039603960396;96;96
59;67.4900000000052;1.44999999999982;69.5800000000017;NA;NA;-3284.63303155408;-3352.36547394491;5.91591257045365;6.02121357450819;182.303427781935;179.931679732557;7533.32596910919;7656.24853787759;135.464884781663;0.673267326732673;98;98
60;73.1499999999942;1.88000000000011;75.8600000000006;NA;NA;-3224.36699963777;-3289.77499536448;6.41004081673173;6.6920329560747;158.194248207499;151.998248070709;7286.10237917905;7384.12113144575;130.815991453425;0.792079207920792;99;99
61;56.0399999999936;1.46000000000004;58.1599999999889;NA;NA;-2946.77427033336;-3004.58174927234;5.66347831241971;5.75115494758113;155.078297354152;153.295090894671;6711.22533833326;6817.43803572576;115.614957877968;0.782178217821782;95;95
62;70.0799999999872;1.82999999999993;72.8300000000017;NA;NA;-3139.00581220152;-3227.87280776894;5.77427942317607;6.19643961381082;170.129815705888;161.174513546601;7177.69484008882;7308.07125894465;177.733991134844;0.257425742574257;98;98
63;60.6299999999901;1.19000000000005;62.5399999999936;NA;NA;-3134.39118293192;-3196.02455804926;5.66511793904136;5.75314747226951;172.002045284505;170.17085356063;7178.36633598708;7291.94934882489;123.266750234679;0.633663366336634;98;98
64;69.3700000000099;1.94000000000005;72.2400000000052;NA;NA;-3139.00419877645;-3205.77612729176;5.98218926013229;6.10339052155284;165.528377523272;163.180561152916;7152.50934324317;7273.64948033826;133.543857030634;0.584158415841584;97;97
65;54.7299999999959;1.21000000000004;57.0200000000041;NA;NA;-2940.2328880479;-3002.68708997888;5.74374321268671;5.83390507122096;154.110105108747;152.308039634421;6689.72290799093;6805.16837406426;124.908403861948;0.633663366336634;91;91
66;60;1.71000000000004;62.25;NA;NA;-3023.22840962851;-3085.79743344513;5.66313658262328;5.72212943292419;163.606334085221;162.061181829708;6909.09914648905;7026.0901150677;125.13804763324;0.504950495049505;95;95
67;71.9099999999889;1.90999999999985;74.8000000000029;NA;NA;-3334.62331197691;-3415.594576787;5.9126274473046;6.18927619314757;185.636104642797;178.326637811525;7650.93044509624;7774.21893517362;161.942529620193;0.534653465346535;98;98
68;56.25;1.3100000000004;58.6100000000006;NA;NA;-3002.59417241925;-3063.92460025055;5.85397935859343;5.9919930097813;156.040450932305;153.691884706043;6826.27819407991;6936.58081905852;122.6608556626;0.702970297029703;93;93
69;70.4100000000035;1.76999999999998;72.75;NA;NA;-3245.5597490255;-3336.69991026603;5.99432781830977;6.28797035396791;175.356690919458;168.257241762674;7419.33370207101;7564.03456571595;182.280322481057;0.247524752475248;99;99
70;77.1900000000023;1.90999999999985;80.4100000000035;NA;NA;-2816.2608947126;-3006.94483212995;5.67244714059714;8.03382808320469;143.285215253533;101.28393089475;6383.34354729929;6544.62257277552;381.3678748347;0.158415841584158;89;89
71;65.2799999999988;1.5;67.3899999999994;NA;NA;-3164.84615591346;-3232.50770023692;5.93635806571501;6.04952280119441;170.663886853273;168.019316806415;7230.44032725724;7351.80562280982;135.323088646925;0.643564356435644;96;96
72;58.5899999999965;1.05999999999995;60.3299999999872;NA;NA;-3081.01906992065;-3149.29091981589;5.7175459248723;5.79593429862309;168.583964422077;166.752511536031;7051.80851942439;7178.68598236255;136.543699790467;0.415841584158416;96;96
73;62.7200000000012;1.46000000000004;65.1600000000035;NA;NA;-3058.18081876375;-3132.8818187166;5.76372164724663;5.88237774308305;164.819972141059;162.367235302607;6986.26601827664;7122.7227028005;149.401999905711;0.267326732673267;96;96
74;100.470000000001;2.46000000000004;104.209999999992;NA;NA;-3321.72318516563;-3432.79232817564;8.08937097480158;9.20757954316342;125.092932212621;110.004131169764;7305.59981251498;7447.8686656883;222.138286020022;0.603960396039604;99;99
75;70.6399999999994;1.86000000000013;73.8600000000006;NA;NA;-2751.38935417648;-2834.83339277215;5.95154197131551;6.47684045889767;131.782619753094;121.627958929811;6190.29626605564;6304.20688975877;166.88807719133;0.702970297029703;85;85
76;80.1299999999901;2.02999999999975;84.1600000000035;NA;NA;-2910.03100868454;-3005.66562942337;6.07280440248229;6.7284410777935;144.316241639373;130.897623459093;6578.67860650994;6699.41118323476;191.269241477671;0.594059405940594;92;92
77;57.3700000000099;1.51000000000022;59.6600000000035;NA;NA;-2920.78208186708;-2982.01610138657;5.57745120799107;5.64526512678375;156.30108798745;154.649584965747;6662.32650172333;6776.12223080757;122.468039038977;0.504950495049505;91;91
78;54.8899999999994;1.07999999999993;56.9199999999983;NA;NA;-2842.18933458138;-2906.57035567927;5.61085546309773;5.78886528512636;148.781867849234;145.460626992191;6464.83435625724;6576.17437416634;128.762042195791;0.584158415841584;90;90
79;66.5200000000041;1.50999999999976;69.7199999999866;NA;NA;-3110.4389451369;-3175.46291450608;5.65972629768389;5.77083522142258;169.455577721766;166.444859013401;7115.24856324286;7229.40621053422;130.047938738368;0.554455445544555;96;96
80;58.0600000000122;1.42000000000007;60.5599999999977;NA;NA;-2964.65435795233;-3038.65080619631;5.7206055990651;5.83134153799149;157.939295148432;155.720688441345;6759.53660997786;6895.86711951855;147.992896487973;0.306930693069307;92;92
81;70.1800000000076;1.55999999999995;73.7799999999988;NA;NA;-3149.9199384638;-3225.38069494111;5.90521112634433;6.16288855196679;169.494474387533;163.253077455296;7195.29406042755;7313.24172562666;150.921512954632;0.633663366336634;97;97
82;62.8299999999872;1.61000000000013;66.5599999999977;NA;NA;-3015.03904176371;-3068.72503922508;5.65938661459634;5.74251742335052;161.0437087496;159.150729107749;6878.35644012117;6975.75739257275;107.37199492274;0.95049504950495;94;94
83;70.4700000000012;1.57999999999993;73.6100000000006;NA;NA;-3237.86004657428;-3316.16214233931;6.03475545389398;6.1704155406396;174.225736189674;171.115975819817;7398.82333690193;7538.95103105858;156.604191530066;0.376237623762376;100;100
84;67.1399999999994;1.47000000000025;69.5899999999965;NA;NA;-3290.42736541112;-3353.1961084831;5.67494579038816;5.76084318418408;189.49460420508;187.316771282091;7582.94313113565;7696.96376634287;125.53748614396;0.623762376237624;98;98
85;55.9100000000035;1.12000000000035;57.4499999999971;NA;NA;-2833.51467983394;-2896.49629271225;5.81044368796214;6.0043682814749;142.399206317311;139.082268900603;6414.00392057812;6522.56769633435;125.963225756608;0.762376237623762;90;90
86;66.3000000000029;1.65000000000009;69.25;NA;NA;-2917.84513979049;-3011.59009928151;6.32619113502051;6.89552512250117;137.079202016714;126.40638955122;6554.75802851347;6686.2622463721;187.48991898203;0.613861386138614;90;90
87;58.3600000000006;1.5;61.0800000000017;NA;NA;-3028.36606180154;-3091.95902252036;5.4965787699838;5.54841709510379;168.293677276784;166.671581678283;6944.9703948131;7063.59504755982;127.185921437644;0.475247524752475;96;96
88;59.5;1.27999999999975;61.6399999999994;NA;NA;-3131.43855763858;-3192.10208484916;5.62538672755814;5.69398914160944;173.435925237387;171.650631305034;7180.04375232779;7291.92978678816;121.327054421159;0.663366336633663;98;98
89;62.5899999999965;1.55999999999995;65.2799999999988;NA;NA;-3093.08668747012;-3188.72043078372;5.58660098358857;5.876951620509;172.602061032096;167.188858545689;7099.80651806738;7262.42034220374;191.267486627217;0.0198019801980198;99;99
90;67.8999999999942;1.72000000000025;71.2900000000081;NA;NA;-3146.57566097903;-3232.81637505186;5.90320413943727;6.19049596653496;168.725805121466;162.786391396709;7184.54455826482;7325.64754244297;172.481428145655;0.178217821782178;97;97
91;61.6699999999983;1.40000000000009;64.5;NA;NA;-3093.13646788964;-3152.67042072155;5.7057197610195;5.7931163039065;168.277784670233;165.95454876932;7072.65591677019;7179.48645689324;119.067905663805;0.841584158415842;94;94
92;65.0899999999965;1.48000000000002;67.429999999993;NA;NA;-3137.80438276251;-3212.87028067436;5.6992980580591;5.83871255947782;174.665441526435;171.29597141022;7199.27735030349;7331.59066030367;150.1317958237;0.237623762376238;98;98
93;86.3700000000099;2.23999999999978;89.7799999999988;NA;NA;-3070.5291186676;-3215.38236230322;7.06144889870693;8.94015160410512;131.428089688527;102.819067538354;6834.72338900562;6973.43413605137;289.706487271244;0.336633663366337;96;96
94;57.5899999999965;1.36000000000013;59.7400000000052;NA;NA;-3001.91693350437;-3079.02000661699;5.77212210601984;5.88276519185013;160.664381753301;158.285160085419;6848.38652371305;6990.08599012184;154.206146225241;0.128712871287129;92;92
95;67.2299999999959;1.76000000000022;69.890000000014;NA;NA;-3355.04948706353;-3411.20401965614;5.68945904809559;5.75076410807085;193.18515107802;191.408554018016;7732.68442721782;7835.58944504522;112.309065185209;0.841584158415842;99;99
96;90.1999999999971;2.32999999999993;93.820000000007;NA;NA;-3125.79751231625;-3355.24006301669;5.76947908118765;8.35454873318819;169.705132101651;117.46296519246;7146.39430558902;7329.8236632122;458.885101400894;0.198019801980198;95;95
97;77.7800000000134;2;80.6600000000035;NA;NA;-2892.38370355118;-3033.6451433195;6.6628938890576;8.46938266776247;125.871635180037;98.045902557298;6442.91070566563;6579.94155733535;282.522879536635;0.366336633663366;87;87
98;68.4700000000012;1.78999999999996;77.5599999999977;NA;NA;-3155.14993486697;-3214.51406017937;5.80440046864076;5.97731900828663;170.925550871112;167.103965433029;7213.31455589193;7311.85303525427;118.728250624798;0.831683168316832;97;97
99;60.0699999999924;1.38000000000011;62.4799999999959;NA;NA;-3043.90255631894;-3118.23321003448;5.77245893925184;5.92319267543564;161.709613916462;158.6638617594;6942.13119504798;7074.70152652954;148.661307431075;0.247524752475248;97;97
100;59.320000000007;1.66999999999962;62.5800000000017;NA;NA;-3015.25234555488;-3086.16535208689;5.50549509863447;5.59891546641236;168.025651562069;165.605703837326;6914.66104983268;7043.75322048206;141.826013064013;0.237623762376238;93;93
101;68.8399999999965;2;72.5800000000017;NA;NA;-3029.82949721303;-3142.47141520192;6.23135200711916;7.08407328077602;148.461057534923;131.077703601774;6840.86583291728;6974.67790388156;225.283835977768;0.534653465346535;93;93
102;78.3099999999977;1.99000000000024;81.5900000000111;NA;NA;-3005.17386684501;-3166.23409713921;6.20056507528587;7.92549360033729;147.48378239889;116.613379724977;6787.20080996934;6946.71513927242;322.120460588407;0.366336633663366;94;94
103;58.8000000000029;1.25999999999976;61.25;NA;NA;-2978.0535637059;-3040.25934545993;5.66363550954181;5.83285780690997;158.357399295929;155.056089597922;6790.23567221621;6897.25798415414;124.411563508056;0.613861386138614;94;94
104;54.5099999999948;1.13999999999987;56.820000000007;NA;NA;-2871.11570602756;-2937.08496857314;5.71543137670117;5.85537741491773;148.929331767912;146.203397361328;6523.46064135361;6641.09990376568;131.938525091177;0.485148514851485;90;90
105;56.7299999999959;1.2800000000002;59.3099999999977;NA;NA;-3028.32619627002;-3098.33682250134;5.48403916323081;5.55253583952213;169.413592060269;167.602234913229;6948.11213860653;7078.60197176155;140.021252462636;0.178217821782178;93;93
106;61.4399999999878;1.55999999999995;64.4400000000023;NA;NA;-3158.50903542119;-3240.95756030654;5.5723134186537;5.6871949537132;179.03189324127;176.274168418804;7263.77739549874;7414.09100070415;164.897049770709;0.0792079207920792;98;98
107;92.5299999999988;2.30000000000018;96.5099999999948;NA;NA;-3349.32219750647;-3377.37900212275;8.55587813506545;8.05569241880019;116.6264152812;124.030155912154;7314.79198240494;7410.02020316387;56.1136092325487;1;97;97
108;61.2999999999884;1.65000000000009;63.6000000000058;NA;NA;-3117.13308506175;-3181.48292996927;5.63502502135341;5.68912177184798;171.177869962247;169.76620461185;7138.6138801842;7259.85561806137;128.699689815035;0.485148514851485;97;97
109;62.6200000000099;1.65999999999985;65.1499999999942;NA;NA;-3128.1335804853;-3193.97855173985;5.79962562705367;5.90151532128888;170.13121443112;167.76996766352;7155.08529800291;7274.30056660914;131.689942509102;0.544554455445545;97;97
110;56.3899999999994;1.36999999999989;58.7199999999866;NA;NA;-2981.57217775573;-3067.32200074539;5.67919858129858;5.74600644185946;161.376227278;159.775651086813;6812.31123073617;6975.3885935468;171.499645979317;0.0099009900990099;93;93
111;65.25;1.55000000000018;67.8899999999994;NA;NA;-3190.10775985467;-3273.44091922507;5.88757009188463;6.19110827713552;173.01498072182;166.877467741251;7292.46654257093;7426.77177632942;166.666318740805;0.316831683168317;95;95
112;62.3600000000006;1.49000000000024;64.7799999999988;NA;NA;-2986.11817479791;-3109.47419624448;5.7517860751155;6.75377030594151;156.949072040541;135.05834638088;6797.25901057771;6928.8996835051;246.712042893141;0.346534653465347;92;92
113;61.7400000000052;1.56999999999971;63.859999999986;NA;NA;-3228.44906976743;-3285.26058686457;5.6875936643721;5.70860696302662;180.857281327135;180.182213925915;7414.22857584764;7524.2782810335;113.623034194288;0.831683168316832;99;99
114;72.2000000000116;1.61000000000013;74.8800000000047;NA;NA;-3087.52152609334;-3173.27378253188;5.92274328275677;6.17930566106044;164.12375986851;157.821662125698;7040.4135951957;7178.68922183374;171.504512877072;0.217821782178218;95;95
115;62.5300000000134;1.52999999999975;64.8399999999965;NA;NA;-3108.98314621418;-3175.78943788247;6.07276536267568;6.26375485491757;161.010187856893;157.261986685868;7067.7629884385;7181.59291694115;133.612583336578;0.683168316831683;96;96
116;65.7800000000134;1.76999999999998;68.0599999999977;NA;NA;-3241.77092519624;-3315.8891599069;5.66882166363515;5.75888362095604;183.880164863903;181.299090140797;7455.93988267849;7590.52707141863;148.236469421334;0.227722772277228;98;98
117;60.5599999999977;1.38999999999987;62.609999999986;NA;NA;-3054.95682068374;-3129.97562518787;5.59664964786373;5.68677657618062;168.43152951229;166.348372517386;6998.87948376929;7137.92238520593;150.037609008267;0.168316831683168;96;96
118;67.6199999999953;1.73000000000002;70.0799999999872;NA;NA;-3212.9965904071;-3294.51840536524;5.81181830027622;6.03670349734085;176.28624996469;171.686137167132;7358.23295072968;7496.95019048882;163.043629916282;0.188118811881188;98;98
119;57.7799999999988;1.50999999999976;60.5;NA;NA;-3032.02883877712;-3090.22112852398;5.59623684821924;5.66770710078113;164.972406886419;163.210881247427;6933.90285684567;7040.99949168127;116.384579493715;0.742574257425743;95;95
120;62.3600000000006;1.17000000000007;64.2600000000093;NA;NA;-3127.19091654246;-3197.14075122709;5.61558456313832;5.71279590404008;173.394929681532;171.054418162593;7172.21186164867;7299.72251965393;139.899669369254;0.297029702970297;99;99
121;71.2399999999907;1.55999999999995;73.8399999999965;NA;NA;-3345.41603281291;-3400.8369611583;5.71055944244742;5.80590656138216;192.032047531959;189.698633700297;7706.33901437224;7804.84127467373;110.841856690781;0.940594059405941;98;98
122;93.5899999999965;2.21000000000004;97.0599999999977;NA;NA;-3145.44154561834;-3277.44223269682;6.03251404486632;7.06357424351918;165.544674263326;142.455002492138;7167.9913138256;7309.65627904937;264.00137415695;0.257425742574257;100;100
123;72.3600000000006;1.77999999999975;75.3699999999953;NA;NA;-3229.25476011452;-3285.49563863005;5.68964672901231;5.81104146147685;180.808204345338;178.134596754143;7415.58017773694;7513.90974856335;112.481757031053;0.910891089108911;99;99
124;89.9200000000128;2.17000000000007;93.3600000000151;NA;NA;-3142.22301435198;-3279.92764981856;8.85352709881888;10.3663267270208;102.774334696099;88.6711737351713;6825.79746933413;7026.92003701387;275.409270933163;0.554455445544555;94;94
125;62.8700000000099;1.37999999999965;65.1199999999953;NA;NA;-3191.2219544829;-3248.56926348388;5.6043931515668;5.68154261012507;180.428015068184;178.324597341111;7335.66094743984;7439.24302498784;114.694618001966;0.821782178217822;97;97
126;79.0500000000029;1.98000000000002;82.2200000000012;NA;NA;-2924.88036486754;-3040.40923273227;5.83102774820181;6.65399604389822;151.366047563312;132.768822335266;6644.60837084822;6778.00906365609;231.057735729458;0.257425742574257;91;91
127;62.3399999999965;1.40999999999985;64.5599999999977;NA;NA;-3112.86948815417;-3184.09132272673;5.89864451710216;6.03400531264467;165.933744531727;163.044778242344;7101.52174345212;7228.71771901786;142.443669145126;0.376237623762376;96;96
128;56.9700000000012;1.78999999999996;59.7999999999884;NA;NA;-2833.06408487301;-2910.74768682921;5.9068480403108;6.28085983002641;141.089269403458;133.635700355339;6406.23127697087;6522.49976249205;155.367203912396;0.485148514851485;90;90
129;60.2300000000105;1.57000000000016;62.4199999999837;NA;NA;-3113.13747372993;-3171.55344855538;5.91211322821631;5.98377231011235;164.632891583672;162.807627051363;7094.32997435571;7201.53790515204;116.831949650913;0.792079207920792;95;95
130;62.5599999999977;1.80999999999995;65.3899999999849;NA;NA;-3102.00796617549;-3188.01906855348;5.8554213930389;5.97773519367964;168.246883531521;165.54392377627;7092.00723055484;7249.76346680266;172.022204755988;0.0495049504950495;96;96
131;59.1599999999889;1.44000000000005;61.3700000000244;NA;NA;-3083.66764757105;-3145.60651297886;5.69124102450556;5.76391745162646;167.863705871711;166.088082901031;7055.03483251582;7169.52268550504;123.877730815624;0.732673267326733;98;98
132;62.3000000000029;1.65999999999985;65.1200000000244;NA;NA;-3114.50334014119;-3188.75179215793;5.79476010879987;6.00803920135988;169.08932510667;164.615846516896;7123.1875569201;7248.02773984184;148.496904033495;0.316831683168317;98;98
133;66.9900000000052;2.00999999999976;69.7600000000093;NA;NA;-3174.78263222138;-3235.39232231682;6.2425975564506;6.36689492663096;160.684309380169;158.146072514797;7198.47457300402;7306.28422507236;121.219380190887;0.98019801980198;97;97
134;79.6699999999983;1.90999999999985;82.7299999999814;NA;NA;-3131.77478790243;-3203.15396643359;5.91980494495228;6.29450734477334;166.52909859751;158.457571018462;7143.33741875642;7243.45318723873;142.758357062325;0.673267326732673;97;97
135;67.5199999999895;1.57999999999993;70.5599999999977;NA;NA;-3065.88740785072;-3124.8282288236;5.81238293050717;5.96416047536238;162.779730186457;159.45784887807;6990.91099044351;7091.26005387372;117.881641945763;0.841584158415842;96;96
136;49.9800000000105;1.2800000000002;52.1700000000128;NA;NA;-2794.49176141992;-2864.29948075706;5.56605270548818;5.62873408867624;145.960674140481;144.628208897509;6352.16610485631;6484.81450072562;139.615438674283;0.178217821782178;87;87
137;65.9499999999971;1.59000000000015;69;NA;NA;-2900.26605433704;-2981.52621003036;5.56563756198206;5.99040404073686;154.471976814977;144.824776069151;6612.53360509647;6724.34218479289;162.520311386634;0.712871287128713;92;92
138;77.5900000000111;1.55999999999995;80.6399999999849;NA;NA;-3073.00126676623;-3183.13236338895;5.684860220073;6.39637421670741;166.881711671424;148.900486621289;7026.78858248073;7152.14755350646;220.262193245433;0.297029702970297;96;96
139;65.0099999999948;1.58999999999969;68.109999999986;NA;NA;-3239.06151778492;-3316.36047400807;5.72567511944127;5.9336727477764;181.821697036819;177.58711726158;7439.63544533065;7571.83998520168;154.597912446312;0.188118811881188;98;98
140;78.1399999999994;1.84999999999991;81.609999999986;NA;NA;-3114.27385865721;-3176.80030736752;5.83338907106196;6.09254017432343;166.832204190173;160.765257771883;7109.07247041207;7202.10459268948;125.05289742063;0.851485148514851;96;96
141;61.8300000000017;1.30999999999995;64.1100000000151;NA;NA;-3115.16790934345;-3169.35133823607;5.52288468004756;5.56468675776257;173.485897533801;172.159494042738;7146.87704096708;7248.23639270015;108.366857785244;0.831683168316832;97;97
142;66.6300000000047;1.26999999999998;68.8800000000047;NA;NA;-3296.52023462585;-3359.73237298234;5.81315899360246;5.88406002186248;183.048708055935;181.246517639941;7561.97076757189;7678.85552381545;126.424276712973;0.643564356435644;99;99
143;89.2200000000012;2.09999999999991;93;NA;NA;-3250.1967217888;-3334.96757722492;9.98347858857253;10.7916432273447;95.4870313621836;88.220621644472;7002.84926011262;7134.15489037888;169.541710872243;0.792079207920792;93;93
144;80.8800000000047;1.67999999999984;83.9499999999825;NA;NA;-3106.76654676203;-3179.00408424993;6.27124795771966;6.37895830301302;154.138710837656;152.047870231608;7026.25576087677;7159.70652181024;144.475074975818;0.881188118811881;95;95
145;63.0699999999924;1.30999999999995;65.6399999999849;NA;NA;-3165.1635152183;-3238.91973414472;5.62748899031894;5.72197833727599;179.067574982035;176.796224448875;7275.42892496722;7410.95338737421;147.512437852838;0.198019801980198;96;96
146;68.9700000000012;1.34999999999991;71.6199999999953;NA;NA;-3222.15148348838;-3292.52435032898;5.72612792805941;5.76082216293137;180.427324702445;179.064306395477;7399.35751724232;7532.88839675267;140.745733681198;0.534653465346535;99;99
147;58.9199999999983;1.29999999999973;61;NA;NA;-3071.53224913204;-3133.08206418541;5.55205546319543;5.68153019293378;170.336886375125;167.51503165633;7041.19481148018;7149.41573083685;123.099630106733;0.564356435643564;95;95
148;53.1100000000006;1.26999999999998;55;NA;NA;-3002.46696516484;-3054.19197458608;5.56121139571817;5.65853248326263;162.819018015926;160.686611915428;6860.81270524373;6953.05346153719;103.45001884248;0.99009900990099;92;92
149;61.5399999999936;1.67000000000007;65;NA;NA;-3109.58982955319;-3173.30303306545;5.71627790301584;5.80558871548632;170.737473286456;168.695817881983;7120.31605684108;7236.96679780246;127.426407024534;0.584158415841584;96;96
150;52.7299999999959;1.28999999999996;54.5;NA;NA;-2895.40395519549;-2951.25886587809;5.81812455357714;5.94719499627161;146.998429584304;144.588199006917;6563.52375992766;6662.56389921904;111.709821365202;0.910891089108911;92;92
151;61.1299999999901;1.44000000000005;63.9800000000105;NA;NA;-3122.76466536868;-3192.68451092021;5.57658533413727;5.68435539568312;175.299431676478;172.975986101936;7173.44044485321;7300.98145962262;139.839691103053;0.306930693069307;99;99
152;58.8100000000122;1.36999999999989;60.7999999999884;NA;NA;-3125.76508260006;-3194.78093581002;5.55439273098651;5.61104217735763;176.510367754547;175.014940113226;7184.95511840069;7315.07868042167;138.031706419925;0.267326732673267;98;98
153;66.6199999999953;1.44000000000005;70.140000000014;NA;NA;-3170.06497024181;-3259.1781463793;5.75998998521866;5.9968730547549;176.218178058086;171.258517169811;7271.1060405662;7423.13006909469;178.226352274996;0.0594059405940594;97;97
154;58.429999999993;1.75;61.1199999999953;NA;NA;-2832.16230929321;-2974.50945949833;5.73712209314984;7.07088309938336;146.08950613493;120.758531991247;6432.26259697622;6583.80142585946;284.694300410254;0.0792079207920792;92;92
155;78.4400000000023;2.01999999999998;82.1700000000128;NA;NA;-3086.46129782077;-3193.49123669419;6.85357834574957;7.81766213851108;134.217472722455;118.494381610533;6879.17923476811;7010.50370362859;214.059877746839;0.841584158415842;93;93
156;51.7200000000012;1.5;54.6600000000035;NA;NA;-2849.53044814286;-2930.64932351211;5.54119854847766;5.62735244340389;151.821563608859;149.898117162643;6494.61355027238;6646.77234457862;162.237750738484;0.0693069306930693;89;89
157;58.1900000000023;1.52999999999975;60.3600000000151;NA;NA;-2969.21923439097;-3051.45625563919;5.57401071156268;5.83559982422317;160.930725819359;156.079231420026;6784.39119677855;6923.36274494969;164.474042496442;0.0396039603960396;92;92
158;60.1699999999983;1.63999999999987;62.3999999999942;NA;NA;-3016.55089762705;-3096.32789862868;6.00100607031988;6.18214982719138;155.202380522857;151.997355325129;6852.24542794433;6994.88360704277;159.554002003262;0.148514851485149;96;96
159;66.9499999999971;1.88000000000011;70.75;NA;NA;-3239.14825776266;-3338.60003825383;5.61990298444973;5.83372721619038;186.356668752;182.129067968803;7464.73681639133;7641.26245112909;198.903560982344;0.0099009900990099;99;99
160;81.1000000000058;2.07999999999993;84.8600000000151;NA;NA;-3047.29596434033;-3125.9714402843;6.86775768526332;7.22972059794377;135.094936980692;128.211546018357;6806.90304723176;6927.96014514273;157.350951887935;0.910891089108911;95;95
161;61.3600000000006;1.34000000000015;63.6200000000244;NA;NA;-2918.89826072508;-2990.99245642425;5.61414711872679;5.76971657810795;154.358531001763;151.589399429841;6652.4863953783;6782.05956961579;144.188391398336;0.198019801980198;96;96
162;63.5;1.88000000000011;66.5;NA;NA;-3078.44492917479;-3157.854960017;5.66331349457533;5.9581917679537;168.690358913297;161.490384061265;7047.22177809554;7168.04104664971;158.820061684422;0.455445544554455;96;96
163;58.4100000000035;1.59999999999991;61.3800000000047;NA;NA;-2881.75342919211;-2964.63022734186;5.62222537524851;5.95189724286979;150.923994574854;144.022436410726;6558.48083832144;6687.88130749254;165.753596299497;0.277227722772277;94;94
164;57.5500000000029;1.67999999999984;60.4100000000035;NA;NA;-2870.17421376433;-2960.25310479298;5.97686716203551;6.45620121719833;143.8549657006;134.909973924257;6495.75416078405;6628.94034169526;180.157782057295;0.188118811881188;91;91
165;56.4399999999878;1.58000000000038;59.0899999999965;NA;NA;-2942.53410058174;-3002.92847976479;5.73239324730694;5.86918937596398;153.823581527651;150.641296921195;6696.12929543052;6800.13891493152;120.788758366105;0.722772277227723;95;95
166;57;1.42999999999984;59.390000000014;NA;NA;-2892.54714446732;-2994.74625384743;5.70934039315909;5.97666407345878;151.891836309131;146.811349401138;6584.35399518973;6762.01852916223;204.398218760216;0.0297029702970297;93;93
167;86.4700000000012;2.2800000000002;90.7799999999988;NA;NA;-3090.94362764459;-3309.20856502213;6.14320934790366;8.74100858810373;158.439224248634;110.772573355311;7018.11464609608;7203.06440049866;436.529874755075;0.128712871287129;96;96
168;59.2699999999895;1.61999999999989;62.1399999999849;NA;NA;-3021.26987006968;-3086.28479582066;5.77301737955719;5.86586593982971;160.115932692242;158.199685278896;6887.61664112022;7007.53271819414;130.029851501954;0.524752475247525;96;96
169;72.4100000000035;1.82000000000016;75.0599999999977;NA;NA;-2955.02770833394;-3021.4389383679;6.66791118911463;6.69884034021571;132.970500304205;133.646527495007;6610.46152597378;6746.8448779193;132.822460067911;0.99009900990099;94;94
170;81.8300000000017;1.94000000000005;84.7000000000116;NA;NA;-3087.50405553398;-3198.68700930973;5.80307371030427;6.63699441788751;165.120727676656;145.931966268514;7048.20218722758;7169.09377943303;222.365907551497;0.435643564356436;98;98
171;75.1100000000006;2.15000000000009;78.3299999999872;NA;NA;-2820.45038138259;-2942.97722078174;5.81641087762913;7.13597569222234;141.012365624923;115.063262787888;6382.15010949069;6490.79904505371;245.053678798286;0.623762376237624;92;92
172;77.6900000000023;1.84000000000015;81.8700000000244;NA;NA;-2900.43263438625;-2985.38374161506;5.99227215541114;6.45621313318218;144.30276222518;137.036226841442;6559.41100166668;6691.11575321186;169.902214457625;0.326732673267327;92;92
173;63.6399999999994;1.4699999999998;65.5599999999977;NA;NA;-3205.94028314529;-3269.49555916617;5.65767064298231;5.78589592163413;178.689313588282;175.906576655166;7358.63325969193;7470.99998831442;127.110552041753;0.514851485148515;100;100
174;88.4199999999983;2.30999999999995;92.7999999999884;NA;NA;-3148.81654141961;-3274.98300950019;5.81538198201349;6.727993232724;170.170418955054;146.64918983567;7193.98528717468;7322.4229793839;252.33293616116;0.257425742574257;94;94
175;84.4700000000012;2.21000000000004;88.1300000000047;NA;NA;-2981.77031878136;-3149.1852621048;5.89336411983441;7.58965190885489;154.057893119704;119.137077223975;6774.19820411247;6925.27363934693;334.829886646872;0.148514851485149;93;93
176;67.9399999999878;1.84999999999991;71.109999999986;NA;NA;-3129.5506072691;-3211.14280984445;6.30238606785691;6.88284095168787;155.010902154401;143.102819600973;7078.03741481159;7178.31037474579;163.184405150698;0.653465346534653;97;97
177;59.7000000000116;1.71000000000004;62.4699999999721;NA;NA;-3092.17622234262;-3154.90293346364;5.63606948220215;5.76347825954558;170.205293967424;167.348282104811;7082.68004980242;7193.05443093764;125.453422242033;0.574257425742574;96;96
178;57.7199999999866;1.26999999999998;59.7700000000186;NA;NA;-3067.25344820451;-3143.42184360544;5.79473352982387;5.97382029332883;164.446840830232;160.852793964874;7000.71084172052;7134.11642314987;152.336790801868;0.297029702970297;94;94
179;54.8300000000017;1.68000000000029;57.3800000000047;NA;NA;-2978.99230646881;-3045.50130276987;5.67985642430291;5.76716749880107;158.482991590416;156.619435081922;6791.92718933247;6915.13908791558;133.017992602121;0.544554455445545;93;93
180;62.7100000000064;1.51000000000022;65.5;NA;NA;-3112.78296630271;-3169.54770495855;5.67214529192216;5.76134590115797;169.922232269038;167.782541262951;7124.15140223644;7226.3657313071;113.529477311678;0.851485148514851;98;98
181;61.2900000000081;1.30000000000018;64.1100000000151;NA;NA;-3100.86360335899;-3172.71811375165;5.7597956408491;5.87904021340845;169.161219296296;166.747555686751;7095.42077432352;7226.37819842973;143.709020785319;0.336633663366337;97;97
182;81.2000000000116;2.32999999999993;85.710000000021;NA;NA;-3059.44311327964;-3168.45030971667;6.34244447573473;7.08050665071611;148.478838621668;133.324277735797;6902.54363462505;7040.57367407581;218.01439287406;0.554455445544555;96;96
183;71.1000000000058;1.7199999999998;74.4199999999837;NA;NA;-3297.46838108816;-3386.38038619786;6.32823922761114;6.92799294006464;170.956108961931;157.648623987634;7499.85740005116;7607.24100387284;177.824010219395;0.792079207920792;99;99
184;76.9199999999983;2;80.2099999999919;NA;NA;-2993.66685256708;-3085.88291238546;5.78064140487699;6.42575305234616;156.486972644812;140.6555118801;6810.77316592446;6911.89963209187;184.432119636762;0.683168316831683;93;93
185;88.8600000000006;2.34999999999991;93.0599999999977;NA;NA;-3162.43888398114;-3260.32320022991;6.70440146065779;7.57278669391558;144.856500086811;128.470961463868;7089.41681240322;7198.70410623852;195.768632497541;0.663366336633663;96;96
186;56.429999999993;1.61000000000013;58.9500000000116;NA;NA;-2882.49956176907;-2964.86186083591;5.78489881717812;6.03530501632883;147.959413462861;143.493033201;6541.14051338323;6682.43610147365;164.72459813368;0.099009900990099;90;90
187;61.5799999999872;1.89000000000033;65.109999999986;NA;NA;-3163.04266790035;-3225.0245646927;5.8648381187057;5.93644357115239;170.913221357719;169.075222527889;7229.91136979909;7344.1554285402;123.963793584694;0.702970297029703;98;98
188;81.6199999999953;2.26999999999998;85.0599999999977;NA;NA;-3057.8436738805;-3184.45571447893;6.23522692333441;7.11589637709479;151.785920590261;132.025921110578;6915.20141926425;7064.34208102755;253.224081196856;0.613861386138614;94;94
189;75.5200000000041;2.22000000000025;79.390000000014;NA;NA;-3047.49461499309;-3174.50996738479;5.90735248137337;6.85702224548543;160.608327534077;138.75259427138;6939.2472305928;7078.39050737382;254.03070478341;0.386138613861386;92;92
190;59.6000000000058;1.65000000000009;61.8899999999849;NA;NA;-3150.06605946718;-3207.13893815164;5.6472261487255;5.63414278897788;175.936606591476;176.263490342247;7229.62065224735;7345.49336515983;114.145757368922;0.811881188118812;97;97
191;60.0900000000111;1.33000000000038;62.8600000000151;NA;NA;-3172.00597056501;-3235.68606880516;5.60969330245672;5.6552042129988;178.526859911317;177.174150794933;7288.10054044389;7408.30731891415;127.360196480309;0.475247524752475;98;98
192;62.8300000000017;1.5300000000002;65.5899999999965;NA;NA;-3246.65844062066;-3295.84540274938;5.68023117946181;5.71462316709322;182.716361167926;181.482272931718;7460.48797037197;7552.32950499629;98.3739242574475;0.940594059405941;99;99
193;57.2900000000081;1.7199999999998;59.820000000007;NA;NA;-3083.96224766852;-3134.77990252223;5.72150243836536;5.80023867447598;166.110583541779;164.530742209532;7044.64060221832;7137.93765729582;101.635309707431;0.98019801980198;96;96
194;59.0300000000134;1.2800000000002;61.0299999999988;NA;NA;-2949.6948031711;-3023.88760086647;6.85503962224735;7.35647820326752;128.366817585438;120.26858926053;6572.0382076767;6677.98867802112;148.385595390739;0.891089108910891;89;89
195;63.2100000000064;1.22000000000025;65.289999999979;NA;NA;-3146.54499755158;-3214.74411710985;5.80013997494182;5.94537800097591;172.355830681222;169.301921323218;7204.54485882644;7324.79336557406;136.398239116529;0.376237623762376;98;98
196;92.0800000000163;2.5;95.8600000000151;NA;NA;-3307.61860543793;-3361.50736082002;7.27290720708521;7.26684702334691;142.389631290417;143.216140778584;7368.94713534999;7481.09960233996;107.777510764169;0.97029702970297;99;99
197;69.25;1.71000000000004;72.2600000000093;NA;NA;-3270.77005565042;-3334.015129118;5.74112673111186;6.11169235727843;181.12713870398;172.234866859073;7501.20917584929;7580.58524444052;126.490146935166;0.871287128712871;100;100
198;61.4899999999907;1.35999999999967;63.7700000000186;NA;NA;-3104.15299427389;-3174.65839129255;5.56226037594934;5.64689318169055;174.064122118075;171.713051712778;7128.7946664021;7257.37249227469;141.010794037311;0.306930693069307;98;98
199;56.0599999999977;1.32999999999993;58.5400000000081;NA;NA;-2917.34695354349;-2965.84354466814;5.94245277049565;6.02897905822876;146.099495234228;144.495597612398;6600.26263406403;6688.8513118448;96.9931822492917;0.99009900990099;89;89
200;49.8000000000175;1.17999999999984;52.3399999999965;NA;NA;-2777.12943410808;-2850.28789287119;5.59830506808117;5.72977206707881;143.068903737115;140.903619493424;6302.32128984671;6437.31661524115;146.316917526224;0.158415841584158;87;87
201;82.6199999999953;1.94000000000005;85.7200000000012;NA;NA;-3044.59075508055;-3187.59257965754;7.47999823329474;9.48690688355138;118.191223745938;93.6625460168782;6711.73955866517;6868.54134954738;286.003649153968;0.514851485148515;94;94
202;58.1600000000035;1.5300000000002;61.1300000000047;NA;NA;-3032.53564191595;-3090.58038718272;5.73906144595592;5.87592761338218;160.620365445975;157.923729953567;6911.96958165088;7013.84060118281;116.089490533525;0.900990099009901;95;95
203;63.6900000000023;1.32999999999993;66.1200000000244;NA;NA;-3302.68309876797;-3370.10828293371;5.72636168911823;5.90531511465115;188.108508980464;184.085941847921;7601.07950061651;7714.63724572687;134.850368331486;0.524752475247525;99;99
204;55.6499999999942;1.4699999999998;58.0299999999988;NA;NA;-2981.50376547533;-3037.48969557307;5.71873724667121;5.82048679351052;157.410587415373;155.301002398201;6790.4562059107;6891.33876546994;111.971860195468;0.821782178217822;92;92
205;56.4400000000023;1.55000000000018;59.4400000000023;NA;NA;-2980.5510716033;-3036.38121583336;5.71103906703097;5.7903302456316;157.317575519838;155.71740557848;6792.22470130972;6895.43115153425;111.660288460123;0.881188118811881;97;97
206;59.0499999999884;1.34999999999991;61.4800000000105;NA;NA;-2910.45311798718;-2980.41621223314;6.51908052745032;6.36066512024704;135.900444934833;139.282038711571;6535.28412461709;6692.98608877797;139.926188491919;0.673267326732673;92;92
207;62.3899999999849;1.19000000000005;64.7400000000198;NA;NA;-3118.50575658985;-3202.7712573873;6.02102159121343;6.23330289758808;163.651927548613;159.191050112567;7101.59900897135;7246.56280357249;168.531001594897;0.346534653465347;97;97
208;61.7200000000012;1.56999999999971;64.1700000000128;NA;NA;-3167.08164485927;-3227.30009071539;5.904076451067;5.99783656211289;169.916159280196;167.72361109761;7231.84527151469;7340.69873875414;120.436891712237;0.712871287128713;97;97
209;76.0799999999872;1.94999999999982;79.1700000000128;NA;NA;-2795.15458907653;-3011.43051997958;5.95146817289207;9.157325289612;135.916180638125;88.3653561999304;6303.27613898378;6486.39363156669;432.5518618061;0.0594059405940594;90;90
210;59.8000000000175;1.47000000000025;62.4599999999919;NA;NA;-3136.56621571863;-3201.89785401722;5.72821553637419;5.78191327863539;172.94846552539;171.375099471243;7187.72127623326;7310.06425326877;130.663276597181;0.475247524752475;98;98
211;56.6900000000023;1.42000000000007;59.2799999999988;NA;NA;-3060.65609064166;-3120.1079733176;5.53035502406439;5.61518265835014;170.330254582319;168.060851792451;7019.40752723967;7126.345478951;118.903765351881;0.623762376237624;95;95
212;51.7399999999907;1.44999999999982;54.7099999999919;NA;NA;-2764.73418627556;-2837.86830304855;5.50120731278506;5.59043004582835;144.61459046214;142.54915236888;6286.43908331877;6421.89598630324;146.268233545974;0.178217821782178;88;88
213;57.2599999999802;1.57000000000016;60.109999999986;NA;NA;-2882.1772949037;-2940.73791830956;5.9691874380163;6.19189619444124;142.998232297068;139.45271001749;6514.47142362614;6612.99414719832;117.121246811723;0.792079207920792;90;90
214;58.2099999999919;1.70000000000027;61.0499999999884;NA;NA;-3050.13289964732;-3117.52939614103;5.73715656907297;5.88235038007656;163.090496520986;159.661934608484;6959.32536417332;7076.05881986369;134.792992987409;0.623762376237624;94;94
215;74.5200000000186;1.50999999999976;77.2000000000116;NA;NA;-2946.61195351243;-3075.15873057011;5.77045689772484;6.68318988476186;154.512133398239;135.407959583709;6707.09797643446;6863.56259388848;257.09355411536;0.0495049504950495;94;94
216;61.9200000000128;1.61000000000013;64.5899999999965;NA;NA;-3331.93640615648;-3427.3150889134;5.64982115242178;6.0010754117597;194.075190297302;187.01750544805;7692.14476348127;7845.5082747907;190.757365513842;0.0198019801980198;100;100
217;60.7200000000012;1.55999999999995;63.1300000000047;NA;NA;-3173.69314556537;-3245.13885227741;6.01061805808363;6.20013861456558;165.671281109822;160.830555907646;7222.64220901038;7339.95964635575;142.891413424088;0.623762376237624;97;97
218;51.2200000000012;1.30999999999995;53.1700000000128;NA;NA;-2941.81904590405;-3010.96800582559;5.61040429677194;5.68245957291936;156.859034710466;155.233477025704;6709.03535510135;6838.77953835664;138.297919843074;0.247524752475248;93;93
219;53.75;1.5;56.140000000014;NA;NA;-2970.24339531001;-3045.96386117622;6.23582511865534;6.62740074457799;142.428747679854;134.646126352451;6689.18152887751;6799.71212661771;151.440931732423;0.782178217821782;92;92
220;55.4199999999837;1.44999999999982;57.6300000000047;NA;NA;-3109.31582094446;-3193.63169468056;5.64170791168845;5.93590844410247;170.733446492493;164.120154215246;7120.63142375505;7254.32456772547;168.631747472206;0.099009900990099;97;97
221;54.4499999999825;1.32999999999993;56.75;NA;NA;-3178.10459296984;-3241.22584894667;5.68305775619688;5.76932668818032;177.203409706542;175.199270559445;7294.1986121084;7409.83262994979;126.242511953674;0.663366336633663;99;99
222;56.5100000000093;1.73000000000002;59.070000000007;NA;NA;-3138.23507764324;-3206.9081166044;6.1893002037322;6.46968058547176;160.165798572031;154.984222502582;7122.64012574237;7232.61148254015;137.346077922331;0.811881188118812;97;97
223;48.9199999999837;1.32000000000016;51.0899999999965;NA;NA;-2956.76517254665;-3039.47676563333;5.5317766594721;5.61758802065991;162.098923096574;160.254278296341;6767.36691628019;6923.07365794422;165.423186173356;0.0495049504950495;94;94
224;50.7200000000012;1.15000000000009;52.5800000000163;NA;NA;-2977.8631990818;-3053.85631232832;5.88119980829452;5.9813818848253;154.035395509089;152.194500067559;6766.26558156591;6908.56495729991;151.986226493045;0.128712871287129;93;93
225;56.0200000000186;1.38999999999987;57.9700000000012;NA;NA;-3050.35553946621;-3144.90566532719;5.60162562881469;5.88143340246921;168.25820466724;161.902793372146;6989.63394100156;7145.15799708282;189.100251721967;0.0495049504950495;97;97
226;55.2300000000105;1.31999999999971;57.6300000000047;NA;NA;-3198.33862679164;-3279.83327305386;5.69097339136523;5.7727524328192;179.133254296098;177.015935694777;7345.78208574657;7497.55315235511;162.989292524437;0.0792079207920792;100;100
227;54.9700000000012;1.44000000000005;56.9200000000128;NA;NA;-3106.67348371658;-3186.28692246985;5.7736624373076;5.91202453048335;168.968919057999;165.586755115736;7106.02459600298;7247.38320457434;159.226877506535;0.138613861386139;97;97
228;59.2799999999988;1.7800000000002;62.1699999999837;NA;NA;-3262.9304951736;-3321.38747471316;6.11138721612455;6.15891249108518;171.441563461675;170.484543254168;7433.35128073833;7545.19945221912;116.913959079116;0.841584158415842;99;99
229;62.1499999999942;1.55999999999995;65.5299999999988;NA;NA;-3161.52977616361;-3234.88503613963;5.55817301398678;5.66730724118398;180.006115284035;177.443064295314;7274.97077359025;7408.12732626188;146.710519952034;0.148514851485149;98;98
230;62.9499999999825;1.61000000000013;66.8399999999965;NA;NA;-3183.24546905933;-3245.43625358828;5.698898893466;5.74656746043259;177.588489756406;175.976413510729;7304.70651516587;7420.57134393752;124.381569057898;0.574257425742574;97;97
231;57.6900000000023;1.57999999999993;61.5;NA;NA;-3107.86581115345;-3171.28702421114;5.63381117112874;5.76482411911169;170.729861684642;168.137294273996;7116.82784671992;7229.98694478583;126.842426115371;0.564356435643564;96;96
232;79.320000000007;2.15999999999985;82.8600000000151;NA;NA;-3105.69376448008;-3196.12633935249;10.1253424073429;11.0277339205354;85.3343144115558;78.9713248404348;6659.02037528452;6806.50759081268;180.86514974483;0.752475247524752;90;90
233;67.9900000000198;1.73000000000002;70.5;NA;NA;-3035.08622982449;-3136.84069598054;5.83428317514102;6.34102784145345;159.554865783819;147.439995098584;6909.75527237107;7049.51536721773;203.508932312108;0.118811881188119;93;93
234;51.609999999986;1.21000000000004;53.2200000000012;NA;NA;-3117.22732240234;-3183.57897982965;5.55602888338964;5.65398821078661;174.208014600257;172.065462476281;7153.90823464438;7275.30335999733;132.703314854614;0.455445544554455;96;96
235;71.640000000014;1.86999999999989;74.8699999999953;NA;NA;-3110.77250774346;-3190.56308554612;6.63373044653636;7.18961492040904;146.940871271615;137.198769375524;6997.08517588008;7105.24842983778;159.581155605334;0.693069306930693;96;96
236;64.5499999999884;1.78999999999996;67.140000000014;NA;NA;-2808.04529508569;-2938.79126755324;5.5458180064807;6.38626692879226;149.349288555248;129.995566973724;6399.52276037758;6559.49210519284;261.491944935115;0.0297029702970297;90;90
237;58.6700000000128;1.47000000000025;61.390000000014;NA;NA;-3305.84382740598;-3358.59284349803;5.7479990326795;5.81913370983214;186.810021915329;184.921022531621;7600.52768644065;7696.02669292376;105.498032184097;0.900990099009901;99;99
238;50.4599999999919;1.09000000000015;52.7799999999988;NA;NA;-2894.94851006297;-2967.25065919467;5.60365493289498;5.70960468444134;155.060784742811;152.870237139382;6605.83183450919;6738.90940114173;144.604298263401;0.207920792079208;93;93
239;53.2900000000081;1.44999999999982;55.4900000000198;NA;NA;-3101.84385700305;-3170.12763070458;5.78339769783882;5.99065257877569;166.488624398135;162.387268374688;7083.26172821024;7198.16145179493;136.567547403061;0.534653465346535;97;97
240;48.429999999993;1.48000000000002;50.460000000021;NA;NA;-2959.29063304894;-3015.56000103844;5.63382554175946;5.67141918109427;157.684226799525;156.513843040327;6749.1639557839;6855.53783614983;112.538735979012;0.861386138613861;94;94
241;60.609999999986;1.34000000000015;63.0299999999988;NA;NA;-3227.62797995148;-3281.25254248252;5.74402417363748;5.85936188347546;178.128793905026;175.475895081046;7398.14371503025;7491.35027144363;107.249125062082;0.871287128712871;99;99
242;55.3600000000151;1.55999999999995;57.9100000000035;NA;NA;-3149.21511287626;-3213.24602213005;5.79125676045602;5.92943125780289;171.355402132469;168.365162148333;7203.71585384921;7315.97997208874;128.061818507576;0.702970297029703;97;97
243;51.679999999993;1.32999999999993;54.070000000007;NA;NA;-3013.91182537941;-3069.69868038952;5.64024760961443;5.73423387794222;162.247293348916;160.395124926892;6882.44174439574;6984.25938013419;111.57371002021;0.881188118811881;94;94
244;66.3500000000058;1.7199999999998;69.0100000000093;NA;NA;-2944.74998743824;-3069.56986016365;5.87870678120354;6.67633768711351;151.833231122521;134.050953145361;6689.26324891526;6845.23698495736;249.63974545083;0.138613861386139;94;94
245;61.7299999999814;1.77999999999975;64.3699999999953;NA;NA;-2816.43568559383;-2924.06178086872;5.82704657671883;6.68040329851647;140.975893703914;125.510320247931;6373.15863090159;6507.19858939643;215.252190549778;0.207920792079208;91;91
246;54.4899999999907;1.76999999999998;57.4100000000035;NA;NA;-3090.12014947285;-3167.72216304727;5.78568931547596;5.92342395132841;166.613152277073;163.601018533316;7059.60891655599;7198.91518383351;155.204027148842;0.138613861386139;96;96
247;58.4400000000023;1.36000000000013;60.710000000021;NA;NA;-3292.55921403209;-3353.15082637664;5.84954895583207;5.93743301149587;182.304272692525;180.119022785515;7550.10821248286;7659.72427088713;121.183224689086;0.930693069306931;99;99
248;55.7399999999907;1.42000000000007;58;NA;NA;-3073.607974655;-3154.26940680706;5.65772309110747;6.20225700016026;167.087251847399;155.96887291226;7029.95256486582;7132.53605747547;161.322864304121;0.554455445544555;97;97
249;53.070000000007;1.36000000000013;54.8099999999977;NA;NA;-3042.91842074877;-3120.97595187099;5.63183982737969;5.7181467261472;167.076263214803;164.991593380048;6967.64971527576;7112.76208532149;156.115062244437;0.0792079207920792;96;96
250;53.1700000000128;1.59000000000015;55.429999999993;NA;NA;-3121.48186683569;-3182.67547576129;5.75873396649611;5.87233711384236;169.351426540489;166.93109658847;7138.53065930844;7248.11864955089;122.387217851194;0.693069306930693;98;98
