1;34.53;0.96;40.02;NA;NA;-1860.82926436964;-1894.32386228142;5.01711530895688;5.02358204123857;135.165977865123;134.356360063287;4390.96581839609;4453.94599430825;66.9891958235598;0.623762376237624;50;50
2;35.57;1.03;37.38;NA;NA;-1890.67731568773;-1927.33100507565;4.99973163355283;5.00588559164014;144.784203722039;143.717444591128;4498.288911058;4566.31397194658;73.3073787758449;0.376237623762376;50;50
3;34.52;1.15;36.27;NA;NA;-1918.89483975835;-1951.9389567681;5.00518239780269;5.00636328202076;148.65629372827;148.03890117497;4573.89755678873;4636.92862107493;66.0882340195144;0.772277227722772;50;50
4;34.28;1.14;35.92;NA;NA;-1917.08713148879;-1948.74494232074;5.0389894271295;5.04128880130373;149.461079242706;148.530765378533;4574.26723191196;4632.97617768896;63.315621663894;0.752475247524752;50;50
5;33.14;1.06;34.75;NA;NA;-1900.44995776039;-1936.31785274747;4.97625943403906;4.9830553138717;150.05487219941;149.043294848994;4543.9331950329;4610.65991315794;71.7357899741728;0.465346534653465;50;50
6;33.59;1.16;35.33;NA;NA;-1898.0986009959;-1935.6544404458;5.00220044297646;5.00547634269534;147.144418670414;146.382385536826;4524.81866135561;4596.15694742884;75.111678899792;0.336633663366337;50;50
7;33.77;0.94;35.25;NA;NA;-1891.8164566425;-1926.23165534402;5.01747256908318;5.02216744068158;142.999842691586;142.311230036914;4491.73149434037;4557.15205831639;68.8303974030523;0.574257425742574;50;50
8;33.0400000000001;1.03;34.49;NA;NA;-1894.93103690594;-1923.55803273186;5.01141759997583;5.01819081904516;144.696241558789;143.826054881346;4506.36078739999;4559.30583758761;57.2539916518353;0.900990099009901;50;50
9;33.1500000000001;1.11;34.6000000000001;NA;NA;-1901.49811488862;-1934.71388938865;5.02262473924505;5.02572201324743;145.58848306105;145.019309399879;4523.91309467111;4587.52624153685;66.4315490000618;0.633663366336634;50;50
10;34.6;1.3;36.1499999999999;NA;NA;-1902.54963741528;-1939.0951548651;5.01756495107723;5.02764676066033;146.664051738957;145.522304584729;4531.34208023121;4598.77947576583;73.0910348996395;0.336633663366337;50;50
11;33.2399999999999;1.18;35.03;NA;NA;-1883.46785997335;-1923.87422222532;5.03055965275193;5.03433879917389;140.267953582634;139.469782355166;4461.50668610936;4538.3670712053;80.8127245039459;0.158415841584158;50;50
12;33.75;0.969999999999999;35.5;NA;NA;-1895.13878946929;-1926.0497397699;5.08919716041404;5.09967562061587;139.664791918922;138.976822172344;4481.86184308687;4540.27709377721;61.8219006012159;0.702970297029703;50;50
13;33.8299999999999;1.11;35.1100000000001;NA;NA;-1899.69483366221;-1939.64376114901;5.0267130578418;5.0300619943068;147.003571428769;146.086498124597;4527.313687236;4602.67043018328;79.8978549736048;0.148514851485149;50;50
14;33.6400000000001;0.969999999999999;34.9499999999998;NA;NA;-1889.39578302121;-1922.35490528937;5.01314571682699;5.01683076549209;143.990892102937;143.361316587307;4491.79756985242;4554.59831774753;65.9182445363163;0.653465346534653;50;50
15;34.59;0.919999999999998;36.9200000000001;NA;NA;-1892.15382566382;-1933.06678767939;5.00089842574271;5.00731244381969;155.578251751339;154.666987072242;4554.69129116;4632.00486598788;81.8259240311309;0.227722772277228;50;50
16;34.2;0.960000000000001;35.6900000000001;NA;NA;-1915.38094942588;-1941.55056163623;5.003530598026;5.01234049562095;146.188829200411;145.533001098665;4554.65152400481;4603.74325570439;52.339224420708;0.940594059405941;50;50
17;33.76;1.19;35.6699999999998;NA;NA;-1915.46227677404;-1955.39657344256;5.01777239410873;5.02066539607025;148.491469368079;147.4854042034;4566.21626282037;4641.1030792397;79.8685933370443;0.326732673267327;50;50
18;33.72;0.910000000000004;35.1300000000001;NA;NA;-1924.41055552741;-1958.71829242224;5.00121674512873;4.99871441571955;155.074427612636;154.413330322129;4616.70994284402;4682.05183223992;68.6154737896713;0.712871287128713;50;50
19;34.45;0.850000000000001;35.5599999999999;NA;NA;-1915.75079934912;-1945.14734866492;4.99931454884157;5.00840278299553;152.935440221176;151.974991762524;4588.79871298427;4642.83591693832;58.7930986316032;0.841584158415842;50;50
20;34.28;1.08;36.0999999999999;NA;NA;-1889.19499160066;-1924.79994560724;5.03257148988748;5.06194651279468;141.008045239592;139.907767829134;4476.6256936202;4542.38730981395;71.2099080131552;0.405940594059406;50;50
21;34.51;0.939999999999998;36.2199999999998;NA;NA;-1892.71916251793;-1931.9561931131;5.00198742606676;5.00216246277825;143.106818939442;142.216827210861;4494.06662506077;4568.13367524818;78.4740611903399;0.148514851485149;50;50
22;33.8399999999999;1.08;35.3099999999999;NA;NA;-1900.7134396537;-1936.53613857572;5.01361733815983;5.01536891597731;146.720574460153;146.220034567737;4527.94957074093;4597.11642328793;71.6453978440418;0.524752475247525;50;50
23;32.1600000000001;0.920000000000002;33.48;NA;NA;-1876.09509946217;-1921.33966987941;5.01446524035564;5.01753329766186;140.537441767755;139.653194883866;4448.09560153045;4534.20617836095;90.4891408344774;0.0594059405940594;50;50
24;36.5599999999999;0.869999999999997;38.29;NA;NA;-1896.0845123536;-1926.24994912171;5.00924624737763;5.01471700804469;146.502663880424;145.649477091089;4517.61267878379;4573.71878994591;60.3308735362079;0.792079207920792;50;50
25;33.3200000000002;0.850000000000001;34.7400000000002;NA;NA;-1903.41363018862;-1932.83585620616;5.04134326692838;5.05064969238584;147.22279845269;146.40289696966;4535.83683634012;4590.62134630945;58.8444520350722;0.801980198019802;50;50
26;34.49;1;35.8999999999996;NA;NA;-1913.15200410452;-1946.07799305882;4.99993459354422;5.00198996770811;151.633860593733;150.87282851354;4577.15603367555;4639.23957571752;65.8519779086068;0.712871287128713;50;50
27;33.8399999999999;1.11;35.3099999999999;NA;NA;-1914.52393572441;-1943.3713664995;4.99292825575391;4.99712019828817;148.439445395612;147.628142217119;4564.08197133922;4617.75946742463;57.6948615501788;0.871287128712871;50;50
28;33.3;0.699999999999996;34.5900000000001;NA;NA;-1916.36435794745;-1959.68162407214;5.06592178977402;5.07302906985681;149.240138941099;148.442763883606;4571.72764506587;4654.41378033697;86.6345322493812;0.188118811881188;50;50
29;34.5;0.909999999999997;36.7800000000002;NA;NA;-1911.34474887108;-1940.70705817639;5.04208408796808;5.04822912054624;146.833838217185;145.990525757923;4549.77304227966;4604.32179366868;58.7246186106231;0.841584158415842;50;50
30;33.8100000000002;0.829999999999998;35.1499999999996;NA;NA;-1886.35465893895;-1928.70550633588;5.02315876485405;5.02831455804697;146.550916796363;145.566013845886;4498.39190803067;4578.21661576928;84.7016947938519;0.108910891089109;50;50
31;35.3199999999997;0.909999999999997;36.8399999999997;NA;NA;-1901.6656176523;-1934.50851411236;5.00199444005956;5.00270332177353;147.973129771692;147.406076366258;4536.05625970648;4598.93414945544;65.6857929201306;0.594059405940594;50;50
32;33.3299999999999;0.809999999999988;34.6100000000001;NA;NA;-1926.44359915934;-1949.52869450065;5.0463372738667;5.05094341230647;145.820147455764;145.051136420465;4574.95120593724;4617.31345101194;46.1701906826192;1;50;50
33;35.4099999999999;1.15000000000001;37.5799999999999;NA;NA;-1921.61548104254;-1954.74535297315;5.07517650948131;5.07760942884182;145.684687424163;144.782602645251;4564.62420633523;4626.41705750682;66.2597438612315;0.663366336633663;50;50
34;32.46;0.940000000000012;33.8400000000001;NA;NA;-1899.27729110004;-1936.46476184348;5.038767703653;5.05123307259935;143.73235954077;142.861023421727;4510.2803990044;4580.34070728678;74.3749414868789;0.386138613861386;50;50
35;36.0300000000002;0.899999999999991;37.6599999999999;NA;NA;-1915.38383518054;-1947.29947920597;4.98857550827427;4.98968410161627;156.133055319152;155.208749075155;4603.89855530742;4663.15291566718;63.8312880508438;0.861386138613861;50;50
36;31.9200000000001;0.859999999999999;33.5700000000002;NA;NA;-1868.94926767754;-1903.95214608111;5.01658090614649;5.03437979811043;136.708863864102;135.673644497906;4414.84580115482;4479.72541690834;70.0057568071516;0.485148514851485;50;50
37;37.7199999999998;1.08;39.8800000000001;NA;NA;-1903.41899367172;-1939.80182810469;4.97146784497413;4.97191765044947;157.303186136495;156.346945038254;4585.76306028196;4653.79366824109;72.7656688659476;0.356435643564356;50;50
38;32.6900000000001;1.03999999999999;34.46;NA;NA;-1905.12368935444;-1941.88531385024;5.03689698311587;5.03808370402502;148.598811770987;147.934827728568;4546.0706200567;4616.3059901987;73.5232489915888;0.495049504950495;50;50
39;33.8599999999997;0.829999999999998;35.46;NA;NA;-1888.57241843714;-1924.36281359152;5.03757784268298;5.03960034336687;144.741900116753;143.767783441115;4493.86963994261;4560.62685406543;71.5807903087652;0.485148514851485;50;50
40;36.75;1.25;39.23;NA;NA;-1917.25915453674;-1949.94639010072;5.01000368691363;5.01407036179432;152.200119882696;151.483520993266;4588.17430544988;4650.00036248701;65.3744711279414;0.673267326732673;50;50
41;35.8099999999999;1.27;37.54;NA;NA;-1911.03871129124;-1948.67320749404;5.02454101285581;5.03254549966094;152.224143930684;151.352007130366;4575.85237988897;4646.80277432155;75.2689924056044;0.396039603960396;50;50
42;35.0500000000002;0.790000000000006;36.4300000000003;NA;NA;-1896.49865598299;-1940.12089273596;4.99708513790887;4.99843032472222;152.545481689041;151.830950908668;4548.36345151751;4632.06975167879;87.2444735059448;0.0792079207920792;50;50
43;32.7399999999998;0.939999999999998;34.4500000000003;NA;NA;-1905.19814063842;-1934.33462220524;5.0241963154806;5.02752114483825;145.02579389961;144.295607313017;4528.52685361756;4583.18411986553;58.2729631336529;0.881188118811881;50;50
44;32.8799999999997;1.13000000000001;34.8499999999999;NA;NA;-1917.70483347802;-1953.57016284015;5.05917127657533;5.06554567239656;147.311911472174;146.392408129947;4564.86050775854;4632.03802153066;71.7306587242506;0.504950495049505;50;50
45;37.0299999999997;1;38.9700000000003;NA;NA;-1895.78581700486;-1926.74168154442;5.0015937328296;5.00400238086538;150.545944383691;149.737133183569;4537.03657715407;4594.9432804068;61.911729079106;0.732673267326733;50;50
46;34.9400000000001;1.27;36.9500000000003;NA;NA;-1888.91233139831;-1934.3006489149;5.00220312166592;5.00869924581436;147.55471337028;146.550437628421;4508.47779638692;4594.28151526569;90.776635033174;0.099009900990099;50;50
47;34.3999999999996;1.04000000000001;36.6700000000001;NA;NA;-1906.86764696912;-1929.49397786244;5.06973511529529;5.07423373666666;140.520595623551;140.000574771838;4509.55727875464;4552.23493052528;45.2526617866401;0.97029702970297;50;50
48;32.8000000000002;0.820000000000007;34.0300000000002;NA;NA;-1893.21733643736;-1930.47196878365;5.02990974004908;5.03703151827158;148.16658523557;147.371407709915;4520.11763916584;4590.68938849474;74.5092646925864;0.455445544554455;50;50
49;34.4000000000001;1.15000000000001;36.2799999999997;NA;NA;-1911.70149407541;-1938.72839884278;4.99262898483589;4.99494995838327;148.121997391325;147.49111706483;4556.8651668617;4607.79501866616;54.0538095347456;0.96039603960396;50;50
50;33.6899999999996;0.890000000000001;35.4499999999998;NA;NA;-1903.5378609313;-1941.49969438221;4.9949455189625;5.00150727325752;152.336095320519;151.415104573934;4561.40503376696;4632.76819047137;75.9236669018164;0.306930693069307;50;50
51;34.1900000000001;0.839999999999989;35.5;NA;NA;-1914.52412569852;-1950.59617348779;4.99071135473087;5.00499730358943;153.375908482479;152.410645046353;4588.52645165461;4655.89081002087;72.1440955785497;0.396039603960396;50;50
52;32.8200000000002;0.859999999999999;34.1300000000001;NA;NA;-1899.44199251765;-1925.79946512544;5.00775171556862;5.01135315946977;145.185420476213;144.535208198162;4517.80498728324;4567.30024789774;52.7149452155854;0.98019801980198;50;50
53;34.6200000000003;1.13;36.3400000000001;NA;NA;-1920.9452243385;-1958.45640376346;5.02373273164883;5.02454477711226;149.61051395793;148.988037970588;4582.72338003244;4654.66339728616;75.0223588499198;0.475247524752475;50;50
54;34.8900000000003;0.920000000000002;36.1599999999999;NA;NA;-1898.57737970494;-1947.76382577158;5.07228971252567;5.08745126786939;146.819845000001;146.087609082644;4524.16901312127;4618.91606060803;98.3728921332845;0.0495049504950495;50;50
55;32.1400000000003;0.870000000000005;33.1700000000001;NA;NA;-1892.34102334917;-1930.57614657752;5.00406799069568;5.0057501739447;148.091056528535;147.403674433197;4517.99101418447;4591.05752062868;76.4702464567099;0.326732673267327;50;50
56;32.7599999999998;1.14;34.5099999999993;NA;NA;-1899.2480642239;-1927.08615863851;4.99668316941746;5.00399444784522;146.146398114894;145.266032745334;4522.17564573722;4573.49249082689;55.6761888292249;0.881188118811881;50;50
57;33.1700000000001;0.920000000000002;34.1999999999998;NA;NA;-1930.65066348967;-1962.10669354248;5.00474564653871;5.01319114222984;150.438898395481;149.462265547222;4606.23620581779;4664.31223029533;62.9120601056065;0.742574257425743;50;50
58;33.1699999999996;1.02;34.8000000000002;NA;NA;-1898.13712206358;-1941.12543461156;5.02031805935377;5.02071355611715;149.240298797847;148.35463851098;4535.27396486778;4616.86502715037;85.9766250959674;0.148514851485149;50;50
59;35.4200000000001;0.969999999999999;36.8099999999995;NA;NA;-1900.66662589591;-1942.30161717807;5.0101463284471;5.01571036248753;148.556911400045;147.673742326426;4536.9490132386;4615.84576883922;83.2699825643117;0.188118811881188;50;50
60;31.7399999999998;1;33.1599999999999;NA;NA;-1925.97471088137;-1957.55414796844;5.06670126344889;5.06927796014832;151.018067565561;150.249008896347;4599.75219793454;4659.10289062981;63.158874174133;0.772277227722772;50;50
61;33.3399999999992;1.13999999999999;34.6900000000005;NA;NA;-1907.29888772274;-1944.48971542879;4.98575453703364;4.99214739914229;152.412351322682;151.663686654551;4569.30468753396;4639.97914733512;74.381655412094;0.326732673267327;50;50
62;33.5500000000002;0.86999999999999;34.75;NA;NA;-1915.30824278966;-1948.09936647498;5.01969915718581;5.03291188397599;146.629925208162;145.486396347972;4556.6903051435;4616.61009059771;65.5822473706376;0.782178217821782;50;50
63;34.5899999999992;1.20999999999999;36.1800000000003;NA;NA;-1906.87457450465;-1958.74055326349;5.02837472230089;5.03157915388416;152.456083635722;151.787832815508;4568.67261230669;4669.09556298438;103.73195751768;0.0693069306930693;50;50
64;33.6099999999997;1.03;35.0700000000006;NA;NA;-1908.19504033314;-1943.41824625128;5.01224270647964;5.01324703913354;150.272906792024;149.57302118489;4560.5030116154;4627.48376925244;70.4464118362675;0.475247524752475;50;50
65;30.8600000000006;0.780000000000001;31.8299999999999;NA;NA;-1876.57689699088;-1923.0499908913;5.0345584519969;5.0564911644778;140.446047429893;139.558481655294;4448.60663524418;4537.15782474463;92.946187800846;0.0594059405940594;50;50
66;34.8000000000002;0.890000000000015;36.1999999999998;NA;NA;-1906.75761446003;-1936.655029799;5.00742336957815;5.00643454180875;150.736351515096;150.17007689935;4559.9230193923;4616.91380326606;59.7948306779413;0.801980198019802;50;50
67;33.5100000000002;1.08000000000001;34.8599999999997;NA;NA;-1906.13730954078;-1940.65408513703;5.07810207543016;5.09743789939374;144.903954465366;144.309882795498;4529.80187376207;4595.89373426065;69.0335511924991;0.564356435643564;50;50
68;34.4499999999998;0.879999999999995;35.75;NA;NA;-1886.3947630372;-1925.43250459557;5.03523578191591;5.03743297859117;145.441573642841;144.963505030285;4492.97893317097;4568.68714301086;78.0754831167446;0.158415841584158;50;50
69;32.9099999999999;1.19;34.8099999999995;NA;NA;-1901.52445069755;-1944.65478558437;5.00027741571281;5.02831483102961;148.886790214142;147.820466495388;4540.2981382065;4621.27864614232;86.2606697736428;0.0792079207920792;50;50
70;31.9700000000003;0.969999999999999;33.1799999999994;NA;NA;-1887.7284469429;-1937.63293835537;5.01704219421038;5.0220963823014;144.216814925445;143.254738369179;4489.58160962607;4584.62663585122;99.8089828249435;0.0198019801980198;50;50
71;34.3500000000004;1.06;35.7200000000003;NA;NA;-1893.77083172234;-1935.21700241274;4.9931038558589;4.99572780539995;148.235019113457;147.478290776319;4521.56349676472;4600.70871331176;82.8923413807879;0.128712871287129;50;50
72;33.2800000000007;0.870000000000005;34.5;NA;NA;-1897.58098715642;-1938.47863007073;5.05575203171642;5.07090150448052;144.314615765331;143.609994724464;4509.77097475332;4588.07715772822;81.7952858286353;0.118811881188119;50;50
73;31.7300000000005;1.25999999999999;33.4200000000001;NA;NA;-1917.57704491573;-1949.34445011485;5.05658400809767;5.06337342400574;148.432892484329;147.563172438109;4570.15574138421;4629.38392095649;63.5348103982406;0.653465346534653;50;50
74;37.0300000000007;1.03;38.5900000000001;NA;NA;-1903.80560246324;-1934.12949595312;4.99204759220907;4.99468019137685;147.366562190291;146.38893816749;4537.33266208227;4593.13950539159;60.6477869797641;0.762376237623762;50;50
75;34.9499999999998;0.829999999999984;36.0200000000004;NA;NA;-1913.25724019041;-1937.26829836623;5.02755229060998;5.02873116112939;145.380603177517;144.566720156686;4546.40197735518;4590.39395352382;48.0221163516489;0.99009900990099;50;50
76;37.3800000000001;1.14000000000001;39.1100000000006;NA;NA;-1916.2114662179;-1955.17818118772;4.998165068757;5.00665304683758;157.512309106678;156.698959344803;4612.3835287404;4686.28945905875;77.9334299396423;0.336633663366337;50;50
77;33.1599999999999;1.02000000000001;34.54;NA;NA;-1886.50457903026;-1934.71189111432;5.01276453385479;5.01843612824694;150.58308588912;149.883798715605;4518.6580164232;4611.60994968206;96.4146241681319;0.0693069306930693;50;50
78;32.1499999999996;1.01999999999998;33.4700000000003;NA;NA;-1888.38906629496;-1924.11829917979;5.01180661094433;5.01718526359891;144.251812511604;143.501659558279;4491.07614740965;4558.82004796143;71.458465769655;0.386138613861386;50;50
79;33.5;0.920000000000016;34.75;NA;NA;-1892.5219723932;-1932.13132527396;4.98619335967422;5.00096146233078;146.961101952116;145.847466078919;4512.75766673129;4586.46193298867;79.2187057615151;0.306930693069307;50;50
80;35.0100000000002;1.05000000000001;36.5;NA;NA;-1908.53923595723;-1944.84326455422;4.99254327349033;4.9947594820811;148.29559656603;147.520761483556;4551.40026925826;4620.17154165497;72.6080571939792;0.435643564356436;50;50
81;32.0100000000002;1.19;33.6399999999994;NA;NA;-1896.49087237243;-1945.15514103239;5.05806990830165;5.06064628350531;147.689125593062;146.986264705775;4524.30045322278;4618.14860351849;97.3285373199187;0.0594059405940594;50;50
82;33.3000000000002;1.13999999999999;34.6799999999994;NA;NA;-1879.37495898103;-1910.96314933394;5.00852379686132;5.01413186887777;139.772634641336;139.218218487853;4450.86819163989;4511.29924560824;63.1763807058187;0.574257425742574;50;50
83;34.8400000000001;0.889999999999986;36.1599999999999;NA;NA;-1895.19459488595;-1930.9043732588;5.03340372339563;5.07142893874579;142.653471690786;141.481070998712;4496.77263037978;4562.38675929522;71.419556745705;0.485148514851485;50;50
84;33.8899999999994;0.789999999999992;34.9099999999999;NA;NA;-1855.64024634027;-1901.79485859983;5.19187121720937;5.20527284178703;131.403247159069;130.63354175994;4361.95570398187;4450.45354458129;92.3092245191119;0.0495049504950495;50;50
85;35.5999999999995;1.21000000000001;37.2799999999997;NA;NA;-1911.98433235653;-1944.9416149335;5.00285235514533;5.00550357531948;149.627136751938;148.80870474929;4564.88390788529;4626.74580746381;65.9145651539307;0.673267326732673;50;50
86;38.8899999999994;1.44;43.4699999999993;NA;NA;-1895.15853286664;-1919.21780430944;5.06838476869768;5.07870753362046;138.567156022134;137.793232849847;4476.46611816105;4520.75239179497;48.1185428855938;0.98019801980198;50;50
87;37.9700000000003;1.16;41.79;NA;NA;-1881.53753354123;-1909.66522831822;4.99710853331131;5.00018513399399;146.191589059015;145.549550982843;4486.97835834817;4540.05453985434;56.2553895539868;0.920792079207921;50;50
88;36.6700000000001;1.19999999999999;38.6100000000006;NA;NA;-1901.69746954846;-1935.25290317286;4.98687213321022;4.98957787666201;152.545368887961;151.800085459936;4558.7605200864;4622.18093475892;67.1108672487981;0.643564356435644;50;50
89;36.5099999999993;0.840000000000003;38.04;NA;NA;-1878.17361187392;-1921.09489007446;5.01207752113616;5.01640231934768;143.064871247168;142.474193831583;4464.76780954859;4547.68548273326;85.8425564010763;0.108910891089109;50;50
90;34.25;1.25;36.0799999999999;NA;NA;-1894.83686970876;-1919.24942281935;5.01609824390976;5.02395067712476;144.462077606078;143.58006954538;4505.01293311018;4549.47056140617;48.8251062211657;0.98019801980198;50;50
91;36.7700000000004;1.03;38.3400000000001;NA;NA;-1911.35851192714;-1941.53778401645;5.01015509159564;5.01313419566211;145.66571972455;144.876531476182;4544.01634491592;4600.46703109739;60.3585441786345;0.752475247524752;50;50
92;34.6999999999998;0.840000000000003;36;NA;NA;-1894.47475357751;-1938.63566496204;5.0069929979651;5.02281243213258;145.537310672094;144.464127762531;4509.61297949035;4592.62067546619;88.3218227690713;0.108910891089109;50;50
93;35.1999999999998;1.30000000000001;37.6299999999992;NA;NA;-1882.01087816017;-1917.10169964115;5.03506647141275;5.05378792749226;143.822201657497;142.861090242836;4476.19244826702;4541.61491376314;70.1816429619662;0.475247524752475;50;50
94;36.4400000000005;0.97999999999999;37.8800000000001;NA;NA;-1891.0956944343;-1934.79612818828;5.08989709279975;5.09674445679051;142.421599178567;141.673614571118;4487.42665620722;4571.12369559049;87.4008675079422;0.0891089108910891;50;50
95;34.3199999999997;1.07999999999998;35.9799999999996;NA;NA;-1892.01270140449;-1921.92830093395;5.04032762133631;5.04379800301566;140.284932951448;139.470027492383;4478.68044645549;4534.47644247924;59.8311990589259;0.801980198019802;50;50
96;36.0500000000002;0.909999999999997;37.3699999999999;NA;NA;-1890.21466198097;-1923.05225793806;5.0222689515471;5.05056710356007;143.989426343545;142.886273298868;4493.428069707;4553.64073039793;65.675191914183;0.653465346534653;50;50
97;37.75;1.16;39.3100000000004;NA;NA;-1908.49191103486;-1950.46854866852;5.01294511758648;5.01601030328002;152.066992834425;151.368362681451;4569.98060741339;4650.4744451688;83.9532752673176;0.138613861386139;50;50
98;39.0099999999993;1.25;42.5;NA;NA;-1904.52064625618;-1958.09732567276;5.03335452507891;5.03686370645524;151.620279016998;150.875125728685;4559.82606549082;4663.2896161662;107.153358833154;0.0099009900990099;50;50
99;40.4499999999998;1.19;44;NA;NA;-1911.68165595878;-1942.76087181398;4.99667057969264;5.00441015632251;145.735829469298;144.838106641221;4545.00979847142;4602.72293675507;62.1584317103907;0.722772277227723;50;50
100;33.8299999999999;1.16999999999999;36.4699999999993;NA;NA;-1887.92511681578;-1916.75266155837;4.98900509968533;4.99080501408459;146.427892955976;145.810426741089;4500.92364124837;4555.52119624691;57.6550894851648;0.782178217821782;50;50
101;35.1399999999994;1;36.9699999999993;NA;NA;-1905.35001742317;-1942.11955862581;5.02665602104789;5.03287435040013;144.761530622254;143.788034181817;4527.52204314813;4596.24062061324;73.5390824052688;0.396039603960396;50;50
102;34.8599999999997;0.949999999999989;36.9499999999998;NA;NA;-1894.66980121273;-1944.88831456168;5.04511482014867;5.0514533409695;145.721429755978;144.938208555492;4510.91478528851;4607.47350128146;100.4370266979;0.0396039603960396;50;50
103;35.3400000000001;1.09;36.7699999999995;NA;NA;-1907.37783740402;-1948.24265030468;5.0221098025074;5.0269766723094;149.270501496456;148.573269922517;4553.90495157352;4632.18206526797;81.7296258013184;0.267326732673267;50;50
104;33.75;0.939999999999998;35.2699999999995;NA;NA;-1915.60935536975;-1950.09356499907;5.02599949255912;5.03508423955622;147.563418865498;146.754100989464;4561.91495171156;4626.87583621454;68.9684192586483;0.465346534653465;50;50
105;33.75;0.909999999999997;35.2000000000007;NA;NA;-1902.50342886217;-1931.25885040309;5.03131136088955;5.03491317773601;147.718537390228;146.956180553439;4536.47120588582;4590.20705324581;57.5108430818559;0.861386138613861;50;50
106;33.3400000000001;0.670000000000016;34.2999999999993;NA;NA;-1907.68418683126;-1948.2715229622;5.03302612508269;5.03333101186419;153.316180962846;152.838421364362;4574.55081854648;4653.35974769001;81.17467226188;0.217821782178218;50;50
107;34.3600000000006;1;35.8299999999999;NA;NA;-1896.23472457307;-1935.73699799727;4.98733814516684;4.99126035776962;154.998297756998;154.042969854773;4559.9813053965;4634.25531325077;79.0045468484;0.227722772277228;50;50
108;33.2799999999997;1.06;34.75;NA;NA;-1892.67197765587;-1940.20151999615;5.09312447114977;5.10627276262089;144.709909074447;143.818382436078;4501.91034693546;4592.55482013308;95.0590846805471;0.0495049504950495;50;50
109;32.3399999999992;1.16999999999999;33.6999999999989;NA;NA;-1885.19260048329;-1909.89307773817;5.09427902889255;5.09749608523436;139.203156705496;138.730043449705;4459.68356581989;4506.74178470981;49.4009545097542;0.97029702970297;50;50
110;33.04;1.13;34.6700000000001;NA;NA;-1904.04428278082;-1935.74909220318;4.99705899313782;5.00322809741736;146.604349042183;145.307182240748;4534.03573850511;4591.02211971403;63.4096188447106;0.772277227722772;50;50
111;32.3100000000004;1.13999999999999;33.8899999999994;NA;NA;-1909.03412153751;-1943.37578825166;5.0395732369448;5.05378416893747;145.979958382054;145.033717519279;4540.92359345323;4604.92138457843;68.6833334282937;0.633663366336634;50;50
112;33.3300000000008;1.00999999999999;34.5600000000013;NA;NA;-1899.33142173037;-1942.33231103234;5.01584621898556;5.01665587710695;147.335051540594;146.552175576463;4528.22826795301;4610.35344537398;86.001778603948;0.0792079207920792;50;50
113;35.9899999999998;1.13999999999999;37.7199999999993;NA;NA;-1901.29214220711;-1940.46029182437;4.99066702470341;4.99335749761579;149.707291266566;148.877978717359;4543.8964322054;4618.12618818579;78.3362992345114;0.336633663366337;50;50
114;33.0900000000001;0.95999999999998;34.3900000000012;NA;NA;-1873.99082504723;-1916.32316878621;5.0632553892569;5.07218264446046;139.880875598822;138.903712643658;4440.63590525986;4520.46193215618;84.6646874779544;0.148514851485149;50;50
115;35.7199999999993;1.21000000000001;37.3400000000001;NA;NA;-1896.3149809307;-1940.51121021071;5.0156866021894;5.02089704408241;150.085581136909;149.404476097219;4535.81530416366;4620.83510508242;88.3924585600334;0.0693069306930693;50;50
116;34.1799999999994;1.28999999999999;35.7799999999988;NA;NA;-1898.90071532883;-1930.28694161556;5.04933088902271;5.05900040750474;143.069552594115;142.412857289889;4506.24519728904;4565.76586297687;62.7724525734425;0.772277227722772;50;50
117;32.1399999999994;0.710000000000008;33.0599999999995;NA;NA;-1894.10358635977;-1928.40282449949;5.00738083600906;5.00917304400774;144.126511194147;143.08457508853;4501.88472752039;4565.32380317357;68.598476279436;0.514851485148515;50;50
118;31.8799999999992;0.849999999999994;33.1499999999996;NA;NA;-1894.58218377749;-1927.55846570483;5.01945929936279;5.03775806882123;144.470417400366;143.582871352387;4504.54485777209;4566.10252100754;65.9525638546779;0.633663366336634;50;50
119;35.4900000000016;1.03999999999999;37;NA;NA;-1894.52541410774;-1927.310507389;5.00133959024329;5.00429149060189;146.211513864178;145.484700223943;4513.05278201115;4575.02397365413;65.5701865625224;0.673267326732673;50;50
120;35.3099999999995;0.870000000000005;36.4500000000007;NA;NA;-1890.54929243846;-1931.13451543594;5.01598337445267;5.0263823577554;143.200436292925;142.049414084765;4490.19045404929;4565.66133298864;81.1704459949601;0.128712871287129;50;50
121;36.5300000000007;0.980000000000018;38.2799999999988;NA;NA;-1890.8128491145;-1931.97907700525;5.07213352612597;5.07789605958027;143.421375945156;142.845464937651;4491.81160394922;4571.29229598364;82.3324557815154;0.178217821782178;50;50
122;35.3599999999988;1.06;37.0900000000001;NA;NA;-1896.39417124932;-1928.13254178313;5.0719278735264;5.07739124111513;142.572447502686;141.855268571436;4498.77057208736;4558.6960268457;63.4767410676227;0.643564356435644;50;50
123;36.630000000001;0.909999999999997;38.0900000000001;NA;NA;-1900.63887152431;-1943.73916974511;4.99682512390142;5.0004861934214;152.856230501885;152.043780560656;4558.18263110012;4640.36018360171;86.2005964415985;0.0495049504950495;50;50
124;34.0799999999999;1.25;36.119999999999;NA;NA;-1902.84303145049;-1940.40046051952;5.04547693463671;5.04944790251722;139.92015586145;139.195825824349;4498.53482386237;4570.06298524725;75.1148581380512;0.405940594059406;50;50
125;35.2399999999998;0.989999999999952;36.9799999999996;NA;NA;-1886.78275723367;-1919.02785736081;5.01418541105624;5.02308275714234;141.778608290858;141.006685176951;4475.61685567954;4536.28469045878;64.4902002542794;0.643564356435644;50;50
126;34.0499999999993;1.09000000000003;35.5599999999995;NA;NA;-1894.9340602229;-1931.95402268442;5.05651907153355;5.06047045146948;142.663514559612;141.882026643177;4496.30129076688;4566.47148776349;74.0399249230377;0.297029702970297;50;50
127;38.1299999999992;1.38999999999999;40.3900000000012;NA;NA;-1925.84906286861;-1954.32597019683;5.01833127792621;5.02726464134133;149.98515416449;149.261931351665;4594.38617940384;4647.75877999802;56.953814656441;0.930693069306931;50;50
128;31.6999999999989;1.10000000000002;33.7199999999993;NA;NA;-1917.90686419774;-1950.84386227247;5.05185015140959;5.06096992600903;146.024228468045;145.134232309172;4558.88829289647;4620.35525610532;65.8739961494493;0.653465346534653;50;50
129;33.1599999999999;0.740000000000009;34.2200000000012;NA;NA;-1922.38600426982;-1950.40396115114;5.03054456278518;5.03395175741455;151.02352679082;150.358994452076;4592.60181739614;4645.34713728627;56.0359137626256;0.940594059405941;50;50
130;32.25;1.04000000000002;33.9600000000009;NA;NA;-1892.65968772376;-1932.48525070197;4.9977371391844;5.0066774188525;146.225609874751;145.37382868587;4509.39112907582;4584.82445283145;79.6511259564095;0.227722772277228;50;50
131;35.0300000000007;1.22000000000003;36.75;NA;NA;-1918.10175339767;-1947.17108572784;5.01996024623989;5.0213034408217;149.375640277541;148.660334450579;4575.87340386571;4630.47005734927;58.1386646603491;0.891089108910891;50;50
132;34.3600000000006;0.92999999999995;35.5900000000001;NA;NA;-1896.12644550265;-1934.31138956425;5.00470947378635;5.01073946633368;147.229393093839;146.641906024576;4521.29512194145;4594.75592462578;76.3698881231871;0.326732673267327;50;50
133;34.0900000000001;0.980000000000018;35.3299999999999;NA;NA;-1905.9282870066;-1940.92306647675;4.99350012954534;5.00084046123564;149.625645515829;148.746203499598;4552.7644329663;4618.39922037615;69.9895589403104;0.574257425742574;50;50
134;33.7800000000007;1.19999999999999;35.5799999999999;NA;NA;-1886.38084648627;-1926.82717537833;5.00316733418399;5.00727325851417;146.244927230442;145.479700354447;4496.92910119666;4574.03255156015;80.8926577841248;0.178217821782178;50;50
135;32.0400000000009;0.860000000000014;33.3199999999997;NA;NA;-1911.03636629967;-1942.34232566349;5.05095647053417;5.0581441451699;146.729470311974;145.972011000947;4548.63947401177;4607.50064831025;62.6119187276381;0.762376237623762;50;50
136;34.2700000000004;0.900000000000034;35.5599999999995;NA;NA;-1902.14798215309;-1941.87806224225;5.01600808869865;5.03185466132974;147.022690796974;145.914637449639;4532.31465843028;4606.28802234216;79.4601601783202;0.217821782178218;50;50
137;36.6399999999994;0.890000000000043;38.0299999999988;NA;NA;-1919.30091524549;-1955.36962773721;4.97925378644619;4.98087897482178;158.293032921789;157.490865721311;4622.42837108806;4690.593669629;72.1374249834389;0.564356435643564;50;50
138;32.2399999999998;1.03999999999996;33.6399999999994;NA;NA;-1907.536142278;-1938.1679729273;5.04435885575747;5.05084051700175;145.461275101838;144.726349294785;4535.35924822954;4592.98374523705;61.2636612986016;0.811881188118812;50;50
139;31.4300000000003;0.850000000000023;32.5300000000007;NA;NA;-1895.20382307703;-1921.75773973336;5.04790650663219;5.0509118885959;140.758036920153;139.961410808025;4487.40537943313;4536.56852435306;53.1078333126693;0.920792079207921;50;50
140;31.9400000000005;0.839999999999975;33.2999999999993;NA;NA;-1916.33314388783;-1944.66606931285;5.03033893668643;5.06235927996388;148.690138337751;147.718857137975;4568.94175488206;4620.79807009611;56.6658508500432;0.920792079207921;50;50
141;34.1700000000001;1.16000000000003;35.8000000000011;NA;NA;-1888.31105126189;-1912.57036093551;5.01705916991116;5.02451558298635;140.902819606706;140.161503903611;4474.3367625699;4519.18457649809;48.5186193472423;0.96039603960396;50;50
142;35.5499999999993;1.06;36.9799999999996;NA;NA;-1916.24085766471;-1950.11793643009;5.03287513191179;5.03471381505105;147.93867791871;147.108996971414;4565.03614298271;4628.68193304642;67.754157530766;0.534653465346535;50;50
143;33.5599999999995;1.05000000000001;35.2099999999991;NA;NA;-1893.31710537717;-1929.26897963562;5.05166623560788;5.05925611932721;141.625428851019;140.776059889046;4487.92704662867;4555.62493767436;71.9037485168892;0.455445544554455;50;50
144;34.7999999999993;1.12;36.5;NA;NA;-1892.35170847272;-1941.90275992131;5.00068301579744;5.00447608031434;150.30842544385;149.657695906396;4528.99222715767;4624.87208411773;99.1021028971772;0.0198019801980198;50;50
145;33.4700000000012;1.07999999999998;35.119999999999;NA;NA;-1885.48300051727;-1922.19484797204;4.99597992622017;5.00298584344475;143.131967392672;142.328696565865;4479.71882975621;4549.16493334844;73.4236949095293;0.306930693069307;50;50
146;31.7700000000004;1.06;33.3600000000006;NA;NA;-1884.10700668073;-1926.94969904927;5.01365325651246;5.02176197500006;144.975374868624;144.184498191377;4486.0949235793;4567.86408965202;85.685384737073;0.0792079207920792;50;50
147;33.9400000000005;1.07999999999998;35.6000000000004;NA;NA;-1905.69767908359;-1942.6314223048;4.99455367039929;4.99760116357319;150.837795424752;149.964981815201;4558.30547288769;4627.85100997117;73.8674864424165;0.366336633663366;50;50
148;33.5299999999988;0.910000000000025;34.8400000000001;NA;NA;-1904.30768483991;-1943.20693801119;4.99925508767099;5.00072338678919;152.353550243023;151.601570742628;4563.03111388806;4637.10601041965;77.7985063425449;0.237623762376238;50;50
149;33.6900000000005;1.00999999999999;35.1900000000005;NA;NA;-1908.39654236909;-1931.07497719345;5.05130111713642;5.05587786325583;140.294867286721;139.641213602348;4511.49732066755;4553.61746475285;45.356869648725;0.99009900990099;50;50
150;34.1299999999992;1.12;35.75;NA;NA;-1922.65099548263;-1946.37059646257;5.06560562735606;5.09281140581535;143.02396122814;142.327382448255;4553.52000083392;4597.50992315582;47.4392019598781;0.95049504950495;50;50
151;33.5599999999995;0.860000000000014;34.7999999999993;NA;NA;-1922.59534946097;-1955.57860105266;5.04215901973045;5.04602790858023;148.825059415424;148.039935028066;4582.134260635;4644.21302901966;65.966503183367;0.702970297029703;50;50
152;36.5499999999993;1.05000000000001;38.3899999999994;NA;NA;-1910.698159183;-1953.5713671185;5.02027971090947;5.02672580003632;152.195951632483;151.473801212035;4575.03167463534;4657.20218665636;85.7464158709945;0.138613861386139;50;50
153;32.6700000000001;0.920000000000016;34.2900000000009;NA;NA;-1877.35573455985;-1913.6229493584;5.01552783425483;5.02834933796852;141.000629045317;140.270668103937;4452.91045644473;4521.83030649344;72.5344295971108;0.445544554455446;50;50
154;34.7999999999993;0.859999999999957;36.1499999999996;NA;NA;-1913.99738765874;-1950.80820710942;4.99640859936406;5.01369080190803;151.508787249528;150.549307261214;4578.22746963026;4647.09800947102;73.6216389013525;0.455445544554455;50;50
155;34.3799999999992;1;35.8999999999996;NA;NA;-1899.59136156571;-1937.81327968464;4.9911047714361;4.99689544683155;152.084337593168;151.189853317139;4552.26539527624;4624.2799745673;76.4438362378587;0.297029702970297;50;50
156;34.0600000000013;1.10999999999996;36.1100000000006;NA;NA;-1897.68027658598;-1929.77901356991;5.01217172071601;5.01637722413689;144.052832680688;143.518939737503;4508.67327085235;4570.22704376159;64.1974739678567;0.663366336633663;50;50
157;33.75;1.17000000000002;35.5300000000007;NA;NA;-1893.75082671614;-1930.60249426719;4.97941574534031;4.98168081176022;150.008609394388;148.941653719347;4530.30585138756;4598.72589536623;73.7033351021073;0.485148514851485;50;50
158;32.6900000000005;0.939999999999998;34.0300000000007;NA;NA;-1893.28170280895;-1928.32741914987;4.99761715070424;5.00471486506247;146.663401810209;145.798823603793;4512.80299273791;4578.61325566703;70.0914326818342;0.455445544554455;50;50
159;32.2700000000004;0.970000000000027;33.9300000000003;NA;NA;-1876.6441000246;-1925.13192880834;5.00634911105397;5.03206758562161;141.80451678091;140.592546358908;4455.46783346577;4546.44212403908;96.9756575674737;0.0495049504950495;50;50
160;35.5499999999993;0.950000000000045;36.8600000000006;NA;NA;-1908.87343778635;-1941.15131625326;5.0109121884797;5.01370320493598;152.879325504962;152.077376704515;4574.76612416195;4635.35083611428;64.5557569338339;0.514851485148515;50;50
161;36.4499999999989;0.840000000000032;37.8000000000011;NA;NA;-1898.02517841319;-1941.56850256587;5.0172155063941;5.02075844771896;146.895359873562;146.1904207933;4523.43854084295;4607.03451144498;87.0866483053569;0.0792079207920792;50;50
162;35.5;1.13999999999999;37.1900000000005;NA;NA;-1890.65750189827;-1926.8704768811;5.05500254479161;5.05412584731394;140.808330706727;140.341972546906;4478.56177902026;4548.67844287052;72.425949965665;0.376237623762376;50;50
163;34.7099999999991;0.949999999999989;36.2100000000009;NA;NA;-1901.90108680352;-1937.1392234915;4.98865870158718;5.00072615782492;148.624820669494;147.543409862566;4539.75420435617;4604.87560849933;70.4762733759549;0.415841584158416;50;50
164;34;0.75;35.1800000000003;NA;NA;-1912.9543955778;-1946.55999360976;5.05168330226716;5.05096850676614;147.267425776144;146.485386284663;4555.13935018964;4618.47808706883;67.2111960639149;0.603960396039604;50;50
165;35.0599999999995;0.949999999999989;36.7199999999993;NA;NA;-1871.76958565832;-1907.55724711833;5.00965774074486;5.04129731449493;141.487706391668;140.486498078995;4444.15004086001;4510.76763674901;71.5753229200213;0.415841584158416;50;50
166;35.7600000000002;1.22000000000003;37.5199999999986;NA;NA;-1914.84600324885;-1939.9252281708;5.00606546814865;5.01165145332919;148.247956583575;147.465988757979;4563.77790285488;4610.06424838514;50.1584498438992;0.95049504950495;50;50
167;34.5300000000007;1.15999999999997;35.9799999999996;NA;NA;-1901.48005557427;-1942.98278272978;5.03344005130672;5.03697717330754;150.542781772069;149.693088092432;4548.40939385046;4627.20738277161;83.0054543110246;0.118811881188119;50;50
168;37.4799999999996;1.14999999999998;39.1599999999999;NA;NA;-1922.86478229065;-1959.72745725113;5.01111457230193;5.02912455112655;153.181659629825;152.285661836009;4604.2458942917;4673.53449271358;73.7253499209642;0.425742574257426;50;50
169;35.9700000000012;0.950000000000045;37.2000000000007;NA;NA;-1895.32657949618;-1927.02263627445;5.06349068108809;5.06512957914601;144.555738798276;144.023997575003;4506.45613891055;4567.21520617416;63.3921135565415;0.653465346534653;50;50
170;32.5899999999983;0.829999999999984;33.880000000001;NA;NA;-1888.78979288946;-1924.77159199747;5.04982879485572;5.05117988840022;141.302779132417;140.804078698737;4477.27474291726;4546.76890436457;71.9635982160116;0.396039603960396;50;50
171;34.2199999999993;0.889999999999986;35.5799999999999;NA;NA;-1906.29295878481;-1940.11809432618;5.09561956095836;5.09722216558486;143.338630441167;142.668764675269;4522.36208875545;4586.69535620098;67.6502710827517;0.485148514851485;50;50
172;33.1899999999987;1.07999999999998;34.6999999999989;NA;NA;-1884.70738521728;-1918.1037706501;5.00908031054967;5.01426462767372;144.461947498497;143.751461853415;4484.75331986781;4548.02794786228;66.7927708656298;0.564356435643564;50;50
173;32.4500000000007;1.16000000000003;34.3400000000001;NA;NA;-1905.33838621556;-1933.92993709805;5.02442164298054;5.02686418234732;142.99296019957;142.243111296792;4518.74127314948;4572.211315277;57.1831017649906;0.801980198019802;50;50
174;30.8500000000004;0.810000000000002;32.1000000000004;NA;NA;-1871.56105773131;-1905.81779506028;5.01903004713939;5.02778439333267;136.11793305654;135.37627242297;4417.14324331383;4481.98420454537;68.5134746579256;0.465346534653465;50;50
175;33.7299999999996;1.05000000000001;35.2200000000012;NA;NA;-1906.66796635595;-1943.08593663579;5.01726804317367;5.02233649391623;145.64383948565;144.725657013951;4534.52690843675;4602.81624465673;72.835940559693;0.485148514851485;50;50
176;33.9400000000005;0.889999999999986;35.25;NA;NA;-1911.67986123547;-1940.4595112984;5.05885277889313;5.06638860080537;143.789306301819;143.19005938615;4535.36752504488;4589.95950798562;57.5593001258499;0.900990099009901;50;50
177;34.8899999999994;1.09000000000003;36.6099999999988;NA;NA;-1899.08727006819;-1936.39602317582;5.01057323150146;5.01190080574837;148.207094588372;147.676087542815;4532.05809836313;4604.04619374539;74.617506215252;0.376237623762376;50;50
178;32.3400000000001;0.979999999999961;34.2800000000007;NA;NA;-1913.98231167433;-1948.64111611878;5.03524296164721;5.04882606918437;146.2744579622;145.638372279586;4552.27826018997;4618.44613575882;69.317608888904;0.623762376237624;50;50
179;33.7999999999993;0.900000000000034;35.0300000000007;NA;NA;-1896.25618273265;-1934.41091175959;5.01103616673165;5.0204166764158;143.754883649372;142.991736155002;4504.34971588421;4576.88026308248;76.3094580538936;0.316831683168317;50;50
180;32.4500000000007;0.990000000000009;33.8899999999994;NA;NA;-1890.21625006976;-1926.12191806719;5.02023674852584;5.02175241646703;142.341051165384;141.609615056158;4485.26891435516;4553.45836614843;71.8113359948725;0.455445544554455;50;50
181;33.7900000000009;0.75;34.9099999999999;NA;NA;-1898.64862307026;-1934.57766679014;4.99296360052371;4.99365824742507;152.765106831516;152.155309833912;4553.7509131244;4622.5894420765;71.8580874397721;0.495049504950495;50;50
182;34.2099999999991;0.96999999999997;35.7199999999993;NA;NA;-1905.02526131569;-1934.04850752384;5.01507314119755;5.02367183771279;147.57531052598;146.771342697946;4540.80564805923;4594.87109778675;58.0464924163089;0.821782178217822;50;50
183;31.7800000000007;0.920000000000016;33.1900000000005;NA;NA;-1886.78971149476;-1924.65174432768;5.0591540996306;5.08264572092894;142.977998693024;142.081430024143;4481.56983816097;4552.85432550068;75.7240656658332;0.257425742574257;50;50
184;34.1100000000006;1.33999999999997;36.0300000000007;NA;NA;-1910.1264448393;-1944.31336803631;5.0150313048815;5.01741022223044;148.7899061773;147.980694729336;4557.02238156356;4621.38922020643;68.3738463940081;0.504950495049505;50;50
185;32.7899999999991;1.06;34.130000000001;NA;NA;-1911.18024912609;-1945.16800013879;5.04088075322737;5.04735958682683;147.869580472466;146.928422582277;4554.57277305608;4617.88790235625;67.9755020253924;0.633663366336634;50;50
186;32.3500000000004;1.05000000000001;33.9499999999989;NA;NA;-1888.78533322608;-1928.50972403102;5.02206317923705;5.03003862083741;140.871312307132;139.944617214713;4475.12931042371;4549.98933537722;79.4487816098954;0.168316831683168;50;50
187;34.6399999999994;1.17000000000002;36.0899999999983;NA;NA;-1918.81708131517;-1950.57352117714;5.01824608261084;5.02337624872404;147.91381738698;147.133420383821;4570.06548730037;4629.7140410209;63.5128797239495;0.673267326732673;50;50
188;32.0099999999984;0.839999999999975;33.3299999999999;NA;NA;-1914.20559323065;-1951.13411716231;5.07305194251665;5.09402842888139;143.483156835879;142.384625217821;4538.90301532267;4607.32041608323;73.8570478633183;0.297029702970297;50;50
189;32.5900000000001;1.02999999999997;34.2800000000007;NA;NA;-1876.73778172478;-1915.82106605787;4.9987512618792;5.00362876805985;142.340392099091;141.48141992582;4458.30871413779;4532.22187269099;78.1665686661804;0.267326732673267;50;50
190;34.3000000000011;0.909999999999968;35.7299999999996;NA;NA;-1902.65883151639;-1933.64623953338;5.00458642098651;5.00797070799316;148.415106852691;147.855649188936;4540.23124469475;4599.43576972414;61.9748160339691;0.772277227722772;50;50
191;33.8899999999994;1.04999999999995;35.3999999999996;NA;NA;-1895.95508538601;-1928.41964775248;4.99824726750659;5.00265433039041;146.536574952735;145.491584584923;4517.52174378987;4577.27634397274;64.9291247329384;0.544554455445545;50;50
192;35.1100000000006;0.889999999999986;36.6599999999999;NA;NA;-1910.35660792685;-1947.03647800822;5.01543740773871;5.01872680432563;148.789951055247;147.99209224979;4557.48292996276;4626.89187775124;73.3597401627408;0.475247524752475;50;50
193;34.4700000000012;0.890000000000043;35.5;NA;NA;-1902.06009872071;-1936.17402963501;4.99105054375979;4.99191151085842;150.626150099862;149.961880460015;4549.98229874163;4614.92086751536;68.2278618286155;0.702970297029703;50;50
194;34.6100000000006;1.37;36.369999999999;NA;NA;-1899.11532916669;-1946.28141591542;5.02336277951193;5.02072428561289;146.604786736955;145.798222558246;4524.17999862921;4614.51827297458;94.3321734974566;0.0495049504950495;50;50
195;33.5900000000001;0.990000000000009;34.9400000000005;NA;NA;-1871.25138347716;-1917.34111714976;4.995072173041;4.99792125893371;143.200178963247;142.290509777587;4451.59336189605;4539.2683805127;92.17946734521;0.0495049504950495;50;50
196;33.8199999999997;0.769999999999982;34.7900000000009;NA;NA;-1918.44044979628;-1943.64999602117;4.99312462675333;4.99452495797667;153.300002276885;152.637424794396;4595.983231769;4643.12141029357;50.4190924497843;0.97029702970297;50;50
197;34.8899999999994;1.02999999999997;36.5300000000007;NA;NA;-1921.59500976222;-1952.94377289965;5.00660521119925;5.00938482773717;148.553473248086;147.874015168724;4578.78875612366;4638.1217800828;62.6975262748501;0.732673267326733;50;50
198;34.5100000000002;1.02000000000004;36.0200000000004;NA;NA;-1907.49587354445;-1945.69277403537;4.99553480536374;5.00371091544449;155.07490050798;154.23235656411;4582.88292053467;4655.10465978623;76.393800981853;0.306930693069307;50;50
199;33.6999999999989;0.810000000000002;34.8099999999995;NA;NA;-1913.22660765104;-1951.04470458036;5.0188949353582;5.02407759670229;151.999303536731;151.018562021406;4579.11482058718;4649.89463375118;75.6361938586415;0.356435643564356;50;50
200;32.3400000000001;1.23999999999995;33.9000000000015;NA;NA;-1889.07288416887;-1930.22351122541;4.99453854768119;4.99991051191893;145.068563610359;144.43252946809;4496.48812532748;4575.63990133508;82.3012541130802;0.178217821782178;50;50
201;32.9399999999987;0.960000000000036;34.4499999999989;NA;NA;-1912.18605087133;-1954.06271535756;5.13397349221468;5.13561455005741;143.092642923165;142.706681032334;4532.9302057672;4614.77235034886;83.7533289724579;0.178217821782178;50;50
202;33.8300000000017;0.980000000000018;35.6099999999988;NA;NA;-1902.50714564845;-1940.57731443979;5.02790278457986;5.04120552676857;145.848290381589;145.001846186286;4527.21765547327;4599.1666182799;76.1403375826831;0.465346534653465;50;50
203;35.5599999999995;0.930000000000007;37.2200000000012;NA;NA;-1903.78258821503;-1943.23598747417;5.05092318487131;5.05375800763186;143.73250692403;143.114015983272;4519.29172303852;4595.13591289023;78.9067985182919;0.297029702970297;50;50
204;35.6099999999988;1.02999999999997;37.1900000000005;NA;NA;-1908.92497233764;-1941.53801253401;5.01331157695398;5.01608537279739;149.601047424294;148.873269799913;4558.63600018171;4620.25831225242;65.2260803927506;0.683168316831683;50;50
205;31.6900000000005;1.03000000000003;33.1100000000006;NA;NA;-1888.02069224941;-1920.30895980547;5.00583751381798;5.03060752535127;141.339899065199;140.129197807121;4475.92035003327;4534.50180272579;64.5765351121308;0.663366336633663;50;50
206;35.3899999999994;0.950000000000045;36.6900000000005;NA;NA;-1904.92153452086;-1942.20368427105;5.00832773588186;5.03004688232256;149.147173526303;148.106492412186;4548.38165729857;4617.79277056903;74.564299500375;0.356435643564356;50;50
207;33.8400000000001;1.03999999999996;35.3299999999999;NA;NA;-1898.02713267179;-1934.32373651461;5.01932671012057;5.02426478204563;144.455564525277;143.682149277809;4511.36120792892;4580.12466147643;72.5932076856402;0.405940594059406;50;50
208;32.0400000000009;0.850000000000023;33.3700000000008;NA;NA;-1896.49377161805;-1928.59732286835;5.02413806767944;5.02675653761592;146.590855939348;145.843212586267;4518.86790179157;4579.37286597168;64.2071025005962;0.603960396039604;50;50
209;31.7199999999993;0.870000000000005;32.9099999999999;NA;NA;-1907.5762530779;-1934.00349121363;5.03125816381738;5.03977466722732;142.218031949287;141.555197518176;4519.37976073378;4568.95205073629;52.85447627146;0.871287128712871;50;50
210;35.5600000000013;1;36.8700000000008;NA;NA;-1908.55440397342;-1945.9749089075;5.06409233976198;5.07065176837306;151.859865636235;150.888521353562;4569.07995247598;4639.1111143378;74.8410098681643;0.376237623762376;50;50
211;35.4200000000001;1.14999999999998;37.4699999999993;NA;NA;-1916.74076586019;-1947.91484724743;5.01880788252218;5.02215616002392;154.536083714364;153.733487753383;4598.70462246182;4657.07853568166;62.348162774475;0.841584158415842;50;50
212;32.9200000000001;0.870000000000005;34;NA;NA;-1906.81118913062;-1940.12605105511;5.02704150797061;5.02899248702589;148.767050205844;148.169923192389;4550.27869323179;4613.95159710824;66.6297238489692;0.623762376237624;50;50
213;35.0900000000001;0.989999999999952;36.2700000000004;NA;NA;-1915.38641330384;-1942.11899735658;5.01168166678558;5.01463156132488;145.614384193301;145.004966411487;4551.81794727196;4602.26543466919;53.4651681054775;0.920792079207921;50;50
214;33.0599999999995;1.03999999999996;34.9099999999999;NA;NA;-1902.17743627469;-1937.58280168657;5.02578117710532;5.02963100565357;146.041546340304;145.37853672905;4527.51519071655;4595.04286782417;70.8107308237536;0.475247524752475;50;50
215;34.6899999999987;1.16000000000003;36.3299999999999;NA;NA;-1905.7102301827;-1938.65122541316;4.99229693732465;4.99442269824262;153.488869008524;152.899277749814;4571.45801220478;4634.42049781985;65.8819904609295;0.584158415841584;50;50
216;34.3000000000011;0.859999999999957;35.6099999999988;NA;NA;-1911.37337542737;-1944.26259251369;5.05166693257237;5.05784670404143;145.945260150677;145.166670016204;4545.43028448168;4607.35333980167;65.7784341726342;0.663366336633663;50;50
217;33.9599999999991;1.01999999999998;36.0399999999991;NA;NA;-1930.16461671145;-1959.09552633277;5.03065370565726;5.03816073213452;147.996335136576;147.306567328351;4593.16916484592;4647.61543063712;57.8618192426457;0.831683168316832;50;50
218;31.5699999999997;0.970000000000027;32.9899999999998;NA;NA;-1875.15986911417;-1915.97643304759;5.03606492813251;5.04707408797847;139.874122143569;139.216103807071;4442.94055201372;4521.31534167813;81.6331278668335;0.188118811881188;50;50
219;37.6399999999994;1.08999999999997;39.2800000000007;NA;NA;-1922.62962383363;-1958.1303025514;5.01637025597622;5.02125242923097;154.454384488343;153.546838845417;4610.07778477473;4676.58520872124;71.0013574355485;0.603960396039604;50;50
220;37.1100000000006;1.23999999999995;38.9300000000003;NA;NA;-1905.04831551879;-1930.038591699;5.07664807479276;5.07234831477047;140.605493273874;140.072966842055;4506.33900726559;4553.68262518156;49.9805523604291;0.99009900990099;50;50
221;35.1299999999992;0.990000000000009;36.9199999999983;NA;NA;-1909.74245315846;-1943.3357306748;4.99561373238969;4.99737910579048;148.384275795246;147.648963665107;4554.24582048208;4617.79129825071;67.1865550326729;0.693069306930693;50;50
222;35.75;1.17000000000002;37.7000000000007;NA;NA;-1914.47879272969;-1941.78356208031;5.14984500007952;5.16470440876288;140.867447145436;140.09524007633;4526.49709014055;4577.28285729336;54.6095387012447;0.871287128712871;50;50
223;34.8500000000004;0.990000000000009;36.2400000000016;NA;NA;-1893.45210216722;-1927.86498716326;5.00340647960759;5.00715330023709;144.872806186563;143.918730794628;4504.27722071923;4568.37865382723;68.8257699920964;0.396039603960396;50;50
224;35.5599999999995;1.09999999999997;37.4199999999983;NA;NA;-1899.34223204238;-1933.68116724876;4.99635437859273;5.00451906203643;147.313065829243;146.318817196863;4528.14102096768;4591.89562690299;68.6778704127605;0.683168316831683;50;50
225;31.6700000000001;0.960000000000036;33;NA;NA;-1879.33509883644;-1913.05157375062;5.01178590090585;5.01910536966965;141.904473397425;141.028057194203;4461.34479064318;4524.4379519918;67.4329498283514;0.524752475247525;50;50
226;37.2999999999993;1.13;39.0300000000025;NA;NA;-1924.55544265736;-1959.18537412495;5.02011329683252;5.0273314628713;154.164720538947;153.219644916041;4612.49508076356;4677.07517136491;69.2598629351801;0.633663366336634;50;50
227;36.0399999999991;0.730000000000018;37.25;NA;NA;-1901.73490628234;-1941.65778845234;4.98722041988346;5.00395917258025;151.325761530574;150.175093007549;4552.79621041273;4626.94415905529;79.8457643399984;0.217821782178218;50;50
228;32.2200000000012;0.78000000000003;33.380000000001;NA;NA;-1867.43835582841;-1916.39783772006;5.03425268867915;5.07236100971925;140.369816054478;139.257047509321;4429.95207468048;4522.36089374586;97.918963783296;0.0396039603960396;50;50
229;34.5;0.870000000000005;36.0299999999988;NA;NA;-1896.22126352536;-1949.4332978502;5.00920241501582;5.02227172046572;147.296630129168;146.585087094225;4521.81769855809;4624.71838841293;106.424068649675;0.0495049504950495;50;50
230;34.9899999999998;1.10000000000002;36.369999999999;NA;NA;-1892.64219962128;-1931.73080092588;5.01582885346094;5.01781754544597;151.400241967086;150.704742670806;4534.97960512856;4609.71287342599;78.177202609184;0.297029702970297;50;50
231;33.9700000000012;1.00999999999999;35.2799999999988;NA;NA;-1902.65355865942;-1935.68713432555;4.98749831600555;4.99017162549248;152.074818028306;151.128354540298;4558.3426510176;4619.72315766365;66.0671513322523;0.702970297029703;50;50
232;31.6499999999996;0.860000000000014;33.2299999999996;NA;NA;-1908.65522881102;-1948.70376899158;5.09361365594363;5.09906506943683;146.429389450677;145.797660514089;4542.39127549717;4619.36019602823;80.0970803611099;0.237623762376238;50;50
233;32.0200000000004;0.82000000000005;33.3500000000022;NA;NA;-1888.20335584031;-1931.83670290749;5.0361987117417;5.04371715120344;144.049971537112;143.055230365372;4489.70526171111;4572.0462524393;87.2666941343527;0.0891089108910891;50;50
234;31.6900000000005;0.95999999999998;33.4099999999999;NA;NA;-1900.65267428456;-1936.24673830484;5.03644539174902;5.04304228346841;147.679210629073;147.080336105462;4532.57496068581;4600.79761553131;71.1881280405587;0.326732673267327;50;50
235;33.6200000000008;0.860000000000014;35.1500000000015;NA;NA;-1901.55653762979;-1939.3101180946;5.09448246503962;5.1054908183644;143.481109634347;142.885547637635;4513.5947669035;4586.15285742252;75.5071609296183;0.306930693069307;50;50
236;30.7000000000007;1.04000000000002;32.1399999999994;NA;NA;-1889.65264474492;-1924.34199974185;5.07008933974243;5.07535029794242;139.210064396102;138.30681201648;4468.63785945712;4533.54389510177;69.3787099938454;0.514851485148515;50;50
237;33.4600000000009;1.20000000000005;35.0400000000009;NA;NA;-1919.74609531031;-1948.08757597832;5.10507496405364;5.11875354285994;140.433798875834;139.39254031707;4534.8843801817;4586.41129592989;56.6829613360296;0.910891089108911;50;50
238;30.4900000000016;0.949999999999989;32;NA;NA;-1905.31219183809;-1928.38069064001;5.02926442550095;5.03197774592614;141.795104978213;141.249036198423;4512.75741225732;4556.19041717943;46.1369976038486;0.98019801980198;50;50
239;32.8199999999997;0.96999999999997;34.2999999999993;NA;NA;-1880.60806999785;-1916.55415616079;4.99794986107837;5.01348731864926;145.020523162509;144.195950548531;4479.3206129968;4547.12971301332;71.8921723258663;0.336633663366337;50;50
240;36.2000000000007;0.980000000000018;37.4500000000007;NA;NA;-1899.0785380671;-1950.49145054036;4.98660560797537;4.98833621275427;161.008670536329;159.719288160726;4595.43075838766;4691.87189218057;102.82582494653;0.0396039603960396;50;50
241;31.4400000000023;0.889999999999986;32.7000000000007;NA;NA;-1914.43118479791;-1944.69053174809;5.03605515885478;5.0379665388616;145.796309268674;144.980096658764;4550.80833661982;4607.28535480897;60.5186939003752;0.792079207920792;50;50
242;34.5399999999972;1.01999999999998;36.0499999999993;NA;NA;-1889.3312325338;-1930.35786464966;5.01075113343443;5.01463744670931;149.678828786592;148.902974647346;4519.8336739507;4598.04510727711;82.0532642317194;0.198019801980198;50;50
243;34.6899999999987;0.919999999999959;35.9199999999983;NA;NA;-1907.33248898767;-1944.77792321914;5.08757977920822;5.09449018858232;148.602458864653;147.728800617479;4550.50627879652;4621.07101547144;74.8908684629514;0.287128712871287;50;50
244;34.239999999998;0.889999999999986;35.25;NA;NA;-1913.48835034453;-1944.51828538003;5.0092652116687;5.01104486391997;147.228418681953;146.683779222219;4556.01410658721;4615.37706160316;62.0598700710007;0.871287128712871;50;50
245;32.9599999999991;1.14000000000004;34.5;NA;NA;-1903.11769671695;-1944.79531106658;5.05435549679043;5.061979852983;144.633095003566;143.911347521239;4522.4214214602;4602.20274155581;83.3552286992617;0.227722772277228;50;50
246;32.1800000000003;0.829999999999984;33.4400000000023;NA;NA;-1909.68474661417;-1944.52213216616;5.04332851303437;5.04690019072888;145.348680827463;144.637929427217;4539.0989189045;4605.25423118585;69.6747711039857;0.495049504950495;50;50
247;32.2700000000004;0.79000000000002;33.8199999999997;NA;NA;-1916.1193666723;-1943.49569968919;5.03380044266748;5.03558170457115;147.025198979851;146.331771276104;4560.26984734766;4611.5888370651;54.7526660337653;0.930693069306931;50;50
248;34.4699999999975;1.38;36.2000000000007;NA;NA;-1914.54029890061;-1951.67015506347;5.01610088115087;5.03621513672528;151.768963182265;150.908508517094;4580.60161666966;4650.60057796235;74.2597123257151;0.495049504950495;50;50
249;33.1100000000006;1.1099999999999;34.619999999999;NA;NA;-1891.27967310724;-1923.68301453621;5.04800499500672;5.05158248534998;142.097062769869;141.395994360859;4486.18759241114;4547.52276413804;64.8066828579485;0.683168316831683;50;50
250;31.3600000000006;1.02999999999997;32.9099999999999;NA;NA;-1897.32140057267;-1925.98426499267;5.02622306359648;5.02612784263028;144.6758767652;144.145131609276;4511.04067349354;4565.73828831092;57.3257288400087;0.871287128712871;50;50
