1;36.76;1.33;42.3499999999999;NA;NA;-1877.37631697789;-1913.02931800031;5.04323275521034;5.04985196980907;132.262823909785;131.098629546072;4409.6842490827;4475.22545893266;71.3060020448379;0.495049504950495;50;50
2;35.84;0.82;37.4100000000001;NA;NA;-1903.51325025487;-1942.12269004503;4.9950865122946;5.00217334298314;142.227171404925;140.846356504029;4511.2990113303;4581.68044931891;77.2188795803013;0.366336633663366;50;50
3;34.25;0.930000000000001;35.9599999999999;NA;NA;-1933.22582560405;-1967.93941216536;5.00344012003803;5.00443807785895;145.83003667285;144.932110632973;4588.56462769582;4653.54550113893;69.4271731226204;0.732673267326733;50;50
4;34.55;0.949999999999999;35.8499999999999;NA;NA;-1927.3539654787;-1961.05570411012;5.01446588196434;5.01693388470145;147.2257434987;145.959615093645;4583.73209003353;4644.86602384669;67.4034772628424;0.643564356435644;50;50
5;33.59;1.17;35.35;NA;NA;-1921.76770427618;-1957.23725852697;4.99067856136519;4.9943244195487;146.30343363358;145.309765857094;4567.99252549409;4634.01124576777;70.9391085015759;0.603960396039604;50;50
6;33.59;1.09;35.45;NA;NA;-1915.30496530591;-1954.45270641192;4.99904455278206;5.00436990816147;143.977157373633;142.936360274622;4543.54792356146;4616.68964521611;78.2954822120346;0.306930693069307;50;50
7;34.03;0.93;35.6000000000001;NA;NA;-1906.70519468324;-1942.60571107204;5.01623611832663;5.02352424316828;140.204745286608;139.272074566902;4507.6683642427;4574.85105058867;71.8010327775828;0.514851485148515;50;50
8;30.71;0.810000000000002;32;NA;NA;-1912.91564213436;-1942.77917506767;5.01522226806862;5.0210158025632;141.483364086165;140.356570501606;4526.42065182785;4580.56812457501;59.7270658666375;0.881188118811881;50;50
9;32.17;1.06;33.8600000000001;NA;NA;-1914.7842276938;-1950.17157318038;5.00738356145984;5.01249810027917;142.926387869798;141.982713384697;4537.30330698635;4603.40516370109;70.7746909731668;0.633663366336634;50;50
10;34.02;1.15;35.6199999999999;NA;NA;-1918.59456458526;-1956.15692252521;5.01007655999294;5.01664543160941;143.579481154215;142.208074544034;4548.1579313757;4616.4917931089;75.1247158798951;0.455445544554455;50;50
11;33.17;0.98;34.5;NA;NA;-1897.27187609638;-1939.87795519562;5.0201081152146;5.02561163547139;137.587953555499;136.412363509235;4475.84404490066;4555.23498240412;85.2121581984875;0.178217821782178;50;50
12;32.77;1.11;34.49;NA;NA;-1903.5002610889;-1935.0819433203;5.02729373866116;5.02981500368308;137.698576670644;136.866286107712;4488.84859220764;4547.8906670554;63.1633644628005;0.752475247524752;50;50
13;33.36;1.06;34.8099999999999;NA;NA;-1908.61942522848;-1950.96438311529;4.99574324561411;5.00416601920145;144.919032165006;143.628966866019;4534.84076604283;4613.1426090012;84.6899157736143;0.178217821782178;50;50
14;30.6899999999999;1.07;32.1799999999998;NA;NA;-1903.3341836865;-1937.88307026658;5.01076255318322;5.01847850042439;141.381482662515;140.493293796909;4506.75324422666;4571.45293369941;69.0977731601588;0.623762376237624;50;50
15;34.8399999999999;0.950000000000003;36.47;NA;NA;-1906.81209327003;-1949.4872204971;4.99144712288149;4.99717096875161;152.650420065384;151.415688967257;4569.50995404352;4648.74613646716;85.3502544541493;0.198019801980198;50;50
16;33.8;1.02999999999999;35.03;NA;NA;-1933.23922409782;-1959.71115614761;5.01248754264883;5.01414166899239;142.92586382596;142.146647778844;4574.21070486357;4623.29609075148;52.9438640995822;0.940594059405941;50;50
17;32.5599999999999;0.949999999999996;33.9000000000001;NA;NA;-1930.03250201713;-1972.47923316226;5.00697960220141;5.01310044935997;145.601913608184;144.205467878747;4581.04837355632;4659.02699439694;84.8934622902575;0.207920792079208;50;50
18;34.8900000000001;0.969999999999999;36.28;NA;NA;-1938.22244446711;-1974.5450039695;4.98658966777495;4.99053248515583;152.211297844574;151.189639718527;4630.15623571377;4697.74236545144;72.6451190047937;0.623762376237624;50;50
19;34.8900000000001;1.06;36.3599999999999;NA;NA;-1929.69054383719;-1960.60650723423;4.99032176386768;4.99439867242204;150.07552851045;148.819215876142;4602.51665194614;4658.12764047225;61.8319267940897;0.841584158415842;50;50
20;35.6500000000001;1.06;37.6099999999999;NA;NA;-1901.23005777707;-1935.62559219683;5.00749313824857;5.01090480317535;138.650240785254;137.685764153685;4489.02058244059;4553.03581012239;68.7910688395241;0.584158415841584;50;50
21;33.9000000000001;1;35.5000000000002;NA;NA;-1911.10279208699;-1953.02520107447;5.017766133774;5.02406424003624;139.902616127814;138.586105562192;4514.96749286851;4592.29328784375;83.8448179749616;0.178217821782178;50;50
22;32.5600000000002;0.829999999999998;33.6999999999998;NA;NA;-1918.11364097463;-1955.2217386986;5.01882356625255;5.02280002414759;143.598757592986;142.892865821839;4547.29153614016;4618.01233640361;74.2161954479466;0.465346534653465;50;50
23;31.47;0.859999999999999;33.0799999999999;NA;NA;-1890.56029611986;-1937.73896733564;5.01723749779094;5.02689613764681;137.791545256592;136.618608047575;4463.4290188864;4551.97827679327;94.3573424315641;0.0495049504950495;50;50
24;32.1399999999999;0.899999999999999;33.54;NA;NA;-1912.56507577415;-1944.18762233126;5.00302289287685;5.00693359098313;143.414086411339;142.310682633792;4535.27996136482;4593.06128169085;63.2450931142098;0.831683168316832;50;50
25;35.6400000000001;1.14;37.3899999999999;NA;NA;-1913.93790086879;-1944.78310092289;4.99956963910821;5.00403171178552;144.841090544295;143.761957417221;4545.09177038817;4601.43857975062;61.6904001082085;0.752475247524752;50;50
26;34.5899999999999;1.13;36.4099999999999;NA;NA;-1931.70989132446;-1966.09609431768;4.99964755591948;5.00255994896667;148.210714062669;147.193178587694;4597.32126358498;4661.05509461609;68.7724059864431;0.712871287128713;50;50
27;33.29;1.14;34.77;NA;NA;-1936.23631871691;-1966.98658023489;5.00377551837759;5.00881999443144;144.744415003371;143.617210334452;4589.20989357632;4645.12878790838;61.5005230359529;0.900990099009901;50;50
28;35.8499999999999;1.1;37.4699999999998;NA;NA;-1920.55502547958;-1964.64373079538;4.99657628086571;5.0004285949808;147.555325882215;146.604123928874;4571.76621755162;4655.23351983078;88.177410631592;0.138613861386139;50;50
29;36.9100000000001;1.24;39.3899999999999;NA;NA;-1922.75108381439;-1954.05860012195;5.01071950095464;5.01682808009374;144.405660756464;143.254676804361;4560.56199953747;4617.47765453118;62.6150326151205;0.801980198019802;50;50
30;33.3099999999999;1;34.6599999999999;NA;NA;-1897.30524804265;-1940.76153448518;5.0023138481201;5.00787268103775;144.179739792473;142.965842310581;4508.55162526663;4589.45328885071;86.9125728850649;0.0693069306930693;50;50
31;35.23;0.920000000000002;36.5900000000001;NA;NA;-1917.37889996836;-1951.78956221442;4.99995363981338;5.00065584997469;145.071497733507;144.229882631168;4553.1146859525;4617.76854809961;68.821324492129;0.702970297029703;50;50
32;32.7200000000003;1.31;34.6100000000001;NA;NA;-1936.07736195498;-1961.46760159881;5.01374822239167;5.01955736451239;143.584146570058;142.439171221482;4583.14662805901;4628.25748279038;50.7804792876555;0.98019801980198;50;50
33;35.5900000000001;1.04000000000001;37.2199999999998;NA;NA;-1929.53813768215;-1964.92738992728;5.01160471094568;5.01707522146816;143.728903081347;142.487025165828;4570.78497666719;4635.4140199184;70.7785044902666;0.643564356435644;50;50
34;32.7800000000002;0.980000000000004;34.3700000000003;NA;NA;-1915.02449329415;-1953.91887105082;5.02750612754263;5.03473377803351;140.723123788096;139.567129295274;4526.87383898301;4598.93840596112;77.7887555133384;0.396039603960396;50;50
35;35.8299999999999;1.22000000000001;38.0799999999999;NA;NA;-1934.81599826926;-1968.48925767144;4.99088802845008;4.99286972467489;152.527494752897;151.301479091238;4624.90906939095;4686.18467277306;67.3465188043424;0.841584158415842;50;50
36;34.3099999999999;0.830000000000013;35.8400000000001;NA;NA;-1884.6766131537;-1919.45295822928;5.02553751886824;5.03326787974933;133.899242327761;132.849270625714;4432.3879661509;4496.7414654612;69.552690151163;0.554455445544555;50;50
37;37.6300000000001;1.14;39.4200000000001;NA;NA;-1923.29548804163;-1960.33667269008;4.98085060249897;4.98254007432267;153.812641362429;152.713132212491;4608.23176566102;4676.86964736776;74.082369296897;0.445544554455446;50;50
38;35.6300000000001;0.859999999999999;37.9399999999996;NA;NA;-1918.95222984673;-1957.54256587104;5.0008696360282;5.00305123789725;145.862950727367;144.896211108344;4560.18041814578;4632.57404330265;77.1806720486265;0.455445544554455;50;50
39;36;1.03;37.9499999999998;NA;NA;-1902.70247123887;-1940.28874601544;5.01162293943243;5.01961088469092;141.932033533057;140.668760315052;4508.21600617813;4577.13315043628;75.1725495531373;0.415841584158416;50;50
40;37.5300000000002;1.12;39.7200000000003;NA;NA;-1927.97148059129;-1962.83413575741;4.99294043204734;4.99866087821579;149.721545951758;148.635706625348;4597.32569452242;4661.6742067281;69.725310332251;0.683168316831683;50;50
41;34.7800000000002;1.16000000000001;36.5799999999999;NA;NA;-1924.05357032014;-1963.25260149746;4.99371771553328;4.99684025056744;149.548586240582;148.410712778418;4588.63342180677;4661.39702632696;78.3980623546422;0.366336633663366;50;50
42;35.3099999999999;1.08999999999999;36.8899999999999;NA;NA;-1912.00931245605;-1957.06471308305;4.98952556491477;4.99139420042474;149.612941246878;148.671490130543;4564.86357558049;4650.31255212851;90.1108012539898;0.0891089108910891;50;50
43;35.7400000000002;0.730000000000004;37.0299999999997;NA;NA;-1914.51804870208;-1945.92125388893;4.99886072921022;5.00429652619141;143.001445241947;141.896381011303;4537.1426138783;4594.47702932555;62.8064103737156;0.801980198019802;50;50
44;35.4699999999998;0.969999999999999;37.0699999999997;NA;NA;-1925.13379294141;-1963.11616413526;5.0060959868863;5.01362169728028;145.338230280969;144.078816482152;4569.94526313042;4639.67371107809;75.9647423877045;0.504950495049505;50;50
45;33.8000000000002;1.22999999999999;35.8200000000002;NA;NA;-1909.43003030769;-1941.51066741529;4.99277401622145;4.99904647486398;147.927809733838;146.915310824285;4551.36067180189;4610.50831084323;64.1612742151924;0.673267326732673;50;50
46;34.3999999999996;1.09999999999999;36.1500000000001;NA;NA;-1907.28791142485;-1953.34260879456;5.00679509496484;5.01173653669004;144.240276662897;143.062679493366;4528.81671510238;4615.09495038663;92.1093947394202;0.118811881188119;50;50
47;34.21;1.15000000000001;36.0999999999999;NA;NA;-1915.96824559745;-1940.37151251503;5.0212262299512;5.02565522641584;138.466280235989;137.648331030052;4517.58603257645;4562.34229152181;48.8065338351635;0.98019801980198;50;50
48;35.77;1.03;37.7199999999998;NA;NA;-1905.73518268301;-1944.98955625171;5.00148409295566;5.0053772772884;145.638022245315;144.505361847531;4532.63253560725;4605.5326386693;78.5087471373981;0.415841584158416;50;50
49;36.25;1;38.3100000000004;NA;NA;-1930.69760641912;-1959.69973176096;5.00329931060872;5.0091502597111;144.780118456358;143.832091214966;4578.30926333187;4631.61912602325;58.0042506836689;0.920792079207921;50;50
50;33.04;1.13;34.7200000000003;NA;NA;-1925.07218697272;-1964.21206811959;5.00005248092984;5.00703159607278;148.619136168181;147.482420857802;4586.06825650056;4658.71929583075;78.2797622937424;0.425742574257426;50;50
51;34.8099999999999;1.11;36.3000000000002;NA;NA;-1934.04973423934;-1972.22780598035;4.98926142733896;4.99528603527547;149.803476096043;148.452984307131;4609.88789890058;4679.55675307197;76.356143482029;0.445544554455446;50;50
52;33.6399999999999;1;34.9300000000003;NA;NA;-1916.1021857044;-1944.23964702831;5.00962537833813;5.01523878595;142.115708517862;141.162635874248;4535.92494657205;4587.48049768852;56.2749226478163;0.98019801980198;50;50
53;33.4099999999999;1.03;34.9699999999993;NA;NA;-1933.55242195288;-1972.67621113379;5.00256739882245;5.00653966310378;146.992627560929;146.106115695708;4594.97467258789;4668.83247133849;78.2475783618033;0.455445544554455;50;50
54;34.3899999999999;1.02999999999999;35.8399999999992;NA;NA;-1904.88149328745;-1956.25180922968;5.00663933682672;5.01144479629815;145.090018443073;143.942975431114;4528.211582399;4625.27235118789;102.740631884466;0.0297029702970297;50;50
55;34.1100000000001;0.969999999999999;35.4399999999996;NA;NA;-1907.40561891667;-1946.88710153141;5.00110582819095;5.00265985913926;145.224150915488;144.308228598103;4533.92402329291;4608.35157588774;78.9629652294852;0.396039603960396;50;50
56;34.1599999999999;0.890000000000001;35.3400000000001;NA;NA;-1913.62781531034;-1943.60547149936;4.9976332777752;5.00282024489775;143.459679827465;142.223758253939;4537.63120735173;4591.46655277011;59.9553123780356;0.831683168316832;50;50
57;33.0799999999999;0.859999999999999;34.1300000000001;NA;NA;-1944.74301810469;-1976.72831501445;4.99927893576241;5.00385673446071;147.691539035434;146.491667583981;4620.81669543554;4678.84583326301;63.9705938195284;0.801980198019802;50;50
58;35;0.889999999999986;36.1199999999999;NA;NA;-1915.51578959733;-1960.77821522977;5.0071924005617;5.01207385163158;145.944351719838;144.674927719945;4553.71061450485;4637.94960337882;90.5248512648891;0.118811881188119;50;50
59;34.5499999999997;0.920000000000002;35.8500000000004;NA;NA;-1914.00869097267;-1956.17073313732;4.99829076580265;5.000793567932;145.909592074952;144.878333810362;4550.52429640029;4629.74185403619;84.3240843293079;0.198019801980198;50;50
60;34.1499999999996;1.29000000000001;36;NA;NA;-1934.13414937884;-1967.71255265102;4.99836476591093;5.00094186431034;148.923371982987;147.794995386372;4605.69867911528;4667.26805387008;67.1568065443639;0.762376237623762;50;50
61;33.0900000000001;0.949999999999989;34.3699999999999;NA;NA;-1924.33255872509;-1962.36322290184;4.99231220713413;4.99490864613592;149.317428517195;148.371250094643;4588.04676479855;4659.42286003695;76.0613283535031;0.366336633663366;50;50
62;31.5299999999997;0.97999999999999;32.8299999999999;NA;NA;-1929.21573856609;-1961.91378864968;5.01676322416367;5.02068749063238;143.889595956735;142.688522251337;4570.93588838066;4630.38457930231;65.3961001671923;0.821782178217822;50;50
63;34.1400000000003;1.07999999999998;35.6800000000003;NA;NA;-1914.38488302331;-1968.4041137834;4.99030832024995;4.9924472134813;150.413965243034;149.381319867981;4573.58118230261;4676.50624851379;108.038461520189;0.0495049504950495;50;50
64;33.3599999999997;1.01999999999998;35.04;NA;NA;-1922.20578758106;-1959.31826176258;4.99159414751912;4.99400597997017;147.472349551554;146.46401233267;4574.65686422566;4643.8887850407;74.2249483630221;0.425742574257426;50;50
65;33.1400000000003;1.02000000000001;34.7799999999997;NA;NA;-1891.14793530699;-1937.97118524612;5.01989110697176;5.02733022410578;137.705637730268;136.720024628459;4464.17890520187;4552.94490153743;93.6464998782535;0.0891089108910891;50;50
66;33.6800000000003;0.890000000000015;34.9499999999998;NA;NA;-1919.93174341991;-1951.19887252461;4.99227134193472;4.99352705437645;148.041645515723;147.234212158057;4572.92778365078;4631.46383875661;62.5342582094058;0.831683168316832;50;50
67;34.0799999999999;1.10999999999999;35.5500000000002;NA;NA;-1912.87100740995;-1947.49891320997;5.00292700054101;5.00353836124648;143.049184725422;142.406354882601;4534.08492498423;4600.15760791088;69.2558116000414;0.673267326732673;50;50
68;33.5;1.09;34.9499999999998;NA;NA;-1895.48999670933;-1936.11412983789;5.00177544576697;5.00535020385778;143.336942669751;142.562607691728;4500.7478071929;4578.16176504184;81.248266257111;0.237623762376238;50;50
69;33.0799999999999;0.870000000000005;34.1700000000001;NA;NA;-1917.55316027523;-1958.92497351066;4.99875282056777;5.0023536282681;145.88782682286;144.94590339016;4557.50545905383;4635.5849220291;82.7436264708585;0.217821782178218;50;50
70;33.8299999999999;1.22;35.3699999999999;NA;NA;-1901.77404437705;-1953.99817322068;5.0179844950973;5.0260104909503;141.498015653435;140.152947653801;4504.21000712028;4601.99783271169;104.448257687251;0.0297029702970297;50;50
71;33.2300000000005;1.01999999999998;34.4799999999996;NA;NA;-1910.88971415581;-1954.48977160921;4.99779768463749;5.00617355807047;145.120455134326;144.011702259255;4540.3787388322;4622.08859359045;87.2001149067974;0.099009900990099;50;50
72;33.8399999999992;1.25;35.8000000000002;NA;NA;-1906.78121866402;-1948.74396702399;5.01080542510043;5.01564905397256;142.296963699636;141.382232680034;4518.18054170955;4597.57652479623;83.9254967199508;0.158415841584158;50;50
73;36.4499999999998;1.22;38.2799999999997;NA;NA;-1928.23024708243;-1961.10827980538;5.00848649153289;5.01183570978145;146.075160205049;144.993417274965;4579.78725957757;4640.18681120191;65.7560654459021;0.792079207920792;50;50
74;34.4900000000007;1.25;36.0900000000001;NA;NA;-1923.86426665198;-1956.42483352637;5.00791795271163;5.01413060193384;143.892192594658;142.554867740189;4560.24580243812;4618.74484616193;65.1211337487812;0.673267326732673;50;50
75;34.2599999999993;1.21000000000001;35.9000000000005;NA;NA;-1924.10689600615;-1948.59539934896;5.00436220041647;5.0086952654797;143.089765064693;142.1780294524;4556.75764561905;4601.2199711609;48.9770066856267;0.98019801980198;50;50
76;35.3800000000001;1.06;36.8599999999997;NA;NA;-1930.0495212271;-1971.08793236538;4.98017584858858;4.98697365754053;154.555198853504;153.361128820523;4625.41678646691;4701.58087988923;82.0768222765637;0.376237623762376;50;50
77;33.1199999999999;0.800000000000011;34.3000000000002;NA;NA;-1901.25752436439;-1950.32363361416;5.00081311238112;5.0028766901782;147.742022133228;146.842137738678;4534.09568732025;4627.77190886972;98.1322184995406;0.0396039603960396;50;50
78;32.3299999999999;0.819999999999993;33.5300000000007;NA;NA;-1901.61664665872;-1938.94953329213;4.99947581428632;5.00517840062444;141.662392592919;140.63583850877;4504.70916417067;4574.2917046403;74.6657732668191;0.415841584158416;50;50
79;33.3299999999999;0.870000000000005;34.3299999999999;NA;NA;-1913.00537570578;-1953.26123506151;5.00262377484024;5.01112177480556;143.387248611642;142.131499661295;4536.02766732047;4610.32123898249;80.5117187114556;0.148514851485149;50;50
80;33.8299999999999;1.09;35.2299999999996;NA;NA;-1923.9694450883;-1961.86145334621;5.0046835601421;5.01010192919143;145.396845002134;144.357626601512;4567.90681250493;4638.54488577329;75.7840165158241;0.366336633663366;50;50
81;35.0299999999997;0.930000000000007;36.5100000000002;NA;NA;-1905.02430739259;-1955.51542836777;5.00044212921414;5.00437309631535;145.638914263367;144.648438483849;4531.21520207125;4627.29286174483;100.98224195035;0.0396039603960396;50;50
82;34.6799999999994;1.23999999999998;36.4699999999993;NA;NA;-1892.95882217407;-1925.09492949996;5.01358556240362;5.01555622140736;137.19879316993;136.516302211227;4465.29091453883;4526.18360883349;64.2722146517781;0.673267326732673;50;50
83;31.3299999999999;0.870000000000005;32.6599999999999;NA;NA;-1907.36972319045;-1943.36412732266;5.00861266956273;5.01968933993683;140.164021773326;138.871109157493;4508.79576885368;4574.38240511937;71.9888082644097;0.574257425742574;50;50
84;30.3000000000002;0.870000000000005;31.2700000000004;NA;NA;-1854.56355421334;-1902.97644557885;5.02528201928514;5.03374696464097;131.098621835074;129.943933649345;4358.29389317583;4449.40195586964;96.8257827310281;0.0297029702970297;50;50
85;37.5100000000002;0.909999999999997;38.96;NA;NA;-1925.34751228132;-1960.48588919113;4.99697699214654;5.00094649232841;146.93726296567;145.761479914191;4578.29070195475;4642.74527936698;70.2767538196313;0.603960396039604;50;50
86;35.1300000000001;1.06999999999999;39.6400000000003;NA;NA;-1899.3946092934;-1925.69491589096;5.01745666076348;5.0281179705398;137.339452743411;136.202091711397;4478.85899894505;4525.82769172852;52.6006131951162;0.96039603960396;50;50
87;37.6400000000003;1.22;41.21;NA;NA;-1898.10485901973;-1926.64518167174;5.00829387571012;5.00898221618121;143.223176333829;142.483008206376;4505.41419006785;4558.82971245335;57.08064530401;0.891089108910891;50;50
88;36.3800000000001;1.01999999999998;38.1599999999999;NA;NA;-1920.59107220368;-1955.83896445729;4.99217606321009;4.99451799494247;149.188168069959;148.146860952985;4579.92372714061;4645.26322561218;70.4957845072308;0.663366336633663;50;50
89;36.6100000000006;1.25;38.54;NA;NA;-1893.12332702229;-1937.25013312844;5.00460618277612;5.00763370217541;140.248888496794;139.445497685199;4480.72321478709;4564.99864154818;88.253612212312;0.0891089108910891;50;50
90;36.5200000000004;1.12;38.2400000000007;NA;NA;-1911.39271600002;-1937.80595723471;5.0104333577231;5.01557775691417;141.416503736343;140.204095072436;4523.04372423806;4569.86666965165;52.8264824693852;0.97029702970297;50;50
91;37.25;0.939999999999998;38.8000000000002;NA;NA;-1927.86037871744;-1959.92729422708;5.01202514394142;5.01677132745448;142.637049056052;141.528282723703;4562.02287736343;4620.66638159715;64.1338310192727;0.693069306930693;50;50
92;37.8999999999996;1.19;41.5500000000002;NA;NA;-1907.45625790757;-1952.31765586898;4.99711494025587;5.00574711760294;142.990870457981;141.748813693004;4522.9666686686;4606.53911773567;89.7227959228126;0.0891089108910891;50;50
93;34.5100000000002;1;36.0300000000007;NA;NA;-1891.37672313328;-1927.87576606008;5.00235002549738;5.01172268169925;141.760694024825;140.554713918809;4484.71608062343;4551.74246199277;72.998085853606;0.495049504950495;50;50
94;34.04;1.09;35.9200000000001;NA;NA;-1899.30298604134;-1944.84394880833;5.01549185925305;5.02106181871111;140.585889607555;139.528681753789;4494.75127597799;4580.59817910188;91.0819255339939;0.0495049504950495;50;50
95;34.75;0.889999999999986;36.1899999999996;NA;NA;-1905.52403169637;-1937.75381960701;5.02693757378118;5.04083612804529;137.700756390072;136.490385860597;4492.90692683469;4551.37305791966;64.4595758212699;0.693069306930693;50;50
96;33.3899999999994;1.07999999999998;35.2700000000004;NA;NA;-1903.97347518071;-1935.08754513673;5.01917021862491;5.02389207223448;141.381863582512;140.408578963908;4508.03371343331;4565.44239729263;62.2281399120257;0.821782178217822;50;50
97;35;1.09;36.6799999999994;NA;NA;-1922.85223284097;-1966.73641120078;5.0015468278004;5.00819707915681;149.237177783894;148.236454799693;4584.68873196114;4667.50176487199;87.7683567196318;0.138613861386139;50;50
98;38.1700000000001;1.13;41.9099999999999;NA;NA;-1912.69950262708;-1968.46313407737;4.99618624934966;4.9986796939938;149.467185736678;148.345653446023;4565.52221198205;4671.49593434249;111.527262900576;0.0099009900990099;50;50
99;38.9699999999993;1.25;43.1600000000008;NA;NA;-1931.05769083403;-1962.25685556276;5.00765741161014;5.01043953985797;142.32104003194;141.345533537736;4566.85270587822;4624.42057712429;62.3983294574541;0.861386138613861;50;50
100;35.8599999999997;0.97999999999999;38.3299999999999;NA;NA;-1903.71139252129;-1933.93316855097;4.99266688377435;4.9962812775251;143.450891794799;142.583350196885;4517.75484568758;4573.90255403882;60.4435520593629;0.772277227722772;50;50
101;35.4499999999998;1.02000000000001;37.5499999999993;NA;NA;-1916.46401918844;-1955.76745259559;5.0023819105637;5.01308576121708;142.415685289321;141.027028629494;4538.13402165124;4609.86461649286;78.6068668142971;0.336633663366337;50;50
102;35.5600000000004;1.11000000000001;37.25;NA;NA;-1908.08513675011;-1960.29440775442;5.01690482790671;5.02414471642056;143.036786648025;141.924757364055;4524.45179156195;4623.36384948466;104.418542008632;0.0594059405940594;50;50
103;35.0500000000002;0.620000000000005;36.04;NA;NA;-1918.91253779824;-1961.72557846372;5.00473563061758;5.00714678811307;146.806730929368;145.765673822844;4564.77439179024;4645.24542507323;85.6260813309596;0.168316831683168;50;50
104;35.21;1.02000000000001;36.4699999999993;NA;NA;-1924.24082568203;-1960.3305324312;5.00097739001487;5.00413018405745;145.468729219379;144.362413373993;4568.80552591774;4635.5067468141;72.1794134983379;0.564356435643564;50;50
105;35.1699999999992;1.03999999999999;36.4499999999989;NA;NA;-1918.17881344033;-1948.81704194623;5.00684326490544;5.01011534480174;144.715636148047;143.638779999394;4552.95237750542;4608.8965187852;61.2764570118061;0.930693069306931;50;50
106;36.1300000000001;0.889999999999986;37.1999999999989;NA;NA;-1922.1874206645;-1964.08641769715;4.9947556412247;4.99682927159344;150.318501485183;149.615395623127;4588.7135455162;4669.02993950501;83.7979940653017;0.198019801980198;50;50
107;34.1599999999999;1.03;35.3899999999994;NA;NA;-1910.28617838972;-1952.05095079399;4.98383000546665;4.98741926348482;152.214378722805;150.876207008596;4574.29895927859;4651.20222062974;83.5295448085512;0.0891089108910891;50;50
108;32.5100000000002;0.969999999999999;33.5799999999999;NA;NA;-1901.56152276334;-1950.43956824965;5.01735491041792;5.02280934290643;142.554018233487;141.42723394738;4509.01401809635;4601.19056199305;97.7560909726308;0.0297029702970297;50;50
109;30.4100000000008;0.920000000000016;31.5;NA;NA;-1889.00629703816;-1915.21501819667;5.00352011776156;5.00756848407497;138.047975556197;137.314512674514;4461.59079786313;4510.37631992066;52.4174423170257;0.96039603960396;50;50
110;32.3599999999997;0.930000000000007;33.5500000000011;NA;NA;-1921.72130983715;-1956.18040874077;5.01291857147859;5.02476668318399;143.51209715745;141.781999332801;4554.07775359289;4614.42895026458;68.9181978072347;0.633663366336634;50;50
111;33.3500000000004;1.22;34.9099999999999;NA;NA;-1921.36675982619;-1957.09932641706;5.00467157541981;5.01069387277404;143.479200311719;142.24937245937;4553.20575681986;4618.58109758785;71.4651331817436;0.544554455445545;50;50
112;33.21;0.960000000000008;34.4400000000005;NA;NA;-1913.74890909477;-1958.22336322269;4.99673628103466;5.00211992519312;144.500571229057;143.488338119003;4543.02762244021;4626.9642116932;88.9489082558352;0.128712871287129;50;50
113;36.4300000000003;1.03999999999999;38.4200000000001;NA;NA;-1922.66812097386;-1963.41861332221;4.99363666684694;4.9987609050661;145.954043053904;144.881660561219;4568.06326626104;4644.25408762381;81.5009846967018;0.237623762376238;50;50
114;31.7200000000003;0.960000000000008;32.9599999999991;NA;NA;-1884.30938263115;-1928.66499144063;5.01849700414071;5.02689602737981;137.767259239739;136.490801715478;4450.80693377619;4533.19746079372;88.7112176189662;0.0792079207920792;50;50
115;35.7400000000007;0.969999999999999;36.8599999999988;NA;NA;-1908.33160044994;-1954.12903597139;5.00475793513743;5.00832099080128;147.620352132114;146.664075677019;4547.64136082057;4634.50099587857;91.5948710429111;0.0396039603960396;50;50
116;33.6900000000005;0.840000000000003;34.9700000000012;NA;NA;-1908.13129465176;-1941.18809469182;5.00569305185613;5.00946611862764;141.034236776708;140.099741753877;4514.6279935033;4576.11421367015;66.1136000801175;0.811881188118812;50;50
117;34.5299999999997;1;35.8600000000006;NA;NA;-1908.00339972358;-1944.48919061413;5.00838258347677;5.01309963720108;141.461112026779;140.083712253087;4516.48598050972;4582.637031534;72.9715817810979;0.485148514851485;50;50
118;34.7200000000012;1.06;36.2199999999993;NA;NA;-1909.93996515508;-1944.35857234846;5.01102536630895;5.01975673061262;141.609290804999;140.440168127323;4521.09285471554;4584.14087315943;68.8372143867659;0.603960396039604;50;50
119;36;1.12;37.8500000000004;NA;NA;-1911.89508978377;-1945.44397316381;5.00756555127444;5.01158939225561;143.072237977924;142.17598213533;4532.24724353147;4594.90698100105;67.0977667600923;0.693069306930693;50;50
120;34.75;0.799999999999983;35.8400000000001;NA;NA;-1905.01411993678;-1946.83266032582;5.00995310065288;5.01465551892533;140.444012307177;139.027537065894;4505.47100372975;4582.09406204756;83.6370807780768;0.0891089108910891;50;50
121;36.5299999999988;1.05000000000001;38.3000000000011;NA;NA;-1899.22920190214;-1941.83508462839;5.00679334003859;5.01081488481783;141.436912479724;140.599292294046;4498.81775491032;4579.88183982152;85.2117654525059;0.138613861386139;50;50
122;35.4300000000003;1.10999999999999;37.0400000000009;NA;NA;-1901.37463213072;-1933.67905324566;5.00163756033182;5.00690807686091;141.110035436118;140.22178980513;4501.4900040012;4561.70048145605;64.6088422298935;0.742574257425743;50;50
123;36.3799999999992;0.96999999999997;37.8299999999999;NA;NA;-1917.78378574395;-1962.77621346428;4.98817034988682;4.99042918929938;149.653153501436;148.530571906325;4576.61164293753;4661.03776195125;89.9848554406608;0.0792079207920792;50;50
124;34.25;1.05000000000001;35.7899999999991;NA;NA;-1916.89576333057;-1955.94031118571;5.02306420649524;5.02644361905763;137.235061419039;136.247033517028;4513.34438792862;4586.54102262435;78.0890957102874;0.217821782178218;50;50
125;33.6599999999999;1.07999999999998;35.6100000000006;NA;NA;-1901.75747432713;-1935.31779611003;5.01995877932985;5.02516176370772;139.014862049206;137.989886952822;4491.88092661518;4553.92615612664;67.1206435658059;0.613861386138614;50;50
126;35.1400000000012;0.920000000000016;36.6000000000004;NA;NA;-1901.80087945706;-1940.73463001888;4.99277956708286;4.99570667624299;140.9268332749;139.834313177133;4501.43532849227;4573.89295002134;77.8675011236378;0.396039603960396;50;50
127;35.3299999999999;0.870000000000005;37;NA;NA;-1937.69779842377;-1967.82197451403;4.99242617095348;4.99616844582187;147.375526412031;146.384255326476;4605.16144253255;4660.50127428458;60.2483521805143;0.881188118811881;50;50
128;34.369999999999;1.10000000000002;35.9300000000003;NA;NA;-1926.93588496536;-1961.71874515859;5.01224529776771;5.01974768212983;143.909114093715;142.673631632908;4566.47282999253;4629.92075779299;69.5657203864566;0.653465346534653;50;50
129;35.3600000000006;1.16000000000003;36.9200000000001;NA;NA;-1931.5028556931;-1961.39187569439;4.99972850331919;5.0030145730004;148.704354364401;147.726499039053;4599.35157261408;4654.28752359529;59.778040002584;0.881188118811881;50;50
130;33.9699999999993;0.909999999999968;35.4499999999989;NA;NA;-1910.58439657925;-1950.73666022599;5.00453452117131;5.00807653384741;143.033066542954;142.034240329722;4529.43189021311;4604.79048602164;80.3045272934764;0.336633663366337;50;50
131;34.8899999999994;1.07999999999998;36.5799999999999;NA;NA;-1933.5824998338;-1964.55057868397;5.01009189563578;5.01435679883701;146.326139063269;145.277854877287;4591.73454807949;4648.47987108613;61.936157700341;0.821782178217822;50;50
132;34.2000000000007;1.13;36.1499999999996;NA;NA;-1911.5820688666;-1951.36696295256;5.00034797517254;5.00296639974512;144.296008703551;143.413021485462;4537.68100077132;4612.87846248156;79.5697881719316;0.287128712871287;50;50
133;34.5100000000002;1.33999999999997;36.7600000000002;NA;NA;-1925.72208363861;-1960.77179089738;5.00202755807044;5.00378221339965;146.152587514203;145.228618568006;4575.15433288616;4640.6784899249;70.0994145175409;0.633663366336634;50;50
134;34.7100000000009;0.79000000000002;35.8600000000006;NA;NA;-1902.30233737751;-1944.54084111555;4.99579999782321;5.00198402190779;143.300120084865;142.250186471192;4514.19015252372;4593.4681577628;84.47700747607;0.108910891089109;50;50
135;34.8299999999999;1.06;36.3600000000006;NA;NA;-1922.55335184761;-1955.22764784226;5.00611295819524;5.01161319961154;144.289560884127;143.317192834728;4559.59163878366;4620.1253133361;65.3485919892923;0.732673267326733;50;50
136;35.1099999999988;1.09000000000003;36.5999999999985;NA;NA;-1914.71186079814;-1955.18430153499;5.00186438994446;5.00818838156851;144.486753050002;143.180009978393;4544.8851017648;4619.35932636649;80.9448814737134;0.227722772277228;50;50
137;36.8099999999995;1.09000000000003;38.6599999999999;NA;NA;-1937.50383510547;-1975.4093449557;4.98147833158457;4.98380534121226;154.987830843181;153.871477373675;4642.46769698594;4712.75082034167;75.8110197004621;0.603960396039604;50;50
138;31.3400000000001;0.990000000000009;32.8600000000006;NA;NA;-1918.26355094639;-1950.20539486458;5.01693551574033;5.02375333891275;143.094019426554;142.117999403011;4545.0920220094;4604.14270876869;63.8836878363804;0.900990099009901;50;50
139;34.1700000000001;1.07999999999998;35.5100000000002;NA;NA;-1907.36129238793;-1935.67069116947;5.0157125895414;5.02180591698797;138.345390171364;137.271896194108;4499.7735095323;4551.07663997464;56.6187975630792;0.910891089108911;50;50
140;32.3299999999999;0.900000000000034;33.5599999999995;NA;NA;-1926.93908063092;-1954.78850868392;5.00310173196083;5.00949020003772;146.451532415131;145.482883718084;4579.06862542338;4629.97098137239;55.6988561060034;0.930693069306931;50;50
141;33.5900000000001;0.879999999999995;34.8300000000017;NA;NA;-1898.43348047287;-1925.0412406011;5.00170081796724;5.00825914691461;138.851096836672;137.714436761909;4484.42201553473;4532.00908634024;53.2155202564459;0.910891089108911;50;50
142;34.1599999999999;0.96999999999997;35.9200000000001;NA;NA;-1924.0691987433;-1959.85368750382;4.99518059962573;5.0001819795843;145.890702310475;144.755385359229;4570.55177466787;4636.49895354149;71.5689775210403;0.584158415841584;50;50
143;34.1700000000001;0.980000000000018;35.7099999999991;NA;NA;-1897.52662860716;-1935.71635741253;4.99963207526685;5.0040675058868;140.286951832176;139.067951792992;4489.71829784091;4560.06157959435;76.3794576107389;0.306930693069307;50;50
144;34.2700000000004;0.990000000000009;35.8000000000011;NA;NA;-1907.52092192583;-1959.08059525686;5.00088148311442;5.00386528848954;147.441415742723;146.461931056984;4545.13395661983;4643.40314608535;103.119346662076;0.0495049504950495;50;50
145;33.1200000000008;0.829999999999984;34.9099999999999;NA;NA;-1898.7066708881;-1936.94575041069;4.99736871968886;5.0077023427619;140.608525353512;139.558157271923;4493.67073208567;4564.94773752007;76.4781590451935;0.336633663366337;50;50
146;31.75;0.949999999999989;33.3499999999985;NA;NA;-1897.19880442343;-1940.15771042441;5.00057691667215;5.00463566252356;142.427503995202;141.565829099965;4499.6621153245;4581.31313402681;85.9178120019578;0.0891089108910891;50;50
147;33.7100000000009;0.979999999999961;35.1700000000001;NA;NA;-1919.14004967021;-1957.14678181168;4.98782081901419;4.99109086414491;148.19757837524;147.091327660087;4572.11653571802;4642.6521299072;76.0134642829412;0.386138613861386;50;50
148;32.9700000000012;1.07999999999998;35.1000000000004;NA;NA;-1920.91362211153;-1961.72734947237;4.99064515528992;4.99262659492376;149.235546952836;148.158647740784;4580.80343504473;4657.09836079545;81.627454721669;0.227722772277228;50;50
149;30.7200000000012;1.01999999999998;32.1999999999989;NA;NA;-1917.05433383443;-1941.88701358324;5.02323566690461;5.03079612314336;138.420861986908;137.413883573508;4519.53330951819;4564.21236992442;49.6653594976256;0.99009900990099;50;50
150;34;1;35.6399999999994;NA;NA;-1929.01460978059;-1953.42511227022;5.01938913220366;5.02430970267871;141.385958263053;140.565830758526;4558.13625844195;4602.89620215492;48.8210049792579;0.97029702970297;50;50
151;34.5;1.21000000000004;36.1399999999994;NA;NA;-1937.15924207196;-1971.81808675358;5.00787816548189;5.01184968825937;145.932332942634;144.864353158822;4596.93800554889;4660.96733266446;69.3176893632472;0.702970297029703;50;50
152;33.9099999999999;0.909999999999968;35.2799999999988;NA;NA;-1920.35256922832;-1964.99109324585;4.9852214073698;4.98708065837595;149.905329878376;148.893061539231;4582.9979227113;4667.26247729809;89.2770480350669;0.099009900990099;50;50
153;33.5799999999999;1.08999999999997;35.0999999999985;NA;NA;-1886.29689992224;-1923.9858551245;5.00221908973297;5.00555439375441;139.025753412876;138.018305042788;4461.01370904767;4531.40299325569;75.3779104045161;0.277227722772277;50;50
154;34.9400000000005;0.920000000000016;36.3100000000013;NA;NA;-1929.38851088587;-1966.78273767699;4.99641396657728;5.00019842684811;148.58458529625;147.404648689702;4594.52981726181;4663.4755270962;74.7884535822564;0.504950495049505;50;50
155;34.7900000000009;1.13;36.3899999999994;NA;NA;-1915.5784671605;-1955.72317122408;4.99922617858793;5.00384995643693;149.046867261469;147.818929101783;4569.19883165524;4643.40780464251;80.2894081271434;0.306930693069307;50;50
156;34.6100000000006;0.810000000000002;36.0599999999995;NA;NA;-1914.05019628218;-1947.94611010796;5.01295429918247;5.017624261699;141.08193618269;140.236601905278;4526.70199200085;4590.30794090537;67.7918276515556;0.584158415841584;50;50
157;34.0300000000007;1.00999999999999;35.5699999999997;NA;NA;-1910.50036825135;-1947.90964192038;4.99000918308374;4.99337372500931;146.985668040912;145.802203004216;4548.83610342488;4617.79443513306;74.8185473380654;0.455445544554455;50;50
158;31.8000000000011;0.840000000000032;33.0700000000015;NA;NA;-1909.54978154537;-1945.91335412001;5.00665538338039;5.01175648835944;143.679765946117;142.555278467156;4530.56494989007;4597.72392116393;72.7271451492893;0.514851485148515;50;50
159;32.5;0.939999999999998;33.8499999999985;NA;NA;-1892.22061843283;-1939.60478420269;5.00816970128189;5.01364496998445;138.9327906122;137.806306706507;4472.40081809917;4561.59108996981;94.7683315397194;0.0396039603960396;50;50
160;35.0100000000002;1.06999999999999;36.5699999999997;NA;NA;-1918.47754294568;-1952.00839483742;4.98677099131386;4.9881821104249;150.682901352998;149.658563565235;4583.09820485608;4645.08765037421;67.0617037834782;0.623762376237624;50;50
161;35.5799999999999;1.14999999999998;37.1099999999988;NA;NA;-1913.10188203653;-1958.39517247597;5.01348888216799;5.01625218532727;144.023876394564;143.02169229498;4539.37309764385;4624.99711964494;90.5865808788781;0.138613861386139;50;50
162;32.5599999999995;0.970000000000027;34;NA;NA;-1899.47980372063;-1937.03939717721;5.01450398793427;5.01892116699889;138.882802954632;138.176065042669;4486.67166260252;4558.29126445866;75.1191869131571;0.386138613861386;50;50
163;34.6200000000008;1;36.1400000000012;NA;NA;-1920.26637596413;-1955.57288175027;4.99855597263869;5.00371529816788;145.352651060289;144.179303107078;4560.2818371801;4625.08473032768;70.6130115722881;0.564356435643564;50;50
164;36.3299999999999;1.33999999999997;38.1399999999994;NA;NA;-1927.67815247223;-1962.22351087867;5.01291709453157;5.01819721919141;144.356980639793;143.361701367686;4570.17508538841;4634.33743425999;69.0907168128847;0.693069306930693;50;50
165;33.8299999999999;0.909999999999968;35.0699999999997;NA;NA;-1887.03818905781;-1922.33922034073;5.00706034280668;5.01185165283996;138.683735262624;137.709360179875;4460.80270107194;4526.57990788602;70.602062565838;0.465346534653465;50;50
166;35.4099999999999;1.26999999999998;37.2100000000009;NA;NA;-1929.48461481607;-1954.64285467588;5.0013340159356;5.00600270139389;145.454307204368;144.610688092346;4579.22169006275;4625.36078409489;50.3164797196305;0.98019801980198;50;50
167;36.1700000000001;0.980000000000018;37.4699999999993;NA;NA;-1909.8728156243;-1953.49093800582;4.99196808382047;4.99749055409563;148.378053352745;147.16492058422;4554.47573347283;4635.70485559954;87.2362447630503;0.148514851485149;50;50
168;36.2700000000004;0.819999999999993;37.6200000000008;NA;NA;-1935.98908688317;-1973.94935554608;4.98988049318083;4.99393185063913;150.473602747855;149.281556591447;4617.08489966567;4687.10272985548;75.9205373258274;0.514851485148515;50;50
169;35.5600000000013;1.07999999999998;37.1700000000001;NA;NA;-1904.11014089985;-1937.86539643621;5.00444445184834;5.0068020920849;142.49789902687;141.590532126669;4513.83336643727;4576.85082910914;67.5105110727295;0.712871287128713;50;50
170;33.6399999999994;1.17000000000002;35.1499999999996;NA;NA;-1898.60729195721;-1936.0618507947;5.01676080410713;5.02353913724818;139.233026301804;138.479805687875;4486.66085535534;4557.84021754314;74.9091176749803;0.405940594059406;50;50
171;33.2999999999993;0.95999999999998;35.0200000000004;NA;NA;-1913.34655497225;-1949.38766165392;5.0189429938702;5.02347241039103;141.647285735912;140.604635854478;4528.09417551257;4595.01345381468;72.0822133633337;0.386138613861386;50;50
172;31.6000000000004;1.16000000000003;33.0699999999997;NA;NA;-1901.03660346114;-1935.74971849105;5.01331654605154;5.01882989686073;141.459853833881;140.534213524328;4502.546157736;4567.38885415392;69.4262300598166;0.564356435643564;50;50
173;33.4500000000007;1.12;35.0499999999993;NA;NA;-1919.15599010835;-1949.82791349209;5.01786273861459;5.02032525858071;140.353599700924;139.246101587019;4533.30704401257;4589.16684388728;61.3438467674719;0.762376237623762;50;50
174;30.119999999999;0.810000000000002;31.4000000000015;NA;NA;-1887.03408926616;-1921.87263765471;5.0236120931761;5.02879501028258;133.304077250942;132.42897594771;4434.15581341083;4499.49963275605;69.6770967771072;0.435643564356436;50;50
175;33.7199999999993;0.769999999999982;35.1700000000001;NA;NA;-1925.48821282935;-1963.95048606889;5.01009392348692;5.01696299518796;142.358798794026;141.1318202197;4555.90072158401;4626.74958454406;76.9245464790761;0.435643564356436;50;50
176;32.6700000000001;1.34000000000003;34.8799999999992;NA;NA;-1922.84130322172;-1953.38006205998;5.02525469313823;5.02923487475729;141.578434127294;140.684867899913;4546.74273648705;4603.39554315845;61.0775176765192;0.772277227722772;50;50
177;36.1399999999994;0.810000000000002;37.7299999999996;NA;NA;-1911.68871868632;-1950.10717733773;5.00176802370429;5.00165469116909;145.618360817543;144.884930533923;4544.44224926126;4617.64740772184;76.8369173028209;0.346534653465347;50;50
178;32.5500000000011;1.06;34.2600000000002;NA;NA;-1924.59106274853;-1960.79931838084;5.0051974880438;5.00880418983597;144.062903172722;143.159565675557;4562.5447096737;4630.48812510887;72.4165112646206;0.584158415841584;50;50
179;30.6900000000005;0.75;32.0200000000004;NA;NA;-1911.90906821056;-1951.48274989296;5.01294107931569;5.0192416660308;140.880710231306;139.869251174634;4521.42331650521;4595.56219378118;79.1473633648015;0.287128712871287;50;50
180;32.0499999999993;0.899999999999977;33.4899999999998;NA;NA;-1905.88106807756;-1943.54856371132;5.0237678457965;5.02751570418658;139.453606180033;138.41179261835;4502.30066263523;4572.47686008266;75.3349912675212;0.396039603960396;50;50
181;33.7199999999993;0.889999999999986;35.3299999999999;NA;NA;-1914.34816248063;-1951.89062384893;4.98864075631464;4.99134701064592;149.823767841079;148.953263554396;4570.58523490536;4641.35964345817;75.0849227366007;0.495049504950495;50;50
182;33.6999999999989;0.810000000000002;35.1899999999987;NA;NA;-1918.42593050958;-1949.26524784438;4.99888525596284;5.0075503450447;144.845516617531;143.732539130307;4554.08974645035;4610.25720177446;61.6786346695931;0.811881188118812;50;50
183;31.5799999999999;0.990000000000009;33.0200000000004;NA;NA;-1897.58861017444;-1936.4433371988;5.01449191090928;5.02543748861442;140.818200366535;139.753834237772;4492.47286759914;4564.91185329409;77.7094540487269;0.227722772277228;50;50
184;35.0199999999986;0.830000000000041;36.0799999999999;NA;NA;-1927.70626392185;-1963.70499668772;5.00824676412243;5.01170359478363;145.450074656614;144.34237711914;4575.64402978231;4642.15646092688;71.9974655317478;0.455445544554455;50;50
185;32.8600000000006;1;34.2800000000007;NA;NA;-1921.4373366697;-1957.88208404459;4.98925443163917;4.99331000984855;145.569276071694;144.224871998613;4563.69643014327;4629.92878039137;72.8894947497715;0.495049504950495;50;50
186;33.6700000000001;1.25;35.5799999999999;NA;NA;-1899.19697977003;-1941.37919878764;5.01234807677298;5.02357034884097;138.841491901529;137.523584240842;4485.90145295123;4563.73994992994;84.3644380352057;0.198019801980198;50;50
187;33.3999999999996;0.71999999999997;34.4399999999987;NA;NA;-1931.09310110832;-1964.69331301331;5.0057625217422;5.00919550537577;145.350824349297;144.221238954048;4581.9262420637;4643.533248423;67.2004238099767;0.722772277227723;50;50
188;33.8400000000001;0.879999999999995;35.1299999999992;NA;NA;-1923.08909582257;-1961.41852308975;5.01217204592136;5.01780698080758;141.47116204513;140.155311847053;4546.70713782352;4616.85023932905;76.6588545343602;0.445544554455446;50;50
189;34.1900000000005;1.02000000000004;35.5499999999993;NA;NA;-1894.13820232148;-1935.18367128827;5.00663792224353;5.01572366522644;139.24894299889;138.080167854245;4477.80149148961;4554.10495437485;82.0909379335912;0.168316831683168;50;50
190;34.6100000000006;0.800000000000011;35.6000000000004;NA;NA;-1915.06623279909;-1947.75272162035;4.99415040660151;4.99573928004503;145.960670092635;145.093913246457;4552.8923053093;4613.97332513322;65.3729776425271;0.732673267326733;50;50
191;34.3899999999994;1.07999999999998;35.75;NA;NA;-1912.74342210477;-1947.65856717997;5.00262896529764;5.0102191681222;143.398661239988;141.992822278903;4535.56027252982;4598.42920835423;69.8302901503985;0.514851485148515;50;50
192;35;1.07999999999998;36.4500000000007;NA;NA;-1925.22938326645;-1963.60937487086;5.00230371440744;5.00581254901567;145.845128821517;144.774556412335;4572.64647547385;4644.10525841847;76.7599832088281;0.366336633663366;50;50
193;32.2199999999993;0.920000000000016;33.25;NA;NA;-1922.22163208056;-1958.13099179111;5.00226000221974;5.00598997023522;147.071011775715;146.115739940399;4572.70123139097;4639.7896894469;71.8187194210968;0.594059405940594;50;50
194;33.1900000000005;1;34.3600000000006;NA;NA;-1912.45085087795;-1961.26327295558;5.00622981453932;5.00833512265966;143.982938933624;142.853620603396;4537.86832350925;4629.90107265139;97.6248441552707;0.0495049504950495;50;50
195;33.2199999999993;1.06999999999999;34.9400000000005;NA;NA;-1889.65447209552;-1937.66371481061;5.01281027954975;5.01746118144962;139.962120855786;138.741362534059;4472.36550505196;4562.33910806019;96.0184854301674;0.0495049504950495;50;50
196;33.5500000000011;0.95999999999998;34.9400000000005;NA;NA;-1937.24902321886;-1964.39793773516;4.99611909953338;4.999772346387;149.853845412595;148.865697087199;4616.53589280938;4665.94066452167;54.2978290326073;0.99009900990099;50;50
197;35.130000000001;1.01999999999998;36.5599999999995;NA;NA;-1935.58909675791;-1969.1302907064;5.004622243516;5.00827962440744;145.916097426319;144.860732643023;4593.71732080391;4655.57381270351;67.082387896975;0.742574257425743;50;50
198;36.3500000000004;1.06;37.9000000000015;NA;NA;-1923.81626187741;-1962.44896231934;4.99079759329164;4.99302423255775;151.98678848228;151.024841621011;4600.23215769691;4672.73424419739;77.2654008838617;0.336633663366337;50;50
199;34.9500000000007;0.800000000000011;36.25;NA;NA;-1924.39450656789;-1964.54725959591;4.99574570805392;5.00233869300371;149.610254027153;148.254742496644;4589.62065738062;4663.21401765181;80.3055060560441;0.297029702970297;50;50
200;33;0.870000000000005;34.2199999999993;NA;NA;-1907.71490964707;-1949.84796531953;5.00341450979043;5.00543723709451;141.732006569748;140.911804930148;4517.25040072387;4597.45508370462;84.266111344918;0.158415841584158;50;50
201;31.5900000000001;1.03000000000003;33.2000000000007;NA;NA;-1916.51594194325;-1960.08631092443;5.01190154945679;5.0152269475238;141.554748902638;140.883430227383;4533.97473076633;4617.79127065661;87.1407379623683;0.168316831683168;50;50
202;36;1.11000000000001;38.3299999999999;NA;NA;-1915.1462093833;-1952.67904871577;5.00851144164215;5.01072388187233;143.305265037937;142.424942245231;4539.90337302464;4610.6099187797;75.0656786649433;0.475247524752475;50;50
203;33.7199999999993;1.07999999999998;35.4500000000007;NA;NA;-1912.56966951044;-1954.2480820733;5.01579567460783;5.02249026374469;141.606575700777;140.621106317925;4526.33881892583;4604.81585216831;83.3568251257184;0.227722772277228;50;50
204;34.2899999999991;0.859999999999957;35.3400000000001;NA;NA;-1922.26712621347;-1956.63823413113;4.99659169322645;5.00046950188566;146.934653098457;145.929817591189;4572.11700642533;4635.88353429137;68.7422158353265;0.663366336633663;50;50
205;33.7199999999993;1.03999999999996;35.0200000000004;NA;NA;-1907.51383637832;-1938.23565134049;5.01308562463742;5.01970784548141;137.916856360398;136.87084312399;4497.95660788169;4554.22064827276;61.4436299243407;0.742574257425743;50;50
206;32.0499999999993;0.860000000000014;33.3199999999997;NA;NA;-1920.61445293123;-1955.92058535227;5.00975430296757;5.01283478736255;146.147809038472;145.206224050989;4564.91540968392;4630.86518692442;70.6122648420992;0.643564356435644;50;50
207;33.5100000000002;1.14999999999998;35.2399999999998;NA;NA;-1914.03031946667;-1950.93483430246;5.01737161550667;5.02322984199921;141.517697310509;140.593391891832;4528.82001582244;4598.05212188971;73.8090296715663;0.356435643564356;50;50
208;33.8299999999999;1.00999999999999;35.1800000000003;NA;NA;-1909.677034468;-1943.76930819562;4.99894331120004;5.00281540670484;143.951904989205;142.887526894206;4532.16701854822;4595.08103839595;68.1845474552383;0.574257425742574;50;50
209;31.7199999999993;1.00999999999999;33.0300000000007;NA;NA;-1917.83118065263;-1945.97477503993;5.01690597310325;5.01996815103633;140.119778498805;139.137894027242;4529.49960241877;4580.9247508723;56.2871887746069;0.881188118811881;50;50
210;32.4600000000009;1.14000000000004;34.4199999999983;NA;NA;-1919.03536417409;-1958.89057828365;4.99689620494654;5.00206153614684;149.416222925041;148.067526796887;4577.94158029074;4650.97361085118;79.7104282191021;0.366336633663366;50;50
211;35.9699999999993;0.879999999999995;37.3899999999994;NA;NA;-1927.46789126699;-1961.08169034924;4.99372282417127;4.99880352258024;152.1556973151;150.955678617526;4608.37180973775;4669.65722278514;67.2275981644975;0.742574257425743;50;50
212;32.5799999999999;0.829999999999984;33.6700000000001;NA;NA;-1917.07007361323;-1951.63293996244;5.00131684743883;5.00346170964671;146.557249132825;145.735617011011;4559.8540934869;4624.91131443973;69.125732698405;0.574257425742574;50;50
213;33.3799999999992;0.909999999999968;34.9799999999996;NA;NA;-1932.87845877422;-1960.21709509301;5.02131746042183;5.02384448690687;142.501272649935;141.74446815171;4571.38670750303;4622.31647817667;54.6772726375875;0.95049504950495;50;50
214;33.75;1.38999999999999;35.5799999999999;NA;NA;-1916.86765410273;-1953.99645656931;5.00737433115182;5.0146749856871;143.125825457159;142.163327433695;4542.45772363617;4611.94928497198;74.2576049331647;0.485148514851485;50;50
215;33.1899999999987;0.980000000000018;34.4400000000005;NA;NA;-1920.32530672676;-1954.78078172973;4.99208697297649;4.99295012530053;150.610249828356;149.762579328639;4586.43398068326;4651.1474835679;68.910950005938;0.663366336633663;50;50
216;34.1900000000005;1.02999999999997;35.6700000000001;NA;NA;-1922.79446439192;-1957.72838788569;5.00490551833368;5.00836766953084;143.577361040696;142.453021426558;4556.54723273011;4620.84763803093;69.8678469875413;0.623762376237624;50;50
217;35.5;1.35000000000002;37.4700000000012;NA;NA;-1941.22825503621;-1972.99097391724;5.00705745310024;5.01261617189643;145.595407728179;144.40464567334;4603.40766414365;4661.03675331163;63.5254377620495;0.801980198019802;50;50
218;34.25;1.01999999999998;35.6499999999996;NA;NA;-1887.82460756293;-1929.39465640302;5.01681897234828;5.01934960535632;137.453477165493;136.650422158479;4456.28361520649;4535.44719025369;83.140097680176;0.168316831683168;50;50
219;35.3799999999992;1.28000000000003;37.2599999999984;NA;NA;-1937.16362233053;-1974.94811101733;4.99404774168139;4.99974113037704;151.535757480871;150.265873627008;4624.69348864903;4693.97432655268;75.568977373604;0.673267326732673;50;50
220;32.8099999999995;0.829999999999984;34.1800000000003;NA;NA;-1916.53826736592;-1942.40826775256;5.02947967373381;5.0311083195998;138.406172768663;137.660009624726;4518.42843933615;4566.47363140535;51.7400007732663;0.98019801980198;50;50
221;35.0899999999983;0.949999999999989;36.5200000000004;NA;NA;-1928.31319448931;-1964.0635793998;5.00463200620785;5.00813494580801;145.081544879677;143.99588702231;4575.03302588791;4641.15789617053;71.5007698209956;0.643564356435644;50;50
222;34.7700000000004;1.06;36.4799999999996;NA;NA;-1918.43020407035;-1947.88341502516;5.01538785349451;5.02351602499232;139.440092433174;138.347926788081;4527.33201800892;4580.8303154828;58.906421909619;0.930693069306931;50;50
223;35.2199999999993;1.18000000000001;36.6400000000031;NA;NA;-1910.92224956473;-1947.50721485623;5.00752678798556;5.01168839735332;141.771265637151;140.463305472229;4523.85948140187;4590.5527283786;73.1699305829902;0.396039603960396;50;50
224;35.6599999999999;0.910000000000025;37.2599999999984;NA;NA;-1920.12456104761;-1956.66696245709;5.00480214750816;5.01980895236994;143.75278790734;142.402545512675;4552.07609493656;4618.47484338129;73.0848028189648;0.514851485148515;50;50
225;31.2299999999996;1.01999999999998;32.4199999999983;NA;NA;-1892.65555554827;-1927.52017478795;5.01364144488801;5.0211118294919;139.382531173236;138.328191513435;4475.4976923541;4540.00611098496;69.7292384793495;0.613861386138614;50;50
226;35.3199999999997;0.889999999999986;36.630000000001;NA;NA;-1938.99361114156;-1974.9334270137;4.99197154817691;4.9944964423036;151.240506217141;150.026165696394;4626.89145766348;4692.75798629188;71.8796317442793;0.702970297029703;50;50
227;32.7800000000007;0.879999999999995;33.8999999999978;NA;NA;-1919.42026989977;-1957.88725587947;4.98894730812345;4.9919090839072;148.123803473183;147.103801494359;4572.31166176503;4644.194845274;76.93397195939;0.346534653465347;50;50
228;34.7900000000009;1.28000000000003;36.5499999999993;NA;NA;-1874.74747833178;-1923.93362363709;5.00197125400713;5.00974137117762;138.669116710589;137.457057537329;4436.1488922958;4528.51937643877;98.3722906106291;0.0594059405940594;50;50
229;33.7000000000007;0.980000000000018;35.4199999999983;NA;NA;-1904.60383915089;-1958.08994489222;4.99699571142697;5.00277263938822;145.319153205726;144.469633446196;4528.79089076078;4631.55649806137;106.972211482659;0.0198019801980198;50;50
230;35.0200000000004;1.13999999999999;36.7000000000007;NA;NA;-1911.62840006321;-1952.61479263782;5.01249175944572;5.01352588796516;147.908900985701;146.908360483435;4555.66378003701;4632.68214498123;81.9727851492225;0.277227722772277;50;50
231;34.1800000000003;0.939999999999998;35.6100000000006;NA;NA;-1923.10855378251;-1958.21604027286;4.99298835417067;4.99791049784611;148.488704829346;147.206420483269;4581.49512754983;4645.36055700044;70.2149729806993;0.584158415841584;50;50
232;33.6000000000004;1.05000000000001;35.1100000000006;NA;NA;-1919.71376829803;-1961.12255535024;5.01252637288738;5.01462699100361;143.965515517425;143.102799851538;4552.30788205669;4630.85350923186;82.8175741044147;0.326732673267327;50;50
233;33.130000000001;1.13;34.8400000000001;NA;NA;-1898.49968737877;-1945.04205489834;5.01213129597683;5.02234715460816;141.883757903808;140.438521599641;4499.57138991124;4585.49968507598;93.0847350391423;0.0495049504950495;50;50
234;33.2399999999998;1;34.8600000000006;NA;NA;-1909.61713240492;-1946.66445329454;5.00027410573928;5.00296328824876;145.566357830747;144.704726765638;4540.04157123225;4609.8696367474;74.0946417792443;0.297029702970297;50;50
235;33.6700000000001;0.78000000000003;35.0999999999985;NA;NA;-1912.38606858702;-1951.74502164577;5.01623173362375;5.01933081977992;141.057732336553;140.17973471502;4523.25388536605;4597.62417222554;78.7179061174952;0.287128712871287;50;50
236;29.9500000000007;0.970000000000027;31.8500000000022;NA;NA;-1897.80378437154;-1934.31118691128;5.03039652503078;5.03444940617604;137.31134896744;136.096470862649;4475.53818640358;4542.53722638873;73.0148050794742;0.495049504950495;50;50
237;33.1699999999983;1.14000000000004;34.6699999999983;NA;NA;-1924.46131114432;-1954.13502344061;5.01599490196415;5.02326188188334;139.035733548316;137.765160709442;4537.39195056538;4590.44782401076;59.3474245925727;0.930693069306931;50;50
238;33.4499999999971;0.96999999999997;34.8199999999997;NA;NA;-1918.04463547388;-1942.8801067339;5.01664170766689;5.021939092832;139.376932417307;138.527574116811;4526.24812860049;4571.71326644223;49.6709425200388;0.97029702970297;50;50
239;31.989999999998;1.03999999999996;33.25;NA;NA;-1895.34989432993;-1930.9858868759;5.01037270067116;5.01539334809018;142.234271322299;141.372199306651;4495.00745645207;4562.01068180584;71.2719850919457;0.524752475247525;50;50
240;36.3499999999985;1.10000000000002;37.5900000000001;NA;NA;-1916.26063169326;-1970.09493456892;4.97950028924384;4.98370544468495;157.674700643214;156.020999531761;4613.28598097148;4712.76588253635;107.668605751319;0.0198019801980198;50;50
241;33.6800000000003;1.19;35.2200000000012;NA;NA;-1923.66646774079;-1956.19863604297;5.01134988651503;5.01567559999622;143.619182316061;142.434261349132;4558.49832766784;4617.69523924884;65.0643366043664;0.752475247524752;50;50
242;31.6200000000026;1.02999999999997;32.9500000000007;NA;NA;-1901.59476274535;-1944.65558409325;4.9927993261118;4.99764692469655;147.120298849441;146.015311742675;4531.69154968111;4612.34157934812;86.1216426957976;0.158415841584158;50;50
243;34.3300000000017;1.13999999999999;35.7199999999975;NA;NA;-1912.94074495884;-1952.61857391578;4.99857097087833;5.00792464324437;146.785567085722;145.54796820585;4552.72600818039;4625.95339354335;79.3556579138772;0.425742574257426;50;50
244;33.9400000000023;1.00999999999999;35.25;NA;NA;-1930.46795816368;-1962.98997324163;5.0149752831069;5.01688129978501;144.128534246366;143.310483374448;4574.62348876443;4635.61674060665;65.0440301559047;0.673267326732673;50;50
245;30.4300000000003;0.889999999999986;31.619999999999;NA;NA;-1910.23200105838;-1953.87466852651;5.00056593426101;5.00832993159696;142.890102004105;141.841146177119;4528.01917540591;4610.11034985429;87.2853349362454;0.227722772277228;50;50
246;32.2000000000007;0.879999999999995;33.2799999999988;NA;NA;-1917.66557557116;-1954.7253847059;4.99548257918219;4.99936624667981;143.323403058047;142.230748942268;4545.03192022856;4613.74099528061;74.1196182694748;0.475247524752475;50;50
247;33.3400000000001;0.860000000000014;34.7100000000028;NA;NA;-1926.80216591557;-1954.68914014286;5.00357182192822;5.0065330948505;144.767871062298;143.954876750112;4570.45773636744;4622.20594529653;55.7739484545937;0.95049504950495;50;50
248;34.6399999999994;0.970000000000027;35.8899999999994;NA;NA;-1928.29755452682;-1965.29121105949;4.99626353307434;4.99794341163689;148.943519396459;147.976702359225;4594.12525424052;4663.32513705895;73.9873130653359;0.435643564356436;50;50
249;30.2299999999996;0.840000000000032;31.5099999999984;NA;NA;-1902.60560270669;-1936.91522616701;5.01324308765815;5.01595642964088;139.761461271394;138.755708704575;4497.27415142613;4560.91316933355;68.6192469206335;0.534653465346535;50;50
250;33.4099999999999;0.990000000000009;34.8100000000013;NA;NA;-1912.06363377059;-1942.38927226037;5.00664548461883;5.00833151074883;141.917309780545;141.096949712447;4526.8654229917;4583.45448710976;60.65127697956;0.841584158415842;50;50
