1;20.8000000000175;0.839999999999236;21.7400000000198;NA;NA;-960.757110338739;-1064.48897456632;4.52217343306754;4.97791516672077;53.6488209472943;49.3449033709779;2149.44098121362;2338.61953632364;207.463728455171;0.0198019801980198;49;49
2;20.109999999986;0.450000000000728;20.7000000000116;NA;NA;-1015.66865050072;-1091.06991605683;4.55203239202298;4.73831447265332;56.2881533363602;54.4211403386114;2271.60316583921;2414.43635587379;150.802531112216;0.287128712871287;51;51
3;19.0799999999872;0.5600000000004;19.7200000000012;NA;NA;-978.982843384725;-1063.3964562291;4.46809425040766;4.63325225623485;54.6973351944864;53.0709539512731;2189.78314506421;2351.71746519039;168.827225688757;0.0297029702970297;48;48
4;24.3800000000047;0.75;25.1199999999953;NA;NA;-1129.66987372099;-1225.98523357313;5.12386900002624;5.55682284564122;63.7192881534923;59.2044266135485;2537.02980863736;2709.98466231038;192.63071970429;0.0693069306930693;61;61
5;21.1000000000058;0.579999999999927;21.7200000000012;NA;NA;-1074.11590330893;-1161.47396579741;4.70311441018337;4.82315273050727;63.3472116971936;61.9192222310482;2422.7030234413;2591.23194623708;174.716124976952;0.0198019801980198;58;58
6;27.4100000000035;0.920000000000073;28.390000000014;NA;NA;-1045.02268467946;-1138.01530609784;5.30089469205998;5.63829524723613;49.6740945532926;47.1483105762738;2303.0345269443;2478.18988739778;185.985242836754;0.257425742574257;53;53
7;20.6100000000151;0.6899999999996;21.3199999999779;NA;NA;-1033.59250743194;-1115.62785378346;4.54638973184536;4.81311685865769;57.9251637005654;55.3972068884874;2315.55253782581;2468.78403161322;164.070692703029;0.168316831683168;53;53
8;22.320000000007;0.760000000000218;23.1399999999849;NA;NA;-1081.14818705209;-1178.16994159746;6.01116861617104;6.91837596718807;46.8912777561203;40.8298834349629;2364.64447335503;2532.53148429966;194.043509090736;0.574257425742574;56;56
9;30.8800000000047;0.909999999999854;31.9400000000023;NA;NA;-1167.24046807113;-1258.97927511568;8.24761107203538;8.81459381382495;36.8296350970559;34.5671124565222;2493.73635633367;2667.43057200297;183.477614089107;0.841584158415842;57;57
10;26.4499999999825;0.779999999999745;27.2900000000081;NA;NA;-1049.55181309169;-1135.54843793916;5.31550880223863;5.92003510912733;50.7030621138375;45.6103637934156;2316.50471992731;2466.66184890665;171.993249694927;0.564356435643564;53;53
11;19.2200000000012;0.549999999999272;19.8399999999965;NA;NA;-920.14268030038;-1000.90755638023;4.41589195283219;4.63310475260522;47.9659009076308;46.122359562613;2040.93560502426;2194.75348240452;161.529752159697;0.198019801980198;43;43
12;25.960000000021;0.949999999999818;26.9899999999907;NA;NA;-1059.85091460073;-1152.36016887542;4.83498005566316;5.15512658388955;58.6632499505999;55.1455765264199;2371.78233813058;2541.68513270638;185.018508549378;0.099009900990099;54;54
13;22.6399999999849;0.829999999999927;23.6000000000058;NA;NA;-1121.4782527246;-1209.49247454205;4.63288295192575;4.8480746564681;70.2169948193048;67.6715356084813;2548.38339645197;2713.33971011411;176.028443634899;0.108910891089109;60;60
14;19.3299999999872;0.640000000000327;20.0800000000163;NA;NA;-991.639662522517;-1089.33665256746;4.5665946343958;4.77348870851528;55.8904009876315;53.787071590341;2221.29399642372;2407.73074510266;195.393980089896;0.0099009900990099;50;50
15;22.7000000000116;0.630000000000109;23.4100000000035;NA;NA;-1015.0329682366;-1139.06830221315;4.95294748217813;6.60984473978529;53.4273694103573;40.5676887503807;2258.63927972687;2451.69357247629;248.070667953096;0.0099009900990099;52;52
16;19.859999999986;0.469999999999345;20.4100000000035;NA;NA;-970.230569100443;-1059.92863980437;5.08136369039127;5.67179700534375;44.6301251911633;40.1802073034007;2128.66217158321;2289.29342847961;179.396141407845;0.237623762376238;46;46
17;22.7200000000012;0.570000000000618;23.4199999999837;NA;NA;-1054.65712102585;-1167.59014573374;4.80632820234979;5.60601169433073;59.4486451170369;52.6522827702862;2365.85065816377;2562.38863062167;225.866049415784;0.0099009900990099;56;56
18;21.4700000000012;0.719999999999345;22.2799999999988;NA;NA;-1038.43866887968;-1121.9463325664;4.53884742197417;4.81961459982279;57.8309467063801;54.9303875144597;2324.8408835899;2479.41939325446;167.015327373451;0.0792079207920792;53;53
19;20.679999999993;0.640000000000327;21.3999999999942;NA;NA;-1012.77738190934;-1106.37945778023;4.66476708785081;4.89216633918877;57.5654391126434;55.1359341435331;2271.27272032216;2448.10653518253;187.20415174178;0.0198019801980198;51;51
20;21.8399999999965;0.680000000000291;22.5599999999977;NA;NA;-1112.77908640534;-1191.71693172203;4.76926823885762;4.96894427911513;64.209057045229;62.0365015120192;2503.76359884477;2652.22602652874;157.875690633373;0.267326732673267;58;58
21;20.0799999999872;0.729999999999563;20.9100000000035;NA;NA;-987.550508953758;-1075.89885438915;4.86046474293505;5.12523384166202;50.8222142314611;48.6251498604356;2191.53232641997;2358.87260643974;176.696690870778;0.0792079207920792;50;50
22;20.3800000000047;0.520000000000437;21.0199999999895;NA;NA;-995.632556545698;-1093.26480366446;4.65183043464108;4.87678464872704;54.6771187977146;52.4340253435616;2223.56059215245;2409.29531452253;195.264494237518;0.0099009900990099;49;49
23;22.140000000014;0.569999999999709;22.8399999999965;NA;NA;-1065.54027519257;-1167.53078076368;5.14136733838341;5.10803959555348;58.0920224707267;58.3939787561311;2382.27688789878;2587.56359145377;203.981011142221;0.0099009900990099;57;57
24;23.5599999999977;0.769999999999527;24.5299999999988;NA;NA;-1125.19007571973;-1223.25368026385;4.78967116596103;5.44787180504659;64.7767096564944;58.1726485098751;2533.2051303544;2700.49800277365;196.127209088251;0.0495049504950495;62;62
25;28.9599999999919;0.780000000000655;29.7799999999988;NA;NA;-1142.74309947881;-1234.97270215549;5.18453856520415;5.59753107664742;61.8949148346681;57.7745136583736;2556.22399270735;2722.65993513493;184.459205353355;0.306930693069307;63;63
26;19.0199999999895;0.579999999999927;19.5799999999872;NA;NA;-911.942055037071;-1006.79263403129;4.53216675256346;4.59507639121222;45.6784832034812;44.8383246295617;2014.42824400852;2200.62474780077;189.701157988448;0.0297029702970297;42;42
27;23.679999999993;0.609999999999673;24.2999999999884;NA;NA;-1131.55678719536;-1205.66677803713;4.71730866862042;4.94152596402891;66.3898879998145;63.8496242004339;2551.3355679326;2688.52736567974;148.219981683549;0.445544554455446;59;59
28;20.4700000000012;0.670000000000073;21.210000000021;NA;NA;-1038.33122016235;-1132.50333013426;4.76152179023192;5.10538699070726;58.7668882276664;55.4058621655955;2328.63905167684;2502.57209581524;188.344219943824;0.0693069306930693;53;53
29;21.3099999999977;0.710000000000036;22.179999999993;NA;NA;-1103.16425706075;-1192.27613479301;4.67163017299536;4.99240570771779;64.9444082288833;61.7034589551203;2488.27516854543;2652.42881651625;178.223755464519;0.0891089108910891;59;59
30;21.6399999999849;0.710000000000036;22.3699999999953;NA;NA;-1032.96282177244;-1133.21859191554;4.7015906944655;4.9233566496974;59.0307509292144;56.8312309747378;2317.89828047397;2509.0211744329;200.511540286203;0.0396039603960396;51;51
31;20.7799999999988;0.639999999999418;21.4800000000105;NA;NA;-1074.77412941126;-1155.4724219528;4.62783891272779;4.82628681940565;62.5918736673166;60.5566308757196;2419.08462030791;2571.71693768904;161.396585083078;0.247524752475248;55;55
32;19.8699999999953;0.730000000000473;20.640000000014;NA;NA;-1004.50157267461;-1092.51352749324;4.55899397645633;4.70933468650618;56.955641224729;55.2538374839492;2253.21361668805;2421.94064958535;176.023909637254;0.0297029702970297;53;53
33;19.9799999999814;0.569999999999709;20.5799999999872;NA;NA;-949.136619615374;-1062.08796277365;4.57245713347566;4.93062437131383;51.6517872075844;48.7507998532304;2116.63937680209;2330.27767812907;225.902686316557;0.0099009900990099;47;47
34;19.7799999999988;0.470000000000255;20.3299999999872;NA;NA;-1055.47571315057;-1117.2897575864;4.63822576508062;4.80828973614931;58.1689401166512;56.3416762092933;2360.90784775443;2476.6840427044;123.628088871667;0.732673267326733;54;54
35;20.3699999999953;0.449999999999818;20.8600000000151;NA;NA;-1006.84655767026;-1105.00691564092;4.49548865633505;4.73726874071335;57.8950186064943;55.5450943816025;2260.81788122448;2447.10795052471;196.320715941331;0.0099009900990099;51;51
36;23.9899999999907;0.5600000000004;24.5800000000163;NA;NA;-1124.52495415721;-1230.17966796864;4.81866248645852;5.4200887784487;66.4847502992519;60.0822046673941;2539.33245278549;2722.6873911647;211.309427622862;0.099009900990099;62;62
37;23.0500000000175;0.739999999999782;23.7799999999988;NA;NA;-1145.21581504468;-1238.92044309847;4.67942575734851;4.9480169410982;70.3434962365006;67.4329710546972;2598.12480692922;2772.80298216402;187.409256107592;0.0099009900990099;63;63
38;31.5199999999895;0.960000000000036;32.539999999979;NA;NA;-1206.81532933403;-1269.35289624415;6.868742505211;6.77522546784838;47.9479305128014;48.6072344982525;2623.73976725265;2751.70398869747;125.075133820226;0.98019801980198;64;64
39;20.0200000000186;0.680000000000291;20.75;NA;NA;-1011.32440932903;-1091.52980320153;4.55625623286036;4.73740548526318;54.5844889059793;52.6923989948325;2256.17255858252;2408.48859411531;160.410787744998;0.158415841584158;52;52
40;22.1300000000047;0.649999999999636;22.8099999999977;NA;NA;-1068.46825709369;-1154.16853967311;4.51397243602283;5.15640806382844;64.0003467884168;56.9519382127751;2411.95093980562;2553.0639497679;171.40056515884;0.366336633663366;54;54
41;23.3099999999977;0.720000000000255;24.1000000000058;NA;NA;-1074.72912708634;-1190.3091114152;4.75814651601329;5.86432277965428;62.2932821520028;51.1673171707383;2418.27002136556;2601.41854793804;231.159968657713;0.0495049504950495;56;56
42;23.5299999999988;0.840000000000146;24.3899999999849;NA;NA;-1149.62344386457;-1238.28246861413;4.83979654338537;5.05447975184855;69.4964438416144;66.8482638940403;2603.2349282554;2768.96943493239;177.318049499108;0.0792079207920792;63;63
43;22.2799999999988;0.679999999999382;23.0299999999988;NA;NA;-1043.52766160478;-1127.60097624549;4.60464642512079;4.90592334724379;58.5195601442473;55.7102658301511;2337.97145825893;2494.07258908186;168.146629281418;0.0495049504950495;53;53
44;21.7799999999988;0.490000000000691;22.3600000000151;NA;NA;-1039.08308438958;-1126.8672642379;4.65053155481833;4.81551582077166;57.8399454907518;56.0138641371596;2326.70887495413;2494.43042225378;175.568359696629;0.0495049504950495;54;54
45;21.7799999999988;0.539999999999964;22.4400000000023;NA;NA;-1083.73547250373;-1162.96049649358;4.82143538167598;4.98335667986028;61.0136434556018;59.3624219224642;2430.21104998337;2581.55052245268;158.450047979707;0.356435643564356;55;55
46;22.6600000000035;0.789999999999964;23.5199999999895;NA;NA;-1027.72421825003;-1110.77310323579;4.6696298751074;5.05777031421128;56.9314544618592;53.3741761388583;2299.01298078248;2449.89197790132;166.097769971517;0.178217821782178;52;52
47;24.0099999999802;0.710000000000036;24.7700000000186;NA;NA;-1109.90023064755;-1193.5343080794;5.0691439954428;5.15979509143158;61.7222922578051;60.876025765352;2488.27745719017;2651.86455813786;167.2681548637;0.108910891089109;60;60
48;21.3999999999942;0.6299999999992;22.0799999999872;NA;NA;-1084.91025464924;-1154.35689219601;4.88684382244059;4.95569232197549;58.9288809036125;58.5179674693455;2424.1140072032;2561.23408360481;138.893275093547;0.534653465346535;56;56
49;20.2999999999884;0.75;21.1199999999953;NA;NA;-1029.18918983138;-1113.57919818535;4.50775944735829;4.69476087737504;57.8569179255453;55.8703719699547;2305.90224816959;2466.18341015929;168.780016707942;0.118811881188119;52;52
50;23.859999999986;0.700000000000728;24.6900000000023;NA;NA;-1078.94715768429;-1152.8875564581;5.08255853318946;5.27312758674773;57.8004026658175;56.0885249224514;2409.78974324474;2550.21013988252;147.880797547617;0.702970297029703;61;61
51;29.6100000000151;0.940000000000509;30.6199999999953;NA;NA;-1159.44306291594;-1225.99251841071;5.72844703774038;5.95831065686783;54.0189148352234;52.6686076916165;2554.30174645475;2681.51598917181;133.098910989526;0.97029702970297;61;61
52;21.7699999999895;0.579999999999927;22.359999999986;NA;NA;-1053.4767877308;-1136.42030109029;4.59210086936238;5.02025302769752;60.5993295278871;56.6006228124808;2367.90954038792;2516.57712957342;165.88702671898;0.168316831683168;55;55
53;22.2399999999907;0.730000000000473;23.0899999999965;NA;NA;-1076.37574245221;-1154.28307003811;4.71173142828625;4.93857344995193;61.3595005814621;58.9072613193769;2417.53374096098;2562.76634383359;155.814655171797;0.178217821782178;56;56
54;22.25;0.789999999999964;23.0100000000093;NA;NA;-1070.18173058334;-1155.03198243085;4.64621807369814;4.94668641152731;60.9787040185706;58.0601327429252;2403.50248068992;2560.60858776333;169.700503695025;0.0693069306930693;56;56
55;20.6699999999837;0.649999999999636;21.4199999999837;NA;NA;-1000.02464625199;-1096.04855725507;4.81158507775104;4.97903559061869;53.8843386301602;52.1284244188106;2229.52095355636;2414.09104527972;192.047822006172;0.0594059405940594;50;50
56;21.75;0.600000000000364;22.4200000000128;NA;NA;-956.774606046535;-1065.87884558222;4.69636517594284;6.31438647775472;48.0066366888447;37.0729860122024;2115.98867636415;2288.0909805778;218.208479071367;0.0396039603960396;46;46
57;28.8999999999942;0.769999999999527;29.7900000000081;NA;NA;-1056.56682614308;-1155.26869716519;5.50261585403937;6.30020960889151;49.898378143366;44.0579759482101;2328.45817437583;2500.65905696296;197.403742044205;0.247524752475248;56;56
58;31.5800000000163;0.8100000000004;32.4700000000012;NA;NA;-1153.68855696519;-1233.33184216318;5.38021232276008;5.86294096116631;60.2734016003275;55.7941385127035;2570.5399640835;2710.26938971203;159.28657039599;0.772277227722772;62;62
59;20.609999999986;0.720000000000255;21.3500000000058;NA;NA;-983.939982493554;-1076.78692409588;4.60459424310581;4.80030224891467;54.6849533237235;52.9873555239269;2200.76112104797;2379.22562004154;185.69388320466;0.0099009900990099;50;50
60;25.5499999999884;0.579999999999927;26.2999999999884;NA;NA;-1161.22400274978;-1255.56818034619;4.67230815028112;5.04685521989904;73.8886650589225;69.8149942637403;2645.64829125163;2816.51778933;188.688355192825;0.0396039603960396;63;63
61;22;0.5;22.5499999999884;NA;NA;-1023.599860553;-1112.88850578372;4.63691228167167;5.18617123691692;56.7870209237043;51.2642493475528;2291.21792921875;2446.06344432188;178.577290461427;0.227722772277228;54;54
62;23.7000000000116;0.530000000000655;24.3099999999977;NA;NA;-1092.9395978252;-1181.13494564452;4.95617280860448;5.27131953901997;60.905376516718;57.6781543224417;2449.77041289199;2612.1781789132;176.390695638642;0.207920792079208;58;58
63;21.75;0.5;22.3500000000058;NA;NA;-967.45541630166;-1052.73890913151;4.63751656893223;5.15546004030562;50.2189003981309;46.0636506101229;2147.74785304057;2300.70411889079;170.566985659708;0.138613861386139;48;48
64;25.8000000000175;0.890000000000327;26.7399999999907;NA;NA;-991.473482110777;-1111.65531202482;4.68556929639776;6.10726854650505;53.3496751673788;41.8645474743761;2209.60280533504;2401.17195480508;240.36365982809;0.0198019801980198;49;49
65;26.6700000000128;0.75;27.5100000000093;NA;NA;-1014.26698639575;-1132.79894841488;5.36605269759581;5.97649563047255;49.4579838776677;43.9683729976678;2241.5124992316;2454.93677716451;237.063924038256;0.0099009900990099;55;55
66;23.6300000000047;0.679999999999382;24.359999999986;NA;NA;-1118.52824514988;-1196.05492557162;5.07572497031924;4.98392040661526;61.0364155432732;61.8438036291049;2503.05453356932;2661.62650947365;155.053360843494;0.306930693069307;61;61
67;25.0800000000163;0.6899999999996;25.8000000000175;NA;NA;-1043.27849803563;-1127.05167321703;4.77245932439908;4.90668286029831;58.39351820989;57.0680257217948;2338.01418229131;2499.85262839299;167.546350362807;0.099009900990099;55;55
68;22.8699999999953;0.840000000000146;23.7799999999988;NA;NA;-1109.9344073607;-1201.66977535734;4.92228585214476;5.26915655949932;62.7945017771484;59.2958794609135;2491.39919344701;2659.74149915327;183.470735993298;0.138613861386139;57;57
69;21.4400000000023;0.630000000000109;22.109999999986;NA;NA;-1022.47179983734;-1103.7811436282;4.67551651921013;5.06829772412631;55.6064618154163;51.7785313956851;2282.29966568047;2428.57884026842;162.618687581731;0.326732673267327;51;51
70;21.789999999979;0.75;22.6100000000151;NA;NA;-1068.62646564132;-1148.83499924032;4.85111371749125;5.08650328431823;59.3531991499622;56.9631098762149;2392.29820512773;2542.44487440165;160.417067197998;0.336633663366337;54;54
71;22.3099999999977;0.600000000000364;22.929999999993;NA;NA;-1099.67183931398;-1184.26481573008;4.64026012149445;4.78184461034568;65.2592371828563;63.6234707677607;2481.53184616041;2643.64456389037;169.185952832203;0.099009900990099;57;57
72;22.8999999999942;0.699999999999818;23.6600000000035;NA;NA;-1041.28389221758;-1138.89432001393;4.97208662985865;5.695226614765;55.4742769864425;48.6318856455195;2319.89822191152;2485.84591129924;195.220855592704;0.118811881188119;52;52
73;19.6199999999953;0.840000000000146;20.5400000000081;NA;NA;-951.653493328191;-1069.74824923607;4.68223212941251;4.92417112468678;51.7138173039896;49.3661524677968;2122.47974239492;2348.71941491195;236.189511815762;0.0099009900990099;48;48
74;19.5800000000163;0.399999999999636;20.0499999999884;NA;NA;-949.92197034441;-1024.92685428766;4.44218143214382;4.52414592406504;51.2291850985191;50.1089706897862;2114.73397422485;2260.04480123621;150.009767886507;0.237623762376238;44;44
75;22.5199999999895;0.600000000000364;23.2099999999919;NA;NA;-1073.81947806122;-1165.30837402715;4.69895025036657;4.86609091996779;62.4471336797988;60.6012793296076;2418.21030897315;2593.19037099706;182.977791931855;0.0297029702970297;58;58
76;22.390000000014;0.679999999999382;23.1699999999837;NA;NA;-1048.98563236744;-1157.88606598763;4.54620322496191;5.7085500912656;61.0671445373466;49.7961746243553;2360.94175883424;2530.20699288833;217.80086724037;0.0693069306930693;55;55
77;29.8999999999942;0.699999999999818;30.6199999999953;NA;NA;-1058.26669439502;-1166.07716815561;5.4077598068703;5.82120376349376;53.0525447593615;49.4283127579263;2345.93846667394;2545.88783372091;215.62094752119;0.0297029702970297;57;57
78;22.1100000000151;0.660000000000764;22.8699999999953;NA;NA;-1056.71200619153;-1141.19092565678;4.69508536589291;4.98307862320341;61.6439992628495;58.2630365445109;2379.43395448642;2533.80205706443;168.957838930506;0.198019801980198;56;56
79;24.1300000000047;0.429999999999382;24.6100000000151;NA;NA;-1062.23300935827;-1156.60933938152;4.92812595477245;5.39491813735199;56.8948960256885;52.3139448575269;2369.46976062979;2538.49569198669;188.752660046497;0.128712871287129;55;55
80;22.6600000000035;0.820000000000618;23.5199999999895;NA;NA;-1061.65915105101;-1147.63299657945;4.65262414974016;5.00321603927907;61.093928456322;57.4044266304672;2385.84362401509;2541.93724120564;171.947691056896;0.128712871287129;54;54
81;21.3300000000163;0.729999999999563;22.1700000000128;NA;NA;-1041.04030528499;-1131.20150149621;4.72265031984951;4.84371183214941;59.0253797597285;57.6917986730974;2334.60340061929;2509.22045716548;180.322392422448;0.0198019801980198;52;52
82;26.4100000000035;0.5600000000004;27.0599999999977;NA;NA;-1200.89436138776;-1293.45688281625;4.75943355439365;5.32739885480753;74.5242299205078;67.9262693372056;2730.61488484329;2886.62748925715;185.125042856979;0.237623762376238;68;68
83;22.7999999999884;0.569999999999709;23.4499999999825;NA;NA;-1070.83461578083;-1149.37232519273;4.64158575143903;4.96802012738739;61.7205875585382;58.6134694832423;2407.45361577247;2551.14900214713;157.075418823797;0.267326732673267;55;55
84;23.9199999999837;0.820000000000618;24.7799999999988;NA;NA;-947.385323049714;-1040.17545257679;4.89907335074476;5.36085771632464;46.5385430783183;42.6216975573079;2092.00962914671;2260.98956992237;185.580259054156;0.108910891089109;48;48
85;22.8500000000058;0.710000000000036;23.640000000014;NA;NA;-1132.99747231267;-1219.03675640914;4.68197050524671;4.79315734788936;69.0123663699357;67.5757158433895;2567.86555648986;2733.65999625343;172.078568192944;0.0396039603960396;63;63
86;20.3899999999849;0.529999999999745;20.9700000000012;NA;NA;-1022.72070198834;-1113.72320644574;4.96938328248232;4.86083793850307;53.7650604223744;54.7817266298201;2275.97152294245;2462.33572312218;182.005008914809;0.0594059405940594;53;53
87;22.6700000000128;0.710000000000036;23.4700000000012;NA;NA;-1091.56477750357;-1178.86946898563;4.63139314145051;4.71642772954367;65.1091113545215;63.9983370359318;2466.3383922429;2636.11617642377;174.609382964129;0.0396039603960396;60;60
88;21.640000000014;0.6899999999996;22.3399999999965;NA;NA;-1052.83198832076;-1124.32418341684;4.61435424115164;4.81760638761341;58.8555929395309;56.7642016766464;2358.02092994097;2492.03799687805;142.98439019217;0.544554455445545;53;53
89;28.3699999999953;0.75;29.1699999999837;NA;NA;-1068.14899898828;-1146.9239573021;4.65509368430497;5.39819601761791;59.975981161432;52.230874684575;2394.01941415155;2518.28801097437;157.549916627641;0.732673267326733;54;54
90;24.5299999999988;0.779999999999745;25.429999999993;NA;NA;-1128.40763643583;-1230.87806182449;4.91124967874438;5.53486673749926;64.5931813083228;57.9537129095229;2538.31377968336;2714.31968094388;204.940850777317;0.0495049504950495;61;61
91;22.1000000000058;0.889999999999418;23.1399999999849;NA;NA;-1059.54547383773;-1150.00216089187;4.64281284129309;4.79081957077609;61.2803508002566;59.4743618540975;2383.53165177291;2556.65171232671;180.913374108276;0.0297029702970297;56;56
92;21.7200000000012;0.5600000000004;22.3500000000058;NA;NA;-1063.8539787243;-1147.11857137281;4.62560267017181;4.8108050008866;61.0717066743162;59.2238449576619;2390.69809725797;2549.26992492287;166.529185297013;0.0891089108910891;55;55
93;22.070000000007;0.639999999999418;22.8299999999872;NA;NA;-1114.73802583057;-1191.55731831162;4.74811159842677;4.94341140150147;63.5673477078105;61.4307681592745;2505.4443991385;2649.80733632663;153.638584962108;0.356435643564356;59;59
94;22.1700000000128;0.770000000000437;22.9700000000012;NA;NA;-1051.94506462284;-1137.49210303718;4.75378167571368;5.45183539438619;57.6823416096732;50.7584917047016;2352.28481003228;2493.56304653677;171.094076828688;0.495049504950495;55;55
95;19.6700000000128;0.539999999999964;20.3300000000163;NA;NA;-958.240198956818;-1052.68892720706;4.55265604083643;4.75450140149389;51.6206145485023;49.6839250430336;2135.79033321461;2316.45977356579;188.897456500491;0.0099009900990099;49;49
96;21.2099999999919;0.680000000000291;21.8299999999872;NA;NA;-1003.11785014279;-1088.01873514216;4.55413986341155;4.72956263365232;56.3706688508028;54.4071065525768;2247.40108766802;2408.80233179124;169.801769998736;0.108910891089109;52;52
97;21.8999999999942;0.75;22.7700000000186;NA;NA;-1031.04810461687;-1146.17841106823;4.619725466546;5.46888710856667;59.2973546914975;50.7536064748222;2316.90151513429;2510.4489830879;230.260612902711;0.0297029702970297;54;54
98;26.1499999999942;0.929999999999382;27.2099999999919;NA;NA;-1193.16084993421;-1267.00587794263;5.90933334967889;6.16634628868965;57.1609256182484;54.9823756029476;2637.24551521688;2775.37221871879;147.690056016834;0.910891089108911;65;65
99;25.7200000000012;0.850000000000364;26.6600000000035;NA;NA;-963.604208911302;-1064.16287831166;4.51634048973824;5.00622704714795;52.5916587858158;48.2352095638536;2148.98248832735;2331.72909117474;201.117338800716;0.0099009900990099;46;46
100;21.0400000000081;0.529999999999745;21.6600000000035;NA;NA;-1077.65574435418;-1163.59790892376;4.60331433531231;4.83139035419316;62.5607961715009;60.2779372354741;2425.27764870004;2587.31084584478;171.884329139169;0.0396039603960396;56;56
101;26.3899999999849;0.840000000000146;27.3299999999872;NA;NA;-1072.93969074511;-1196.36038962105;5.17165096163883;6.57048777281829;55.9127910524484;44.8189410599927;2388.1386914898;2586.91258279418;246.84139775188;0.099009900990099;58;58
102;27.6900000000023;0.770000000000437;28.5599999999977;NA;NA;-1033.39699309386;-1120.22931666539;5.63526245234388;5.25241959460689;48.1961755693884;51.6286221281821;2274.77306000072;2463.24960970196;173.664647143064;0.168316831683168;56;56
103;21.8000000000175;0.490000000000691;22.4200000000128;NA;NA;-1009.92166194561;-1094.95247972446;4.55765513265244;5.04700704999559;56.4674358898874;52.0407485510562;2261.96050205719;2413.04169286456;170.061635557697;0.188118811881188;53;53
104;22.3299999999872;0.399999999999636;22.7799999999988;NA;NA;-1044.16661511627;-1116.65857315239;4.55738512728084;4.73477062745277;59.1356574637947;57.1653410263271;2341.89102488862;2478.42675399407;144.983916072252;0.366336633663366;53;53
105;24.609999999986;0.569999999999709;25.2600000000093;NA;NA;-1019.38519465102;-1111.83117535553;4.67830652492699;5.14119113920139;58.4454068591005;54.2548687532947;2289.36857500826;2456.29263606576;184.891961409013;0.0891089108910891;53;53
106;31.9700000000012;0.920000000000073;32.9700000000012;NA;NA;-1216.57241104465;-1296.81621930022;7.5459823356178;8.09890582616661;43.5203012015136;40.5898707065899;2623.50925448402;2771.1787212481;160.487616511141;0.900990099009901;63;63
107;27.6000000000058;0.659999999999854;28.3399999999965;NA;NA;-1055.77326199175;-1148.13787339613;4.97592743466084;5.42924097402;55.4194656200902;50.8701765275111;2350.19669122562;2515.33553021114;184.729222808766;0.0297029702970297;55;55
108;28.6300000000047;0.779999999999745;29.5599999999977;NA;NA;-1093.47105279455;-1195.4868437383;4.80776670553754;5.59204944497216;62.9135274804468;54.2151982412918;2459.53425257665;2625.87765614284;204.031581887504;0.0495049504950495;58;58
109;20.7999999999884;0.579999999999927;21.4500000000116;NA;NA;-987.206433986093;-1071.69457828761;4.57210064070859;4.77400337520819;53.4232833611326;51.5636071906167;2200.83065813514;2361.92529397452;168.976288603032;0.0594059405940594;48;48
110;31.25;1.02000000000044;32.359999999986;NA;NA;-1176.69655039929;-1266.88929352778;4.96150053421564;5.72649710331375;69.203092925104;60.1218584714075;2656.09797969286;2796.76076195896;180.385486256975;0.534653465346535;63;63
111;21.4899999999907;0.600000000000364;22.1100000000151;NA;NA;-973.128963858899;-1067.62009808433;4.77935002028205;5.15146264621755;52.7988543303682;49.4065336385167;2170.02927175532;2344.63425550466;188.982268450864;0.0693069306930693;48;48
112;22.2799999999988;0.649999999999636;23.0299999999988;NA;NA;-1026.97749871678;-1126.96025685819;4.77821426685313;5.04923346756075;56.7375223869385;54.3221954286314;2298.28104884967;2487.84555934697;199.96551628281;0.0099009900990099;55;55
113;27.0499999999884;0.699999999999818;27.7799999999988;NA;NA;-977.481642729061;-1073.6161950536;4.7809307183376;6.13664817444708;49.6087327275063;38.5088287188349;2165.21430206109;2310.43995339648;192.269104649088;0.386138613861386;48;48
114;22.0800000000163;0.800000000000182;22.9599999999919;NA;NA;-1024.8012162024;-1131.24674024498;4.72334434754203;5.04976245137915;57.4492366485745;54.1072901716783;2295.38215603818;2493.97566547172;212.891048085158;0.0198019801980198;52;52
115;23.0299999999988;0.739999999999782;23.8099999999977;NA;NA;-1054.95823544535;-1141.43746716023;4.87493461216332;5.00796404141562;60.7895848165426;59.3567184834891;2371.69172297448;2538.47990334227;172.958463429756;0.158415841584158;55;55
116;24.7099999999919;0.699999999999818;25.5;NA;NA;-1170.18552275909;-1258.49775992272;4.78021859013125;4.89131957179072;72.2663412342577;70.726651797979;2657.04407759714;2826.92159180548;176.624474327243;0.099009900990099;64;64
117;22.7600000000093;0.6899999999996;23.5;NA;NA;-1113.87737700317;-1196.02218556895;4.72705989476019;5.06274651784832;63.9413508709419;60.230685133293;2505.88411646747;2654.03323794385;164.289617131557;0.217821782178218;60;60
118;21.75;0.630000000000109;22.4400000000023;NA;NA;-1043.14526865533;-1146.75338385344;4.58315779271357;4.75363594504963;63.6017538715749;61.3554920200831;2360.17569712789;2557.71895863981;207.216230396222;0.0297029702970297;55;55
119;21.0599999999977;0.530000000000655;21.7099999999919;NA;NA;-1005.55008655705;-1070.88304498764;4.64821639466726;4.83019494979825;52.4121440951869;50.7706355259865;2234.82130060928;2358.48044157463;130.665916861171;0.663366336633663;51;51
120;21.3500000000058;0.640000000000327;22.0499999999884;NA;NA;-1042.05626417467;-1120.16066787268;4.63330481482014;4.79599743023596;59.0971862773507;57.326085905203;2336.94252154158;2485.57419501227;156.208807396013;0.346534653465347;52;52
121;25.7200000000012;0.780000000000655;26.5800000000163;NA;NA;-1083.42722686756;-1174.2998685189;5.16607771174513;5.04019314760481;58.2284179717596;59.6115039263327;2419.14692732982;2606.88485458245;181.745283302693;0.0396039603960396;58;58
122;21.2700000000186;0.659999999999854;21.9700000000012;NA;NA;-1069.80868712023;-1149.46819016894;4.71119270016759;4.92598280589069;59.8307514095384;57.6735322187967;2397.80267871086;2547.81272109899;159.319006097423;0.297029702970297;56;56
123;22.2200000000012;0.640000000000327;22.9700000000012;NA;NA;-1087.85285108611;-1155.97462209596;4.8173172991172;5.16118326085592;61.1006757341786;57.8447163641052;2439.37106147541;2561.56428920855;136.243542019706;0.841584158415842;56;56
124;29.3300000000163;0.869999999999891;30.3099999999977;NA;NA;-1084.1389257332;-1179.58250712879;6.56504138645794;8.23469810652372;41.5821025560103;32.5130156849916;2346.57072371053;2498.57208113178;190.887162791187;0.782178217821782;53;53
125;21.1600000000035;0.710000000000036;22;NA;NA;-943.390027380007;-1041.7560115365;4.61597661277393;5.08023530842282;49.2578473046312;45.1642073610891;2095.0254310093;2274.45088600675;196.731968312985;0.0297029702970297;47;47
126;22.9700000000012;0.539999999999964;23.6100000000151;NA;NA;-1035.35381192476;-1124.95433825084;4.62154782934327;4.91224971568367;60.0840528267692;57.24066583554;2328.89343230457;2495.876231784;179.201052652158;0.0495049504950495;54;54
127;26.9500000000116;1.02999999999975;28.0599999999977;NA;NA;-1050.82068724278;-1133.80319993912;5.27032806250909;5.76572268268648;49.8849360976705;45.9960921837306;2315.53456390734;2464.82527250252;165.965025392692;0.504950495049505;53;53
128;20.4599999999919;0.739999999999782;21.2700000000186;NA;NA;-959.5957758379;-1062.13731991408;4.67111758190188;4.77625412991731;50.6593330485299;49.5707858990016;2134.92921493711;2335.37661990423;205.083088152362;0.0198019801980198;50;50
129;30.2299999999814;0.690000000000509;30.9500000000116;NA;NA;-1159.2387923243;-1241.41999844193;5.4257169337741;5.81228472307403;59.9821769724296;55.4451279189293;2580.36890372703;2724.92186886785;164.362412235258;0.663366336633663;62;62
130;20.2200000000012;0.609999999999673;20.9100000000035;NA;NA;-953.028043296247;-1047.91303756929;4.53526586164103;5.20243412885141;49.7297981145088;44.2797342868473;2116.29670988062;2283.02568761364;189.769988546086;0.0495049504950495;47;47
131;22.8299999999872;0.569999999999709;23.6100000000151;NA;NA;-1075.07535840698;-1166.93477115381;4.96235650474492;5.12453836211198;62.1841790595691;60.6756683326893;2419.58273815109;2596.76547841377;183.718825493662;0.0495049504950495;58;58
132;32.679999999993;0.960000000000036;33.7799999999988;NA;NA;-1076.91433163729;-1182.52639364816;4.7052975180718;5.76401681118292;61.5815554102107;51.145267512104;2420.6496328875;2586.6553398429;211.224124021739;0.0594059405940594;58;58
133;31.3099999999977;0.780000000000655;32.179999999993;NA;NA;-1100.04506877293;-1189.14441399402;4.7021084955812;6.03934103148096;63.6207408878319;50.0207636458096;2476.290283709;2595.44666106833;178.198690442174;0.524752475247525;59;59
134;21.960000000021;0.5;22.5799999999872;NA;NA;-993.171536831335;-1079.76585518415;4.53062821363723;4.71395126904272;54.0746390287967;52.2294771065125;2217.16055730628;2382.47312420422;173.188636705637;0.0693069306930693;51;51
135;24.0599999999977;0.4399999999996;24.5800000000163;NA;NA;-1036.52238140246;-1128.45111548854;4.54446377759907;4.7240894682823;60.4224616763105;58.4950655708278;2332.68474018328;2508.26003865657;183.857468172157;0.0099009900990099;54;54
136;31.1199999999953;0.890000000000327;32.0599999999977;NA;NA;-983.520966781891;-1114.77173836301;4.65124148996596;7.41765435631576;52.9660629878224;33.188627994484;2193.12746269413;2371.20906593488;262.501543162245;0.0198019801980198;51;51
137;24.5800000000163;0.569999999999709;25.25;NA;NA;-1043.26754777456;-1130.88368216188;4.58041801688762;4.883001162776;59.4493756795417;56.1213641409986;2341.43802953973;2502.40067990658;175.232268774649;0.0396039603960396;53;53
138;23.8000000000175;0.659999999999854;24.5499999999884;NA;NA;-1047.90531640589;-1119.68006057974;4.53062957588407;4.73916951702226;58.2446681508164;56.073894340195;2346.09246346774;2480.31396934922;143.54948834771;0.435643564356436;54;54
139;33.7799999999988;0.980000000000473;34.7200000000012;NA;NA;-1120.96638699801;-1220.16116193858;5.32118454222836;6.533759328483;57.6609364878824;46.7806503449696;2492.74385768199;2643.80680268062;198.38954988114;0.495049504950495;60;60
140;27.2099999999919;0.710000000000036;28.0800000000163;NA;NA;-1098.35072823132;-1177.31593944847;4.71145327774647;5.16114096180232;63.1287271163467;58.3757253206899;2469.67706256269;2607.05497894736;157.930422434304;0.514851485148515;57;57
141;29.8800000000047;0.729999999999563;30.7099999999919;NA;NA;-1060.87514769102;-1166.56276633429;5.58358527699667;6.47631976509468;48.9093777036602;42.5989969212695;2331.91766308375;2516.17670751528;211.375237286533;0.306930693069307;54;54
142;23.7200000000012;0.579999999999927;24.359999999986;NA;NA;-990.363150735644;-1115.44922845612;4.69994677623226;5.46361162098381;55.766979538305;48.5735508211026;2218.76753704165;2438.23455704213;250.172155440958;0.0198019801980198;51;51
143;29.320000000007;1;30.4400000000023;NA;NA;-994.35890458914;-1108.17914265455;4.58751453046037;5.97233437164131;53.586337811957;42.1192867784538;2217.45098009867;2396.1443728665;227.640476130812;0.0396039603960396;51;51
144;23.6300000000047;0.730000000000473;24.4500000000116;NA;NA;-1065.33105433444;-1153.06008171438;4.73454540959308;4.96004920562241;60.2633613155665;57.8597564104552;2389.61841952789;2554.74799865344;175.458054759873;0.0594059405940594;54;54
145;25.0699999999779;0.899999999999636;26.1199999999953;NA;NA;-1104.73714066047;-1174.23377982414;4.86962602202152;5.22632410704164;60.3869564538554;56.9269824813982;2471.11928469349;2595.12116496312;138.993278327322;0.752475247524752;58;58
146;22.7799999999988;0.789999999999964;23.6600000000035;NA;NA;-1034.94100926223;-1112.58240106336;4.55497830905711;4.72077947718514;59.1678786966642;57.2004908114363;2324.1309560905;2470.9597222323;155.282783602256;0.336633663366337;54;54
147;27.9400000000023;0.640000000000327;28.6699999999837;NA;NA;-1167.409747357;-1251.44265483678;4.7207853619121;5.00745442485013;70.8620252736559;67.6124795702645;2645.33877685009;2799.1649959868;168.065814959555;0.217821782178218;64;64
148;25.0299999999988;0.529999999999745;25.6199999999953;NA;NA;-1050.55296139565;-1147.94474225476;4.58224746946233;5.31789325969067;60.4077365752932;53.1045069811088;2362.31566450496;2525.51925279387;194.783561718219;0.0792079207920792;57;57
149;27.359999999986;0.680000000000291;28.1199999999953;NA;NA;-1130.85258278674;-1236.66139571894;4.79007595190577;5.13627238675133;70.1634513246843;66.1874813992283;2568.04947893449;2762.3074146217;211.617625864391;0.0297029702970297;62;62
150;31.75;0.859999999999673;32.6900000000023;NA;NA;-1106.2528833793;-1209.74969964116;5.30004662600336;6.36091949152013;56.2133595600756;46.6681520540434;2455.57855782805;2621.29765618434;206.993632523724;0.396039603960396;57;57
151;30.5899999999965;0.960000000000036;31.6600000000035;NA;NA;-1030.71267461684;-1135.61643903415;4.80941369747569;6.11378241646589;53.9733530255898;42.5263337383063;2291.81049378434;2452.75644472284;209.807528834629;0.158415841584158;51;51
152;30.8800000000047;0.909999999999854;31.820000000007;NA;NA;-1127.7285482574;-1226.18759652843;4.75085156619817;5.30162210650136;67.9986078369529;61.4807934002722;2552.89337400229;2721.30155651715;196.918096542063;0.0198019801980198;63;63
153;23.5;0.8100000000004;24.3500000000058;NA;NA;-1057.29670694888;-1154.36799725718;4.61774272968031;4.78741013194897;63.4525059268333;61.5088333798551;2388.96907542539;2574.707000732;194.142580616598;0.0495049504950495;57;57
154;21.3800000000047;0.549999999999272;22.0299999999988;NA;NA;-1012.19834795755;-1110.59920887124;4.68457007452257;4.93135054241132;55.2464081577791;52.8452341421077;2260.75226338448;2447.28126584437;196.801721827381;0.0198019801980198;52;52
155;33.2700000000186;0.730000000000473;34.0299999999988;NA;NA;-1152.56276569265;-1286.52287338681;5.10149885884664;7.25684645745541;65.2982762496097;46.1152482285785;2591.26431710938;2775.12399277585;267.920215388325;0.138613861386139;64;64
156;22.9199999999837;0.590000000000146;23.710000000021;NA;NA;-1011.62101446696;-1099.33374975594;4.72518271312693;4.90632490745921;55.1188013675424;53.27311449327;2257.97076879725;2425.53620353568;175.425470577954;0.0792079207920792;50;50
157;34.8500000000058;0.960000000000036;35.890000000014;NA;NA;-1209.8964036747;-1278.36395363053;5.72280173185535;5.82514492640839;58.5353811194853;57.9558813597291;2677.19702186964;2811.58382231486;136.935099911663;0.900990099009901;66;66
158;22.6100000000151;0.680000000000291;23.3600000000151;NA;NA;-1043.05989310327;-1111.90490756178;4.71623381265344;4.87031251580785;55.5318658860728;54.162203491398;2323.69660091369;2455.52693065153;137.690028917016;0.663366336633663;52;52
159;24.6600000000035;0.75;25.5599999999977;NA;NA;-1053.15727068978;-1142.63218740111;4.69165396357614;4.94068636512026;59.8171650088888;57.1625838706382;2364.44121698596;2531.93584011501;178.949833422653;0.0495049504950495;56;56
160;23.359999999986;0.700000000000728;24.140000000014;NA;NA;-1055.53879121151;-1154.20282005673;4.59327414949271;4.88581945622091;61.4619594090556;58.4347218004613;2375.74824872917;2560.04025936486;197.328057690448;0.0099009900990099;55;55
161;22.8899999999849;0.719999999999345;23.75;NA;NA;-1049.28920250989;-1123.86646945561;4.56782676899333;4.78220453013125;60.6893731382874;58.2835788346662;2358.79811461589;2497.63724957234;149.154533891446;0.247524752475248;53;53
162;24.5299999999988;0.610000000000582;25.2099999999919;NA;NA;-1045.60135012913;-1148.09096178635;4.89977070299259;5.4123012734448;58.2213651945725;52.9473042664363;2341.91855226591;2524.18634181856;204.979223314451;0.0594059405940594;55;55
163;33.6499999999942;0.639999999999418;34.4700000000012;NA;NA;-1126.55953163982;-1231.34519241324;5.28760060709362;5.91374226491472;61.1468798478591;54.5814056016571;2520.5848379545;2701.43777420127;209.571321546846;0.0891089108910891;63;63
164;21.5899999999965;0.75;22.390000000014;NA;NA;-996.924768116814;-1094.71285409428;4.4458405387228;4.88982356697805;56.6820666660728;52.3455556356466;2234.07865486805;2411.27588822631;195.576171954924;0.0396039603960396;48;48
165;22.3999999999942;0.630000000000109;23.1000000000058;NA;NA;-1058.32475561624;-1129.65494218872;4.58143968003526;4.8670878578933;59.0407667111959;56.2688415184628;2370.89391240229;2501.61767801365;142.660373144957;0.534653465346535;55;55
166;23.320000000007;0.890000000000327;24.2900000000081;NA;NA;-1043.0314025493;-1124.37589510143;4.58997994269631;4.72485623719852;59.1440655916602;57.6591678403902;2338.51912542742;2494.86982758478;162.688985104265;0.178217821782178;51;51
167;25.1499999999942;0.619999999999891;25.8399999999965;NA;NA;-1143.67078254809;-1234.76834233252;4.92488184313233;5.00978584201084;66.626610852894;66.017017786283;2578.77651860596;2758.30518516524;182.195119568868;0.0495049504950495;63;63
168;22.5400000000081;0.880000000000109;23.4499999999825;NA;NA;-981.211654622207;-1080.91588861341;4.64614792589319;5.1830002365796;52.9553180231274;48.0789660718772;2188.46297351543;2367.05674338864;199.408467982413;0.0099009900990099;51;51
169;21.5199999999895;0.729999999999563;22.2999999999884;NA;NA;-995.013726780842;-1058.21072981889;4.64608180081053;4.78931067871728;50.7475321816434;49.442909430966;2205.1049136107;2325.96968633347;126.394006076101;0.861386138613861;48;48
170;22.4900000000198;0.640000000000327;23.2200000000012;NA;NA;-1000.83274117443;-1076.23590625883;4.55867550149538;4.79060478896004;53.799673997195;51.2687415891278;2231.83162167432;2371.81009921916;150.806330168803;0.346534653465347;52;52
171;25.7399999999907;0.860000000000582;26.6600000000035;NA;NA;-1097.25166812717;-1189.40388806871;5.16784668054558;5.78851308277502;57.68656064419;51.7742366609268;2444.44804684483;2603.13553036213;184.304439883076;0.396039603960396;58;58
172;26.1499999999942;0.630000000000109;26.890000000014;NA;NA;-1148.70437293609;-1228.63021993134;4.66027616973224;5.25997405936288;68.4590456902786;61.685587727486;2596.85904872673;2727.08260493238;159.851693990499;0.673267326732673;63;63
173;23;0.559999999999491;23.7599999999802;NA;NA;-993.38932224369;-1096.58711104541;4.69541479898846;5.19341924055338;55.0727692341237;50.4538246325476;2221.85664482569;2408.53626705387;206.395577603433;0.0099009900990099;51;51
174;28.8600000000151;0.829999999999927;29.7399999999907;NA;NA;-1195.22588274394;-1314.83545840723;6.29246665070979;8.32996996584895;52.9455047845022;40.4132163840743;2622.04347528521;2806.44448652339;239.219151326595;0.524752475247525;63;63
175;23.9599999999919;0.829999999999927;24.8999999999942;NA;NA;-1069.57389237098;-1159.16477208796;4.74102076421349;5.11185894758574;60.7951318951969;57.176811692939;2401.49464265185;2565.06240625451;179.181759433949;0.0297029702970297;56;56
176;24.5299999999988;0.720000000000255;25.3099999999977;NA;NA;-1044.69036732871;-1163.70294258845;4.70567874932884;5.31090328962588;60.45885930114;54.4627378324533;2349.73179943302;2561.93614177085;238.025150519486;0.0099009900990099;55;55
177;29.8500000000058;1.01000000000022;30.9400000000023;NA;NA;-1082.75895087557;-1176.67645075943;4.79534627636616;5.66591550259278;60.3004055806341;50.9316983480952;2426.26353235946;2573.58720468568;187.834999767725;0.277227722772277;57;57
178;21.5899999999965;0.6899999999996;22.390000000014;NA;NA;-958.175393567311;-1057.25226693028;4.42704829487134;4.60033414087907;52.9542363749124;51.025344001771;2141.32660841979;2331.28546507601;198.153746725935;0.0099009900990099;49;49
179;29.859999999986;0.980000000000473;30.890000000014;NA;NA;-1021.95007064428;-1127.79594258611;5.0941368288036;5.77918055318625;52.0907962918663;45.9455611673175;2268.21622062519;2453.44503539529;211.691743883657;0.099009900990099;55;55
180;23.1399999999849;0.579999999999927;23.7699999999895;NA;NA;-1018.2530319471;-1127.39201801353;4.60740669157852;4.84430445725172;59.1522714616069;56.6479703112883;2290.68793596762;2498.20473293519;218.277972132866;0.0099009900990099;54;54
181;33.3300000000163;1.13000000000011;34.5599999999977;NA;NA;-1125.35458195229;-1243.69262900043;4.86614986974095;6.55559181138403;64.8979204230892;48.182134990239;2534.58256192485;2698.14126211289;236.676094096288;0.118811881188119;63;63
182;27.5099999999802;0.819999999999709;28.4200000000128;NA;NA;-967.699692911634;-1060.57724721493;4.83472469212254;5.68835702489005;47.7461922667503;40.9940711813306;2136.74058050252;2294.02263060086;185.755108606591;0.247524752475248;46;46
183;25.3500000000058;0.4399999999996;25.820000000007;NA;NA;-1124.59059788492;-1213.46698180693;4.81186635992848;4.92515430914056;66.17783085546;64.7862701442011;2538.12368320995;2709.80068507405;177.752767844002;0.0297029702970297;62;62
184;35.109999999986;0.800000000000182;36.0899999999965;NA;NA;-1147.70606321;-1254.18116292473;5.93224669529099;7.49800385695029;52.3165744614221;41.1936628111337;2522.53688654304;2687.19859104621;212.950199429466;0.693069306930693;59;59
185;29.2799999999988;0.890000000000327;30.2699999999895;NA;NA;-1085.43217099751;-1168.76078852518;7.17438556544384;7.41316030709876;36.7220997225834;35.803820353042;2328.99894582455;2491.70183879694;166.657235055333;0.673267326732673;55;55
186;21.7399999999907;0.550000000000182;22.3500000000058;NA;NA;-967.013798199545;-1069.05460024203;4.40373541194053;4.61828154169418;55.5775401524085;53.2798189845649;2170.14851130141;2364.46825793723;204.081604084962;0.0198019801980198;49;49
187;21.5099999999802;0.569999999999709;22.1900000000023;NA;NA;-991.872055686658;-1089.22491037336;4.55563164236786;4.83095464515645;56.101424568672;53.0993486745576;2222.65744705584;2404.57852624651;194.705709373401;0.0099009900990099;50;50
188;23.5400000000081;0.680000000000291;24.2799999999988;NA;NA;-1037.19507465393;-1135.32169265072;4.62309176070526;5.10723628576401;59.904810980202;55.2035471737698;2331.24586737828;2507.34134857586;196.253235993579;0.0297029702970297;53;53
189;30.9799999999814;0.929999999999382;31.9700000000012;NA;NA;-1057.84164609801;-1172.583219865;5.49760745302269;7.14016122210584;49.3121139534177;38.1168863226941;2328.91433310867;2509.98807675441;229.483147533965;0.138613861386139;57;57
190;30.6999999999825;0.909999999999854;31.75;NA;NA;-1104.29179201847;-1175.49243664463;6.19455537672734;6.28999836460581;45.8298131966896;44.8086921233534;2406.35118673703;2544.34607210824;142.401289252318;0.920792079207921;56;56
191;26.3899999999849;0.899999999999636;27.3500000000058;NA;NA;-1005.71177264652;-1109.4328445039;4.81783883930654;5.46591403442185;56.0948544148607;49.9860039914511;2251.94319429997;2433.19223037588;207.442143714767;0.0198019801980198;53;53
192;22.75;0.890000000000327;23.7099999999919;NA;NA;-971.247514504895;-1061.84863648775;4.73056056551278;4.97138286239996;51.8007463482713;49.6062993834887;2163.09351106368;2334.95049065571;181.202243965719;0.0297029702970297;50;50
193;23.9100000000035;0.659999999999854;24.6900000000023;NA;NA;-1023.11459064849;-1143.41261599548;4.59784254232633;4.82001890601201;60.7536846764363;58.1492705470124;2306.72464147208;2536.15366483687;240.596050693979;0.0198019801980198;53;53
194;29.2200000000012;0.619999999999891;29.9400000000023;NA;NA;-1018.87737569253;-1119.19074959351;4.92229357335998;5.41933076287861;55.2882603620401;50.4943678714497;2275.33266978549;2455.35969186825;200.626747801966;0.0396039603960396;54;54
195;30.1399999999849;1.11000000000058;31.3399999999965;NA;NA;-1109.11792421939;-1224.03224883288;4.7738092737592;5.66219577669807;66.157657133836;56.4781124120539;2506.00560541019;2693.73058360563;229.828649226984;0.0198019801980198;60;60
196;24.4700000000012;0.579999999999927;25.2000000000116;NA;NA;-1040.73713362388;-1118.87956900379;4.76758405533386;4.95814073610592;57.9679352297551;55.9905538860382;2331.09878604224;2478.86855505759;156.284870759818;0.178217821782178;55;55
197;24.4499999999825;0.670000000000073;25.2000000000116;NA;NA;-1058.38288082389;-1168.0461590276;5.38815046821402;7.40150758922268;50.9837405920985;37.5624285446857;2335.84682664825;2497.50097018632;219.326556407412;0.465346534653465;54;54
198;22.6100000000151;0.6899999999996;23.359999999986;NA;NA;-1008.45444476511;-1109.90024980517;4.56976241246444;4.70397569283093;57.6307934648395;56.0447525601155;2263.46535079719;2459.57154965211;202.891610080112;0.0099009900990099;52;52
199;25.570000000007;0.880000000000109;26.539999999979;NA;NA;-1087.63094695754;-1179.71882724528;4.82691547997089;5.35204944004032;61.6086439011247;56.363539917962;2442.20023272016;2603.64997214881;184.175760575491;0.0495049504950495;58;58
200;28.5299999999988;0.619999999999891;29.2300000000105;NA;NA;-1161.0942516362;-1274.49315586768;4.68792977013086;5.72871044582065;72.641639744306;61.4218267494683;2639.93411018161;2817.65474607521;226.797808462959;0.0198019801980198;63;63
201;28.3299999999872;0.770000000000437;29.1900000000023;NA;NA;-992.120295354738;-1084.46608736586;5.98191638797795;5.80486302153213;41.42810184265;42.4699155772879;2159.82057531003;2348.92755929868;184.691584022237;0.237623762376238;48;48
202;23.2299999999814;0.869999999999891;24.1600000000035;NA;NA;-1069.67156888984;-1150.71155311775;4.66411841164207;4.80004970555662;61.9777963928586;60.4804231953117;2407.34199199236;2562.94715294249;162.079968455837;0.148514851485149;57;57
203;30.6000000000058;0.920000000000073;31.6100000000151;NA;NA;-1030.04608676082;-1122.18700979375;5.12873148345088;5.45994493255097;52.7728038547738;50.0241508625198;2285.86514986469;2458.38768958967;184.281846065865;0.217821782178218;52;52
204;22.8500000000058;0.579999999999927;23.5;NA;NA;-974.932617250173;-1066.7382056654;4.50735092580184;4.68408692154155;54.1740214216972;52.2196460167946;2180.5705377026;2355.858818087;183.611176830445;0.0396039603960396;50;50
205;32.429999999993;0.8100000000004;33.2599999999802;NA;NA;-1165.68286014872;-1251.01063701941;7.15702216339584;7.45098352807472;42.5856682940216;40.8717504801439;2517.30123324963;2680.47356081076;170.655553741384;0.762376237623762;62;62
206;24.1900000000023;0.639999999999418;24.8899999999849;NA;NA;-1043.94586247396;-1113.92053708553;4.897752330291;5.41936666304751;53.2571691889032;48.34624060401;2316.24414290204;2435.13675114853;139.949349223136;0.861386138613861;53;53
207;34.0500000000175;0.950000000000728;35;NA;NA;-1072.93067459569;-1203.21245690887;4.69577519671608;6.44604720626849;64.17366493524;46.6329878029624;2423.35538212305;2608.07111660444;260.563564626359;0.0099009900990099;57;57
208;25.8099999999977;0.719999999999345;26.5599999999977;NA;NA;-1094.97288893927;-1195.89433461789;4.75390924737288;4.91326948899925;65.8774602286025;64.0175436912848;2475.943141161;2669.71147676347;201.842891357232;0.0297029702970297;59;59
209;22.9400000000023;0.640000000000327;23.6300000000047;NA;NA;-1007.21451821919;-1114.22143415216;4.9273232379328;5.3949017341308;54.5051604482429;50.1587493778958;2249.14197549308;2444.43906736098;214.013831865937;0.0099009900990099;55;55
210;21.7700000000186;0.859999999999673;22.6600000000035;NA;NA;-981.30404726636;-1075.50179612776;4.48798571502279;4.71326282085447;54.122981593786;52.0665344941697;2193.09603969759;2372.7339588027;188.395497722794;0.0099009900990099;50;50
211;30.7000000000116;0.880000000000109;31.6499999999942;NA;NA;-1093.06886717535;-1196.39622560925;5.5057550908121;6.23118752007097;52.5070540939229;46.3642876880796;2413.64064478442;2593.67994283737;206.654716867797;0.396039603960396;58;58
212;23.3800000000047;0.570000000000618;24.0499999999884;NA;NA;-1044.9158028678;-1133.19995927021;4.54131731613722;4.73011479033223;60.8764116278726;58.7525363235944;2351.98075592204;2519.40312711777;176.568312804803;0.0792079207920792;55;55
213;27.6300000000047;0.769999999999527;28.5299999999988;NA;NA;-1066.38342661715;-1155.86980037437;4.75191321562545;4.96979790661815;61.1432334115805;58.8535278429724;2396.61586002043;2565.70793053429;178.972747514427;0.0693069306930693;56;56
214;23.1700000000128;0.779999999999745;23.9700000000012;NA;NA;-1033.30299863115;-1119.6153718121;4.76484282981637;4.84962131300371;58.1847422549019;57.0679631912952;2316.08652325152;2483.92282134665;172.624746361889;0.099009900990099;53;53
215;23.75;0.600000000000364;24.4500000000116;NA;NA;-1066.10790228318;-1166.32676583106;4.60113180528246;4.77788189199193;63.9067851986281;61.7691280883185;2407.99025843027;2599.2034372983;200.437727095762;0.0099009900990099;56;56
216;25.2000000000116;0.680000000000291;25.929999999993;NA;NA;-1036.80881691006;-1134.64611920005;4.66646715589685;5.97410376155071;58.0205848766527;46.3273511894293;2322.93656136654;2468.36443905389;195.674604579991;0.356435643564356;54;54
217;30.9700000000012;0.719999999999345;31.8299999999872;NA;NA;-1086.61827014162;-1159.22034771685;5.47139414021955;5.73195293216111;52.5444258002787;50.6349298202533;2399.50606245511;2536.48744732291;145.204155150456;0.97029702970297;55;55
218;22.7399999999907;0.660000000000764;23.4700000000012;NA;NA;-1033.59329945554;-1104.92803440628;4.68931004282562;4.74172108993588;55.414126126347;54.6044595957112;2304.2596985596;2443.46524748069;142.669469901483;0.475247524752475;52;52
219;21.5599999999977;0.639999999999418;22.2599999999802;NA;NA;-936.16892669212;-1033.68059517737;4.50720743158185;4.64623631760264;51.0538592353523;49.3753482342972;2087.62716805888;2275.57238226837;195.0233369705;0.0099009900990099;46;46
220;22.8500000000058;0.480000000000473;23.4400000000023;NA;NA;-953.559095155481;-1036.13019795951;4.65908600419035;5.01700469302425;48.4866877109545;45.8344764594386;2112.61377188398;2266.51541396182;165.142205608057;0.138613861386139;48;48
221;29.6999999999825;0.829999999999927;30.6399999999849;NA;NA;-1029.01720267288;-1144.16542801672;5.24075960125898;6.32569962034995;52.9981189256228;43.6532141881415;2286.2576443034;2476.31258321342;230.296450687669;0.0891089108910891;55;55
222;23.9400000000023;0.8100000000004;24.8399999999965;NA;NA;-1051.94625875004;-1150.65655261877;4.55554716709231;4.81794196301029;63.010066773066;60.2116040513346;2377.44151126539;2562.71298218987;197.420587737455;0.0396039603960396;59;59
223;23.5599999999977;0.659999999999854;24.3000000000175;NA;NA;-1020.85646225767;-1126.01112495707;4.62540134290142;4.9012223928672;59.297750167234;56.3138640044231;2295.9657290889;2493.48095313843;210.309325398796;0.0198019801980198;53;53
224;23.3399999999965;0.729999999999563;24.1700000000128;NA;NA;-1034.07201678643;-1118.5958217634;4.6970362584714;5.09917601835057;57.8576750858038;54.2554949886954;2315.67114136797;2469.30787938708;169.047609953941;0.217821782178218;52;52
225;24.5299999999988;0.8700000000008;25.5199999999895;NA;NA;-1078.75860595654;-1165.23004935172;4.71713302761925;5.22726829929023;60.6066085202944;55.4847771541742;2417.94848248075;2568.88246491433;172.942886790361;0.207920792079208;54;54
226;31.2200000000012;0.799999999999272;32.070000000007;NA;NA;-1084.3281894915;-1196.98066713723;4.82920204890328;6.1060857231781;61.1829228768469;48.9755797927987;2432.12544375199;2604.86250731094;225.304955291459;0.0495049504950495;55;55
227;23.5299999999988;0.780000000000655;24.4700000000012;NA;NA;-1030.93115656408;-1120.6165509126;4.98217405520049;5.50235514982331;51.4963345519465;47.1416334591984;2281.16442814252;2441.99030159067;179.370788697053;0.257425742574257;50;50
228;22.0299999999988;0.819999999999709;22.890000000014;NA;NA;-990.472480142904;-1065.30490489184;4.62998351701853;4.72201425193853;53.1418266646545;52.0406722707487;2206.7177580244;2351.70435831901;149.664849497878;0.376237623762376;49;49
229;22.109999999986;0.719999999999345;22.8000000000175;NA;NA;-964.986602646009;-1056.59612337142;4.4237463444567;4.68491540231124;54.8844739544445;52.3437346922072;2163.70403923165;2336.10309710971;183.219041450813;0.0396039603960396;50;50
230;32.0200000000186;0.970000000000255;33.0299999999988;NA;NA;-1161.06571552129;-1234.41016225747;6.81685078832192;7.40723745830305;43.2956485206095;39.8654273667071;2509.72310262893;2641.54951125216;146.688893472374;0.871287128712871;58;58
231;24.5799999999872;0.720000000000255;25.3999999999942;NA;NA;-1037.44484301795;-1136.78959716715;4.82335179465349;4.93853674961422;58.5810947973152;57.3756795080741;2327.15462425174;2520.65331092897;198.689508298386;0.0297029702970297;55;55
232;24.9199999999837;0.779999999999745;25.8000000000175;NA;NA;-1108.40255830482;-1194.54254726656;4.78515103530197;5.05900312052467;64.6509052224892;61.7383675636173;2498.02086834373;2657.63201410817;172.279977923474;0.0792079207920792;60;60
233;32.1699999999837;0.920000000000073;33.140000000014;NA;NA;-1082.60902248454;-1181.01525870026;4.84110744356094;5.6533870405364;59.7169236260771;52.3271133176961;2423.95992568438;2588.75377925171;196.812472431434;0.0396039603960396;58;58
234;25.4400000000023;0.670000000000073;26.2000000000116;NA;NA;-1131.49515339006;-1213.09431010665;5.05078792979848;5.40590600850291;62.0931875619544;58.4221239401968;2532.028079556;2679.32038430618;163.198313433194;0.445544554455446;58;58
235;24.0799999999872;0.739999999999782;24.820000000007;NA;NA;-1020.54855316744;-1108.08637676279;4.67587034660459;5.17790689789698;56.4208102414976;51.3514054664104;2282.47700896359;2435.86469340157;175.075647190703;0.257425742574257;52;52
236;32.9100000000035;1.09000000000015;34.0400000000081;NA;NA;-1023.80851693609;-1128.06621418824;5.1467651333034;6.39664455333869;50.2757035726162;40.1827792894684;2262.2187694633;2427.6525377657;208.515394504309;0.138613861386139;51;51
237;26.25;0.730000000000473;27.0800000000163;NA;NA;-1118.12397078606;-1209.07553580297;4.65020343467538;4.98463895187331;66.7136594163;63.2475377784619;2526.9875386821;2693.7852342766;181.903130033816;0.0099009900990099;61;61
238;22.8000000000175;0.710000000000036;23.640000000014;NA;NA;-962.820801006443;-1073.41191105216;4.64197147734802;5.36363290042891;50.8693316096888;44.3384870946915;2141.75971532288;2335.19567356579;221.18222009144;0.0099009900990099;49;49
239;23.3600000000151;0.699999999999818;24.0899999999965;NA;NA;-978.551826615333;-1064.19468202308;4.75161043258443;4.85941930803363;50.80526661073;49.739852574019;2173.46278866316;2340.21133088889;171.285710815486;0.0495049504950495;50;50
240;23.2299999999814;0.719999999999345;24.1000000000058;NA;NA;-985.056141127186;-1079.89585197793;4.54795740975514;4.67007232029918;54.4139602848902;52.893273845312;2201.8393882826;2385.04281988937;189.679421701493;0.0198019801980198;50;50
241;24.6499999999942;0.840000000000146;25.6000000000058;NA;NA;-1071.49766191508;-1151.81229456543;4.69279370367527;4.89981664535388;61.0925015021322;59.1907343758089;2406.07501140186;2558.51478880919;160.629265300701;0.158415841584158;55;55
242;25.1199999999953;0.630000000000109;25.8299999999872;NA;NA;-1084.24759598532;-1166.12287197004;4.68415638709576;4.94263070701995;62.400186422066;59.5092688481995;2437.76827898427;2589.04376727117;163.750551969428;0.138613861386139;56;56
243;29.140000000014;0.75;29.9899999999907;NA;NA;-1012.5257464155;-1124.1787103464;4.971354707037;6.00478461954971;52.1227875533215;42.8709386765873;2249.02713046291;2432.57715023325;223.305927861799;0.0099009900990099;54;54
244;26.7600000000093;0.690000000000509;27.5799999999872;NA;NA;-1159.89653078614;-1229.25318322632;5.00499175936899;5.01406438767199;64.8362230362361;64.5675770084846;2601.81490083327;2739.3596606734;138.713304880365;0.653465346534653;60;60
245;30.4100000000035;1.13999999999942;31.7799999999988;NA;NA;-1041.08044489789;-1163.56669853329;4.66393397095285;5.64521568011935;60.6805055511779;50.1045036598148;2343.46641910922;2542.89600040833;244.972507270808;0.0099009900990099;55;55
246;23.75;0.820000000000618;24.7099999999919;NA;NA;-1030.1855321348;-1126.38156498095;4.6203415422302;4.83606585650425;57.5931262252489;55.3230821848502;2306.76637729028;2489.44672478695;192.392065692297;0.0099009900990099;52;52
247;33.710000000021;0.969999999999345;34.8600000000151;NA;NA;-1121.0467318731;-1218.77262178521;5.09531568842517;6.17163986083271;60.5485599954284;49.8615345710565;2505.9654217932;2654.84290943541;195.451779824229;0.396039603960396;61;61
248;29.0100000000093;1.02000000000044;30.1600000000035;NA;NA;-1002.81451976422;-1114.19519528545;4.69743837123674;6.70383415010266;53.5349288383564;37.8774123261411;2234.66254427476;2390.43779931916;222.761351042477;0.158415841584158;52;52
249;25.1699999999837;0.699999999999818;25.9500000000116;NA;NA;-1127.96850609911;-1206.26288151376;4.64438759035782;4.75226011096328;67.1399635015178;65.771620543888;2547.41534888093;2698.06363879096;156.588750829299;0.138613861386139;59;59
250;24.8999999999942;0.630000000000109;25.6900000000023;NA;NA;-1085.09469952144;-1166.64794593791;4.56931628251939;4.8003857706784;65.3135534353777;62.7451587025198;2452.03442492816;2604.05762429611;163.106492832947;0.207920792079208;56;56
