1;4.23999999999069;0.1899999999996;4.44000000000233;NA;NA;-246.260997745289;-321.163354669065;2.65618322463459;2.64789396430257;2.74355990142389;2.51945431023363;499.790121026517;649.001143601197;149.804713847553;0.0099009900990099;2;2
2;0.029999999969732;0;0.0100000000093132;NA;NA;NA;NA;NA;NA;NA;NA;NA;NA;NA;NA;NA;NA
3;2.29999999998836;0.0200000000004366;2.32000000000698;NA;NA;NA;NA;NA;NA;NA;NA;NA;NA;NA;NA;NA;NA
4;8.47999999998137;0.319999999999709;8.86000000004424;NA;NA;-260.471965187943;-315.010615305171;3.10937610005614;3.10958610626551;5.39464919443846;5.10927769050883;537.706745661838;645.897309866605;109.077300234457;0.168316831683168;5;5
5;1.6699999999837;0.0500000000001819;1.73000000003958;NA;NA;NA;NA;NA;NA;NA;NA;NA;NA;NA;NA;NA;NA
6;10.070000000007;0.449999999999818;10.5200000000186;NA;NA;-279.285634756724;-357.112886727806;3.26733418795846;3.3289339109237;6.59218593344736;6.23267861352538;579.656144358632;734.160776782758;155.654503942164;0.0099009900990099;6;6
7;2.97999999998137;0.159999999999854;3.13999999995576;NA;NA;-264.805858150073;-336.423388538114;2.64915653608609;2.64498293952773;2.36019568933418;2.03126021302664;535.864249204771;678.227907707557;143.235060776083;0.0495049504950495;2;2
8;2.11999999999534;0.139999999999418;2.27999999996973;NA;NA;-233.247782011246;-287.236543703694;2.64916900332448;2.64836718605219;2.00128906092199;1.89364610251653;471.797296315975;579.489656422918;107.977523384896;0.267326732673267;2;2
9;2.9199999999837;0.110000000000582;3.04999999998836;NA;NA;-243.826825587185;-324.382150980538;2.64992581638122;2.64870216443207;2.12974804233705;1.74123710291187;493.295691693913;653.377115351894;161.110650786706;0.0396039603960396;2;2
10;4.95000000001164;0.279999999999745;5.27000000001863;NA;NA;-260.628974732115;-345.252440603528;2.85158121409346;2.85176896632292;3.20228985300467;3.00844637615752;530.3905318354;699.084643065192;169.246931742825;0.0099009900990099;3;3
11;7.84999999997672;0.349999999999454;8.21000000002095;NA;NA;-276.051182666242;-345.633048842115;3.00009741357064;2.99602179402145;4.592841249286;4.39703194250991;565.86128809028;704.438428182256;139.163732351747;0.0198019801980198;4;4
12;9.27999999996973;0.390000000000327;9.72999999998137;NA;NA;-291.883245334251;-358.85199492469;3.19853455141367;3.19837031647086;6.48937633244073;5.92723228585194;604.522532620925;736.662033840741;133.937499180879;0.0198019801980198;6;6
13;6.22999999998137;0.260000000000218;6.50999999995111;NA;NA;-257.341520488162;-330.297515294048;2.86107574608481;2.86030266275545;3.15776821591992;3.0171524711603;523.688652480819;669.19962128228;145.911989611772;0.0099009900990099;3;3
14;7.95000000001164;0.389999999999418;8.34000000002561;NA;NA;-264.525871464662;-332.848721797979;3.18637900854363;2.99560365729526;3.57648943753002;3.59445277230311;539.251501816612;675.948431960279;136.645700666634;0.0099009900990099;3;3
15;7.25;0.220000000000255;7.53000000002794;NA;NA;-309.00536610644;-383.820670223003;3.01634216919269;2.9908318582941;3.74577908921077;3.60735865356197;629.232083520032;778.448021186767;149.630608233127;0.0099009900990099;4;4
16;0.169999999983702;0.0299999999997453;0.200000000011642;NA;NA;NA;NA;NA;NA;NA;NA;NA;NA;NA;NA;NA;NA
17;5.05999999999767;0.109999999999673;5.19000000000233;NA;NA;-260.384985163458;-338.629090640351;2.91333084246355;2.90270441219342;2.71428799780446;2.33829717216599;528.51082448344;683.926750496272;156.488210953786;0.0099009900990099;3;3
18;8.05999999999767;0.199999999999818;8.25;NA;NA;-286.283547521495;-360.718189818642;3.13279842930421;3.13475939761118;5.01515075984123;4.56113814209012;588.150693306449;735.609222655212;148.869284594294;0.0099009900990099;5;5
19;9.75;0.420000000000073;10.1599999999744;NA;NA;-270.513178386022;-348.793048307322;3.10924805814144;3.12281156458633;5.2160222884791;4.99938929065308;557.23412394981;713.120719201072;156.5597398426;0.0099009900990099;5;5
20;6.44000000000233;0.210000000000036;6.67999999999302;NA;NA;-257.808184771113;-324.273381262739;2.8541501521823;2.85230831936843;3.27962828008028;3.20237906960286;524.96951269588;657.679599332682;132.930392983253;0.0099009900990099;3;3
21;0.0100000000093132;0;0;NA;NA;NA;NA;NA;NA;NA;NA;NA;NA;NA;NA;NA;NA
22;9.14999999996508;0.400000000000546;9.57999999995809;NA;NA;-278.930236631712;-346.016431942025;3.1097439754906;3.22674670394841;5.24820736856062;5.01394339557152;574.168249270851;707.612710499625;134.172390620627;0.0099009900990099;5;5
23;6.36999999999534;0.389999999999418;6.75;NA;NA;-257.364041811076;-321.38735390912;2.85187914335597;2.94617954715511;3.65408927479507;2.97667731485201;525.149148805355;651.26386776882;128.046624196088;0.0198019801980198;3;3
24;7.47000000003027;0.329999999999927;7.82000000000698;NA;NA;-243.498316353038;-310.532630770233;3.00315586679306;3.00513892542798;4.56690505178998;4.21732054069858;500.67785755998;633.699224792158;134.068628834389;0.0099009900990099;4;4
25;0;0;0;NA;NA;NA;NA;NA;NA;NA;NA;NA;NA;NA;NA;NA;NA
26;8.72999999998137;0.329999999999927;9.11999999999534;NA;NA;-291.056981601866;-356.321735998796;3.21128178679652;3.22513416633175;5.53351298782844;5.12328082487316;599.812709868414;729.030105517908;130.529508793859;0.0396039603960396;6;6
27;7.46999999997206;0.170000000000073;7.6600000000326;NA;NA;-280.139360388265;-332.571619595298;2.92617600981383;2.93048804570154;3.24531822259634;3.22353044244765;569.534015377894;674.336397412672;104.864518414065;0.821782178217822;3;3
28;8.76999999996042;0.390000000000327;9.1699999999837;NA;NA;-259.662484295419;-335.03088859945;3.1507650894774;3.14032679085825;5.21279290536987;5.05104135064075;535.522701093393;685.756898440478;150.736808608062;0.0099009900990099;5;5
29;6.13999999995576;0.329999999999927;6.55999999999767;NA;NA;-282.448944150635;-370.940825093808;2.8904152018562;3.17686096066583;2.93523012401741;2.535114679751;573.268845371497;749.11152152842;176.983761886346;0.0099009900990099;3;3
30;0.0200000000186265;0;0;NA;NA;NA;NA;NA;NA;NA;NA;NA;NA;NA;NA;NA;NA
31;6.02000000001863;0.340000000000146;6.38000000000466;NA;NA;-265.676846056214;-327.107204503241;2.8546459769396;2.84897755298506;3.672282859819;3.28995077331799;541.826643421336;663.596990788148;122.860716894054;0.0297029702970297;3;3
32;0.179999999993015;0.0199999999995271;0.169999999983702;NA;NA;NA;NA;NA;NA;NA;NA;NA;NA;NA;NA;NA;NA
33;3.15999999997439;0.1200000000008;3.27999999996973;NA;NA;-229.508439843663;-297.290879726269;2.6490859402554;2.6490938113924;2.45145574324182;2.38775234634959;465.511174956197;600.907294314377;135.564879765211;0.0099009900990099;2;2
34;3.97999999998137;0.149999999999636;4.10999999998603;NA;NA;NA;NA;NA;NA;NA;NA;NA;NA;NA;NA;NA;NA
35;9.39000000001397;0.400000000000546;9.82999999995809;NA;NA;-266.344803503672;-345.081022429728;3.19909846681672;3.20875657477275;5.95294480481012;5.58145996869921;551.729891586222;708.014148256043;157.472437852111;0.0099009900990099;6;6
36;0.590000000025611;0.0199999999995271;0.630000000004657;NA;NA;NA;NA;NA;NA;NA;NA;NA;NA;NA;NA;NA;NA
37;1.21000000002095;0.0299999999997453;1.25;NA;NA;NA;NA;NA;NA;NA;NA;NA;NA;NA;NA;NA;NA
38;8.07000000000698;0.200000000000728;8.29999999998836;NA;NA;-301.313245145014;-360.823822875577;3.01711515485508;3.06080005258784;4.21466795516848;3.92819364209042;615.25250710564;733.415462221534;119.021155461126;0.287128712871287;4;4
39;9.30000000004657;0.279999999999745;9.57000000000698;NA;NA;-251.496604179263;-325.337704964446;3.00405513242992;3.03835080022311;4.65984715082242;4.39477923793536;516.952862858073;663.840991927119;147.682201570365;0.0198019801980198;4;4
40;9.51000000000931;0.460000000000036;9.98000000003958;NA;NA;-275.329331652657;-343.973333199712;3.13179685386463;3.13094136118018;5.54926672103968;5.48360632064479;567.901922257753;704.985898523842;137.288003094109;0.0495049504950495;5;5
41;6.72999999998137;0.289999999999964;7.02999999996973;NA;NA;-253.479956044415;-321.695749156051;2.91974673369458;2.90521994287485;3.3387252903723;3.16854214840735;516.481593488289;652.42783590025;136.431586223272;0.0198019801980198;3;3
42;1.10999999998603;0.069999999999709;1.1699999999837;NA;NA;NA;NA;NA;NA;NA;NA;NA;NA;NA;NA;NA;NA
43;11.359999999986;0.470000000000255;11.8699999999953;NA;NA;-331.25444296745;-398.716647029971;3.42002978098693;3.47639602603187;8.42534326976037;7.96080247414299;691.165141403614;824.509554590927;134.924408125042;0.0198019801980198;9;9
44;4.95000000001164;0.260000000000218;5.23999999999069;NA;NA;-272.137421995275;-349.794093716983;2.85700372011841;2.85169779705822;3.24855714549616;2.89282226662346;553.53937564775;707.838201907297;155.313343443417;0.0099009900990099;3;3
45;8.86999999999534;0.380000000000109;9.23000000003958;NA;NA;-289.354200280542;-366.649564628492;2.9969004410494;3.0629542988057;4.93845366736812;4.62718685345938;593.502685593869;747.160942249657;154.590728695901;0.0099009900990099;4;4
46;9.14000000001397;0.429999999999382;9.61999999999534;NA;NA;-303.33052171049;-376.460808329483;3.22230688644435;3.22389607819538;5.88813860792374;5.43180208170207;625.494047658505;770.295044567818;146.260573237986;0.0198019801980198;6;6
47;5.63999999995576;0.25;5.89999999996508;NA;NA;-262.526423661933;-332.246194110838;2.8536313714037;2.8548168121758;3.35877186467713;3.32775131373548;534.631699372923;673.982773033325;139.439540897809;0.0099009900990099;3;3
48;3.19000000000233;0.139999999999418;3.3300000000163;NA;NA;-260.472727787754;-334.417956344229;2.6722337566499;2.67531308529808;1.98307525759401;1.95896830008021;526.19893661375;674.025530570874;147.890457112949;0.0099009900990099;2;2
49;2.4199999999837;0.0500000000001819;2.45000000001164;NA;NA;NA;NA;NA;NA;NA;NA;NA;NA;NA;NA;NA;NA
50;8.99000000004889;0.340000000000146;9.3399999999674;NA;NA;-280.483818514679;-351.560633875984;3.10715800508001;3.11356252257231;5.24238603884158;5.01057966700259;577.257324395379;718.690662240141;142.15363072261;0.0495049504950495;5;5
51;7.05999999999767;0.190000000000509;7.32000000000698;NA;NA;-282.333213745531;-355.776329751837;2.9004567860791;2.87131030613098;3.17518490331138;2.94253534199381;573.721709493713;719.944450261034;146.886232012612;0.0099009900990099;3;3
52;6.88000000000466;0.289999999999964;7.19000000000233;NA;NA;-267.048507047069;-344.90205037755;2.86645259961972;2.85813894209038;3.21990258035151;3.16788386722178;543.279826048092;698.838560996902;155.707086660962;0.0396039603960396;3;3
53;6.45000000001164;0.299999999999272;6.80999999999767;NA;NA;-268.934297699494;-348.307117018327;3.00302096070243;3.01300575563835;3.96394043134744;3.87920098050496;549.74349967962;708.235281609556;158.745638637668;0.0198019801980198;4;4
54;0;0;0.0100000000093132;NA;NA;NA;NA;NA;NA;NA;NA;NA;NA;NA;NA;NA;NA
55;8.52999999996973;0.300000000000182;8.86000000004424;NA;NA;-263.961621551089;-336.986275105218;3.12237573461736;3.13389190004409;4.63787784777294;4.3986306467877;542.334539718309;687.640433030184;146.049307108259;0.0198019801980198;5;5
56;9.3399999999674;0.260000000000218;9.69000000000233;NA;NA;-292.942493996842;-364.11635980191;3.1112308366734;3.10677659953692;5.54235284220172;5.29846575619386;603.106763422414;744.696663702648;142.347731610137;0.0099009900990099;5;5
57;10.0299999999697;0.300000000000182;10.359999999986;NA;NA;-290.07884188089;-372.551238433935;3.28765613065373;3.19346066957348;6.38844893336518;5.75697405516956;600.590912978118;763.515955896783;164.944793106091;0.0396039603960396;6;6
58;0.380000000004657;0.0199999999995271;0.409999999974389;NA;NA;NA;NA;NA;NA;NA;NA;NA;NA;NA;NA;NA;NA
59;2.6600000000326;0.0900000000001455;2.75999999995111;NA;NA;NA;NA;NA;NA;NA;NA;NA;NA;NA;NA;NA;NA
60;7.17999999999302;0.329999999999927;7.53000000002794;NA;NA;-278.099516863829;-350.163713068374;2.99797789449341;2.99633770421196;4.43288723470237;4.25950556404617;569.478777081682;713.087764424345;144.12839240909;0.0099009900990099;4;4
61;3.13000000000466;0.170000000000073;3.30999999999767;NA;NA;-252.185594396584;-331.599707003759;2.6491666094879;2.64916521802438;2.22889881483859;1.91076393852995;510.275895442637;668.261330886962;158.82822521435;0.0198019801980198;2;2
62;0.0200000000186265;0;0;NA;NA;NA;NA;NA;NA;NA;NA;NA;NA;NA;NA;NA;NA
63;7.52000000001863;0.199999999999818;7.72999999998137;NA;NA;-277.862306798145;-345.269823628945;3.13896386747125;3.22618996985792;4.42390714190138;4.21544871798662;569.471038171654;703.638328128531;134.815033661599;0.0297029702970297;5;5
64;7.46999999997206;0.309999999999491;7.78999999997905;NA;NA;-268.672367280535;-343.622304312833;3.01013487450057;3.00419439666128;4.32493018534969;3.98441885273411;550.301067498189;699.180860774158;149.899874064596;0.0198019801980198;4;4
65;8.86999999999534;0.470000000000255;9.39000000001397;NA;NA;-270.582319758784;-339.717665066351;3.11462600215627;3.11046770231504;5.44991572036821;5.00466831383418;558.099184703327;694.986356249237;138.270690615135;0.0099009900990099;5;5
66;5.61000000004424;0.170000000000073;5.77999999996973;NA;NA;-244.866702441077;-315.850620353471;2.85289400976749;2.85452585173056;2.88575338338083;2.84729485998912;497.963259669308;639.821415968233;141.967835824787;0.0198019801980198;3;3
67;9.82999999995809;0.359999999999673;10.2200000000303;NA;NA;-295.484654067312;-376.024367728401;3.28480174335554;3.30681629769253;6.68802779957708;6.48054532618467;612.87621183364;773.276021980165;161.079427322178;0.0099009900990099;7;7
68;8.51000000000931;0.309999999999491;8.85999999998603;NA;NA;-289.525929003039;-364.021208834991;3.10879364542791;3.11211075476816;5.26017428823502;4.96328099558603;595.396818871466;743.464840804938;148.990559663904;0.0198019801980198;5;5
69;5.52999999996973;0.3700000000008;5.99000000004889;NA;NA;-276.461455303632;-359.099005761181;2.85872490842194;2.86966761993387;3.21535992004034;3.06841033888015;562.092767388084;726.948784080341;165.275100915097;0.0099009900990099;3;3
70;9.05999999999767;0.5;9.61999999999534;NA;NA;-308.282312009857;-375.924074576974;3.2094078381312;3.24428957627325;5.83452029509165;5.53375510405;635.226131969531;769.547670218848;135.283525134233;0.118811881188119;6;6
71;7.19999999995343;0.309999999999491;7.51000000000931;NA;NA;-256.185284848603;-318.367798112371;2.99424390365644;2.99105897140939;4.18829895020837;3.81890694031127;524.917592033637;648.176018995532;124.365026527537;0.0693069306930693;4;4
72;0.0100000000093132;0;0;NA;NA;NA;NA;NA;NA;NA;NA;NA;NA;NA;NA;NA;NA
73;0;0;0.0200000000186265;NA;NA;NA;NA;NA;NA;NA;NA;NA;NA;NA;NA;NA;NA
74;0;0;0;NA;NA;NA;NA;NA;NA;NA;NA;NA;NA;NA;NA;NA;NA
75;0.89000000001397;0.0299999999997453;0.919999999983702;NA;NA;NA;NA;NA;NA;NA;NA;NA;NA;NA;NA;NA;NA
76;5.82000000000698;0.25;6.09999999997672;NA;NA;-258.339009725048;-321.455107953129;2.85235292481362;2.85215681653033;3.359402530823;3.32726232810874;526.258670090407;652.399206184083;126.232196456162;0.0495049504950495;3;3
77;5.23999999999069;0.160000000000764;5.40999999997439;NA;NA;-224.175956817069;-281.966861880929;2.85193499011867;2.84948126778945;2.78324546137014;2.64233333357082;456.289426976753;571.469371041968;115.581810127719;0.0099009900990099;3;3
78;7.82000000000698;0.289999999999964;8.09999999997672;NA;NA;-255.79807895092;-322.188176665931;3.13441854446969;3.13422572809314;5.38873455950073;5.34258497459286;528.340594618701;660.977389256668;132.780195430021;0.0198019801980198;5;5
79;5.55999999999767;0.219999999999345;5.8300000000163;NA;NA;-275.022885966361;-339.601305958837;2.8522530581633;2.85228793714088;3.31973762591971;3.2621306292111;559.51330257831;688.50585367414;129.156839984952;0.0891089108910891;3;3
80;5.78999999997905;0.170000000000073;6.02000000001863;NA;NA;-278.826477111339;-362.075828681521;2.88362395068352;3.03286429380767;2.79392532547637;2.44607806475554;565.620925376153;731.12760596174;166.498703140365;0.0099009900990099;3;3
81;0.35999999998603;0.0300000000006548;0.380000000004657;NA;NA;NA;NA;NA;NA;NA;NA;NA;NA;NA;NA;NA;NA
82;7.90000000002328;0.269999999999527;8.1699999999837;NA;NA;-302.155169525864;-373.239499929199;3.10716993863362;3.24265093006435;4.68801220307273;4.36319218701413;618.877418353087;760.036764608594;142.168660806671;0.0099009900990099;5;5
83;6.57000000000698;0.300000000000182;6.88000000000466;NA;NA;-280.748031024899;-348.042192576111;3.08195332641943;2.98524355804203;3.39416932073485;3.10101675607246;571.664084625831;705.374201129219;134.588323102423;0.0198019801980198;4;4
84;8.22000000003027;0.289999999999964;8.5;NA;NA;-286.542918651412;-361.007442038439;3.00198996019534;3.01962162197418;4.18731110203754;3.904807643602;585.629900310608;733.712642356838;148.929046774056;0.0297029702970297;4;4
85;5.78000000002794;0.239999999999782;6.03999999997905;NA;NA;-258.005862441242;-325.6397416627;2.85548430672932;2.84960916012294;3.39070200642245;3.02269884071781;525.681638222991;659.899891662326;135.267758442917;0.0099009900990099;3;3
86;0;0;0;NA;NA;NA;NA;NA;NA;NA;NA;NA;NA;NA;NA;NA;NA
87;8.55000000004657;0.390000000000327;9;NA;NA;-260.595887674339;-324.861477650972;3.1108276488899;3.10814849204727;4.88810005438142;4.76793111669638;536.380588440607;664.538366967213;128.531179953265;0.0099009900990099;5;5
88;6.77000000001863;0.289999999999964;7.03999999997905;NA;NA;-284.145798078207;-357.263486807606;2.99700459854137;2.99597821376087;4.1402396773747;3.86000316283067;580.694645778174;726.090509666125;146.235377458798;0.0198019801980198;4;4
89;7.1600000000326;0.170000000000073;7.36999999999534;NA;NA;-265.328714850827;-343.089420341166;2.99604686590216;3.03783808440607;4.22258067044792;3.74544571533172;543.3071508938;697.399193290595;155.521410980678;0.0198019801980198;4;4
90;0.0100000000093132;0;0;NA;NA;NA;NA;NA;NA;NA;NA;NA;NA;NA;NA;NA;NA
91;0.39000000001397;0.0399999999999636;0.399999999965075;NA;NA;NA;NA;NA;NA;NA;NA;NA;NA;NA;NA;NA;NA
92;5.76000000000931;0.329999999999927;6.10000000003492;NA;NA;-258.388098844959;-314.07409845224;2.85271263637427;2.85778256767591;3.6275546649764;3.57917350873844;527.121589051893;638.355610470928;111.371999214563;0.099009900990099;3;3
93;7.36000000004424;0.230000000000473;7.63000000000466;NA;NA;-264.912112851624;-335.202133337128;3.11853192931847;3.12890908093468;4.57394709381758;4.15458301126997;544.036870028744;683.313819287958;140.580040971008;0.0099009900990099;5;5
94;3.78999999997905;0.280000000000655;4.0899999999674;NA;NA;-234.801218406544;-312.955472548658;2.64916107872518;2.649180034034;2.67123164664374;2.65170385696114;476.67895332483;632.935729395455;156.308508284228;0.0297029702970297;2;2
95;0.309999999997672;0.0199999999995271;0.309999999997672;NA;NA;NA;NA;NA;NA;NA;NA;NA;NA;NA;NA;NA;NA
96;5.89000000001397;0.140000000000327;6.03000000002794;NA;NA;-273.87561709155;-354.601583767248;3.04434200352357;3.13988471325807;3.45123872185513;3.34527551773211;558.0902214059;719.224717366895;161.451933351396;0.0099009900990099;4;4
97;8.15000000002328;0.359999999999673;8.55999999999767;NA;NA;-272.847705234582;-344.960413992716;3.02254693810532;2.99775162817532;4.26041544222514;3.62413792837526;558.458474508186;700.777774941277;144.225417516268;0.0693069306930693;4;4
98;9.67999999999302;0.520000000000437;10.2600000000093;NA;NA;-266.335588824413;-336.409173082607;3.21126029870062;3.19030155697623;5.92794928637236;5.32488579818191;551.631514941132;689.84980610173;140.147168516389;0.0198019801980198;6;6
99;0.0199999999604188;0;0.0200000000186265;NA;NA;NA;NA;NA;NA;NA;NA;NA;NA;NA;NA;NA;NA
100;4.89000000001397;0.119999999999891;5.04999999998836;NA;NA;-249.457194031043;-320.375648796812;2.85216724345763;2.84008136611637;2.75948991980831;2.41298883585713;506.784153183882;647.632879310376;141.836909531539;0.0198019801980198;3;3
101;6.97000000003027;0.210000000000036;7.19999999995343;NA;NA;-263.540603441282;-337.281239501322;3.004411851317;2.99681457567913;3.78212393910092;3.52864418382884;538.41143762951;685.133352266028;147.48127212008;0.0297029702970297;4;4
102;5.35000000003492;0.359999999999673;5.73999999999069;NA;NA;-262.835523740648;-340.61642004328;2.85503892540009;2.8551782324138;3.27324457625222;3.14823444158055;535.005985005942;690.211262303558;155.561792605263;0.0099009900990099;3;3
103;4.67000000004191;0.180000000000291;4.85999999998603;NA;NA;-283.664129119197;-366.441024995344;2.64905071762902;2.64942500899352;2.62411063044061;2.35397605931608;574.279943700898;739.118106108445;165.553791752294;0.0099009900990099;2;2
104;0.169999999983702;0.0399999999999636;0.199999999953434;NA;NA;NA;NA;NA;NA;NA;NA;NA;NA;NA;NA;NA;NA
105;7.24000000004889;0.269999999999527;7.53000000002794;NA;NA;-288.061581910819;-357.923512485239;3.00106210932011;2.99398012863746;3.99510657395628;3.63941440814219;588.091433521526;726.749736169787;139.723861148841;0.0198019801980198;4;4
106;5.19000000000233;0.180000000000291;5.4100000000326;NA;NA;-269.424997591699;-341.432067891665;2.85224098119962;2.85236269985351;3.03223695533328;2.8036009766862;547.497605185816;690.859700841707;144.014140599933;0.0099009900990099;3;3
107;10.6699999999837;0.470000000000255;11.2000000000116;NA;NA;-270.097021115247;-339.03884802793;3.28467615012304;3.31328972463225;7.27405868116917;6.84981819173176;564.020513621573;700.514550683097;137.883653825366;0.0099009900990099;7;7
108;0.029999999969732;0;0.0499999999883585;NA;NA;NA;NA;NA;NA;NA;NA;NA;NA;NA;NA;NA;NA
109;10.2000000000116;0.319999999999709;10.5100000000093;NA;NA;-226.969845789143;-289.185686110286;3.10766758450398;3.11371401902938;4.71028644522403;4.39507489641506;468.575983722474;592.028206242788;124.431680642286;0.0198019801980198;5;5
110;8.40000000002328;0.420000000000073;8.80999999999767;NA;NA;-287.964372246082;-361.03474068998;3.10965618064251;3.11866060240313;5.1849720864015;4.90457882636582;592.040029251285;737.309499026801;146.140736887796;0.0198019801980198;5;5
111;5.61000000004424;0.260000000000218;5.90999999997439;NA;NA;-234.645196633535;-307.815427139045;2.85187609240988;2.85187598141612;3.15271452161552;3.12955749027105;478.281592185063;624.556011861308;146.340461011019;0.0495049504950495;3;3
112;5.20000000001164;0.279999999999745;5.47999999998137;NA;NA;-297.869823255364;-378.065020637517;2.85159648461409;2.84320056780787;3.5928651902513;3.41919582530636;605.986107263706;765.881215887933;160.390394764306;0.0099009900990099;3;3
113;0.0200000000186265;0;0.0100000000093132;NA;NA;NA;NA;NA;NA;NA;NA;NA;NA;NA;NA;NA;NA
114;6.88000000000466;0.140000000000327;7.03000000002794;NA;NA;-265.967274338997;-338.647430262206;3.06283563549823;3.04951597585362;3.79990110834847;3.62985273319689;543.318035064587;688.168927505499;145.360311846419;0.0099009900990099;4;4
115;3.90999999997439;0.0399999999999636;3.92999999999302;NA;NA;-249.16732792323;-319.595481033826;2.64916710638839;2.64891468184573;2.61465054161816;2.00512547395559;505.261280032515;644.502857628035;140.856306221191;0.0297029702970297;2;2
116;6.69000000000233;0.25;6.92999999999302;NA;NA;-235.139586024744;-301.651702759772;2.99595973110216;3.04709454716682;4.49729231277479;4.09075489602166;483.751855774473;615.558211984754;133.024233470056;0.0099009900990099;4;4
117;6.09999999997672;0.350000000000364;6.48999999999069;NA;NA;-301.396682176145;-365.462780512186;2.99628050476342;2.99594348792871;4.50045405424944;4.388334746328;616.275519808252;744.071837051105;128.132196672081;0.168316831683168;4;4
118;5.95000000001164;0.210000000000036;6.19000000000233;NA;NA;-257.371727661111;-338.632916433832;2.85155976517288;2.85588589310148;3.1372254230667;2.99482417189364;523.690481015789;685.806745680825;162.522377545441;0.0099009900990099;3;3
119;5.53000000002794;0.180000000000291;5.70000000001164;NA;NA;-261.689681175884;-338.537620571348;2.85192850450903;2.84988743273718;3.10986121172735;2.71661339623166;532.2483482908;684.822727082618;153.695878790928;0.0297029702970297;3;3
120;1.53000000002794;0.0599999999994907;1.60999999998603;NA;NA;NA;NA;NA;NA;NA;NA;NA;NA;NA;NA;NA;NA
121;4.69000000000233;0.170000000000073;4.88000000000466;NA;NA;-253.927406784863;-330.248993330441;2.85642488223852;2.85330523818484;2.91051895043309;2.7531329901773;516.155297060543;668.349622510768;152.643173091157;0.0198019801980198;3;3
122;10.3300000000163;0.380000000000109;10.7799999999697;NA;NA;-305.372628260512;-382.206692982399;3.35834632652326;3.3749164874019;7.94367455708819;7.26451987229195;637.295446573569;788.693633331897;153.668129443773;0.0495049504950495;8;8
123;9.05999999999767;0.3100000000004;9.39999999996508;NA;NA;-262.365650898743;-332.301915131295;3.05176735700294;3.05327413710707;4.72071253123933;4.56115851338629;538.873292681491;678.267840025937;139.872528465104;0.0297029702970297;4;4
124;4.36999999999534;0.149999999999636;4.55999999999767;NA;NA;-276.724748136735;-348.999460154422;2.85208749287878;2.8531233041514;3.1281281238293;3.0261876428997;562.370577459059;706.629278330141;144.549424035374;0.0099009900990099;3;3
125;8.13000000000466;0.380000000000109;8.5;NA;NA;-295.402889596233;-373.414095764311;3.00558110855296;3.02392231269816;4.30590668549932;4.00821749052475;603.705122817129;758.835738024411;156.022412336156;0.0297029702970297;4;4
126;5.14000000001397;0.220000000000255;5.39000000001397;NA;NA;-243.122010890552;-323.301438755075;2.8527646139287;2.85266677116212;2.89236246189759;2.81403182931861;494.492724941367;654.628190225746;160.358855729045;0.0099009900990099;3;3
127;1.21999999997206;0.0299999999997453;1.27000000001863;NA;NA;NA;NA;NA;NA;NA;NA;NA;NA;NA;NA;NA;NA
128;7.52000000001863;0.420000000000073;8.03999999997905;NA;NA;-271.227290548566;-333.904649595587;3.05887944238741;3.00530947126983;4.01236493426415;3.97143272760316;554.474552223984;679.706648385502;125.354718094041;0.118811881188119;4;4
129;6.39000000001397;0.300000000000182;6.72000000003027;NA;NA;-258.372990106776;-325.154636365779;2.99589854052878;2.99037958975487;3.77561073077013;3.26875628052442;528.056699132096;660.101591415507;133.563292518006;0.0198019801980198;4;4
130;8.75;0.289999999999964;9.09000000002561;NA;NA;-313.551477741149;-399.247126700565;3.11447817474336;4.57051355184988;4.44289259440682;3.30483299719698;640.908373631109;808.763374355287;171.391297918832;0.0198019801980198;5;5
131;1.5;0.109999999999673;1.63999999995576;NA;NA;NA;NA;NA;NA;NA;NA;NA;NA;NA;NA;NA;NA
132;9.35000000003492;0.380000000000109;9.72999999998137;NA;NA;-295.806376533052;-364.877091761676;3.22253765531777;3.42485509152667;5.41909105175674;4.93149593487737;608.945525192754;745.52739981855;138.141430457249;0.0198019801980198;6;6
133;8.77999999996973;0.5;9.29000000003725;NA;NA;-247.842487065047;-318.890749407162;3.20238127280894;3.25738139051448;5.04149958722823;4.69434078975017;511.350446211584;652.368242958691;142.09652468423;0.0099009900990099;5;5
134;3.6600000000326;0.1299999999992;3.80999999999767;NA;NA;-228.49390314802;-293.813741056905;2.65087436544685;2.64783660866399;2.76901488008428;2.41085958491902;464.323366109731;594.014231717354;130.63967581777;0.0297029702970297;2;2
135;2.85999999998603;0.110000000000582;2.98999999999069;NA;NA;-247.188779760714;-331.457595487668;2.64916634139061;2.63389543452139;2.42200002781215;1.95010471168077;500.793821925996;668.081327805578;168.537631453908;0.0099009900990099;2;2
136;8.90000000002328;0.349999999999454;9.27999999996973;NA;NA;-319.097842709432;-392.33737072247;3.23623204639364;3.26655258973942;5.22045210977614;5.05646551586806;654.893117876196;800.847668549457;146.479056026075;0.0099009900990099;6;6
137;10.4199999999837;0.390000000000327;10.8400000000256;NA;NA;-316.574343809382;-393.546951789673;3.35867300254865;3.39111120532892;7.54918050988599;7.12096718293495;658.380357904097;810.894353951038;153.945215960582;0.0198019801980198;8;8
138;5.28000000002794;0.220000000000255;5.52000000001863;NA;NA;-284.95747722748;-352.846473488346;2.86469878270615;2.86519703639887;2.89733429325008;2.73528145912007;578.17783673749;713.493672201583;135.777992521732;0.0792079207920792;3;3
139;0.0200000000186265;0;0.0200000000186265;NA;NA;NA;NA;NA;NA;NA;NA;NA;NA;NA;NA;NA;NA
140;3.27999999996973;0.229999999999563;3.53000000002794;NA;NA;-296.587785122691;-373.321947646965;2.66173614362604;2.98211780933767;1.85734713183754;1.37724401721616;598.095977527544;750.292433241126;153.468325048548;0.158415841584158;2;2
141;1.22000000003027;0.0299999999997453;1.23999999999069;NA;NA;NA;NA;NA;NA;NA;NA;NA;NA;NA;NA;NA;NA
142;5.71999999997206;0.25;6;NA;NA;-231.641342097173;-291.829787784879;2.85204113733372;2.85246041201233;3.58626851998601;3.34459377437451;473.5103319612;593.19799324732;120.376891375413;0.0396039603960396;3;3
143;9.42999999999302;0.340000000000146;9.76000000000931;NA;NA;-296.567719769808;-374.25373600646;3.20032873069014;3.19968422970903;6.39285123035463;6.14385797627777;613.582749348037;768.158385655863;155.372032473303;0.0099009900990099;6;6
144;1.61999999999534;0.0900000000001455;1.71000000002095;NA;NA;NA;NA;NA;NA;NA;NA;NA;NA;NA;NA;NA;NA
145;5.3399999999674;0.220000000000255;5.55999999999767;NA;NA;-264.677224205462;-328.51127370304;2.85187986051554;2.83093431168405;2.91719017733402;2.46375638406123;537.673957515282;664.048912648695;127.668098995157;0.0693069306930693;3;3
146;6.4199999999837;0.279999999999745;6.70999999996275;NA;NA;-282.64469241638;-365.290596141092;2.99341704100588;2.9952938460664;3.83924018053249;3.60430321289085;576.790720547507;741.378719740715;165.291807449423;0.0099009900990099;4;4
147;7.07999999995809;0.320000000000618;7.42999999999302;NA;NA;-276.110371523902;-336.804041159235;3.00141128034684;3.04779267234373;3.98177515995459;3.42158943496169;564.149075400515;683.858248215635;121.387339270666;0.306930693069307;4;4
148;6.6699999999837;0.339999999999236;7.03000000002794;NA;NA;-281.103548648061;-349.227353053277;2.99576523811416;2.99786737754892;4.0368000474692;3.79153191662233;574.30026948021;709.813120635389;136.247608810432;0.0396039603960396;4;4
149;4.11999999999534;0.190000000000509;4.3300000000163;NA;NA;-256.309225088607;-328.226819003602;2.85356167062539;2.85045269001077;2.94852764399709;2.51855368015121;521.027330328149;663.636279178368;143.83518782999;0.0594059405940594;3;3
150;9.53000000002794;0.170000000000073;9.71999999997206;NA;NA;-279.100909991078;-350.075374963272;3.63081284750919;4.06044616734886;5.10849352553516;4.48716013661194;574.541156845644;714.502773799341;141.948929944387;0.0297029702970297;6;6
151;0.919999999983702;0.0599999999994907;1;NA;NA;NA;NA;NA;NA;NA;NA;NA;NA;NA;NA;NA;NA
152;8.6699999999837;0.300000000000182;9.01000000000931;NA;NA;-295.649842167463;-366.851406350494;3.12032694880079;3.25197212874708;4.68208946627962;4.3410469044462;605.848359892265;747.19176532499;142.403128366064;0.0099009900990099;5;5
153;5.42000000004191;0.260000000000218;5.6699999999837;NA;NA;-245.71873834432;-313.366579767437;2.85207638010715;2.85174822087899;3.39633424463414;3.25016811249777;501.12345255995;636.002285494749;135.295682846233;0.0297029702970297;3;3
154;0.0199999999604188;0;0;NA;NA;NA;NA;NA;NA;NA;NA;NA;NA;NA;NA;NA;NA
155;7.86999999999534;0.260000000000218;8.13999999995576;NA;NA;-280.560691521529;-357.155059983374;3.14452578804566;3.11506718026329;4.70423916011312;4.32629929674861;575.738884433734;727.753247289635;153.188736923691;0.0297029702970297;5;5
156;1.5;0.0199999999995271;1.5;NA;NA;NA;NA;NA;NA;NA;NA;NA;NA;NA;NA;NA;NA
157;5.52000000001863;0.230000000000473;5.75;NA;NA;-279.305627995721;-358.005258952277;2.85097500430393;2.85304905603331;3.39200087059486;2.93807545812666;568.284873551302;724.389589558193;157.39926191311;0.0297029702970297;3;3
158;6.75;0.130000000000109;6.9199999999837;NA;NA;-284.14215672375;-362.543291816414;2.85184995631414;2.85162704388465;3.92260753676007;3.83402606591445;579.471163509064;736.020808973897;156.802270185327;0.0099009900990099;3;3
159;8.20999999996275;0.390000000000327;8.71000000002095;NA;NA;-268.151829294275;-326.511475970872;3.00712416439683;3.01889732904177;4.354072002835;3.94112875654918;549.347292608821;664.82951855197;116.719293353194;0.326732673267327;4;4
160;0.0100000000093132;0;0.0100000000093132;NA;NA;NA;NA;NA;NA;NA;NA;NA;NA;NA;NA;NA;NA
161;0.029999999969732;0;0.0300000000279397;NA;NA;NA;NA;NA;NA;NA;NA;NA;NA;NA;NA;NA;NA
162;2.45000000001164;0.159999999999854;2.5899999999674;NA;NA;-267.518465302246;-337.729978237199;2.6496914802228;2.64907598006842;2.08251040377361;1.97393798148879;540.553831123657;680.689231418304;140.423025869907;0.0891089108910891;2;2
163;7.03000000002794;0.329999999999927;7.44000000000233;NA;NA;-252.719973969165;-315.293025950576;3.00710700313187;3.02262369374382;3.71280790405945;3.46093747477541;516.562526402027;640.954093991089;125.146103962823;0.0396039603960396;4;4
164;8.72000000003027;0.5;9.30999999999767;NA;NA;-296.914366534011;-373.237590369681;3.11181676700964;3.11332355170729;5.67730791677456;5.49525400819748;611.469854946435;763.550605770477;152.646447671339;0.0198019801980198;5;5
165;1.4199999999837;0.0900000000001455;1.5;NA;NA;NA;NA;NA;NA;NA;NA;NA;NA;NA;NA;NA;NA
166;6.13000000000466;0.25;6.4100000000326;NA;NA;-269.722068880247;-337.308342431728;2.85438805849345;2.90554032184841;3.24877808473759;2.73798529107812;548.709299512381;682.425121123015;135.172547102962;0.0198019801980198;3;3
167;8.5;0.300000000000182;8.8399999999674;NA;NA;-271.538008859601;-344.263832421254;3.10901387414932;3.13147654415848;4.88952601742873;4.58674560083411;558.269261711881;702.78007802068;145.451647123306;0.0198019801980198;5;5
168;4.46999999997206;0.170000000000073;4.6600000000326;NA;NA;-235.029076398408;-318.071315132147;2.64916302165418;2.64916354988281;2.93354811303826;2.84492903693771;477.829587253274;643.679298725796;166.084477467477;0.0099009900990099;2;2
169;9.4199999999837;0.1899999999996;9.64000000001397;NA;NA;-285.210571054498;-359.905502855524;3.12218597786023;3.11729451720725;5.1233991043105;4.8335995948579;586.341100891545;734.830469304414;149.389863602051;0.0198019801980198;5;5
170;10.6300000000047;0.5;11.1699999999837;NA;NA;-291.112790166536;-363.434685439424;3.4319630864417;3.30692887039511;6.03145675254571;5.75000209016211;601.516982615329;745.260550322905;144.643790545776;0.0198019801980198;6;6
171;0.029999999969732;0;0.0100000000093132;NA;NA;NA;NA;NA;NA;NA;NA;NA;NA;NA;NA;NA;NA
172;3.77999999996973;0.170000000000073;3.98999999999069;NA;NA;-234.07667311827;-311.895411733084;2.64682270110128;2.64873345597386;2.04696239138654;1.67441764810479;473.576074430017;628.226621518072;155.637477229628;0.0198019801980198;2;2
173;0.00999999995110556;0;0.0199999999604188;NA;NA;NA;NA;NA;NA;NA;NA;NA;NA;NA;NA;NA;NA
174;5.67999999999302;0.159999999999854;5.8399999999674;NA;NA;-235.232544841295;-292.049565368679;2.85646677531188;2.85385553035174;2.92859921534042;2.64146534523796;478.817136122465;591.632302609147;113.634041054768;0.0693069306930693;3;3
175;4.52999999996973;0.190000000000509;4.67999999999302;NA;NA;-255.694103313923;-330.588568433904;2.65034326187653;2.65321856726574;2.3596249469423;2.30944439664118;517.639227545308;667.295221544709;149.788930239963;0.0099009900990099;2;2
176;4.27999999996973;0.199999999999818;4.5;NA;NA;-273.068461285046;-350.060061396233;2.64967917526754;2.64714562385203;2.51989694031738;1.98676558051988;552.812529430489;705.38338008173;153.983200222375;0.0099009900990099;2;2
177;10.25;0.359999999999673;10.6300000000047;NA;NA;-315.883779820191;-391.219003032758;3.27687551554629;3.35772338929304;6.79847202449409;6.20321626815126;654.036227834384;802.756890119669;150.670446425134;0.0099009900990099;7;7
178;11.8099999999977;0.590000000000146;12.4499999999534;NA;NA;-286.490618201537;-347.498985938029;3.29280314076938;3.30945140823773;7.14482409941215;6.81034587978915;596.384394730575;717.305533360023;122.016735472984;0.0594059405940594;7;7
179;1.11999999999534;0.0799999999999272;1.22999999998137;NA;NA;NA;NA;NA;NA;NA;NA;NA;NA;NA;NA;NA;NA
180;6.02999999996973;0.289999999999964;6.35999999998603;NA;NA;-279.320540438599;-364.194281740202;2.85119020684251;2.8512916999425;3.42797124136356;3.11689925877721;568.417282022256;737.277621164145;169.747482603205;0.0099009900990099;3;3
181;8.54999999998836;0.359999999999673;8.94000000000233;NA;NA;-272.804526195006;-340.849315900725;3.02914829401356;3.20895211753724;4.55488391915155;4.15232041311695;559.254265148905;694.137872073161;136.089579411438;0.0099009900990099;4;4
182;8.76000000000931;0.269999999999527;9.0800000000163;NA;NA;-270.921244861796;-339.524585742629;3.00572003079936;2.99636799229111;4.32385892951494;4.11678976898439;554.795613465035;691.38197145964;137.206681761664;0.0099009900990099;4;4
183;9.5;0.280000000000655;9.82999999995809;NA;NA;-275.375094477442;-347.590024074194;3.12397198334673;3.11147037421307;5.23537063819125;4.60312414897259;567.018077338056;709.483354455512;144.429859193505;0.0099009900990099;5;5
184;8.27000000001863;0.4399999999996;8.76000000000931;NA;NA;-277.557439600789;-352.969908245015;2.84865934788073;2.85138583150512;3.49509711786244;3.45092657051886;565.08251604562;715.781483737155;150.824937288452;0.0099009900990099;3;3
185;11.5900000000256;0.480000000000473;12.1500000000233;NA;NA;-291.482844968204;-356.026675516287;3.29228594574819;3.29763911204989;6.57254239199632;6.13477317320481;604.494316544132;732.148046980041;129.087661096166;0.0297029702970297;7;7
186;4.71000000002095;0.1899999999996;4.89000000001397;NA;NA;-244.868956195532;-316.232003256071;2.67444364207681;2.64909180863658;2.37198296091822;2.12644202660401;496.021671648558;638.097288871399;142.726094121079;0.0198019801980198;2;2
187;5.19000000000233;0.0900000000001455;5.29000000003725;NA;NA;-260.507130042114;-339.627915296488;2.85171418129665;2.85360944383678;2.95734969341726;2.61364790237314;529.4482997606;686.709670143216;158.241570508748;0.0198019801980198;3;3
188;9.52999999996973;0.1899999999996;9.73999999999069;NA;NA;-248.607970032982;-308.885899779515;3.01539804089201;3.01035189026245;4.51007561727685;4.29115857524741;510.72691914881;630.626961793836;120.555859493065;0.0594059405940594;4;4
189;5.90999999997439;0.160000000000764;6.09999999997672;NA;NA;-256.05570938823;-328.083622613583;2.85179319531012;2.85046968350409;3.25601706503689;3.03088339008112;521.397225312828;664.810995008701;144.055826450706;0.0297029702970297;3;3
190;0;0;0;NA;NA;NA;NA;NA;NA;NA;NA;NA;NA;NA;NA;NA;NA
191;5.22999999998137;0.219999999999345;5.48999999999069;NA;NA;-238.178980783411;-294.325962779348;2.85220293862129;2.85170230165298;3.03587502795665;2.92590120111942;485.015946956675;596.996277555455;112.293963991873;0.0891089108910891;3;3
192;8.61000000004424;0.360000000000582;9.02000000001863;NA;NA;-251.457795091506;-330.560133446943;2.99640562472407;2.98199641888015;3.94875735471613;3.13122721168773;514.745010030968;670.500585307769;158.204676710874;0.0198019801980198;4;4
193;3.5800000000163;0.170000000000073;3.76999999996042;NA;NA;NA;NA;NA;NA;NA;NA;NA;NA;NA;NA;NA;NA
194;6.25;0.279999999999745;6.55999999999767;NA;NA;-269.427340536533;-338.710281674645;2.85769739115748;2.85902128847397;2.97962042290888;2.64345825333778;547.352234447723;684.959418778226;138.565882276224;0.0198019801980198;3;3
195;0;0;0;NA;NA;NA;NA;NA;NA;NA;NA;NA;NA;NA;NA;NA;NA
196;0.0200000000186265;0;0;NA;NA;NA;NA;NA;NA;NA;NA;NA;NA;NA;NA;NA;NA
197;5.94000000000233;0.199999999999818;6.14999999996508;NA;NA;-255.829944569471;-325.319951757875;2.88159600900376;2.83956862195518;3.08765975552699;2.6412126442111;520.465558939581;658.172354711695;138.980014376807;0.0099009900990099;3;3
198;8.13000000000466;0.140000000000327;8.30999999999767;NA;NA;-247.839207667439;-310.852817566171;3.02474463391264;3.15310635299849;3.50941022500439;3.34762199340221;506.191668807064;631.734214377635;126.027219797464;0.0297029702970297;4;4
199;6.88000000000466;0.25;7.14000000001397;NA;NA;-289.084057074067;-362.39446939823;2.85141021641656;2.85099574184517;3.72897236066614;3.66883409264904;588.802737747757;735.252054596496;146.620824648325;0.0198019801980198;3;3
200;6.71000000002095;0.139999999999418;6.89000000001397;NA;NA;-269.668065037683;-338.873880974383;2.84967765014057;2.86007094850981;2.96014966667539;2.82772206823965;547.778154970937;685.812117736777;138.411631873399;0.0198019801980198;3;3
201;9.79999999998836;0.389999999999418;10.2700000000186;NA;NA;-281.650521208034;-348.416375914955;3.00811608524916;3.0363059654275;4.14317857470518;3.97032068928045;575.71289618741;708.726769655146;133.531709413842;0.0198019801980198;4;4
202;11.7799999999697;0.390000000000327;12.2199999999721;NA;NA;-266.572565119316;-336.97749531858;3.31446736372134;3.26819871367211;5.93947681518683;5.58960584110574;552.1423379264;691.83314832013;140.809860398529;0.0099009900990099;6;6
203;10.1699999999837;0.279999999999745;10.5;NA;NA;-300.559652578127;-376.379788817928;3.2004283827514;3.22535932013382;5.6772004237956;5.33490840376329;619.277631031045;769.823094523803;151.640272479603;0.0099009900990099;6;6
204;0;0;0;NA;NA;NA;NA;NA;NA;NA;NA;NA;NA;NA;NA;NA;NA
205;9.02999999996973;0.199999999999818;9.29000000003725;NA;NA;-260.999326833508;-334.704166123413;2.995785256397;2.99996460488553;4.59021149011668;4.24678018052969;535.749698370396;682.130548692328;147.40967857981;0.0297029702970297;4;4
206;8.38999999995576;0.420000000000073;8.89000000001397;NA;NA;-271.417172432822;-354.26631177099;3.10284818713011;3.06860327622784;3.76023479238177;3.28733704373626;554.099001589322;718.38060521795;165.698278676336;0.0099009900990099;4;4
207;9.25;0.390000000000327;9.72000000003027;NA;NA;-253.642142872128;-328.96792267907;2.87730252905598;2.88508239258298;3.97338689692214;3.85293664493241;518.615953018103;668.924001613803;150.651559613884;0.0099009900990099;3;3
208;1.45000000001164;0.109999999999673;1.57000000000698;NA;NA;NA;NA;NA;NA;NA;NA;NA;NA;NA;NA;NA;NA
209;7.19000000000233;0.239999999999782;7.42999999999302;NA;NA;-259.490889758846;-331.645178800677;2.89835184889942;2.92268851974892;3.00215309988238;2.91883555199315;527.543593636364;671.614559135284;144.308578083662;0.0099009900990099;3;3
210;11.7999999999884;0.470000000000255;12.3400000000256;NA;NA;-290.087756731244;-369.37385306635;3.22526931364977;3.38955013291615;5.57649983338911;5.06957249069714;598.011752040745;754.962555435204;158.572192670212;0.0099009900990099;6;6
211;8.28000000002794;0.279999999999745;8.59000000002561;NA;NA;-281.572487198836;-355.991717613427;2.99857385700619;2.99786727026064;3.89808936963583;3.40853397871061;574.822606527488;722.194490472382;148.838460829181;0.0198019801980198;4;4
212;3.63000000000466;0.210000000000036;3.82000000000698;NA;NA;-232.280049162629;-294.442717763737;2.65193449898005;2.65255961198413;2.06338049291548;1.84425361616744;470.026320674963;593.771156008903;124.325337202216;0.0495049504950495;2;2
213;10.890000000014;0.529999999999745;11.5;NA;NA;-318.470027859635;-391.70358641544;3.2090877591385;3.22114878422712;5.86434762519641;5.46548988762742;655.696965335327;800.888350002103;146.46711711161;0.0297029702970297;6;6
214;6.47000000003027;0.1899999999996;6.69000000000233;NA;NA;-256.89125153635;-332.325858552864;2.87303249174424;3.01583235496041;2.76496873605944;2.57284701365908;521.667893182553;671.989196958967;150.869214033028;0.0396039603960396;3;3
215;7.76999999996042;0.170000000000073;7.94000000000233;NA;NA;-302.536670852707;-370.442972234917;2.99827368122715;2.96232506833346;3.60184160558733;3.09757714134842;615.863494847502;750.165456281995;135.81260276442;0.0891089108910891;4;4
216;0.00999999995110556;0;0.0200000000186265;NA;NA;NA;NA;NA;NA;NA;NA;NA;NA;NA;NA;NA;NA
217;5.39999999996508;0.170000000000073;5.59999999997672;NA;NA;-277.789441194735;-349.607937192827;2.85238414888025;2.84749594900582;3.28888155577561;2.88691425639553;564.958414878996;707.449039856386;143.636991996184;0.0792079207920792;3;3
218;10.9599999999627;0.579999999999927;11.6000000000349;NA;NA;-287.757971201706;-362.131965944735;3.13554965141813;3.18300296462405;4.68289975095788;4.35172074969675;590.067135761614;737.786051396038;148.747989486056;0.0198019801980198;5;5
219;8.84999999997672;0.309999999999491;9.19000000000233;NA;NA;-284.610301201332;-360.937234465342;3.01227396728189;3.00320371655671;3.97778855490502;3.82243274689864;581.136991953966;733.325454074057;152.653866528019;0.0198019801980198;4;4
220;5.55999999999767;0.230000000000473;5.85999999998603;NA;NA;-233.75786944476;-305.123156756041;2.85520889112299;2.86777295938643;2.90390720759301;2.83637323694215;475.797366408868;618.33534149231;142.730574622563;0.0198019801980198;3;3
221;2.5;0.0799999999999272;2.5800000000163;NA;NA;NA;NA;NA;NA;NA;NA;NA;NA;NA;NA;NA;NA
222;6.65999999997439;0.369999999999891;7.04999999998836;NA;NA;-268.735604954398;-333.549736709733;2.85238209034888;2.85902170996871;3.20774400069439;2.63101293639263;546.619346915968;674.602836158062;129.628263510671;0.0495049504950495;3;3
223;0.190000000002328;0;0.190000000002328;NA;NA;NA;NA;NA;NA;NA;NA;NA;NA;NA;NA;NA;NA
224;4.57000000000698;0.069999999999709;4.6699999999837;NA;NA;-267.631163503656;-353.068180493991;2.64961196259299;2.64331090238269;2.6589016427972;2.33367142772068;542.306179382299;712.318626914638;170.874033980672;0.0099009900990099;2;2
225;11.859999999986;0.460000000000036;12.320000000007;NA;NA;-289.331678972564;-355.071597781727;3.35238324549788;3.33264729936574;7.03960994273417;6.86665392112394;601.72188307624;732.635196298565;131.479837618325;0.0297029702970297;7;7
226;7.42999999999302;0.390000000000327;7.86000000004424;NA;NA;-293.381739372881;-372.510550143454;2.85892463994033;2.86268922618904;3.41624748158383;3.29665834145929;596.506245003035;754.422811323381;158.257621541147;0.0198019801980198;3;3
227;9.78999999997905;0.25;10.0900000000256;NA;NA;-287.753832235681;-355.026056266362;2.99561583874042;2.998594669287;4.59128887843239;4.2634634416073;589.261936741692;722.824307561864;134.544448061361;0.0396039603960396;4;4
228;12.1300000000047;0.420000000000073;12.5800000000163;NA;NA;-277.439227884379;-350.527373008924;3.20684365190536;3.21354194508296;5.5899330603249;5.38678167408234;572.757660050891;718.284177736404;146.176290249089;0.0099009900990099;6;6
229;9.54000000003725;0.470000000000255;10.0300000000279;NA;NA;-271.52824106852;-335.101955123648;3.01535288827183;3.2900198317258;3.88610067694881;3.6350966074045;554.698199353255;681.093686471584;127.147428110255;0.0792079207920792;4;4
230;8.26000000000931;0.300000000000182;8.5899999999674;NA;NA;-265.442312508929;-330.92058964563;2.85138607159463;2.94904828613168;3.46653259468322;3.16201920894408;540.770798948547;670.85891416551;130.956554273402;0.0495049504950495;3;3
231;11.7199999999721;0.440000000000509;12.1900000000023;NA;NA;-297.750669237854;-368.683943875145;3.2775635627757;3.27448785320569;6.94323652923213;6.4789283925054;618.244188619812;758.589877942437;141.866549274581;0.0198019801980198;7;7
232;4.32999999995809;0.1899999999996;4.53000000002794;NA;NA;-265.040517458407;-333.133372004734;2.65028938486466;2.64809335925531;2.30537958838375;2.17599901699212;536.188351271624;672.031310700128;136.185709092653;0.0099009900990099;2;2
233;11.9499999999534;0.480000000000473;12.5;NA;NA;-324.608251967723;-398.288629429667;3.40769806733574;3.46287137928431;8.65586835799853;8.14843731828429;678.656820730683;824.291702530921;147.360754923889;0.0198019801980198;9;9
234;9.30999999999767;0.210000000000036;9.55999999999767;NA;NA;-267.89867838154;-338.074871413385;2.99619626315977;3.02934882956303;4.23606665032585;3.78711827178125;548.487478340386;687.494935257312;140.352386063691;0.0297029702970297;4;4
235;0;0;0;NA;NA;NA;NA;NA;NA;NA;NA;NA;NA;NA;NA;NA;NA
236;9.69000000000233;0.309999999999491;10.0300000000279;NA;NA;-280.081248496296;-346.443838334289;3.10731205628654;3.10537978661781;5.07532017712483;4.48061915896567;575.933059930016;706.810322724204;132.725179675984;0.0198019801980198;5;5
237;6.36999999999534;0.170000000000073;6.57000000000698;NA;NA;-256.540015199639;-328.362116476392;2.85193967406068;2.85067132410413;3.41291905781488;3.1499225581975;522.813304353971;665.70746949477;143.644202553506;0.0099009900990099;3;3
238;6.53999999997905;0.380000000000109;6.94000000000233;NA;NA;-251.740349555629;-325.367560396966;2.85233393506806;2.85788599534836;3.31664787859306;3.01187932854842;512.939418133521;659.324673058908;147.254421682673;0.0198019801980198;3;3
239;0.350000000034925;0.0100000000002183;0.380000000004657;NA;NA;NA;NA;NA;NA;NA;NA;NA;NA;NA;NA;NA;NA
240;0.0200000000186265;0;0.00999999995110556;NA;NA;NA;NA;NA;NA;NA;NA;NA;NA;NA;NA;NA;NA
241;3.54999999998836;0.1899999999996;3.76000000000931;NA;NA;-258.615841176736;-328.063954943092;2.64937056612617;2.64921282430157;2.50287676424788;2.4733708976518;523.862200066643;662.680261876656;138.896227532714;0.0198019801980198;2;2
242;9.59000000002561;0.390000000000327;9.97999999998137;NA;NA;-267.729303767795;-326.836839910786;3.10736734598408;3.10738245835216;4.99933199669584;4.83476755931226;550.993052092273;668.696772635618;118.215072285984;0.0495049504950495;5;5
243;10.25;0.4399999999996;10.7700000000186;NA;NA;-265.458224480633;-339.108564389328;3.00218194071859;3.00912885444763;4.96239420418785;4.80482566251767;545.782453432849;692.61110008466;147.30067981739;0.0099009900990099;4;4
244;10.7999999999884;0.390000000000327;11.2200000000303;NA;NA;-261.373819410847;-331.333284577947;3.12510722082732;3.14403204735318;5.38865546362615;4.96147474991036;539.491829763623;678.083379736348;139.918930334199;0.0297029702970297;5;5
245;12.1100000000442;0.469999999999345;12.7000000000116;NA;NA;-286.800993874587;-351.824411576587;3.20103275995749;3.21575643572666;5.74069121316305;5.5938780734901;591.963386680635;721.540645421161;130.046835404001;0.0099009900990099;6;6
246;12.2000000000116;0.530000000000655;12.7700000000186;NA;NA;-282.678030926069;-348.343920475359;3.39572658145889;3.82105817127743;5.32173090976666;4.74274271438822;582.377430989022;711.857336709083;131.33177909858;0.0594059405940594;6;6
247;1.94999999995343;0.0199999999995271;2;NA;NA;NA;NA;NA;NA;NA;NA;NA;NA;NA;NA;NA;NA
248;6.80999999999767;0.340000000000146;7.15999999997439;NA;NA;-276.323890189322;-355.494049028498;2.92353122498119;2.97303691836456;2.72157857645829;2.51165699474127;560.409426472545;718.151070631473;158.340317678353;0.0099009900990099;3;3
249;10.1900000000023;0.380000000000109;10.6100000000442;NA;NA;-270.397056687893;-359.0289068009;3.23463800263899;3.32353581441339;5.50966133976616;5.25750053631787;558.416571383059;734.873744148343;177.263700226015;0.0198019801980198;6;6
250;8.78000000002794;0.289999999999964;9.09000000002561;NA;NA;-258.09295348709;-327.705158181238;3.23237788932427;3.22827799403589;3.20360267459064;2.82920204097218;525.783042898094;663.885848225021;139.224409388296;0.0198019801980198;4;4
