1;58.0999999999767;3.92000000000007;62.7200000000303;NA;NA;-1720.8738410778;-1815.65096948499;4.84965673354931;4.90532455727181;149.171177917483;147.490458533391;4127.19951248608;4309.03074804273;189.554256814382;0.0396039603960396;98;98
2;56.2199999999721;3.26999999999953;60.0800000000163;NA;NA;-1734.38644005839;-1825.65722682144;4.91987988656923;4.98763435854428;145.781538776011;144.000076790058;4140.12167615553;4314.45931405646;182.541573526109;0.0198019801980198;100;100
3;62.859999999986;3.73000000000047;67.2299999999814;NA;NA;-1756.7235434907;-1853.50931801683;5.03811628082906;5.26122071615769;147.000573940729;142.014214466327;4190.40974741638;4361.01826248051;193.571549052263;0.0297029702970297;100;100
4;57.859999999986;3.13000000000011;61.3899999999558;NA;NA;-1740.86651033778;-1830.85879959761;4.81705364389598;4.8716125251402;150.695156932078;148.981601312799;4174.95259608263;4347.05457025709;179.984578519655;0.0594059405940594;99;99
5;52.9100000000326;2.55000000000018;55.9500000000116;NA;NA;-1689.10393876902;-1782.69534836811;4.72028748535332;4.81489970363924;145.818022328129;143.542269994349;4047.50393584474;4224.24118705096;187.182819198177;0.0099009900990099;97;97
6;52.3299999999581;2.44999999999982;55.3300000000163;NA;NA;-1682.25791863618;-1757.38196499193;4.75538348169918;4.79968111759157;143.90968474885;142.442972988905;4025.0527394793;4168.56871236137;150.248092711499;0.267326732673267;97;97
7;52.7299999999814;2.85999999999967;56.1599999999744;NA;NA;-1712.572453466;-1800.58681267264;4.86688901738118;4.90510950273574;146.260970160861;145.017161241296;4097.22413230441;4267.53746311805;176.028718413298;0.0891089108910891;98;98
8;58.0999999999767;3.13000000000011;61.9500000000116;NA;NA;-1751.88837052311;-1835.29077697672;4.79776953636001;4.8620960407421;153.449198645087;151.60520401855;4210.43641571033;4368.7493195403;166.804812907218;0.118811881188119;100;100
9;52.5;2.44999999999982;55.4899999999907;NA;NA;-1684.84584267707;-1779.37069396033;4.83839632712417;4.86867203323514;143.945714264273;142.823417606095;4031.13215051729;4215.02482268919;189.04970256652;0.0198019801980198;98;98
10;55.7799999999697;3.46000000000004;59.8000000000466;NA;NA;-1705.84336532201;-1802.0321786689;5.05966788198028;5.12186909529147;139.576052529503;137.947862325896;4053.04829936191;4237.94427999799;192.377626693775;0.0297029702970297;98;98
11;56.2999999999884;3.27999999999975;60.1699999999837;NA;NA;-1743.64259342688;-1837.33495791077;4.91460152146686;5.02016410334897;149.203641211584;146.861327736198;4173.64357364984;4350.25332095309;187.384728967782;0.0198019801980198;99;99
12;55.109999999986;3.0600000000004;58.75;NA;NA;-1732.90282573481;-1819.0065866409;4.86205955268998;4.93646137383959;146.86495717121;145.010724663591;4142.14377360089;4305.8122391511;172.207521812183;0.217821782178218;100;100
13;54.710000000021;3.05000000000018;58.25;NA;NA;-1685.475393349;-1795.12112939438;4.98889026154778;5.09045520382347;139.687659330222;137.201812481161;4012.1088430967;4219.9904258537;219.291472090752;0.0099009900990099;97;97
14;53.0299999999697;2.97999999999956;56.7299999999814;NA;NA;-1686.63696331527;-1773.18155400855;4.82419889124986;4.89777412771789;144.450907569519;142.495173435979;4035.54655242998;4199.6691637771;173.08918138657;0.118811881188119;96;96
15;58.4500000000116;3.59000000000015;62.7600000000093;NA;NA;-1717.91841759019;-1846.65729466421;4.96850234464759;5.73685228783055;142.415048701038;127.991356765835;4090.24378672119;4281.44368361065;257.477754148027;0.0099009900990099;98;98
16;55.1100000000442;3.35000000000036;59.070000000007;NA;NA;-1744.625852713;-1820.64516711314;4.8261262522757;4.88406730204935;151.133666023606;149.476154952945;4185.24795829699;4329.65346653172;152.038628800289;0.306930693069307;100;100
17;55.7700000000186;3.10000000000036;59.5599999999977;NA;NA;-1717.76480978003;-1797.99883058917;4.87803103808302;4.9594671020143;146.115846527355;143.981195739079;4106.94199184733;4257.60116616049;160.468041618272;0.168316831683168;98;98
18;60.0499999999884;3.14999999999964;63.9099999999744;NA;NA;-1733.67577349268;-1825.08543497038;5.17458815547587;5.4748630798364;136.084478582571;129.729756655198;4093.35988317245;4246.94656371247;182.819322955389;0.356435643564356;99;99
19;54.25;2.92000000000007;57.7199999999721;NA;NA;-1704.39207088135;-1812.42483537576;5.12635056454243;5.39987446363371;136.803207158214;129.9563828739;4036.70273407956;4221.34174642629;216.065528988808;0.0594059405940594;97;97
20;54.8800000000047;2.85999999999967;58.1700000000419;NA;NA;-1715.22323830688;-1809.87656384006;4.9856991680129;5.09233870288381;143.423924950461;140.903697732157;4089.48928396397;4267.2153174891;189.306651066349;0.0198019801980198;98;98
21;51.75;2.46000000000004;54.9500000000116;NA;NA;-1704.07090410018;-1791.86329335521;4.89475757660338;4.97978441386602;143.831772375504;141.701115246343;4067.57584822998;4233.39207688908;175.58477851006;0.198019801980198;96;96
22;59.8300000000163;3.26999999999953;63.7700000000186;NA;NA;-1731.38873364691;-1859.28535547952;5.28032904072212;5.94838013962289;137.617871817178;123.034992898829;4095.14106085243;4283.92497211431;255.793243665212;0.188118811881188;98;98
23;54.609999999986;2.60999999999967;57.7999999999884;NA;NA;-1721.04520782555;-1809.89527759192;4.84733009445366;4.92062228261951;148.059712959153;146.079847422475;4123.18656659575;4291.7790375435;177.70013953273;0.0495049504950495;99;99
24;60.6100000000442;3.59000000000015;64.9899999999907;NA;NA;-1727.69074602516;-1849.28381416698;4.96971791956777;5.44188843321826;143.636473963519;132.475114907852;4116.13010216551;4307.97236819442;243.186136283636;0.0297029702970297;99;99
25;59.3099999999977;3.49000000000069;63.4699999999721;NA;NA;-1759.96125607633;-1851.94648492881;5.24761458951403;5.4784022542128;141.513441597978;136.578992352651;4170.90486550832;4332.1761411005;183.970457704951;0.267326732673267;99;99
26;56.359999999986;3.43000000000029;60.640000000014;NA;NA;-1741.61297469057;-1813.18273237561;4.82921037921172;4.88240406113049;149.389677489365;147.823271627039;4170.44013003362;4306.37395127988;143.139515370092;0.544554455445545;99;99
27;57.960000000021;2.75;61.3099999999977;NA;NA;-1726.17090002288;-1818.32244200017;4.75208409776926;4.79932915625673;149.056070113304;147.461960181011;4138.77037017209;4315.7323065933;184.303083954595;0.0297029702970297;100;100
28;62.1300000000047;3.46999999999935;66.3300000000163;NA;NA;-1815.30900072704;-1917.48894226149;7.21951851559401;7.26528915125278;101.33863099053;100.589212795889;4096.27598622959;4297.19224110991;204.359883068894;0.574257425742574;98;98
29;54.390000000014;4.02999999999975;58.9500000000116;NA;NA;-1708.93702117782;-1815.68815711527;5.26227709950586;5.56155024557332;132.617215466186;126.843720156558;4027.25927577462;4214.23193929864;213.502271874891;0.0693069306930693;98;98
30;59.2299999999814;3.18000000000029;63.0599999999977;NA;NA;-1761.51204609999;-1860.3386560749;5.15665090846127;5.34709436543811;145.76879598169;141.908983197988;4194.31420550224;4374.19233069705;197.653219949813;0.158415841584158;100;100
31;53.7199999999721;2.68000000000029;56.9199999999837;NA;NA;-1704.52286373717;-1805.09016605007;4.75747501637236;4.82061844447259;146.978993565917;145.133802335796;4085.17041248625;4277.81686986746;201.134604625814;0.0099009900990099;99;99
32;56.1199999999953;2.71000000000004;59.4000000000233;NA;NA;-1730.04669166278;-1819.54184382785;4.95931393482118;5.03890905807928;144.277976505888;142.358513180401;4123.79299816509;4293.95349284113;178.990304330133;0.138613861386139;99;99
33;56.5800000000163;3.32999999999993;60.4400000000023;NA;NA;-1720.52145379537;-1818.07957237438;4.84618605943002;4.89097146574807;151.069991947291;149.551900932969;4135.98677842563;4324.11957676717;195.116237158032;0.0099009900990099;99;99
34;54.140000000014;2.88999999999942;57.5599999999977;NA;NA;-1729.14666264419;-1815.44498597341;4.76490213543421;4.82005016695337;147.993833854891;146.297684810273;4139.83011666701;4304.61570831418;172.59664665844;0.168316831683168;100;100
35;53.5;3.05000000000018;57.0200000000186;NA;NA;-1700.10321187691;-1800.83511413746;4.72529568150889;4.94109763228714;146.555286440074;142.566413197258;4074.38199454168;4257.49640368716;201.463804521103;0.0099009900990099;99;99
36;56.359999999986;2.92000000000007;59.75;NA;NA;-1736.12306298552;-1832.1417270555;5.0032191015642;5.09755576300279;145.15901838101;142.976729555612;4139.99866120312;4321.99714427495;192.037328139955;0.0792079207920792;99;99
37;55.8099999999977;3.63000000000011;60.0999999999767;NA;NA;-1717.99846460129;-1807.05688828779;4.75718848488692;4.8192154580203;148.11439555818;146.204027505648;4117.34462803271;4286.6735053262;178.11684737301;0.0594059405940594;99;99
38;55.6700000000419;2.60999999999967;58.890000000014;NA;NA;-1739.75207826173;-1838.81789602606;5.11033797799515;5.2980827609123;140.223632603296;136.070650588557;4124.55320145798;4303.58051746143;198.131635528653;0.0693069306930693;99;99
39;52.3400000000256;2.4399999999996;55.3699999999953;NA;NA;-1721.57939962075;-1805.07342362564;4.80036034444927;4.85785678092201;147.378571209335;145.70087018828;4120.37347835875;4279.65237469671;166.988048009784;0.198019801980198;98;98
40;72.8000000000466;3.78999999999996;77.2999999999884;NA;NA;-1788.3635382515;-1891.59379688921;5.97156135090021;6.32508193795332;126.021222314227;119.455440108454;4155.80326737115;4332.09356347295;206.460517275413;0.396039603960396;98;98
41;55.039999999979;2.75;58.3600000000442;NA;NA;-1694.16314132784;-1785.98672191968;4.75591772589656;4.81183164541849;147.05572963852;145.383200134856;4064.80396472969;4240.75724764954;183.647161183691;0.0198019801980198;99;99
42;58;3.39000000000033;62.039999999979;NA;NA;-1720.92790757664;-1821.70094647518;4.81604812875572;4.89782003179067;148.340924440214;146.15256538648;4124.99101774727;4316.45932967386;201.546077797084;0.0099009900990099;100;100
43;55.4099999999744;3.69000000000051;59.5;NA;NA;-1732.94647031913;-1805.22446772434;4.89299621338569;4.93930251907313;143.84011190314;142.458374006334;4127.57831480688;4265.77811491504;144.555994810418;0.653465346534653;99;99
44;61.0999999999767;3.44999999999982;65.1900000000023;NA;NA;-1728.9510883596;-1841.60212834845;4.89194666280411;5.56644436726653;144.847457084759;129.538488497024;4123.48621221154;4278.44252777662;225.30207997769;0.277227722772277;98;98
45;52.4799999999814;3.09000000000015;56.1399999999558;NA;NA;-1666.89173071987;-1781.05178826199;4.90268137158492;5.06264178777591;139.252561564474;135.889711026438;3972.94444494619;4185.82927587388;228.320115084244;0.0099009900990099;97;97
46;55.710000000021;2.46000000000004;58.7000000000116;NA;NA;-1716.03251098207;-1797.29099566565;4.79166462273828;4.85052688149041;145.633095575626;143.972384959655;4101.99838104121;4256.87584074187;162.516969367162;0.207920792079208;99;99
47;56.1700000000419;3.14000000000033;59.890000000014;NA;NA;-1731.68191586293;-1823.15261112701;4.93338956603854;5.01815499358271;145.22662502045;143.065267758743;4130.69016998171;4303.69997512107;182.941390528156;0.0693069306930693;98;98
48;60.8699999999953;3.82999999999993;65.359999999986;NA;NA;-1770.15884216079;-1906.86586463306;5.44945817656938;6.31306596219253;135.208717749883;118.663457163428;4162.97684018903;4360.19714436142;273.414044944539;0.207920792079208;100;100
49;54.9500000000116;3.10999999999967;58.5499999999884;NA;NA;-1691.02318860955;-1784.05097302635;4.80956652858782;4.87710125063367;143.166621013853;141.224382038637;4039.90685526976;4217.03770232341;186.0555688336;0.0396039603960396;98;98
50;60.6100000000442;2.92000000000007;64.3099999999977;NA;NA;-1752.1030751585;-1854.14876187311;4.87730717725447;5.18747669247506;149.358769433439;142.481978167885;4191.27814943001;4363.73528577874;204.091373429225;0.108910891089109;99;99
51;71.5;4.53999999999996;76.7099999999627;NA;NA;-1732.60996026849;-1863.20352640516;4.90655867597333;5.72773032828372;143.922888395365;126.275206326392;4127.28607857392;4307.29131409733;261.187132273331;0.0198019801980198;99;99
52;55.3600000000442;2.81999999999971;58.7799999999697;NA;NA;-1694.4255167941;-1790.32131962727;4.77743893559355;4.84752888825413;144.727832143293;142.906771676484;4053.88538424044;4237.30909171396;191.791605666345;0.0792079207920792;98;98
53;54.9199999999837;3.09000000000015;58.6699999999837;NA;NA;-1690.61434359473;-1788.19362251947;4.85942851216368;4.94864994710095;143.122985742108;140.643259476253;4038.15468769935;4221.9314493283;195.158557849465;0.0297029702970297;97;97
54;57.2700000000186;2.72000000000025;60.7600000000093;NA;NA;-1744.31263321744;-1839.66930740675;4.89157557929143;4.94569948024829;149.532720494225;148.002916224257;4177.24889268457;4360.91723204875;190.713348378627;0.0198019801980198;100;100
55;58.0199999999604;3.42000000000007;62.0899999999674;NA;NA;-1755.36908093587;-1833.05453687631;4.86505874940539;4.96132389037438;149.630180505401;147.240052339893;4199.81060805924;4344.17457297163;155.370911880877;0.504950495049505;100;100
56;57.7799999999697;3.23999999999978;61.6700000000419;NA;NA;-1739.73943907989;-1819.65313556039;4.74881475696616;4.85375745548792;151.759625636654;149.124715067991;4177.59516397509;4325.30158621061;159.82739296099;0.178217821782178;99;99
57;55.7199999999721;3.19999999999982;59.429999999993;NA;NA;-1722.1765328679;-1804.38470725447;4.92848959978839;5.03242033088345;143.735785330592;141.551562205146;4104.82889299879;4259.20858616533;164.416348773125;0.316831683168317;98;98
58;55.679999999993;3.8100000000004;60.140000000014;NA;NA;-1706.09303515734;-1805.03123028393;4.88712401341946;5.03013994558942;142.08790495556;138.926935879489;4065.81103842277;4249.14651252841;197.876390253177;0.0099009900990099;99;99
59;68.0300000000279;3.94999999999982;72.6399999999558;NA;NA;-1724.85847462546;-1891.62364520907;4.93938951346542;6.31625471797247;145.333452946634;117.595375160698;4118.27190878104;4324.20306961068;333.530341167214;0.0099009900990099;99;99
60;59.109999999986;3.05000000000018;62.8699999999953;NA;NA;-1689.42128552084;-1802.49713816843;5.05859404949392;5.27420383911338;138.406702813262;133.596752599937;4014.83089732437;4218.88055030925;226.151705295181;0.0396039603960396;98;98
61;57.5500000000466;3.35999999999967;61.6900000000023;NA;NA;-1725.30485481109;-1813.45495002933;4.79707209664077;4.90192338979084;146.330281423472;143.939978554553;4123.75022470387;4289.05467530625;176.300190436489;0.118811881188119;99;99
62;57.8999999999651;3.17000000000007;61.7600000000093;NA;NA;-1728.77859537246;-1821.30301279122;4.87151673254456;4.99380837787786;147.031428824088;144.096956332606;4133.9230855485;4305.47292137369;185.04883483752;0.0297029702970297;99;99
63;60.9199999999837;1.17000000000007;62.3500000000349;NA;NA;-1759.37220375468;-1853.94637040166;5.45721969749597;5.77215738957297;135.096128473885;128.375385222653;4139.52041682806;4297.7864722782;189.148333293955;0.673267326732673;98;98
64;58.640000000014;1.10999999999967;59.9100000000326;NA;NA;-1686.99965274439;-1790.6647211266;5.24935989697737;5.35992403404319;135.445732516562;132.817440991248;3994.27622577762;4189.57003963504;207.330136764409;0.0693069306930693;95;95
65;60.2700000000186;1.22000000000025;61.609999999986;NA;NA;-1726.27047184645;-1816.71969572653;4.90207690219382;5.05491024614679;148.897975624819;145.342983553009;4137.49322446282;4302.0381931546;180.898447760159;0.0693069306930693;99;99
66;60.0200000000186;1.38000000000011;61.640000000014;NA;NA;-1737.3986116763;-1832.78077361236;4.77721267684702;4.82129019268521;153.125165495694;151.634280454003;4179.96467021787;4363.86321474525;190.764323872106;0.0099009900990099;100;100
67;68.5900000000256;1.47999999999956;70.1499999999651;NA;NA;-1743.26990308343;-1842.21889267908;5.9225588033175;6.083213450415;117.180011517565;114.064122355846;4024.38909645936;4207.98532953751;197.8979791913;0.841584158415842;97;97
68;53.5;1.32999999999993;55.039999999979;NA;NA;-1702.3453396609;-1790.97363986908;4.96271781291127;5.04395786934318;139.410237180766;137.510898829222;4044.57538453831;4213.1141347755;177.256600416357;0.0792079207920792;97;97
69;58.0299999999697;1.23999999999978;59.5;NA;NA;-1726.95044901875;-1829.76658923487;4.88452424580776;5.29180317868208;143.473390694794;135.77466051222;4113.89930146653;4284.116306604;205.632280432237;0.0297029702970297;99;99
70;56.539999999979;1.26000000000022;57.9800000000396;NA;NA;-1723.72345944926;-1817.64980526447;4.91129231991189;5.01027628442561;143.427553902087;141.07975385468;4107.95521397761;4284.99588682706;187.852691630426;0.0495049504950495;100;100
71;62.929999999993;1.34000000000015;64.5099999999511;NA;NA;-1747.84505098367;-1876.49947555162;5.00551434367147;5.61811708743564;147.660447793558;134.511406122517;4175.69159379589;4372.446868254;257.308849135908;0.0099009900990099;100;100
72;52.7000000000116;1.1299999999992;53.9500000000116;NA;NA;-1685.23986512034;-1777.61901706756;4.76787997154799;4.85980158521195;143.06722387256;140.87891822126;4027.88347158536;4202.5863603859;184.758303894443;0.0198019801980198;98;98
73;59.8800000000047;1.20000000000073;61.25;NA;NA;-1737.74796774433;-1835.35112816459;5.01471228096843;5.10817648922685;149.61857556314;147.261062387508;4163.76308047488;4348.12449882549;195.206320840509;0.0198019801980198;99;99
74;61.2699999999604;1.11000000000058;62.6199999999953;NA;NA;-1731.21446811754;-1838.47291903075;4.80188730591597;4.84134138851211;153.746167371603;152.358128433672;4170.45620242471;4378.58094871718;214.516901826419;0.0099009900990099;100;100
75;58.1199999999953;1.16999999999916;59.4000000000233;NA;NA;-1714.75344414742;-1805.04651266892;4.80830629959243;4.91349157597631;149.612938719072;147.135564743497;4116.22138735056;4285.43652504566;180.586137042987;0.099009900990099;97;97
76;56.1399999999558;1.03000000000065;57.4200000000419;NA;NA;-1730.2370093432;-1818.08684419901;4.82000544080601;4.8719917136223;150.287925360241;148.711397723213;4151.8202698071;4320.26768376339;175.699669711607;0.0594059405940594;99;99
77;67.7800000000279;1.42000000000007;69.3999999999651;NA;NA;-1731.13349371733;-1896.514068514;4.86250942622735;6.00749889136661;151.830646994245;125.786979021886;4160.70998179426;4371.6664819125;330.761149593337;0.0099009900990099;99;99
78;56.0300000000279;1.09999999999945;57.2199999999721;NA;NA;-1716.63207254244;-1808.68637774423;4.84550478325017;4.87147792496943;147.126003546311;146.088369940658;4110.06509732572;4289.40044266769;184.108610403585;0.0297029702970297;99;99
79;55.8399999999674;1.32000000000062;57.3300000000163;NA;NA;-1735.65786887212;-1825.15572307801;4.85378601897302;4.94020657699614;147.765526807231;145.716846004155;4151.05858972774;4320.63006934964;178.995708411769;0.0495049504950495;99;99
80;57.109999999986;1.19000000000051;58.4899999999907;NA;NA;-1714.2084254302;-1823.20989361343;5.01457269606902;5.20284051273899;140.513935923297;136.382486020121;4074.80133316615;4273.79900084314;218.002936366458;0.0198019801980198;99;99
81;55.9699999999721;1.36999999999989;57.4799999999814;NA;NA;-1721.02835320104;-1819.96597622718;5.02033578164964;5.14836422318894;143.136643650437;140.224109697678;4099.77943640443;4284.2713884673;197.875246052289;0.0099009900990099;98;98
82;55.8099999999977;1.06999999999971;57.0800000000163;NA;NA;-1698.16093854661;-1809.43517923932;4.75355186375637;5.08073799944417;143.786140921292;137.171793662686;4057.75897691857;4249.88050171459;222.548481385425;0.0099009900990099;99;99
83;75.679999999993;1.89999999999964;77.9199999999837;NA;NA;-1759.15242366239;-1910.47967640159;5.39656558560315;6.33043553308418;134.552506718376;115.435394233591;4137.9420397142;4352.55898873549;302.654505478394;0.158415841584158;100;100
84;58.8300000000163;1.39000000000033;60.5400000000373;NA;NA;-1752.34641471567;-1830.71134807001;4.82315455638486;4.8977398550715;151.775183663746;149.754234045304;4203.64338021249;4351.06642999093;156.729866708672;0.386138613861386;100;100
85;56.179999999993;1.14000000000033;57.4500000000116;NA;NA;-1704.98182866781;-1804.56160944828;4.88507174196213;5.01497684517062;144.253809117811;141.212778475346;4072.080069949;4257.28148155223;199.159561560932;0.0099009900990099;97;97
86;64.6199999999953;1.03999999999996;65.8099999999977;NA;NA;-1757.56250137212;-1870.67502582655;5.18227302139845;5.3892901280706;146.668597668227;142.191912033235;4190.55885594665;4396.16800563721;226.225048908862;0.0099009900990099;100;100
87;56.390000000014;1.42000000000007;57.9400000000023;NA;NA;-1746.40100772736;-1839.40814500542;4.78444311718403;4.82127974637083;152.35818657119;150.961370859748;4194.43739384358;4374.01909433004;186.014274556115;0.0198019801980198;100;100
88;53.789999999979;1.1899999999996;55.2200000000303;NA;NA;-1672.79068475794;-1774.79219647601;4.80658111821245;4.94123059063954;140.525959693097;137.557767097416;3990.58717477025;4180.96637055556;204.003023436156;0.0099009900990099;97;97
89;60.8400000000256;1.25;62.2400000000489;NA;NA;-1724.81986040529;-1828.58856456067;4.8297155044969;4.92485759808286;147.645978641623;145.385697596763;4129.57457973203;4326.70300916304;207.537408310762;0.0099009900990099;100;100
90;60.6500000000233;1.39000000000033;62.25;NA;NA;-1753.81655631973;-1850.02198483482;5.08094513376397;5.22470139652827;145.853850334684;142.346952393649;4179.31491571231;4355.57591089914;192.410857030189;0.0297029702970297;100;100
91;58.6199999999953;1.46999999999935;60.2799999999697;NA;NA;-1718.54273632313;-1810.70168298156;4.94169743008785;5.05177726366569;144.570768876576;141.916036402048;4102.13197485114;4274.23771380102;184.317893316866;0.0693069306930693;99;99
92;59.5099999999511;1.11000000000058;60.8499999999767;NA;NA;-1709.18650654907;-1806.68768451607;4.7640183451158;4.99647706104548;147.855745259787;143.040003528614;4097.78033982221;4270.65403102275;195.002355933996;0.0693069306930693;98;98
93;60.9700000000303;1.02999999999975;62.2299999999814;NA;NA;-1762.9001278181;-1860.6299991827;5.06355711644313;5.34482418224988;144.633526539412;138.460540387993;4191.86225994981;4358.89435089599;195.459742729213;0.198019801980198;100;100
94;57.9100000000326;1.19000000000051;59.390000000014;NA;NA;-1734.73374981633;-1819.90608143373;4.79885373177825;4.86332667352744;149.237811288355;147.464400105324;4156.73301879992;4318.91082172711;170.344663234783;0.0495049504950495;100;100
95;57.929999999993;1.28999999999996;59.3999999999651;NA;NA;-1722.18638317509;-1805.78952062241;4.93896430348041;5.03126904220623;144.789913371079;142.432294130361;4109.69238451729;4266.06523672041;167.206274894641;0.257425742574257;98;98
96;60.9500000000116;1.15999999999985;62.3300000000163;NA;NA;-1721.91367713875;-1829.24332246375;4.86405798754255;5.26162863964583;145.617628864367;137.497023309027;4114.42131727796;4291.68383733234;214.659290650007;0.0099009900990099;100;100
97;60.0599999999977;0.889999999999418;61.2700000000186;NA;NA;-1746.78974662855;-1825.20264207348;5.0785579586127;5.15938234513369;142.819588458081;140.952871220792;4150.57031158412;4298.80893247473;156.825790889859;0.594059405940594;99;99
98;72.1499999999651;1.16000000000076;73.4899999999907;NA;NA;-1718.48155173493;-1921.34485873822;5.01765202492081;6.95338438292233;139.690242967819;101.58726319621;4078.8493851118;4309.49018435099;405.726614006581;0.0198019801980198;98;98
99;58.6699999999837;1.6899999999996;60.5599999999977;NA;NA;-1719.12679549932;-1816.76044372065;4.83938468314475;4.88047354476407;153.542627286774;152.04621908787;4144.57194297194;4332.95554469342;195.267296442653;0.0099009900990099;99;99
100;55.210000000021;1.18000000000029;56.5299999999697;NA;NA;-1722.89296811704;-1812.94505144132;4.81041740097356;4.84504544295583;148.795685253985;147.491599265561;4131.01538976941;4305.1140185041;180.104166648553;0.0099009900990099;100;100
101;53.4200000000419;1.04999999999927;54.5999999999767;NA;NA;-1695.273129882;-1783.73600680482;4.84121492560995;4.90534343731013;144.28821650119;142.546559164218;4052.82060022267;4221.75225037697;176.925753845641;0.0495049504950495;97;97
102;61.2000000000116;1.23000000000047;62.640000000014;NA;NA;-1750.26027855753;-1851.06634056966;5.11225963451046;5.35246706820616;145.729239370427;140.406899121296;4170.89619159079;4348.02477863359;201.612124024268;0.0396039603960396;99;99
103;58.1500000000233;1.21000000000004;59.5899999999674;NA;NA;-1713.00568957921;-1803.70849848579;4.99967351385166;5.12131038860529;142.019235582979;139.225422636207;4079.32045819434;4247.87413129902;181.405617813171;0.0594059405940594;99;99
104;55.5599999999977;1.22000000000025;56.9199999999837;NA;NA;-1727.63591605814;-1816.61090131935;4.88907757443056;4.94180405520978;143.537848493227;142.01890664929;4115.56675076563;4286.52936853196;177.949970522435;0.108910891089109;99;99
105;55.2200000000303;1.28999999999996;56.7199999999721;NA;NA;-1695.39052427273;-1798.58667036126;4.77590837216533;4.85177316535872;146.214832597848;144.335997960017;4063.39048228713;4261.13986266519;206.392292177043;0.0099009900990099;99;99
106;55.289999999979;1.31999999999971;56.8399999999674;NA;NA;-1713.31481982535;-1808.59291596858;4.84368082328539;4.87806665253123;145.508698250412;144.317297427544;4095.99075299192;4281.06632871856;190.55619228647;0.0198019801980198;99;99
107;59.9699999999721;1.28999999999996;61.359999999986;NA;NA;-1735.79049676533;-1830.70600075049;5.07562341778136;5.35356817963367;143.669936198082;137.709742954301;4131.75423949721;4294.19774925837;189.831007970312;0.316831683168317;98;98
108;57.3800000000047;1.23999999999978;58.8099999999977;NA;NA;-1740.71209391788;-1821.35151672966;4.92307920113895;5.05375908590134;145.558011809148;142.651649871203;4151.74360415095;4299.6381584282;161.278845623566;0.198019801980198;100;100
109;59.1900000000023;1.03999999999996;60.5100000000093;NA;NA;-1735.10924445151;-1836.20165332668;4.90829176541605;5.06432399732812;150.134613550582;146.451792455409;4161.61393511101;4346.83873495353;202.184817750342;0.0099009900990099;100;100
110;55.0599999999977;1.21000000000004;56.4699999999721;NA;NA;-1709.2627459254;-1802.61009038539;4.82118495280153;4.90792145860613;144.726338723263;142.4973987353;4084.28763791089;4260.72887964966;186.694688919963;0.0297029702970297;99;99
111;59.289999999979;1.53000000000065;60.9899999999907;NA;NA;-1752.88428748248;-1844.21562223763;4.83243272011752;4.87343473154181;153.541324291206;152.102745264959;4212.85250390795;4388.89027217638;182.662669510294;0.0198019801980198;100;100
112;53.75;1.02999999999975;54.9000000000233;NA;NA;-1700.93918013067;-1772.90960442515;4.81599576664235;4.88658391853217;143.226808355985;141.415446046423;4059.28090040002;4194.90770361515;143.94084858895;0.504950495049505;97;97
113;55.6600000000326;1.13999999999942;56.9000000000233;NA;NA;-1728.66814799727;-1819.45437092085;4.84352677727213;4.93284147457101;145.049401039146;142.860844341705;4125.31347315545;4296.80724294921;181.572445847163;0.0396039603960396;100;100
114;64.5899999999674;1.34000000000015;66.0300000000279;NA;NA;-1760.34946783954;-1888.14650560541;5.3127477681111;6.02085271394064;140.935873761204;124.931848516872;4168.3089765563;4350.36345449599;255.594075531734;0.247524752475248;98;98
115;59.75;1.09000000000015;61.0200000000186;NA;NA;-1722.04983982669;-1835.93424379845;4.93300209099638;5.11274055061964;148.20882189305;144.246129662863;4125.12941781037;4334.68938219485;227.768807943519;0.0396039603960396;98;98
116;56.75;1.46000000000004;58.5100000000093;NA;NA;-1691.02599005748;-1793.88765876652;4.74976583354572;4.78375063058656;148.861508196025;147.49351281516;4066.08085676005;4265.51816124075;205.723337418077;0.0099009900990099;98;98
117;59.429999999993;1.28999999999996;60.9100000000326;NA;NA;-1728.88138486948;-1816.89781656535;4.77769117781517;4.9315262220465;148.484140382239;145.364427426643;4141.55750611931;4303.2235604191;176.032863391735;0.0396039603960396;100;100
118;53.8300000000163;1.23999999999978;55.1600000000326;NA;NA;-1696.88931450742;-1792.59844373467;4.80277660096912;4.83799268639656;146.302025170097;144.985359952878;4066.04650498061;4251.41459613285;191.418258454493;0.0198019801980198;98;98
119;57.7999999999884;1.60999999999967;59.5599999999977;NA;NA;-1751.50529934147;-1840.04858595293;4.93001745386923;5.05994622262349;146.664864867746;143.864129625054;4178.42726170385;4342.61597248828;177.086573222919;0.0594059405940594;100;100
120;57.4099999999744;1.22000000000025;58.8399999999674;NA;NA;-1726.83112478331;-1827.00720706316;4.82599597158399;4.92741923389078;149.42781964794;146.806486698003;4141.80278956652;4330.08326977762;200.352164559694;0.0693069306930693;100;100
121;58.9700000000303;1.28999999999996;60.3699999999953;NA;NA;-1724.16708057929;-1814.71053640028;5.13023035257616;5.29204664776091;139.079983538268;135.797796267923;4088.1222545442;4254.11062876615;181.086911641973;0.356435643564356;99;99
122;54.6100000000442;1.21000000000004;55.8899999999558;NA;NA;-1694.66341434839;-1788.63069305773;5.05458461167034;5.27635222971753;136.663701365953;132.738260792691;4016.60509771628;4186.52211614456;187.934557418685;0.0495049504950495;97;97
123;60.9100000000326;1.43000000000029;62.5;NA;NA;-1744.83943653896;-1844.38253224343;5.27047281828437;5.37989793540519;136.536556101055;133.904880390978;4117.76683140945;4304.74693291151;199.08619140893;0.386138613861386;99;99
124;54.6800000000512;1.63000000000011;56.4800000000396;NA;NA;-1749.67636077348;-1820.89650252079;4.83296051726278;4.90407908077971;147.625617180803;145.817579224258;4178.45196895946;4312.57501565581;142.440283494618;0.801980198019802;99;99
125;56.6600000000326;1.05999999999949;57.9400000000023;NA;NA;-1728.05218559917;-1798.53409025377;4.8454089669479;4.95412391619792;145.759351513033;143.202407819752;4125.87862435641;4255.0931013946;140.963809309203;0.772277227722772;98;98
126;61.3300000000163;1.42000000000007;62.859999999986;NA;NA;-1735.78284388294;-1846.72735179396;5.23298499531178;5.40871472597296;140.755024052737;136.588258195858;4119.05921042918;4321.78049905328;221.889015822055;0.0495049504950495;99;99
127;59.7700000000186;1.46000000000004;61.5599999999977;NA;NA;-1771.71993363238;-1840.45564894567;5.47388990127811;5.59789036446767;133.566789030085;130.770609651546;4157.18845657121;4281.81125048587;137.471430626587;0.900990099009901;98;98
128;60.2200000000303;1.42000000000007;61.75;NA;NA;-1743.17950075105;-1846.38861354123;4.95515797510999;5.31375755953159;149.305569648765;141.688614054837;4171.66269478828;4343.11954677492;206.41822558037;0.099009900990099;97;97
129;60.4000000000233;1.21999999999935;61.9200000000419;NA;NA;-1739.08564276056;-1841.7536632979;5.31246106332427;5.41824472383503;136.451920429471;133.816091575683;4105.86990748966;4299.08075359412;205.33604107468;0.128712871287129;99;99
130;60.5299999999697;1.3100000000004;62.0100000000093;NA;NA;-1743.78636945429;-1838.1759809558;4.84239825691551;5.23654527432555;147.167543184553;138.447111436141;4165.3043211272;4313.92447183348;188.779223003021;0.168316831683168;100;100
131;60.5599999999977;1.35999999999967;62.0999999999767;NA;NA;-1724.62888983904;-1830.11491746307;4.98761519265579;5.13926667345442;148.1044948305;144.577631599728;4129.80812780159;4324.57400374204;210.972055248052;0.0099009900990099;98;98
132;59.7399999999907;1.49000000000069;61.4300000000512;NA;NA;-1757.47399579033;-1823.39271986356;5.04052583773741;5.11189977862684;143.494184606531;141.765451807677;4175.76313239333;4299.63947179497;131.83744814646;0.910891089108911;100;100
133;58.8000000000466;1.47999999999956;60.4400000000023;NA;NA;-1740.26915506801;-1831.03532552173;5.0255504648705;5.14327119778104;143.326857431583;140.879613131087;4140.58288083132;4310.84524524827;181.532340907426;0.0792079207920792;100;100
134;56.0800000000163;1.27999999999975;57.4500000000116;NA;NA;-1720.3529788055;-1798.2635293453;4.76644142935232;4.79614307556643;151.294424503331;150.065499973726;4135.13837650636;4285.318787015;155.821101079589;0.227722772277228;97;97
135;55.7799999999697;1.14000000000033;57.1100000000442;NA;NA;-1711.12076318315;-1794.44716345109;4.83033159653237;4.92716951467024;144.580463912429;142.260463301605;4087.33262714205;4243.31308842616;166.652800535887;0.178217821782178;99;99
136;60.5900000000256;1.32999999999993;62.0800000000163;NA;NA;-1727.48612231448;-1825.76036353577;4.78215061838065;5.18657521024202;148.620990981189;140.352266629189;4138.65035587041;4297.16150717941;196.548482442574;0.0495049504950495;99;99
137;58.4199999999837;1.47000000000025;60;NA;NA;-1730.00979263069;-1813.87615125823;4.84450078371316;4.95112037844264;144.960888672177;142.315517714619;4127.58914790882;4283.13948169929;167.732717255091;0.198019801980198;100;100
138;55.4900000000489;1.13999999999942;56.7600000000093;NA;NA;-1715.81173941963;-1793.35145328569;4.74918807274043;4.83457816184055;145.618140574489;143.561331948958;4101.48804274236;4247.10585252263;155.079427732111;0.158415841584158;99;99
139;55.9800000000396;1.19000000000051;57.3899999999558;NA;NA;-1727.97262569484;-1819.89619577752;4.83476398143201;4.88152804326119;148.160255408561;146.715968412429;4137.50391218206;4314.70712271752;183.84714016537;0.0891089108910891;99;99
140;55.8099999999977;1.27999999999975;57.2200000000303;NA;NA;-1735.85131902906;-1814.35650652671;5.10685187516429;5.27888695745698;136.098412183136;133.084099139109;4097.08421001035;4240.24360908617;157.010374995305;0.732673267326733;98;98
141;55.3600000000442;0.880000000000109;56.3400000000256;NA;NA;-1700.05736321772;-1789.56800223883;4.85145560197603;4.94278366263677;142.922265829385;140.662700759189;4056.85237559393;4225.49079660748;179.021278042225;0.237623762376238;98;98
142;62.4900000000489;1.11999999999989;63.8699999999953;NA;NA;-1748.40443166519;-1855.14784348438;5.01418385922988;5.27315442798122;149.874333687912;143.706118157228;4186.2525327801;4371.36467047466;213.486823638362;0.0297029702970297;99;99
143;78.4699999999721;1.72000000000025;80.5500000000466;NA;NA;-1872.98256012997;-2052.07743567197;7.2753731916593;9.97043773544627;104.039497940336;73.3131618855251;4224.56189839177;4441.40604774997;358.189751084014;0.415841584158416;99;99
144;52.789999999979;0.779999999999745;53.7999999999884;NA;NA;-1700.85612882968;-1787.0449319316;4.83166037253409;4.90712151849673;141.62694293698;139.914808328967;4051.03768566113;4215.56556698853;172.377606203829;0.0396039603960396;96;96
145;58.8800000000047;1.30000000000018;60.4400000000023;NA;NA;-1738.98907377694;-1827.57653711493;4.83682743556636;4.90664454735956;147.941624032286;146.00043530945;4159.27450381401;4327.50992605822;177.174926675989;0.099009900990099;100;100
146;58.2000000000116;1.23999999999978;59.609999999986;NA;NA;-1734.37797419521;-1814.24223856115;4.84890853791415;4.91513492686834;147.221890836301;145.218972911259;4145.9979960706;4296.51281188802;159.728528731891;0.297029702970297;99;99
147;60.3299999999581;1.18000000000029;61.6500000000233;NA;NA;-1750.71872308404;-1853.62611407916;5.12736156898583;5.3633397280765;142.123242826446;136.792168471724;4155.93916676838;4337.20344408096;205.814781990232;0.128712871287129;100;100
148;59.609999999986;1.1899999999996;61.0500000000466;NA;NA;-1732.63850334689;-1810.4107115232;4.76919189549131;4.81501207897611;148.009880520459;146.587682598159;4146.88769569826;4295.88264858052;155.544416352612;0.405940594059406;100;100
149;56.0899999999674;1.30000000000018;57.6500000000233;NA;NA;-1709.98226439971;-1795.61524956667;4.88385721142414;4.97311469040417;144.598297143892;142.29830314439;4083.6621209838;4244.37125552048;171.265970333921;0.306930693069307;97;97
150;53.2699999999604;1.01000000000022;54.5400000000373;NA;NA;-1696.03272673459;-1786.20848955531;4.94519328950243;4.99537500177458;141.026561411041;139.60299852969;4039.36899086429;4213.18644746524;180.351525641444;0.0891089108910891;97;97
151;56.960000000021;1.14999999999964;58.390000000014;NA;NA;-1738.91696848271;-1828.50961039257;4.76961614591123;4.90557873103543;150.697125800777;147.934542375488;4171.81984781726;4338.28296481053;179.185283819712;0.0396039603960396;100;100
152;53.960000000021;1.10000000000036;55.289999999979;NA;NA;-1696.18577006811;-1777.29969291251;4.82030197965227;4.87812101334131;141.163780224654;139.581972233749;4040.30490373258;4195.2723447306;162.227845688793;0.227722772277228;97;97
153;58.0799999999581;1.3799999999992;59.6399999999558;NA;NA;-1703.98791551887;-1799.25265976637;5.04873570886216;5.13266497374971;142.095152699897;139.69069916014;4060.18413895541;4239.67732857015;190.529488494994;0.138613861386139;97;97
154;55.75;1.26000000000022;57.1900000000023;NA;NA;-1720.87278440752;-1797.18010858484;4.9035275448186;4.92950857155089;145.22493023684;144.231969478623;4107.56690215076;4255.62906454514;152.614648354658;0.485148514851485;96;96
155;60.5;1.1899999999996;61.8099999999977;NA;NA;-1735.38833076206;-1848.39636859951;5.474106076145;6.00309326202368;129.506854580166;118.488340457988;4065.86957257845;4241.25481743196;226.016075674911;0.633663366336634;98;98
156;53.9699999999721;1.19999999999982;55.3300000000163;NA;NA;-1677.25682326569;-1766.70112742283;4.82586299069676;4.86023275730264;141.913845454634;140.734823670202;4005.15445348723;4178.63753084163;178.888608314284;0.0693069306930693;96;96
157;54.640000000014;1.11000000000058;55.9799999999814;NA;NA;-1692.14029548809;-1789.12622128694;4.74551746776565;4.77742852123655;143.405969238532;142.253075404986;4044.6894850062;4233.35206429403;193.971851597694;0.0495049504950495;100;100
158;55.359999999986;1.32999999999993;56.8300000000163;NA;NA;-1731.26928843402;-1807.78771030522;4.97105763620588;5.05386635504493;142.717100774149;140.760202492127;4119.05793698641;4263.09276484591;153.036843742394;0.534653465346535;99;99
159;56.3399999999674;1.23999999999978;57.7400000000489;NA;NA;-1747.01300581464;-1826.20944662373;4.74249393670281;4.82868494211711;153.213792982117;151.005376492729;4199.60160315269;4347.82435099568;158.39288161817;0.247524752475248;100;100
160;78.6900000000023;1.69999999999982;80.679999999993;NA;NA;-1745.52838136129;-1875.00653758422;5.57765187827642;6.2163468347354;129.706200391392;115.767947892335;4087.72409426471;4282.56242391655;258.956312445855;0.297029702970297;99;99
161;55.5;1.4399999999996;57.0799999999581;NA;NA;-1694.28251838655;-1803.78851972284;4.81401702805961;4.905197319222;145.40970878735;143.229030236894;4057.47078422899;4266.45134933168;219.012002672568;0.0099009900990099;99;99
162;57;1.17000000000007;58.359999999986;NA;NA;-1735.09507828779;-1827.41246792243;4.89067657480921;5.0552761385137;148.139394713057;144.180544957189;4151.65285514347;4318.07635143104;184.634779269282;0.198019801980198;99;99
163;58.4700000000303;1.25;59.8699999999953;NA;NA;-1739.95921680285;-1827.21836765899;4.79696861656887;4.83684241609806;152.785947240288;151.30010879526;4183.52372267461;4351.19948547866;174.518301712279;0.0297029702970297;100;100
164;61.539999999979;1.45000000000073;63.1999999999534;NA;NA;-1801.86630736042;-1875.70480594695;6.57440608908697;6.48412339949292;111.353930489452;113.128750531547;4115.41159007028;4271.24400750177;147.676997173064;0.910891089108911;98;98
165;57.0100000000093;1.29999999999927;58.4099999999744;NA;NA;-1750.16257074393;-1838.51199613596;4.75378342828469;4.89985431253466;152.570337817529;149.541740708841;4202.93751247128;4365.68915814504;176.698850784051;0.0198019801980198;100;100
166;52.2999999999884;1.14000000000033;53.5800000000163;NA;NA;-1686.71821062456;-1793.14160828211;4.75668524226055;4.91170836093635;143.725675211871;140.612716635593;4033.86579182068;4232.40832820558;212.846795315093;0.0099009900990099;98;98
167;79.0199999999604;1.52000000000044;80.8699999999953;NA;NA;-1739.90897829208;-1993.08731381163;5.4194571470691;8.97585384928549;132.402449132396;80.0433108167448;4088.2163239165;4353.97915039374;506.356671039108;0.108910891089109;98;98
168;58.1700000000419;1.25;59.5599999999977;NA;NA;-1734.32001980119;-1822.64225895102;4.84234895074343;4.98588968116646;149.453061303916;146.237061800406;4156.14579499361;4317.9962091991;176.644478299651;0.0495049504950495;99;99
169;59.3099999999977;1.22000000000025;60.7099999999627;NA;NA;-1750.72049256155;-1861.4563873879;5.29232994976531;5.75399326320773;137.482834782552;127.891025961092;4133.88196261701;4311.23004070548;221.4717896527;0.178217821782178;99;99
170;51.0900000000256;1.47000000000025;52.7600000000093;NA;NA;-1727.29079266524;-1814.36287194012;4.86487865789587;4.92264213520751;145.088052385036;143.561888212393;4122.00766668973;4289.13124872395;174.144158549745;0.108910891089109;99;99
171;59.2299999999814;1.40999999999985;60.9099999999744;NA;NA;-1725.89495409769;-1890.56201291886;5.0026405350645;6.39936696066649;141.578059976163;112.924252193916;4103.06951546151;4300.59196198587;329.334117642351;0.138613861386139;99;99
172;53.8999999999651;0.809999999999491;54.7199999999721;NA;NA;-1693.76240213168;-1783.53159088789;4.79966563526285;4.83413656533126;143.389306378263;142.135922523253;4045.67320066902;4219.45862076019;179.538377512413;0.0297029702970297;97;97
173;55.8699999999953;1.23000000000047;57.3099999999977;NA;NA;-1691.85368951628;-1801.31838325848;4.82375999278667;4.90210346913353;147.040918597944;145.025921986304;4058.61645855595;4268.2971313195;218.929387484414;0.0099009900990099;97;97
174;58.1500000000233;1.15999999999985;59.5;NA;NA;-1741.21958194565;-1846.88833013814;4.873705687708;4.9789369387724;149.298289621183;146.789882051812;4169.98319607379;4369.76904870599;211.337496384974;0.0198019801980198;100;100
175;55.5299999999697;1.48000000000047;57.2200000000303;NA;NA;-1722.63600177423;-1813.81983192339;4.77846873547431;4.84744660263402;149.326233091164;147.452224984102;4132.19433076864;4305.94128200945;182.367660298325;0.0099009900990099;99;99
176;71.0899999999674;1.54999999999927;72.8300000000163;NA;NA;-1727.68339276962;-1831.91790730254;5.17866191699566;5.66123058165762;137.515682314356;127.849460804121;4086.55559648911;4250.65724316814;208.469029065835;0.138613861386139;97;97
177;54.3099999999977;1.24000000000069;55.7299999999814;NA;NA;-1721.14310175838;-1812.48493186391;4.92446465739368;5.03429119564946;141.980260915528;139.660042725018;4094.69527525568;4266.71737317533;182.683660211062;0.108910891089109;98;98
178;58.320000000007;1.38999999999942;59.8800000000047;NA;NA;-1712.48590539592;-1822.76638249693;4.78717270556478;5.05976459620751;150.547897346211;143.354278198812;4117.51397074861;4304.98323366791;220.560954202033;0.0495049504950495;99;99
179;55.5;1.18000000000029;56.7600000000093;NA;NA;-1720.7028304507;-1814.51831714469;4.7398221329001;4.82685610692585;150.478227251309;148.430659189959;4133.62732831821;4311.83919168963;187.630973387982;0.0099009900990099;99;99
180;54.2299999999814;1.22000000000025;55.640000000014;NA;NA;-1715.33713323692;-1798.25380643754;4.89203650051105;4.97491623974024;144.625826697763;142.545663163805;4094.49821767475;4250.78373705376;165.833346401229;0.138613861386139;97;97
181;57.6699999999837;1.26000000000022;59.140000000014;NA;NA;-1741.6445433898;-1824.33255405445;4.85377352936133;4.91765788244817;148.736993272627;147.128941800446;4167.5008253841;4325.47957674486;165.376021329301;0.188118811881188;99;99
182;57.2999999999884;1.01999999999953;58.5499999999884;NA;NA;-1750.46654117854;-1829.51075399779;4.92802343335553;4.98422905661083;149.735853727005;148.11159636619;4189.73972390452;4340.35633013661;158.088425638497;0.306930693069307;99;99
183;54.890000000014;1.1200000000008;56.1499999999651;NA;NA;-1720.75788064639;-1814.70161483331;4.86795349819338;4.9338635394745;146.541921750677;144.702478676884;4116.36625033639;4295.78277030798;187.88746837384;0.0891089108910891;100;100
184;53.7699999999604;1.17999999999938;55.140000000014;NA;NA;-1707.39089991534;-1779.51455670766;4.85571338757588;4.91461634489344;141.644972462348;139.973172393933;4065.65019804856;4202.21547524494;144.247313584631;0.534653465346535;98;98
185;55.7800000000279;1.36000000000058;57.3899999999558;NA;NA;-1709.70522195783;-1803.44704810595;5.01276388329388;5.14054523935448;142.493390468548;139.4361794561;4074.17738127062;4247.6129385297;187.483652296239;0.0792079207920792;98;98
186;61.5300000000279;1.19999999999982;62.9400000000023;NA;NA;-1754.75805558902;-1860.59293080335;5.08797274694125;5.42083730422424;147.315801587569;140.405719529893;4187.93044857404;4367.77809512798;211.669750428677;0.0792079207920792;100;100
187;54.539999999979;1.36999999999989;56.140000000014;NA;NA;-1720.37051099804;-1822.4421908191;4.9489121893232;5.04329749530375;145.579284915539;143.189212644456;4110.42684423324;4303.57552482472;204.143359642108;0.0297029702970297;99;99
188;58.390000000014;1.26999999999953;59.8400000000256;NA;NA;-1742.87955049893;-1835.13317332896;5.01935224093703;5.11435778373903;146.166011614184;143.729385204133;4158.87845988828;4332.16462625039;184.507245660071;0.0891089108910891;100;100
189;53.7300000000396;1.19000000000051;54.9800000000396;NA;NA;-1719.97059143378;-1808.89431037581;4.87146853186659;5.07445447651997;144.288350294166;140.023104382756;4102.95608417249;4261.20442350682;177.847437884065;0.198019801980198;98;98
190;55.1199999999953;0.789999999999964;56.0300000000279;NA;NA;-1740.06781008388;-1813.18581363018;4.77447144480044;4.8263417437475;147.829032249144;146.305208338668;4160.1706063935;4299.3968025159;146.236007092585;0.594059405940594;99;99
191;59.070000000007;1.18000000000029;60.4199999999837;NA;NA;-1735.67876828784;-1826.73837111328;4.82092219834762;4.86749239879219;151.985350563168;150.453442557472;4170.51218978714;4345.58439645748;182.119205650877;0.0099009900990099;99;99
192;57.4100000000326;1.22999999999956;58.7000000000116;NA;NA;-1741.51937842115;-1827.29001131402;4.83129812601667;4.88400952518233;151.614502973387;150.016223215945;4181.24934569875;4345.43026119664;171.541265785732;0.099009900990099;100;100
193;54.2299999999814;1.08999999999924;55.5;NA;NA;-1693.73546365537;-1786.68002388507;4.76074644640774;4.82630229642707;148.497063342354;146.675989720461;4069.06362469012;4246.59412542915;185.889120459416;0.0099009900990099;97;97
194;56.9400000000023;1.14000000000033;58.3099999999977;NA;NA;-1745.9375623442;-1844.2306627785;4.99497206345596;5.17024160519126;147.51250472266;143.439436929893;4170.4540383901;4348.30353674357;196.5862008686;0.128712871287129;99;99
195;55.8099999999977;1.00999999999931;56.9199999999837;NA;NA;-1726.75368281771;-1822.7462203151;4.87952784392321;4.93277501596212;148.974982625688;147.320341861305;4138.81388977676;4323.18737730257;191.98507499477;0.0198019801980198;99;99
196;54.7299999999814;1.26000000000022;56.1199999999953;NA;NA;-1721.89957900496;-1804.44467216695;4.81967644270123;4.86989685852373;146.52525247651;145.035762553168;4117.09277881392;4275.33865641507;165.090186323969;0.099009900990099;98;98
197;56.6999999999534;1.40999999999985;58.3299999999581;NA;NA;-1724.52177192368;-1815.7398198467;4.85264560161528;4.97269060751528;146.300392153798;143.521856761186;4122.04656395407;4291.70099405627;182.436095846037;0.0297029702970297;99;99
198;56.390000000014;1.5;58.109999999986;NA;NA;-1714.37263620143;-1810.9032737391;4.72591460577513;4.78971991361823;152.412773938661;150.524765111092;4129.86613512569;4314.24229579883;193.061275075339;0.0099009900990099;99;99
199;59.390000000014;1.25;60.8400000000256;NA;NA;-1818.40916961943;-1882.43464711206;6.36600784524486;6.24892684754197;115.518120314355;118.953962551213;4168.21844489874;4312.07477243275;128.050954985276;0.96039603960396;99;99
200;53.7200000000303;1.32999999999993;55.3300000000163;NA;NA;-1680.56205089855;-1790.29036333411;4.7960614352319;4.96996455429158;142.8009624515;139.301993801511;4017.30435358462;4220.68297666688;219.456624871111;0.0297029702970297;98;98
201;76.9400000000023;1.84999999999945;78.9700000000303;NA;NA;-1779.34609285696;-1887.94715492909;5.48154415709288;5.91398899812351;137.148024871147;127.464913662337;4190.28218091768;4362.89193001551;217.20212414425;0.475247524752475;100;100
202;53.5300000000279;1.18000000000029;54.9400000000023;NA;NA;-1713.0765487018;-1826.65554301384;5.06368424890859;5.29180911977793;141.153387551822;136.729419947093;4075.4791499326;4282.28624601971;227.157988624071;0.0099009900990099;99;99
203;59.2800000000279;1.25;60.640000000014;NA;NA;-1723.35382057849;-1841.17126626071;5.01704339412537;5.37001386104655;143.535856574149;135.544790108802;4106.99339668972;4305.8682234646;235.634891364442;0.0099009900990099;99;99
204;53.9500000000116;1.13000000000011;55.3199999999488;NA;NA;-1744.59025325724;-1826.73365579748;4.76082914535885;4.83425597463103;151.643092959574;149.668017265298;4186.76072511589;4341.96189558104;164.286805080475;0.138613861386139;99;99
205;50.1699999999837;1.42000000000007;51.710000000021;NA;NA;-1681.00100149214;-1777.48059892388;4.74490261046762;4.80702296869004;144.143047714343;142.507573044367;4023.61002733692;4209.06249064146;192.959194863495;0.0198019801980198;97;97
206;51.25;1.09000000000015;52.5299999999697;NA;NA;-1719.70390228571;-1811.43386019502;4.85094692019278;5.13481805721976;143.197974096673;137.907162776491;4098.1392517087;4257.26066819128;183.459915818623;0.0792079207920792;99;99
207;53.320000000007;1.29999999999927;54.820000000007;NA;NA;-1722.81283272718;-1825.30370037911;4.87901584103631;4.9951916275394;149.003074603007;146.430060080293;4131.06141676521;4324.206912131;204.981735303861;0.0099009900990099;99;99
208;57.5800000000163;1.16000000000076;58.929999999993;NA;NA;-1721.37221739908;-1819.02505262258;4.94527774250951;5.17766368873942;146.228150137945;140.364156667106;4114.67284990621;4283.03306672236;195.305670446985;0.217821782178218;98;98
209;55.4400000000023;0.979999999999563;56.609999999986;NA;NA;-1743.16321882422;-1825.03268699033;4.90599439291384;5.0337700037713;149.812741487903;147.115266603975;4175.48677404612;4326.81693472971;163.738936332237;0.178217821782178;99;99
210;52.7700000000186;1.22000000000025;54.0599999999977;NA;NA;-1738.18122806403;-1814.10489444325;4.90138529464527;4.96293850141943;147.426840222116;145.701552038539;4154.54730070435;4298.45805762039;151.847332758444;0.366336633663366;99;99
211;53.9000000000233;1.38000000000011;55.3800000000047;NA;NA;-1726.93855503822;-1805.23033596361;4.78199361582605;4.8198040448075;147.882659214849;146.473343268716;4134.15878812129;4284.25929224359;156.583561850784;0.306930693069307;99;99
212;54.320000000007;1.22999999999956;55.5999999999767;NA;NA;-1719.53603558606;-1812.47206122242;4.77840115792287;4.81302320136425;151.373270912704;150.067125533235;4135.41106922884;4315.27466234134;185.872051272727;0.0396039603960396;99;99
213;53.2300000000396;0.829999999999927;54.1900000000023;NA;NA;-1700.99202263795;-1791.54196577972;5.11956456404963;5.26804431772693;135.904022622572;132.91931440775;4025.07126177983;4192.48697964979;181.09988628353;0.0792079207920792;96;96
214;54.5899999999674;0.980000000000473;55.6999999999534;NA;NA;-1737.23457106279;-1832.47671549409;4.95238256922464;5.11457160770852;145.725335842771;142.263973896906;4144.82681980802;4319.38834175965;190.484288862601;0.0495049504950495;99;99
215;53.7000000000116;1;54.8800000000047;NA;NA;-1700.04319561343;-1809.53146386849;4.87547085344585;4.94116328660238;144.779993754896;142.909790235414;4066.0953582134;4276.46868732062;218.976536510122;0.0198019801980198;99;99
216;55.4200000000419;1.10999999999967;56.7600000000093;NA;NA;-1751.94448944349;-1832.39249696418;4.81645631302814;4.93154443819577;151.847813962894;149.066774803172;4202.41094379189;4350.51377539763;160.896015041374;0.346534653465347;99;99
217;64.0599999999977;1.60000000000036;65.8699999999953;NA;NA;-1773.57457305427;-1877.98683128602;5.77526713959202;6.05272504389199;125.778156770698;120.055238961939;4125.7469073582;4308.24517197497;208.824516463498;0.485148514851485;99;99
218;58.5;1.28000000000065;59.9200000000419;NA;NA;-1769.99495527028;-1871.86297203312;5.66850691331;5.87837495465847;126.950844493997;122.456947461493;4123.9822053783;4307.04566085824;203.736033525686;0.811881188118812;99;99
219;55.8099999999977;1.27999999999975;57.2000000000116;NA;NA;-1731.79839295165;-1816.12668613338;4.85344078460225;4.99345757541027;149.322895461856;146.05219515994;4150.50375954465;4304.11465020869;168.656586363471;0.148514851485149;99;99
220;59.6499999999651;1.21000000000004;61.1000000000349;NA;NA;-1746.90014560557;-1845.73630808677;4.78672617288913;4.90277093797773;154.852909785455;152.173510236282;4206.92429456861;4392.25752861081;197.672324962401;0.0396039603960396;100;100
221;56.640000000014;0.949999999999818;57.7399999999907;NA;NA;-1738.65549401368;-1830.20055993704;4.80087763527416;4.84255232791829;150.96902205413;149.491732189439;4172.54902739881;4348.83598800461;183.090131846737;0.0198019801980198;100;100
222;58.25;1.25;59.539999999979;NA;NA;-1732.39981997544;-1841.89496093227;4.83601775493894;5.22742423939143;150.337834112871;141.589820229314;4156.37547857133;4335.12362800062;218.99028191367;0.0198019801980198;99;99
223;57.8699999999953;1.13000000000011;59.2200000000303;NA;NA;-1738.064646532;-1828.37093199164;4.80197697930347;4.83133609266684;152.649052745254;151.523996253835;4179.10415968576;4354.53565399321;180.612570919282;0.0099009900990099;100;100
224;46.2000000000116;1.0600000000004;47.4199999999837;NA;NA;-1627.64566794509;-1740.85296523117;4.79082727800575;4.85407492401255;137.417532658524;135.747461867274;3883.87107766567;4102.6463801737;226.414594572162;0.0099009900990099;94;94
225;52.0800000000163;1.28999999999996;53.5499999999884;NA;NA;-1679.20580060789;-1782.67858352138;4.79676428280724;4.91727860336777;142.729845542598;140.0504767263;4014.26506591176;4208.89874760065;206.945565826974;0.0099009900990099;98;98
226;69.7800000000279;1.42999999999938;71.4700000000303;NA;NA;-1711.86340893185;-1924.82967340653;5.31463341874071;7.55495979463197;130.992732704407;92.5154222647456;4025.64744117536;4274.77408017158;425.932528949364;0.0495049504950495;98;98
227;71.0100000000093;1.59000000000015;72.859999999986;NA;NA;-1714.31516750947;-1821.21895973933;4.84708692890855;5.37927702538301;144.644691821969;133.301244639488;4093.28265017196;4254.96631403227;213.807584459702;0.0792079207920792;98;98
228;63.4700000000303;1.23000000000047;64.890000000014;NA;NA;-1808.76079031399;-1933.0971275477;6.18243495058317;7.32910784465213;119.513297151402;101.564167556332;4166.69340741731;4332.88859591497;248.672674467404;0.603960396039604;98;98
229;58.3400000000256;1.1299999999992;59.6300000000047;NA;NA;-1749.18370207113;-1857.75469376444;5.05481532099468;5.39276031721115;145.806851126814;138.502413849322;4169.10006395248;4352.64057658732;217.141983386637;0.0297029702970297;99;99
230;57.2900000000373;1.30000000000018;58.6999999999534;NA;NA;-1736.21722235029;-1821.56673459672;5.01919199141155;5.07786191103196;141.795312515141;140.154020687435;4125.42599040817;4288.56658670958;170.699024492866;0.287128712871287;100;100
231;52.9700000000303;0.780000000000655;53.8099999999977;NA;NA;-1680.12804430419;-1765.19891019133;4.83883866215722;4.93353503257876;142.7413066495;140.338228046145;4013.94326236803;4173.08003911266;170.141731774263;0.148514851485149;95;95
232;76.2999999999884;1.50999999999931;78.0800000000163;NA;NA;-1862.64409675701;-1970.51507597129;6.96080557954995;7.64986960059687;110.122278340995;99.8452469492061;4232.42002654305;4400.83450640568;215.741958428569;0.910891089108911;100;100
233;68.8400000000256;1.38000000000011;70.5;NA;NA;-1769.48108566796;-1857.20945699083;5.99480150007133;6.24048679620332;116.090136346406;111.522084344417;4072.40433860216;4226.87056786909;175.456742645726;0.900990099009901;98;98
234;52.890000000014;1.07999999999993;54.0599999999977;NA;NA;-1719.38298459665;-1804.84374039652;4.80745432113094;4.84532611068774;146.549603603083;145.260415130718;4112.91539810689;4277.90645577813;170.921511599732;0.099009900990099;99;99
235;64.75;1.03999999999996;66;NA;NA;-1827.20642731841;-1920.95171577203;6.08764592162443;6.27169085556573;127.179514417522;123.705238700882;4240.09616270085;4411.58710865989;187.490576907223;0.603960396039604;100;100
236;52.1199999999953;1.02000000000044;53.140000000014;NA;NA;-1720.93399410121;-1798.54408318144;4.78962706859946;4.84711310162521;146.774461437188;145.120123462106;4116.30674133437;4263.92512262738;155.220178160442;0.386138613861386;98;98
237;54.0799999999581;1.22999999999956;55.4700000000303;NA;NA;-1714.49965576104;-1806.67468753938;4.98379945091286;5.15376473028237;141.273709302787;137.665661487455;4078.16172996687;4245.93256546176;184.350063556678;0.168316831683168;98;98
238;53.679999999993;1.11000000000058;54.9200000000419;NA;NA;-1733.84158588242;-1812.42032886935;4.75478326206661;4.84122288533877;152.083823911595;149.948015581303;4167.29081665948;4314.62327458321;157.157485973856;0.287128712871287;99;99
239;59.6900000000023;1.20999999999913;61.140000000014;NA;NA;-1729.72273963795;-1851.35366559989;4.86651595115884;5.2713414905147;149.193811070506;140.639367256668;4146.50836995174;4350.37555226642;243.261851923876;0.0099009900990099;100;100
240;56.6199999999953;1.06000000000131;57.8399999999674;NA;NA;-1739.01835687073;-1823.94011115256;4.93640220380541;5.07856983563598;145.957079211617;142.493270289383;4149.46044452757;4303.36992973409;169.843508563657;0.247524752475248;99;99
241;54.7800000000279;1.5099999999984;56.5100000000093;NA;NA;-1743.14470114495;-1847.17226279537;5.31336925409341;5.44721074944243;138.580318819519;135.648963662051;4123.77896550886;4318.34942998591;208.055123300846;0.099009900990099;99;99
242;55.1199999999953;1.05000000000109;56.3000000000466;NA;NA;-1712.85243348705;-1805.48442746556;4.88878910558856;5.01841935245665;143.923703842383;141.185435069824;4087.77477618557;4260.44233069039;185.263987957016;0.0396039603960396;99;99
243;54.9400000000023;1;56.2000000000116;NA;NA;-1753.44938770701;-1826.95423695662;4.99900506497212;5.04668581564809;146.490822712778;144.969449754004;4180.03418908379;4320.05307411779;147.009698499215;0.742574257425743;98;98
244;53.2000000000116;1.04999999999927;54.359999999986;NA;NA;-1699.48304181434;-1793.67076394793;4.76209622627662;4.81297193479545;145.511293737508;143.943590706544;4067.60049423381;4248.77223516507;188.375444267188;0.0198019801980198;98;98
245;53.75;1.23000000000138;55.179999999993;NA;NA;-1710.47288399678;-1797.73725641818;4.90261284983872;5.06160956309528;142.606023940888;139.066937451723;4075.49894455255;4233.78349269466;174.528744842801;0.148514851485149;97;97
246;58.6499999999651;1.48999999999978;60.3300000000163;NA;NA;-1741.33980715333;-1818.19977276683;4.9857914570638;5.02889335940022;147.942913061257;146.574788199435;4163.23846878289;4310.66482724268;153.71993122699;0.425742574257426;99;99
247;55.4199999999837;1.35999999999876;56.960000000021;NA;NA;-1737.54218116868;-1838.19610720858;5.18215154685058;5.41253777198854;141.510044013424;136.653833775644;4125.332755045;4304.32598681794;201.307852079797;0.128712871287129;98;98
248;52.2299999999814;1.17000000000007;53.4699999999721;NA;NA;-1740.92431798938;-1814.60504906046;4.79021657832099;4.86392180231122;147.557493717338;145.776878432529;4161.37600676497;4300.53743248482;147.361462142173;0.554455445544555;100;100
249;49.179999999993;0.970000000001164;50.2099999999627;NA;NA;-1649.40793156334;-1761.30807887764;4.83691213817947;4.93891074553582;137.848270827356;135.665143692994;3931.53123558956;4145.31110638794;223.800294628594;0.0198019801980198;97;97
250;53.320000000007;1.10999999999876;54.5200000000186;NA;NA;-1720.11411553407;-1815.64351120635;4.88866273681794;4.96966723411648;146.458643181284;144.358664785364;4113.95922885054;4295.35781503909;191.058791344572;0.0198019801980198;99;99
