1;15.7199999999721;0.529999999999745;16.3600000000442;NA;NA;-539.000399324753;-577.914812648369;4.14196778554054;4.24116976766273;34.6496965969274;33.7511362745517;1216.70990218079;1290.9416267167;77.8288266472318;0.376237623762376;30;30
2;14.070000000007;0.510000000000218;14.6600000000326;NA;NA;-520.296145227571;-556.30141748123;4.18526859611719;4.28778592237699;32.4011899866036;31.5090701602777;1170.30020878615;1238.73943367149;72.0105445073195;0.584158415841584;30;30
3;15.070000000007;0.659999999999854;15.7599999999511;NA;NA;-587.557861662214;-634.664436627421;4.2330258346643;4.48282161210019;39.1891385491824;37.3873363089227;1335.01756344119;1421.87889334161;94.213149930413;0.0594059405940594;35;35
4;14.2999999999884;0.579999999999927;14.8999999999651;NA;NA;-547.481026416664;-603.183517535951;4.12763958055221;4.23082455466612;37.2447717807798;36.0176114282717;1244.6703439923;1351.14265862229;111.404982238574;0.0099009900990099;31;31
5;15.1600000000326;0.519999999999527;15.75;NA;NA;-504.041591083648;-551.296854565899;4.08676049529807;4.09252354743239;30.956342527846;30.5702934847632;1129.79217121542;1222.78489488277;94.510526964503;0.0297029702970297;26;26
6;14.570000000007;0.649999999999636;15.2799999999697;NA;NA;-548.457344650045;-597.540487090437;4.19548890185643;4.27554451128216;36.2109636438047;35.2871113126608;1242.46750729671;1336.92029502969;98.1662848807848;0.0396039603960396;31;31
7;14.2900000000373;0.610000000000582;14.890000000014;NA;NA;-501.686303946531;-550.599616456119;4.17196778680726;4.41879507947257;30.7237181511277;29.0973808387872;1125.84450731519;1217.18817285779;97.8266250191757;0.0495049504950495;29;29
8;14.6499999999651;0.650000000000546;15.3800000000047;NA;NA;-525.953574270088;-569.379182658925;4.26769486290035;4.40684315094648;32.9277230567245;31.87284126708;1183.16472506676;1265.81093723502;86.8512167776742;0.237623762376238;29;29
9;14.320000000007;0.5;14.8300000000163;NA;NA;-547.348521146074;-588.358698258786;4.14955767445237;4.36416253724031;36.1344319425514;34.5111421602517;1239.94223509291;1315.4376482932;82.0203542254224;0.178217821782178;31;31
10;13.9799999999814;0.659999999999854;14.7000000000116;NA;NA;-556.541129303907;-602.45986213748;4.31648714331757;4.59864407965346;34.2962177681819;32.7089496473237;1251.48303501162;1336.91515470818;91.8374656671454;0.118811881188119;32;32
11;14.4800000000396;0.470000000000255;14.9799999999814;NA;NA;-541.335619806116;-590.358690227295;4.29702429344648;4.51201408883074;33.6975580736778;32.320557917771;1216.40631200048;1308.98756974579;98.0461408423585;0.108910891089109;28;28
12;13.7600000000093;0.669999999999163;14.4599999999627;NA;NA;-580.763296371745;-625.061409504509;4.27657056871259;4.39325381863671;40.3111018459969;38.993076652377;1325.422074063;1408.65951915889;88.5962262655294;0.0891089108910891;34;34
13;13.9400000000023;0.580000000000837;14.5599999999977;NA;NA;-509.151030841644;-561.099128061482;4.06805715489544;4.21492312722386;32.374880178228;31.106696020338;1146.19913998108;1245.0853684334;103.896194439675;0.0099009900990099;27;27
14;14.4799999999814;0.479999999999563;15;NA;NA;-516.195220407341;-562.36220039953;4.11043345229059;4.24521345755232;31.9463685134293;30.7203471715448;1158.59468226976;1246.08524062008;92.3339599843787;0.0693069306930693;27;27
15;14.7299999999814;0.380000000000109;15.1700000000419;NA;NA;-520.546408280239;-564.921864591846;4.63322709037063;4.66379763078259;30.108326418889;29.7310340798032;1161.62198063869;1248.86252268831;88.7509126232151;0.188118811881188;30;30
16;14.5699999999488;0.309999999999491;14.929999999993;NA;NA;-533.731735747253;-585.941734436292;4.19469525942189;4.31566442887252;35.4316626502048;34.3850963574808;1209.88382782008;1310.09706962477;104.419997378078;0.0099009900990099;31;31
17;14.75;0.6200000000008;15.4100000000326;NA;NA;-555.764948485276;-590.055677435116;4.19613500600961;4.31235965196119;35.6777999203424;34.5272852550751;1254.35468705422;1318.33042330285;68.5814578996813;0.603960396039604;30;30
18;14.429999999993;0.539999999999964;14.9700000000303;NA;NA;-549.364863587457;-581.196943843172;4.26142712386032;4.47470551186105;34.1537377979134;32.6612321639659;1234.27523426319;1292.01610654823;63.6641605114289;0.841584158415842;28;28
19;14.3699999999953;0.609999999999673;15.0500000000466;NA;NA;-553.9993240275;-594.547941824269;4.28702767257673;4.43224790703858;35.5774188280458;34.5309623730394;1251.00488280772;1327.89580432922;81.0972355935371;0.267326732673267;31;31
20;14.6699999999837;0.369999999999891;15.1300000000047;NA;NA;-562.988649138498;-604.557228545085;4.16737311177991;4.23551082289356;38.1427358052619;37.3334913430328;1280.48737522726;1360.34641511449;83.137158813174;0.0891089108910891;33;33
21;13.609999999986;0.550000000000182;14.25;NA;NA;-495.248633345114;-540.173795315258;4.3329712397132;4.36673518257453;27.3242062595675;27.0548686060965;1097.39019018272;1186.1868590264;89.8503239402896;0.138613861386139;25;25
22;13.9699999999721;0.579999999999927;14.5999999999767;NA;NA;-552.721752485248;-597.898706931549;4.20471269543205;4.30208884359287;35.9418511730354;34.7592231726622;1249.91460421299;1335.51484679091;90.3539088926018;0.128712871287129;31;31
23;13.609999999986;0.399999999999636;14.0499999999884;NA;NA;-506.148917671846;-542.97082320711;4.08090022319063;4.10786187534929;31.3138485912598;30.7604429597024;1136.00330461597;1207.46088478773;73.6438110705294;0.326732673267327;27;27
24;14.2000000000116;0.640000000000327;14.890000000014;NA;NA;-510.407740610884;-551.154836280722;4.11346864575244;4.19674690643808;30.7091647863217;29.7913746030969;1141.55265801497;1219.43843485096;81.4941913396757;0.198019801980198;26;26
25;15.8400000000256;0.630000000000109;16.539999999979;NA;NA;-513.685651965851;-552.180013373295;4.10295741840792;4.24385573614606;32.0701745019342;30.7645048761643;1155.21049210323;1226.99451155834;76.9887228148878;0.356435643564356;29;29
26;17.0499999999884;0.630000000000109;17.820000000007;NA;NA;-565.854315698091;-606.549299723515;4.51240583489724;4.81561065681958;34.2747016308658;32.0260520900871;1269.4784918572;1341.82983612088;81.3899680508464;0.554455445544555;31;31
27;13.75;0.5;14.3300000000163;NA;NA;-482.50751645952;-522.460230977802;4.04490992541082;4.09217560323151;29.7140129020709;29.0036557235209;1081.25693497553;1158.38343038754;79.9054290365643;0.227722772277228;25;25
28;15.6300000000047;0.479999999999563;16.0999999999767;NA;NA;-611.712382230054;-643.1382495773;4.3758816181829;4.46931989980382;39.9110127031569;39.1094976470462;1385.69357720363;1445.28653975123;62.8517346944905;0.782178217821782;34;34
29;13.7399999999907;0.529999999999745;14.3500000000349;NA;NA;-538.278160404588;-587.430491194263;4.27302771416567;4.30303568151306;34.4018801993756;33.6627100934195;1214.83738553467;1310.17089470396;98.3046615793498;0.0099009900990099;31;31
30;14.7699999999604;0.360000000000582;15.179999999993;NA;NA;-483.765929744106;-539.086660396633;4.0344528535957;4.16201963457042;28.3524903523575;27.4495445860014;1078.44745400781;1185.55657070223;110.641461305055;0.0297029702970297;25;25
31;14.8800000000047;0.609999999999673;15.5599999999977;NA;NA;-538.436879941199;-580.170429539222;4.18138108043863;4.44118923455299;34.6153991339993;32.9311379864257;1214.858806495;1291.61204831052;83.4670991960468;0.297029702970297;29;29
32;14.5099999999511;0.520000000000437;15.0999999999767;NA;NA;-535.633938880354;-570.796078994672;4.1784320618922;4.28338212257735;33.3634692315912;32.3875591148319;1204.82797676076;1271.24550943552;70.3242802286352;0.465346534653465;30;30
33;15.0499999999884;0.619999999999891;15.679999999993;NA;NA;-567.283719781979;-615.865085828196;4.28884766684326;4.6208765571015;37.1005182187084;34.7215912944618;1285.40944120134;1372.90001462237;97.1627320924342;0.0792079207920792;34;34
34;14.5299999999697;0.349999999999454;14.9099999999744;NA;NA;-567.689536390883;-606.702911645179;4.20053985511284;4.384041362987;37.336331115934;35.5719289822421;1286.62253426854;1357.50197602509;78.0267505085912;0.336633663366337;33;33
35;14.7800000000279;0.390000000000327;15.179999999993;NA;NA;-522.552106610781;-549.613188051352;4.05612044974165;4.19119940820827;30.4585119124508;29.4006793210474;1165.4306719283;1215.37386342719;54.1221628811427;0.920792079207921;27;27
36;14.3699999999953;0.539999999999964;14.9200000000419;NA;NA;-496.645669576282;-538.323745687142;4.37749009311676;4.92788737512016;26.8648914683618;24.199451981242;1098.91424271621;1171.79086412597;83.3561522217205;0.435643564356436;26;26
37;14.5;0.519999999999527;15.0800000000163;NA;NA;-488.214719237305;-543.582105490915;4.44523597760929;4.75685190833777;28.4883672035836;26.4488280512114;1087.87658636211;1190.63263478478;110.73477250722;0.0396039603960396;25;25
38;15.210000000021;0.730000000000473;15.9799999999814;NA;NA;-560.007712808134;-610.813559527025;4.22467832169929;4.36439382274575;37.4863122345772;36.2548516369377;1271.86643644877;1368.48968142617;101.611693437781;0.0594059405940594;33;33
39;15.4199999999837;0.5;15.890000000014;NA;NA;-580.63628795216;-627.306581783141;4.25607144146025;4.5543394425543;39.5525484340942;37.3924404695811;1321.49357665613;1406.08391500399;93.3405876619615;0.099009900990099;33;33
40;15.1500000000233;0.630000000000109;15.8299999999581;NA;NA;-544.814251863623;-586.538546885677;4.32676068997254;4.49229836216906;34.4521929099324;33.3004765776233;1228.65871049168;1307.45960335629;83.4485900441086;0.168316831683168;32;32
41;15.2700000000186;0.550000000000182;15.8699999999953;NA;NA;-488.87096470434;-534.544815510464;4.1297592414289;4.49341380549531;28.9792924967854;26.6453443605744;1091.67788259634;1173.84935585107;91.3477016122491;0.0891089108910891;26;26
42;14.4400000000023;0.550000000000182;14.9899999999907;NA;NA;-539.830802979859;-592.853364928423;4.2560501712662;4.33448388359166;35.3141442225358;34.4801588208155;1221.60958771714;1324.30244166137;106.045123897127;0.0198019801980198;31;31
43;13.6199999999953;0.510000000000218;14.140000000014;NA;NA;-497.616154919063;-539.811676846761;4.03045219834636;4.09246673507453;30.771932253902;30.0658181327448;1116.79693670888;1198.39847423889;84.3910438553946;0.178217821782178;27;27
44;14.9700000000303;0.640000000000327;15.5800000000163;NA;NA;-539.558578680662;-572.913270932731;4.15714361771101;4.36589379926767;33.7726280761463;32.2279727034035;1214.31519441291;1274.84103957728;66.709384504137;0.782178217821782;30;30
45;14.1700000000419;0.449999999999818;14.6900000000023;NA;NA;-541.018407057908;-578.270442307477;4.23965583177494;4.32244203693669;33.4309288527839;32.5588259466778;1214.71371848848;1285.75668521793;74.5040704991393;0.485148514851485;28;28
46;17.0499999999884;0.800000000000182;17.7700000000186;NA;NA;-546.710063429048;-587.501316656235;4.33519758463441;4.59832106658782;34.0430431553723;32.4579820413122;1230.25881784645;1305.4700464161;81.5825064543737;0.356435643564356;31;31
47;14;0.529999999999745;14.5799999999581;NA;NA;-498.153341321454;-558.881823921762;4.12908132089521;4.2596280343071;32.3477727432372;31.205258025172;1124.68487906761;1241.60756056165;121.456965200617;0.0099009900990099;28;28
48;15.4799999999814;0.420000000000073;16.0200000000186;NA;NA;-569.355127508822;-615.928591950901;4.25134548908993;4.34699220282278;38.243875120548;37.1879873178171;1294.75517540539;1383.59380844881;93.1469288841572;0.0594059405940594;35;35
49;15.6199999999953;0.680000000000291;16.3000000000466;NA;NA;-582.904745206032;-630.27856644528;4.54562238640072;4.86015346396348;36.7751872705237;34.4368281860868;1315.32877275131;1400.56919587604;94.747642478497;0.198019801980198;34;34
50;14.609999999986;0.539999999999964;15.2299999999814;NA;NA;-536.522373823749;-582.061584018832;4.39374780797306;4.65189351966741;32.7184766782116;31.1009567062615;1203.46821935325;1288.09882824015;91.0784203901651;0.188118811881188;29;29
51;13.3399999999674;0.729999999999563;14.140000000014;NA;NA;-471.010758364968;-520.821979593315;4.01604429951852;4.15247060841258;27.6482690653214;26.4719205112362;1049.6178526296;1144.66240292743;99.6224424566938;0.0396039603960396;24;24
52;15.7000000000116;0.5600000000004;16.3600000000442;NA;NA;-565.107728069911;-603.114930689946;4.18259437066045;4.29320574804232;36.9022587094402;35.7801214322586;1279.13278839384;1350.61886134248;76.0144052400694;0.425742574257426;32;32
53;14.4000000000233;0.520000000000437;14.9799999999814;NA;NA;-572.608407532164;-620.048904065537;4.15966174032811;4.22462934896186;38.7032949461803;37.8188301248847;1301.40214448297;1392.71392129396;94.8809930667464;0.0396039603960396;32;32
54;14.9400000000023;0.609999999999673;15.5800000000163;NA;NA;-592.042238585713;-629.980424897703;4.27469428948574;4.39962084676392;39.481670191759;38.4384350927965;1343.41090334452;1415.07734971237;75.8763726239793;0.524752475247525;32;32
55;13.570000000007;0.590000000000146;14.2299999999814;NA;NA;-483.332292675639;-531.25360318386;3.99842707556948;4.0609024494513;30.4486566942343;29.5460781381012;1085.15894337515;1177.48907884423;95.8426210164431;0.0495049504950495;24;24
56;14.1499999999651;0.6899999999996;14.890000000014;NA;NA;-546.51334748728;-582.184587336903;4.13123165979929;4.38274509096858;34.1051524473439;32.3049633219292;1229.55588819665;1293.69187998122;71.3424796992456;0.504950495049505;30;30
57;14.5;0.420000000000073;14.960000000021;NA;NA;-509.431919739238;-572.831321879261;4.1377166326935;4.18950395544354;32.0972374075505;31.1701807500021;1146.2477394862;1269.36734573847;126.798804280045;0.0198019801980198;28;28
58;14.8099999999977;0.470000000000255;15.3300000000163;NA;NA;-528.023327566925;-559.994028090379;4.46429695099804;4.8044949959934;30.529966859018;28.4630017697907;1178.76425948664;1234.39733169709;63.941401046907;0.871287128712871;31;31
59;15.2200000000303;0.479999999999563;15.7200000000303;NA;NA;-505.223662717772;-562.797193960966;4.1836552500998;4.4667002626772;31.3509774240298;29.3741732454908;1134.2994722926;1241.63716290147;115.147062486389;0.0099009900990099;27;27
60;13.9400000000023;0.490000000000691;14.4900000000489;NA;NA;-477.736434434864;-528.556756907952;3.99361476734945;4.1237191189283;29.6674710589245;28.512208066239;1071.53269816512;1168.65392770658;101.640644946175;0.0396039603960396;25;25
61;13.859999999986;0.639999999999418;14.5800000000163;NA;NA;-500.342738863304;-533.331103943192;4.10024863967592;4.17609333881693;29.7882899846735;29.1073093580624;1117.80211242742;1181.10147643674;65.9767301597766;0.673267326732673;26;26
62;16.6699999999837;0.5600000000004;17.2700000000186;NA;NA;-577.328566512466;-623.018811055588;4.6655891685524;5.3392520559836;36.0648258126867;31.861957265948;1300.19504414627;1374.6150545604;91.3804890862452;0.594059405940594;32;32
63;16.0599999999977;0.699999999999818;16.8699999999953;NA;NA;-520.746914621827;-566.777725794152;4.37189566575851;4.47867201527832;30.2076240495933;29.0210947933125;1161.90845732301;1249.24029758133;92.0616223446498;0.0891089108910891;29;29
64;20.1700000000419;0.710000000000036;20.9700000000303;NA;NA;-568.571821422654;-614.770121330387;4.40368789560284;4.60616442264217;35.9503486545904;34.4330683673392;1282.2195867705;1368.49327323158;92.3965998154663;0.158415841584158;32;32
65;24.7299999999814;0.829999999999927;25.6699999999837;NA;NA;-587.804127023649;-636.912123918848;4.37018526943218;5.00615807867449;37.0686093047641;33.0722182492148;1325.76721761404;1407.79447516201;98.2159937903987;0.188118811881188;33;33
66;18.4799999999814;0.519999999999527;19.0599999999977;NA;NA;-547.354286975232;-583.864812356172;4.12656279914637;4.22419309116214;35.0913574121461;34.0480808375549;1235.18572689518;1304.03034979161;73.0210507618799;0.386138613861386;30;30
67;19.7799999999697;0.630000000000109;20.4700000000303;NA;NA;-542.85438224738;-592.616885071807;4.25978894548825;4.48950904484748;35.9182643797511;34.2014447947355;1230.08505476548;1322.70916898684;99.5250056488537;0.0891089108910891;31;31
68;18.820000000007;0.529999999999745;19.4100000000326;NA;NA;-533.730820887504;-577.665268913288;4.09510280825813;4.3292876985304;33.8301734079772;32.0945182877974;1202.31659567982;1283.26676600085;87.8688960515674;0.168316831683168;29;29
69;18.2300000000396;0.570000000000618;18.8399999999674;NA;NA;-467.613415217818;-507.732887843841;3.98524127755378;4.13130363508616;27.091589794969;26.1523170876502;1040.6567866021;1117.2404469074;80.2389452520468;0.287128712871287;24;24
70;19.679999999993;0.460000000000036;20.25;NA;NA;-530.136160458421;-581.302352354329;4.2151637356829;4.44135995820149;33.1580346939245;31.6625197000679;1193.01002770707;1289.35559012701;102.332383791816;0.0198019801980198;30;30
71;18.5200000000186;0.559999999999491;19.1199999999953;NA;NA;-520.596860392272;-565.956405889283;4.2887225530848;4.68036747999029;31.0846542300953;28.8291533777286;1165.10439551842;1246.8325345652;90.7190909940223;0.188118811881188;29;29
72;19;0.779999999999745;19.820000000007;NA;NA;-529.457229498059;-569.894647037848;4.28903436793357;4.50988164887333;32.1994361430667;30.5730553673062;1187.26891418819;1261.66061653587;80.8748350795777;0.227722772277228;29;29
73;15.2599999999511;0.529999999999745;15.8600000000442;NA;NA;-532.16544510372;-583.336870313493;4.25389721237996;4.64130687860253;33.0867228700397;30.7070463984287;1196.7831226607;1289.59969081834;102.342850419546;0.0792079207920792;30;30
74;14.25;0.449999999999818;14.7200000000303;NA;NA;-509.01231360009;-549.805533124113;4.08575085548566;4.19264830365405;30.6800711423933;29.3988958422856;1139.78423738124;1216.28609222507;81.5864390480457;0.247524752475248;28;28
75;14.5100000000093;0.5600000000004;15.1499999999651;NA;NA;-536.999787496846;-579.593837222352;4.28880082992437;4.48040096174689;32.0344494221413;30.6352835492801;1201.69635467293;1281.3070529379;85.188099451012;0.267326732673267;29;29
76;14.2700000000186;0.579999999999927;14.9099999999744;NA;NA;-507.168404213302;-545.972814679233;4.06746781014904;4.16849136009722;29.9392075170492;28.9201289888545;1132.61175328824;1206.1947009012;77.6088209318617;0.297029702970297;27;27
77;14.0799999999581;0.529999999999745;14.6599999999744;NA;NA;-512.080866957446;-544.6821438461;4.17142031132068;4.33587537455196;29.4322650803504;28.3287582393933;1140.43400089287;1201.27714700402;65.2025537773077;0.693069306930693;27;27
78;14.929999999993;0.630000000000109;15.5599999999977;NA;NA;-491.953353925671;-535.744562731886;4.14435495225764;4.34676398899913;28.8202597704393;27.3379861190288;1096.65222709572;1178.43595608349;87.5824176124294;0.178217821782178;25;25
79;14;0.5600000000004;14.6100000000442;NA;NA;-473.451452283379;-532.294009474782;4.12135497600577;4.2519000458758;27.7066598920504;26.5826533723267;1054.72647490889;1168.03739202228;117.685114382806;0.0099009900990099;24;24
80;14.3099999999977;0.329999999999927;14.640000000014;NA;NA;-475.244447813471;-516.591705346286;4.04581000878461;4.24843918047214;28.2531123645207;26.7482913579897;1061.56977477976;1138.34788537227;82.69451506563;0.148514851485149;26;26
81;14;0.590000000000146;14.5899999999674;NA;NA;-548.765856595589;-592.795613075234;4.4402589385456;4.48248075272546;34.5937661301069;33.8293624580529;1236.01691678466;1321.01638135969;88.05951295929;0.128712871287129;30;30
82;14.0599999999977;0.579999999999927;14.6599999999744;NA;NA;-511.919781642899;-561.131313614854;4.11195471581992;4.18348731581323;33.059134346918;32.1365706494106;1155.62097583497;1250.3664859159;98.4230639439118;0.0495049504950495;29;29
83;15.1000000000349;0.719999999999345;15.8099999999977;NA;NA;-443.846515307118;-486.333488603117;3.93382215219663;4.00304180356067;25.7624884131597;24.7533985049446;987.402419096511;1068.47085252308;84.9739465919982;0.178217821782178;23;23
84;14.1599999999744;0.480000000000473;14.7000000000116;NA;NA;-525.87294947184;-569.48269785235;4.15735642081321;4.33100215542869;33.0405051242149;31.594551163804;1184.01311326633;1265.44419058087;87.2194967610203;0.138613861386139;30;30
85;18.859999999986;0.75;19.7199999999721;NA;NA;-522.537383385983;-585.778351250614;4.16645172669172;5.19718782788725;32.4419808919062;26.4194661116842;1173.82684588438;1276.40730340174;126.481935729262;0.0297029702970297;28;28
86;16;0.569999999999709;16.7199999999721;NA;NA;-582.72658431462;-618.128810548104;4.44756179273366;4.5162936724011;38.4814134062804;37.6214806674226;1321.90956607955;1389.21773380898;70.8044524669665;0.564356435643564;34;34
87;14.7399999999907;0.460000000000036;15.210000000021;NA;NA;-539.12407163531;-592.039264878798;4.24410874118122;4.42511577216943;35.3643972591665;33.8958654926147;1219.81832490326;1319.76990883635;105.830386486977;0.0099009900990099;30;30
88;14.1699999999837;0.640000000000327;14.8800000000047;NA;NA;-515.191631335916;-563.873649934011;4.19423562722876;4.32013564963203;32.33696602877;31.1857025816579;1159.28594403388;1252.0607768763;97.3640371961912;0.0594059405940594;29;29
89;13.3600000000442;0.479999999999563;13.929999999993;NA;NA;-467.70487030341;-514.952392516448;3.93949476340947;4.01851317039649;26.722184174585;25.8303868743538;1038.83347049766;1129.87696311593;94.495044426076;0.0891089108910891;23;23
90;14.6500000000233;0.530000000000655;15.2200000000303;NA;NA;-567.547984845424;-612.908326187949;4.41706502829674;4.51059453496837;35.4273547781469;34.5148482171004;1277.49901018568;1364.55180093868;90.7206826850493;0.108910891089109;31;31
91;14.2300000000396;0.670000000000073;14.9900000000489;NA;NA;-487.425989677747;-518.404978733539;4.04315368502459;4.23671401672476;28.5871661027044;27.1786001241854;1086.68563080927;1143.13326640822;61.9579781115838;0.831683168316832;25;25
92;15.0200000000186;0.539999999999964;15.5800000000163;NA;NA;-527.54250783689;-569.147144660377;4.23104362792887;4.33800656379178;32.7229079565506;31.8816698820037;1184.95200647338;1264.82266921718;83.2092736469733;0.158415841584158;28;28
93;13.8099999999977;0.5;14.4099999999744;NA;NA;-472.639996302461;-513.112733530085;3.94278830368412;4.05220960406397;28.2167779708206;27.3497015583788;1055.08874458798;1132.65989406457;80.945474455248;0.217821782178218;24;24
94;14.4499999999534;0.670000000000073;15.1900000000023;NA;NA;-530.554784065232;-577.778682118146;4.15002751723708;4.23205955019654;32.7795078109463;31.7189659775257;1192.33196224101;1282.53421447722;94.447796105828;0.0693069306930693;30;30
95;17.9700000000303;0.669999999999163;18.6999999999534;NA;NA;-509.921858811469;-556.845752766081;4.47625992053039;4.55639968840069;28.9502684725013;28.0084585683248;1134.73828183332;1224.84832069154;93.8477879092231;0.148514851485149;28;28
96;15.0200000000186;0.640000000000327;15.6900000000023;NA;NA;-548.207223064709;-585.487863288896;4.36221172262119;4.48171228082782;34.2888078714283;33.2280532821305;1233.67884576701;1303.99373064489;74.561280448374;0.495049504950495;30;30
97;14.359999999986;0.670000000000073;15.140000000014;NA;NA;-511.790237925348;-548.720944984743;4.09682639952845;4.17664538860771;30.7144251124059;29.8630223583888;1144.33833431743;1214.85234496402;73.8614141187886;0.405940594059406;26;26
98;15.039999999979;0.609999999999673;15.7399999999907;NA;NA;-548.555272031791;-597.739118391862;4.47933592269184;5.05159190608383;33.3606211651943;29.8384160572627;1231.73576430754;1315.8897637019;98.3676927201418;0.148514851485149;32;32
99;14.5599999999977;0.470000000000255;15.0800000000163;NA;NA;-571.188077796333;-609.910685981556;4.24192227810696;4.33167093265795;37.198287072207;36.3142664227178;1292.48809640444;1366.3658889536;77.4452163704455;0.326732673267327;32;32
100;14.390000000014;0.490000000000691;14.9400000000023;NA;NA;-520.783158255766;-565.923064812489;4.20519928955944;4.39893543921773;32.1421539852329;30.5838860569551;1169.12847637282;1253.22401127439;90.2798131134468;0.118811881188119;28;28
101;14.0800000000163;0.420000000000073;14.570000000007;NA;NA;-550.147876356849;-590.90260395577;4.17065635992089;4.29331086499561;34.6476311247607;33.5547401446553;1238.40928355179;1315.5622206506;81.5094551978434;0.178217821782178;29;29
102;13.5599999999977;0.559999999999491;14.2200000000303;NA;NA;-501.490299768227;-542.114870331236;3.99938190611396;4.24830112418606;30.3024336582219;28.7260030624838;1121.52441712788;1196.60652549691;81.2491411260171;0.207920792079208;25;25
103;15.6300000000047;0.529999999999745;16.179999999993;NA;NA;-544.389678050886;-596.77336340361;4.25623152697353;4.32718634789952;36.2890635288478;35.3411061091961;1234.64610273242;1335.60308398984;104.767370705448;0.0297029702970297;31;31
104;18.890000000014;0.75;19.6699999999837;NA;NA;-533.627185365087;-592.244168423708;4.14629658849363;4.95899379944932;36.4973098878254;30.8549294214276;1213.35980982636;1308.00628995834;117.233966117242;0.0198019801980198;30;30
105;14.7699999999604;0.529999999999745;15.2900000000373;NA;NA;-545.246494086499;-580.88768235838;4.32362359274811;4.49708280920992;33.2362098269434;31.8884970012075;1222.98026484555;1288.89034403808;71.2823765437618;0.693069306930693;29;29
106;14.289999999979;0.5;14.859999999986;NA;NA;-535.329154173937;-564.703812891666;4.16717368051019;4.27568375902785;33.2233225544117;32.4842851322508;1202.5112882308;1258.32759719917;58.749317435457;0.940594059405941;28;28
107;14.2700000000186;0.5;14.8399999999674;NA;NA;-562.105601859841;-598.300100591;4.21852653360384;4.28330037029796;35.9644515723694;35.0849535194496;1269.34405930736;1338.18388367448;72.3889974623169;0.376237623762376;32;32
108;14.75;0.630000000000109;15.4199999999837;NA;NA;-547.862274670887;-591.542101981267;4.23847015187861;4.36876554445415;35.5677290374394;34.456299206883;1239.25644976809;1322.1309814955;87.3596546207586;0.227722772277228;32;32
109;14.4700000000303;0.609999999999673;15.1699999999837;NA;NA;-518.557803063072;-544.060843907653;4.12207391302261;4.26619534213263;31.4209075249774;30.3625542613016;1161.81536428577;1208.62117276758;51.006081689161;0.99009900990099;28;28
110;14.859999999986;0.510000000000218;15.4400000000023;NA;NA;-510.977947689514;-563.973285238546;4.05223120699815;4.1123413851073;34.3175674225442;33.3671970176193;1158.15159102582;1260.37054312187;105.990675098064;0.0198019801980198;28;28
111;13.8899999999558;0.539999999999964;14.4899999999907;NA;NA;-484.884785787287;-536.999249578294;4.05001101426973;4.22561989906566;28.2676817969021;27.0536867562562;1080.35339307418;1179.83314412871;104.228927582014;0.0297029702970297;25;25
112;14.5100000000093;0.680000000000291;15.1999999999534;NA;NA;-534.673570957782;-578.307780166932;4.23755112557165;4.65536114822778;32.4505114009939;29.8840008220268;1199.25250293285;1276.24670782042;87.2684184183015;0.287128712871287;30;30
113;16.359999999986;0.8100000000004;17.1900000000023;NA;NA;-609.025547096132;-662.145656264073;4.30010399466068;4.42742280332714;42.8599672335761;41.6687601255417;1393.53456797207;1494.8975739627;106.240218335884;0.0297029702970297;36;36
114;15.3199999999488;0.550000000000182;15.9700000000303;NA;NA;-538.997551279071;-575.574183623132;4.42865800147145;4.91748542610306;31.7755270086129;28.7088258327257;1204.65975716607;1265.58843640123;73.1532646881221;0.801980198019802;29;29
115;13.7299999999814;0.619999999999891;14.4400000000023;NA;NA;-439.728068465468;-487.01423979115;3.99328263342427;4.04175628240431;24.4384605667695;23.7504027577855;973.497931481007;1065.42255452932;94.5723426513636;0.0396039603960396;22;22
116;15.0200000000186;0.599999999999454;15.6199999999953;NA;NA;-549.59717815341;-592.962356515636;4.23856768635089;4.4806128979195;36.504586447642;34.8928214656504;1245.32892480926;1325.60709009447;86.7303567244508;0.198019801980198;30;30
117;15.210000000021;0.5;15.6900000000023;NA;NA;-558.508743962991;-589.342216892126;4.2098676505686;4.29883492619236;37.1352656469797;36.1838358502183;1266.28561056253;1324.12820947973;61.6669458582699;0.841584158415842;31;31
118;15.2000000000116;0.5600000000004;15.8099999999977;NA;NA;-503.942800570379;-547.525993095283;4.19122589655012;4.43728123426068;29.8017443479725;28.1246216854969;1125.61749726826;1206.15840332643;87.1663850498068;0.168316831683168;27;27
119;16.140000000014;0.470000000000255;16.640000000014;NA;NA;-598.414557561326;-643.445362673705;4.35714683081263;4.4317762081715;39.3463371473785;38.5302697726559;1357.37236625394;1444.10421012741;90.0616102247586;0.138613861386139;35;35
120;14.6600000000326;0.440000000000509;15.1199999999953;NA;NA;-527.574077499591;-562.499193796797;4.11198347975871;4.18744264624696;32.2885739030064;31.4755336004499;1182.7042800524;1249.34259406478;69.8502325944112;0.693069306930693;27;27
121;15.6300000000047;0.469999999999345;16.0899999999674;NA;NA;-556.903618346498;-600.576580074533;4.16061270767605;4.66387880433279;36.033568247018;32.7349305928502;1259.2190093758;1333.25343546801;87.3459234560692;0.326732673267327;32;32
122;17.1599999999744;0.660000000000764;17.9199999999837;NA;NA;-559.315013795403;-635.659237353385;4.26447898992943;7.94888775163106;34.8109766448149;20.0321396816057;1259.10808927045;1352.15723377063;152.688447115963;0.0891089108910891;32;32
123;14.5200000000186;0.470000000000255;15.0100000000093;NA;NA;-494.454970219308;-540.616489607943;4.09805212085258;4.53999484848506;29.1312176902139;26.6310624508105;1104.52263551998;1186.92333983039;92.3230387772712;0.0396039603960396;28;28
124;15.7299999999814;0.470000000000255;16.2199999999721;NA;NA;-599.080289466079;-621.588779667232;5.13197369968048;4.63719777268143;31.3893861605097;34.1222520763767;1324.3326867995;1380.33463681416;45.0169804023067;1;31;31
125;15.2399999999907;0.609999999999673;15.8699999999953;NA;NA;-547.533949525193;-587.839611974895;4.3455136291358;4.35469418609221;33.6467829093302;33.0872707115806;1229.19181569614;1307.5727946045;80.6113248994056;0.287128712871287;29;29
126;15.359999999986;0.579999999999927;15.9700000000303;NA;NA;-517.726478506548;-558.331328858333;4.11884879837461;4.3959174761757;30.9741472206071;29.4842729992662;1158.37966320514;1233.67651893624;81.2097007035686;0.277227722772277;28;28
127;15.3899999999558;0.5600000000004;16.0200000000186;NA;NA;-536.283882653244;-576.784889708162;4.18640572068058;4.2831348431075;34.0074521589047;33.0146975566513;1207.53271043002;1284.59479191015;81.0020141098357;0.128712871287129;28;28
128;14.9100000000326;0.710000000000036;15.6600000000326;NA;NA;-537.297729725042;-587.638852043021;4.15832332516982;5.24777126548691;33.0938187859327;27.176397071271;1207.07609815878;1284.06981614455;100.682244635958;0.277227722772277;30;30
129;14.0599999999977;0.530000000000655;14.6800000000512;NA;NA;-499.582635907306;-539.561141952482;4.11088328971382;4.12986239169238;30.6788127275899;30.0715742689997;1120.36202966833;1197.9201440869;79.9570120903512;0.158415841584158;27;27
130;13.8400000000256;0.489999999999782;14.359999999986;NA;NA;-532.957004879886;-569.279667277951;4.28942275777155;4.39075435003559;32.436505252814;31.6853729550953;1195.21347766229;1264.86461409989;72.6453247961292;0.514851485148515;29;29
131;13.9000000000233;0.720000000000255;14.7399999999907;NA;NA;-525.32046502039;-569.12499796103;4.05122484793865;4.07964148607717;35.6067564642639;34.9189914367649;1191.30554700214;1276.19759471723;87.6090658812795;0.0495049504950495;27;27
132;13.8699999999953;0.469999999999345;14.359999999986;NA;NA;-509.658199920177;-552.770928583045;4.08535839117626;4.18892083280196;30.1057229748551;28.8736102640332;1137.09068071303;1218.49608476875;86.2254573257356;0.148514851485149;25;25
133;14.5;0.670000000000073;15.1699999999837;NA;NA;-505.989981355353;-546.783137748328;4.27491156088179;4.57239932687381;28.6600641813348;27.0999424325552;1125.20164731435;1200.62469363076;81.5863127859491;0.306930693069307;27;27
134;13.9900000000489;0.640000000000327;14.6599999999744;NA;NA;-464.928371142536;-511.092406289955;3.93844666474236;3.9921043704447;27.2208953474074;26.3033574095912;1035.21065008707;1123.98754375557;92.3280702948382;0.0891089108910891;23;23
135;14.3500000000349;0.579999999999927;14.9799999999814;NA;NA;-511.92886100448;-555.399567038238;4.14136895781537;4.28116782131611;31.4797700204844;30.1887360199289;1147.62463604973;1229.49017576918;86.9414120675171;0.0891089108910891;26;26
136;14.25;0.549999999999272;14.8499999999767;NA;NA;-536.466375683677;-572.236889474792;4.21048849836271;4.2818662159352;33.8218354802499;32.9760889738586;1209.41918032312;1277.54723759135;71.5410275822296;0.594059405940594;32;32
137;13.6699999999837;0.5600000000004;14.2700000000186;NA;NA;-463.11967229133;-500.236461618621;3.97046862949363;4.04715825191568;27.0215211673628;26.1651506387509;1031.39662083654;1102.29753765853;74.2335786545813;0.425742574257426;24;24
138;14.5299999999697;0.529999999999745;15.1199999999953;NA;NA;-544.93009819149;-582.96099270298;4.17077278659273;4.33370428486209;34.5833164263929;33.2023513061322;1228.30356789201;1298.83709973953;76.0617890229794;0.376237623762376;30;30
139;14.0900000000256;0.579999999999927;14.7699999999604;NA;NA;-529.908498276592;-556.558674411644;4.10878319678067;4.25290215561512;32.2543291127487;31.049521266265;1187.23783744174;1235.77859206616;53.3003522701056;0.881188118811881;27;27
140;13.4200000000419;0.660000000000764;14.1199999999953;NA;NA;-497.260499260285;-525.428611482939;4.07393444805871;4.08014554610239;29.1447480390375;28.8065514765168;1109.10746223807;1164.11402179526;56.3362244453081;0.831683168316832;26;26
141;14.1500000000233;0.479999999999563;14.7000000000116;NA;NA;-520.697837146808;-564.580470744052;4.09904698823819;4.15653993989303;32.8376950247702;31.9579616413588;1171.71821907859;1255.99209952464;87.7652671944877;0.178217821782178;28;28
142;14.9499999999534;0.469999999999345;15.460000000021;NA;NA;-537.50634596864;-574.091926126036;4.18070110685888;4.57270133013527;32.4858374194831;30.1632246890934;1205.05946949893;1268.93278419532;73.1711603147919;0.524752475247525;30;30
143;15.6300000000047;0.610000000000582;16.2800000000279;NA;NA;-503.643377443128;-544.039815419042;4.07360109459984;4.12329498068776;30.6258462119043;29.9230865130524;1127.09576982793;1205.13943367056;80.7928759518273;0.207920792079208;25;25
144;13.609999999986;0.539999999999964;14.2099999999627;NA;NA;-524.025098029271;-561.535124434988;4.15991934301176;4.26907975201594;32.1584510557509;30.983111815103;1175.6770338974;1246.03253273477;75.0200528114344;0.415841584158416;28;28
145;15.0899999999674;0.269999999999527;15.4500000000116;NA;NA;-564.724147107438;-602.149583385561;4.20647633523001;4.38594212381526;36.9698211767597;35.4828222245082;1277.44528284059;1346.34342530462;74.8508725562463;0.475247524752475;30;30
146;15.179999999993;0.590000000000146;15.8099999999977;NA;NA;-597.168569592416;-639.450030918465;4.22902929330541;4.4075394450838;40.6620383373595;39.0731669208971;1360.24879210066;1438.32870765929;84.5629226520985;0.207920792079208;35;35
147;14.4900000000489;0.520000000000437;15.0599999999977;NA;NA;-552.978949790241;-587.28791203028;4.16142319905352;4.25753390251112;35.476722522493;34.5732795707963;1247.97773988579;1312.97901619202;68.617924480078;0.663366336633663;30;30
148;18.7700000000186;0.649999999999636;19.5;NA;NA;-591.337485951824;-635.046317049042;4.25941307752215;4.98817535537152;38.7977207554489;33.7280606969088;1341.52620890533;1408.18693600677;87.4176621944371;0.445544554455446;36;36
149;14.4199999999837;0.5;14.9400000000023;NA;NA;-536.5641175413;-575.300997540604;4.18359606253465;4.6200214926859;33.3112857565341;30.8223779328741;1206.47943404152;1273.98963860102;77.473759998609;0.504950495049505;30;30
150;14.6499999999651;0.610000000000582;15.2800000000279;NA;NA;-474.152519294144;-527.623030259243;4.12593572965407;4.27693356306889;28.1411598120419;27.0268199118916;1058.39390317243;1160.97560177737;106.9410219302;0.0297029702970297;25;25
151;15.9700000000303;0.670000000000073;16.7200000000303;NA;NA;-540.372946354802;-596.170111601771;5.53027719175798;6.55444416393274;26.9867103129142;22.8143270033151;1188.77865381305;1283.6701671021;111.594330493939;0.386138613861386;30;30
152;15.0800000000163;0.550000000000182;15.7400000000489;NA;NA;-559.168414413392;-595.240414703123;4.0972791218893;4.29717288586406;37.5869159389929;35.820886086333;1268.80416119776;1333.8784197093;72.1440005794616;0.495049504950495;30;30
153;14.1300000000047;0.449999999999818;14.5900000000256;NA;NA;-541.595358938877;-580.873925109646;4.22396796589104;4.25808358589049;33.3907760798806;32.8991108967404;1216.29413164969;1292.89137200931;78.5571323415368;0.326732673267327;29;29
154;13.6999999999534;0.469999999999345;14.2200000000303;NA;NA;-516.470724835557;-563.030569271826;4.08983879914435;4.19147753264394;33.6236597213914;32.4492424587673;1165.77183595737;1254.25198529292;93.1196888725385;0.108910891089109;27;27
155;13.7399999999907;0.550000000000182;14.3000000000466;NA;NA;-508.547963049211;-547.391942699756;4.04129832749067;4.14405859268015;29.9952474891203;28.9977680041859;1135.59225706732;1209.33967014607;77.6879593010883;0.376237623762376;27;27
156;14.9199999999837;0.5600000000004;15.539999999979;NA;NA;-533.835639280205;-576.014250581622;4.15572444268803;4.21934051458446;34.0369077369232;33.2460136837236;1203.92727566441;1285.11840401875;84.3572226028339;0.099009900990099;30;30
157;15.359999999986;0.550000000000182;15.9100000000326;NA;NA;-582.552206073964;-619.395528056665;4.1939563076675;4.43149838719708;39.2461172568042;37.2472108375884;1324.08410957465;1389.67350571215;73.6866439654013;0.396039603960396;33;33
158;13.679999999993;0.460000000000036;14.1900000000023;NA;NA;-430.386432109562;-485.560116359175;4.3848682457797;4.30738600192314;21.7866136750838;21.6634061333519;943.013073358671;1052.89535746476;110.347368499225;0.0099009900990099;19;19
159;14.5300000000279;0.569999999999709;15.140000000014;NA;NA;-560.367622196494;-602.160266104698;4.32654237225373;4.42405631241975;36.0218697244364;34.8700033531764;1266.09980823722;1345.036793399;83.5852878164096;0.207920792079208;32;32
160;14.9900000000489;0.559999999999491;15.5599999999977;NA;NA;-577.857417874343;-621.54233730152;4.29765232060188;4.3621483192132;38.2394044646794;37.4737797803654;1311.18728162856;1395.44427016627;87.3698388543539;0.188118811881188;34;34
161;14.890000000014;0.530000000000655;15.4699999999721;NA;NA;-477.441231699178;-525.068683984467;3.99296490265459;4.70901762261132;28.5609770795845;24.6160587887676;1066.6136627912;1146.43595625356;95.2549045705773;0.138613861386139;25;25
162;16.0899999999674;0.609999999999673;16.8699999999953;NA;NA;-498.511175180027;-551.711940230416;4.21912074723679;4.25369044723297;30.1692369723311;29.6469915561112;1116.20602739586;1220.54442513843;106.401530100778;0.0198019801980198;27;27
163;16.5200000000186;0.5600000000004;17.140000000014;NA;NA;-553.749985946062;-599.224982837705;4.19419882641744;4.37744366712241;37.4200541219335;35.7787743513026;1257.91282421525;1342.26556479958;90.949993783285;0.108910891089109;31;31
164;14.6700000000419;0.609999999999673;15.3400000000256;NA;NA;-602.355263155952;-641.460271603527;4.23917640946397;4.37548764472336;40.77012202931;39.2430067008222;1371.06318869794;1443.04217934102;78.2100168951497;0.346534653465347;35;35
165;14.6700000000419;0.75;15.3899999999558;NA;NA;-523.286408271357;-578.514248242996;4.09615930361038;4.28307653834081;34.4088616944867;32.8992029629169;1184.31781369796;1288.73005228791;110.455679943278;0.0099009900990099;30;30
166;14.7900000000373;0.529999999999745;15.3699999999953;NA;NA;-569.48277314794;-611.91237723563;4.21294964271675;4.45135826524779;38.258115605007;36.4455886257503;1293.9430082242;1371.45996165232;84.8592081753798;0.188118811881188;33;33
167;14.2800000000279;0.680000000000291;14.9799999999814;NA;NA;-535.023222738464;-569.726139842514;4.16460534684143;4.29312319076251;32.6806524197788;31.559107987902;1200.31914087521;1265.25423764904;69.4058342081009;0.623762376237624;29;29
168;18.75;0.649999999999636;19.4400000000023;NA;NA;-566.409864963606;-616.621816967493;4.30484363784099;4.99734356086739;36.4255836915135;31.5168441268343;1279.23523009518;1359.9280691283;100.423904007773;0.108910891089109;31;31
169;13.3699999999953;0.610000000000582;14.0200000000186;NA;NA;-404.932754134158;-447.127789674417;3.84401789115353;3.93164757077932;21.0141683456112;20.0499067264101;889.189887238379;969.940059139934;84.3900710805189;0.198019801980198;19;19
170;14.4700000000303;0.6899999999996;15.1999999999534;NA;NA;-530.330232422858;-577.949271751677;4.2364284689745;4.5280429738479;33.3470116559003;31.4365023865914;1193.5894234262;1281.21176697245;95.2380786576371;0.0594059405940594;29;29
171;14.5800000000163;0.480000000000473;15.0800000000163;NA;NA;-516.998898487608;-563.825176181172;4.14787568075754;4.39995265765042;32.5518071523597;30.6764499859656;1163.75688511559;1249.93382986427;93.6525553871295;0.188118811881188;29;29
172;19.8300000000163;0.670000000000073;20.5199999999604;NA;NA;-565.799452885748;-602.706422877172;4.17058149875179;4.54283140255209;36.2033460090506;33.4154682018142;1277.12110408575;1339.72894982971;73.8139399828492;0.663366336633663;31;31
173;14.8399999999674;0.539999999999964;15.4199999999837;NA;NA;-587.62903968137;-623.661867480544;4.33106442944017;4.55162556505751;37.5367528094994;35.8157151828142;1327.87370848614;1392.94202892674;72.0656555983492;0.554455445544555;34;34
174;15.4400000000023;0.619999999999891;16.0499999999884;NA;NA;-509.037425914706;-565.27698212129;4.17165055821928;5.81903792891119;31.190346147723;23.173951742474;1141.85958396817;1222.52413332799;112.479112413169;0.138613861386139;28;28
175;14.5;0.329999999999927;14.8999999999651;NA;NA;-494.800322421178;-536.495558695863;4.22484406409353;4.55341360556966;29.4288284119409;27.7494909284703;1105.85933524967;1182.61557914925;83.3904725493708;0.247524752475248;27;27
176;15.7799999999697;0.5;16.359999999986;NA;NA;-549.516423666811;-590.505502572413;4.37331995943687;4.49392306894161;34.1655768050366;33.0573013860507;1236.36407196962;1313.88742951821;81.9781578112024;0.386138613861386;31;31
177;15.4899999999907;0.510000000000218;16;NA;NA;-564.160374493197;-602.344756223039;4.28084270566815;4.55467355780862;36.38646814755;34.1115757952016;1274.57902114719;1341.80367577342;76.368763459684;0.495049504950495;31;31
178;19.640000000014;0.739999999999782;20.4400000000023;NA;NA;-568.97621479702;-617.273585271204;5.05416997096137;5.47183902293416;31.5694432683794;29.0632626743083;1265.34943554124;1351.83060238146;96.5947409483681;0.346534653465347;32;32
179;14.8899999999558;0.510000000000218;15.4800000000396;NA;NA;-539.055124241694;-582.309659760928;4.14721707192014;4.28761799606864;34.378916386285;33.3372013675143;1215.15261976123;1297.50917200696;86.5090710384691;0.138613861386139;29;29
180;18.9400000000023;0.599999999999454;19.609999999986;NA;NA;-537.776616765413;-581.378971462352;4.21851662598272;4.37026349032561;33.4017115734575;32.1378858188116;1209.26642365369;1291.411806281;87.2047093938795;0.0891089108910891;30;30
181;14.9100000000326;0.480000000000473;15.4400000000023;NA;NA;-557.067111915049;-586.699195376814;4.18238852203062;4.31246310375213;35.8184685887175;34.6897097551657;1258.10937706531;1312.83640902943;59.2641669235309;0.881188118811881;31;31
182;14.2600000000093;0.4399999999996;14.7299999999814;NA;NA;-489.469011170988;-532.026910235996;4.0109004777743;4.08022779583114;28.9760251652148;28.2764142020118;1092.86112957983;1175.22631390649;85.1157981300157;0.128712871287129;26;26
183;14.539999999979;0.460000000000036;15.0500000000466;NA;NA;-469.046243670923;-531.690073866674;4.04084500256549;4.09371686744042;28.7962172096205;28.011005707184;1050.74395153519;1172.95984646503;125.287660391502;0.0099009900990099;25;25
184;14.6999999999534;0.569999999999709;15.3400000000256;NA;NA;-517.424900554893;-556.876979940006;4.22820172166618;4.27127912964254;32.0177008600693;31.3516834164207;1161.91804542781;1238.17898919582;78.9041587702266;0.277227722772277;28;28
185;14.640000000014;0.639999999999418;15.4500000000116;NA;NA;-499.259462566958;-547.94806511945;4.77659994953234;4.38511243952144;27.3694394789198;28.9508585679357;1106.64199229993;1210.26659909215;97.3772051049837;0.0594059405940594;27;27
186;14.9500000000116;0.440000000000509;15.4400000000023;NA;NA;-502.829785442874;-538.001125785913;4.26030932051454;4.27838147710658;28.3915895025827;28.16179061406;1117.28489137445;1186.72408708386;70.3426806860783;0.564356435643564;26;26
187;14.2999999999884;0.469999999999345;14.820000000007;NA;NA;-479.320776675029;-521.590212534431;3.99282678658909;4.06163861519612;29.0223543851608;27.9696249551963;1071.58529618066;1152.02735340846;84.5388717188044;0.0693069306930693;24;24
188;15.710000000021;0.529999999999745;16.3099999999977;NA;NA;-507.409697616111;-570.563208417721;4.09347271219822;4.34592213890914;34.7660279944726;33.009473479969;1153.4048835804;1272.70986959758;126.30702160322;0.0099009900990099;29;29
189;14.1300000000047;0.470000000000255;14.6900000000023;NA;NA;-532.587275281291;-560.565768481359;4.15699182213068;4.23508658304588;34.2025636626257;33.3287184811522;1201.51393879233;1253.9875746862;55.9569864001357;0.910891089108911;29;29
190;14.3699999999953;0.510000000000218;14.9900000000489;NA;NA;-566.311591094668;-620.164286991116;4.12201037012998;4.18747825332458;38.8662083362852;37.914250243575;1288.21175713992;1392.1062857332;107.705391792897;0.0198019801980198;30;30
191;13.9100000000326;0.529999999999745;14.4899999999907;NA;NA;-503.916114888193;-530.027137460594;4.03333241831589;4.10259553513202;29.7042055725215;28.9979002217041;1125.17879862755;1174.61058199352;52.2220451448017;0.98019801980198;27;27
192;14.7800000000279;0.5600000000004;15.4000000000233;NA;NA;-490.777614178291;-542.449159789322;4.1323592540831;4.27980532535334;30.4574766381711;29.151082729002;1102.43143054498;1200.58985278812;103.343091222062;0.0099009900990099;28;28
193;14.9199999999837;0.569999999999709;15.539999999979;NA;NA;-559.565034827317;-598.025816772421;4.21974276097093;4.34629228142374;34.6057246269129;33.5105831900581;1257.66314530861;1330.20065675781;76.9215638902069;0.366336633663366;30;30
194;16;0.609999999999673;16.679999999993;NA;NA;-557.643020003678;-604.180813848141;4.24444918442792;4.34768150210642;36.4043345980102;35.4827763366016;1261.01928193105;1350.40570253206;93.0755876889264;0.108910891089109;30;30
195;14.640000000014;0.639999999999418;15.359999999986;NA;NA;-570.862229677999;-605.473042462907;4.18312354726075;4.26899457318747;38.097867571472;36.864819634232;1295.46661503221;1359.71233354981;69.2216255698158;0.554455445544555;32;32
196;15.6300000000047;0.550000000000182;16.289999999979;NA;NA;-537.773401784184;-583.975101133347;4.36482411775999;4.55227978952664;34.4158109832255;32.96904370082;1212.73624530635;1299.37249250868;92.4033986983245;0.128712871287129;29;29
197;14.9199999999837;0.479999999999563;15.5;NA;NA;-530.355836472349;-573.804115692473;4.34993041773882;4.47580478902841;31.2367267802492;30.216529558876;1185.22854429761;1268.05835889936;86.8965584402472;0.217821782178218;29;29
198;14.25;0.440000000000509;14.7399999999907;NA;NA;-542.937766482746;-578.997290398224;4.1491621467042;4.24124309089343;35.4136862321163;34.467584118286;1228.2236316639;1296.53974759459;72.119047830955;0.564356435643564;31;31
199;17.5;0.659999999999854;18.179999999993;NA;NA;-622.790726951285;-672.035857337175;4.63048154947229;5.12307051541973;39.9823098423153;36.5853144937973;1410.3636729871;1494.8536312762;98.490260771779;0.287128712871287;38;38
200;14.140000000014;0.529999999999745;14.6900000000023;NA;NA;-471.819945920917;-518.456809299305;4.08099004853954;4.1439078093991;28.0594298726107;27.2650514088869;1052.83630607643;1143.01862006475;93.2737267567766;0.0396039603960396;24;24
201;15.710000000021;0.5600000000004;16.2900000000373;NA;NA;-487.176157747692;-523.177825391481;4.0713767419725;4.78063122384684;28.8716670982695;25.1053981273661;1087.29894138888;1144.56854581765;72.003335287578;0.811881188118812;25;25
202;14.7599999999511;0.519999999999527;15.3600000000442;NA;NA;-503.43440912977;-543.21180250124;4.12132341317604;4.23949262349614;30.1404947864707;28.9628114127892;1125.37019310936;1200.29476061046;79.5547867429405;0.306930693069307;26;26
203;14.2200000000303;0.650000000000546;14.9200000000419;NA;NA;-538.171832627262;-578.909505291113;4.14703310164087;4.33301512663782;33.3459258982405;31.854195069638;1209.26829575199;1284.79725441168;81.4753453277019;0.168316831683168;29;29
204;14.6900000000023;0.579999999999927;15.2900000000373;NA;NA;-525.073742000174;-575.86424240108;4.16764189673997;4.34722309624709;33.8138177647684;32.2860629128082;1185.51041094549;1280.97552829827;101.581000801812;0.0396039603960396;30;30
205;13.9100000000326;0.529999999999745;14.5200000000186;NA;NA;-531.434552793337;-571.4544015192;4.11099532245874;4.14999829429628;33.5376318436095;32.7538004222253;1195.96948076903;1272.89839637568;80.0396974517259;0.227722772277228;28;28
206;16.3800000000047;0.680000000000291;17.0499999999884;NA;NA;-599.505199240909;-647.886931144094;4.33375418587388;4.5924679491216;39.7295980608883;37.8294590240831;1361.67706226169;1450.66070213525;96.7634638063694;0.0396039603960396;36;36
207;14.710000000021;0.589999999999236;15.359999999986;NA;NA;-520.34477134424;-559.241668811994;4.14521350117616;4.25043053078242;31.4375426329301;30.3990513952794;1164.88366570853;1238.57489734798;77.7937949355085;0.415841584158416;27;27
208;14.789999999979;0.610000000000582;15.359999999986;NA;NA;-551.693723649516;-592.134185260977;4.24421169143574;4.33786406916958;34.079411584807;33.1426593049097;1239.23592265117;1316.38273301566;80.8809232229223;0.217821782178218;29;29
209;13.960000000021;0.6899999999996;14.6699999999837;NA;NA;-462.120091872729;-515.461760664827;3.95291956470026;4.11291615700789;27.290617552693;26.1100853549465;1029.86393964369;1131.97822544868;106.683337584196;0.0099009900990099;23;23
210;14.5800000000163;0.539999999999964;15.2399999999907;NA;NA;-527.668520893544;-569.707412703431;4.10449958814593;4.2026440242931;34.3889826108049;33.4583443710182;1191.81616198799;1272.20053339988;84.0777836197728;0.158415841584158;28;28
211;14.070000000007;0.449999999999818;14.570000000007;NA;NA;-465.295347056459;-511.813621328903;4.04045424668451;4.05880702232449;26.6061383411919;26.1373300144434;1034.67451938927;1125.87707897478;93.0365485448867;0.0297029702970297;25;25
212;15.609999999986;0.579999999999927;16.2200000000303;NA;NA;-578.961175084587;-621.634247364914;4.22038422786677;4.38713897378456;39.4417760139773;37.7661638440827;1317.69462969544;1396.25313934099;85.3461445606549;0.207920792079208;33;33
213;16.0800000000163;0.480000000000473;16.6300000000047;NA;NA;-558.540097936648;-605.959839758538;4.98802226521817;5.1746836171466;32.0742594157634;30.5968542704767;1246.00520568639;1334.90614308394;94.8394836437799;0.316831683168317;31;31
214;16.7700000000186;0.5;17.3300000000163;NA;NA;-538.64960152832;-593.490167842857;4.19461241105098;4.72355591368116;35.7113142644756;31.9917164069859;1220.84364105302;1315.57355737929;109.681132629074;0.0198019801980198;31;31
215;14.539999999979;0.6899999999996;15.2600000000093;NA;NA;-539.72682691187;-584.331221975529;4.13755665805129;4.28020358381357;35.8856956673126;34.7957638730911;1222.50239840737;1307.36646644011;89.2087901273185;0.207920792079208;29;29
216;14.8099999999977;0.659999999999854;15.5;NA;NA;-469.666651887376;-547.583371213419;4.21051980799176;4.58408858876372;29.6085812045109;27.2393391085836;1055.16275460489;1201.72766367228;155.833438652086;0.0297029702970297;25;25
217;15.3699999999953;0.5600000000004;16.0300000000279;NA;NA;-524.424786959062;-561.116279772637;4.23954391245353;4.34375816402165;30.724281373691;29.6155304675742;1169.64618359055;1238.66996716506;73.3829856271511;0.455445544554455;26;26
218;16;0.670000000000073;16.6500000000233;NA;NA;-556.485689979705;-584.819638402697;4.21218036348125;4.34304674166415;34.8138563292603;33.6020812617207;1252.90841515953;1304.70548676062;56.6678968459839;0.891089108910891;31;31
219;15.0199999999604;0.409999999999854;15.5300000000279;NA;NA;-521.453340701842;-565.049173271665;4.21443829137491;4.55376221803584;31.8002172811043;29.6120552277887;1170.20879554552;1248.64084583695;87.1916651396457;0.198019801980198;30;30
220;15.25;0.699999999999818;16.0200000000186;NA;NA;-528.394278428616;-575.242193533392;4.1871315350873;4.46844726123155;32.5567524060978;30.5595588371174;1186.56735793129;1272.30190921283;93.6958302095522;0.0792079207920792;29;29
221;14.8099999999977;0.609999999999673;15.460000000021;NA;NA;-522.815402246436;-595.763707352096;4.30917424045523;4.98292806560793;33.2381267037146;29.2606150186391;1178.68913431791;1308.66303425156;145.896610211321;0.0099009900990099;30;30
222;14.7800000000279;0.600000000000364;15.4099999999744;NA;NA;-540.339083126513;-581.670776886749;4.22517611894305;4.29188304966677;34.1542251079892;33.4224027326852;1217.40380635444;1297.13757440946;82.6633875204718;0.257425742574257;30;30
223;17.5899999999674;0.430000000000291;18.0900000000256;NA;NA;-499.247295269057;-541.73446159692;4.10617523174428;4.4419160956062;29.5734706512913;27.3111825908902;1114.766634381;1190.84647982399;84.974332655725;0.188118811881188;26;26
224;15.3999999999651;0.6899999999996;16.1600000000326;NA;NA;-528.131439347762;-571.37997333668;4.32269034825931;4.97409939948028;30.7512157896881;26.9666453559635;1178.84439011212;1250.25527850599;86.4970679778376;0.465346534653465;29;29
225;14.8800000000047;0.720000000000255;15.6100000000442;NA;NA;-522.584628705095;-557.260191151288;4.24338368311624;4.34424670641;31.6267982096146;30.6706895170824;1171.24104437031;1236.7808972333;69.351124892386;0.534653465346535;29;29
226;15.9099999999744;0.449999999999818;16.390000000014;NA;NA;-489.753864770186;-539.211571395087;4.12603438886763;4.33423814818323;28.9607208295201;27.6620001879078;1093.37066574142;1187.17998558874;98.9154132498027;0.0297029702970297;26;26
227;14.679999999993;0.4399999999996;15.2099999999627;NA;NA;-498.425865801418;-534.167789942131;4.23801764933258;4.32568703981478;28.0825553587435;27.3418028256471;1107.26204314162;1175.83352405093;71.4838482814264;0.356435643564356;26;26
228;14.429999999993;0.5;15.0299999999697;NA;NA;-514.261647665857;-556.349621803804;4.09798062313709;4.19610136739161;31.3794184069108;30.4730064454746;1152.48779839193;1233.08296301816;84.1759482758939;0.0891089108910891;27;27
229;17.3399999999674;0.420000000000073;17.8300000000163;NA;NA;-592.005110503432;-633.783096821776;4.89032112638404;5.08881096526331;34.0563438330994;32.7751167684169;1321.966982503;1400.33291074001;83.5559726366882;0.584158415841584;33;33
230;15.179999999993;0.609999999999673;15.7700000000186;NA;NA;-490.179988340839;-533.829450057017;3.98106260845398;4.15059735580269;30.3101432635678;28.9814433316256;1099.52834714387;1181.6033095957;87.2989234323545;0.138613861386139;26;26
231;14.7199999999721;0.5;15.2799999999697;NA;NA;-491.101724048934;-531.002232305367;4.05599948453839;4.21136906356573;29.7274724849241;28.6466851238512;1099.64193296852;1175.17329520061;79.8010165128659;0.257425742574257;27;27
232;15.5499999999884;0.369999999999891;15.9700000000303;NA;NA;-523.677586425753;-585.377645337861;4.2037995435025;4.37443947521774;34.8559450941575;33.3969725360313;1186.29909171043;1303.8834049657;123.400117824217;0.0495049504950495;29;29
233;16.2000000000116;0.640000000000327;16.890000000014;NA;NA;-531.41406828962;-576.76798266565;4.26642491973724;4.43449815380423;32.6715312690108;31.5018503583375;1193.06447294526;1279.10968104238;90.7078287520596;0.0495049504950495;29;29
234;13.6500000000233;0.520000000000437;14.2199999999721;NA;NA;-476.655794873635;-522.222882567651;3.9758603241716;4.08218140114608;29.1644151489203;28.1649542650261;1066.80817795201;1154.05283936258;91.1341753880329;0.168316831683168;24;24
235;17.179999999993;0.75;17.9400000000023;NA;NA;-494.653792766895;-549.72382491774;4.53474884192666;4.78520041675881;28.1010974443323;26.5847526867379;1100.32107007199;1204.47080906218;110.140064301691;0.0099009900990099;27;27
236;17.0200000000186;0.469999999999345;17.6100000000442;NA;NA;-541.3880966674;-590.223946474469;4.38032675703558;4.98417362220939;34.1883865797515;30.2280475342181;1219.63858808601;1301.45632265462;97.6716996141383;0.287128712871287;30;30
237;14.8000000000466;0.470000000000255;15.3000000000466;NA;NA;-525.253399344709;-574.835350808271;4.13409135694273;4.35838669871642;34.2499124440039;32.4067928202039;1188.17701706306;1279.93235561758;99.1639029271234;0.108910891089109;31;31
238;14.7800000000279;0.479999999999563;15.2700000000186;NA;NA;-508.759335253882;-551.478949672994;4.47630835182044;4.50336427839136;28.389416766196;27.8082422479873;1129.6711615436;1212.81445839842;85.4392288382249;0.178217821782178;27;27
239;14.7700000000186;0.450000000000728;15.2399999999907;NA;NA;-516.479135171431;-571.464015704408;4.15284471301988;4.19040074706591;33.8464621667005;33.2502814656503;1167.87815503536;1275.47140091206;109.969761065955;0.0495049504950495;29;29
240;14.7299999999814;0.609999999999673;15.4200000000419;NA;NA;-474.233400714555;-514.334003321697;4.01701905555554;4.06066810075524;28.8197755491936;28.2442409965112;1061.21042638883;1139.1601271926;80.2012052142854;0.148514851485149;25;25
241;14.820000000007;0.350000000000364;15.140000000014;NA;NA;-516.354372916274;-557.363388908572;4.07996009964918;4.31083562277578;32.5920632404094;31.0098866195553;1162.05645486264;1237.79532250962;82.0180319845947;0.297029702970297;28;28
242;14.710000000021;0.460000000000036;15.25;NA;NA;-547.197711114137;-581.747770943267;4.31361805775489;4.23228551610715;32.9621043648217;33.1101831308996;1226.88919468328;1296.58452859488;69.1001196582608;0.564356435643564;31;31
243;15.109999999986;0.519999999999527;15.6300000000047;NA;NA;-526.832438240212;-565.126316048673;4.15824787762673;4.27767474221937;32.7203044502655;31.8025881135816;1184.09563411147;1257.02515857513;76.587755616921;0.356435643564356;29;29
244;16.289999999979;0.559999999999491;16.9000000000233;NA;NA;-560.005138965129;-601.992317493625;4.18618425871043;4.41042995519831;36.8393889469617;35.1528724616336;1268.67390220989;1345.84240118174;83.9743570569917;0.257425742574257;32;32
245;14.7999999999884;0.610000000000582;15.4700000000303;NA;NA;-507.320249828705;-550.191372340517;4.15844275765688;4.19707737798642;32.4800357210053;31.674706151618;1144.11349014909;1226.64550386091;85.7422450236251;0.148514851485149;29;29
246;15.6699999999837;0.559999999999491;16.2900000000373;NA;NA;-545.77921864972;-593.740114729711;4.51759772919752;5.06761196704119;33.0881209654138;29.5756549478715;1223.45539726405;1305.37568144547;95.9217921599832;0.267326732673267;29;29
247;14.609999999986;0.480000000000473;15.1399999999558;NA;NA;-498.584705021677;-550.04714904365;4.0430477013842;4.14941331258428;32.0998041100097;30.6658385741137;1123.97979936374;1221.23980150197;102.924888043946;0.0396039603960396;27;27
248;15.179999999993;0.6299999999992;15.859999999986;NA;NA;-557.058262665745;-590.949452304516;4.27169655440417;4.40193379074007;35.040249722214;33.8872945704424;1255.51980774932;1318.6494906496;67.7823792775416;0.712871287128713;32;32
249;15.4499999999534;0.479999999999563;16.0299999999697;NA;NA;-539.801834883412;-589.288773866848;4.07375148333845;4.11994266382863;37.8180379887425;37.0440680528433;1230.99622617944;1326.87176024975;98.9738779668717;0.0594059405940594;30;30
250;15.5599999999977;0.640000000000327;16.2199999999721;NA;NA;-546.77511053804;-599.365937569821;4.25880167995408;4.46622283274228;37.1879666459057;35.538651485488;1243.03017952513;1341.58228150815;105.181654063563;0.0297029702970297;31;31
