1;36.2199999999721;1.10999999999967;37.4500000000116;NA;NA;-1261.81820115724;-1318.54756435419;5.13864461136041;5.19032126295556;65.2217104712552;64.118538441352;2840.91178815006;2949.00406020074;113.458726393895;0.0099009900990099;42;42
2;35.1999999999534;1.10000000000036;36.4199999999837;NA;NA;-1274.31910384487;-1310.98551385217;5.08683272789533;5.19524775784568;64.655635508434;63.2031318547875;2861.58260435937;2927.8850568588;73.3328200145902;0.326732673267327;40;40
3;33.5800000000163;0.890000000000327;34.609999999986;NA;NA;-1272.27325042153;-1319.94418941944;5.16692270900833;5.31529899239003;65.2900464488242;63.7971247416073;2862.15431162569;2950.23377182752;95.341877995802;0.0099009900990099;42;42
4;35.6500000000233;1.32999999999993;37.0100000000093;NA;NA;-1375.00064308582;-1431.17099704511;5.13738706858728;5.1816191869062;76.1844326959944;75.1319031700775;3123.23366106556;3230.41795998165;112.340707918591;0.0099009900990099;45;45
5;36.109999999986;1.19999999999982;37.4499999999534;NA;NA;-1347.88563611255;-1392.6783278492;5.18943603902843;5.24528236861467;73.2075451679999;72.2415040222703;3054.41968603213;3139.27237257109;89.5853834733102;0.0396039603960396;45;45
6;35.3099999999977;1.26000000000022;36.75;NA;NA;-1285.97185320073;-1332.14813609555;5.17903676688061;5.23542686729458;65.4949734972042;64.6011057728938;2890.54839855798;2978.55268483967;92.3525657896525;0.0792079207920792;42;42
7;34.6199999999953;1.08999999999924;35.8099999999977;NA;NA;-1338.93573583458;-1387.55596147265;5.08275249650779;5.20298177611933;73.5344539678224;71.8219887587672;3038.12143245127;3126.97240789512;97.2404512761286;0.0099009900990099;45;45
8;33.0599999999977;0.950000000000728;34.140000000014;NA;NA;-1299.34550190863;-1345.43098770355;5.22618383736227;5.34812094502;66.7539975916162;65.0477011126772;2923.42030313977;3007.29088104485;92.1709715898401;0.0297029702970297;42;42
9;34.3699999999953;0.960000000000036;35.4400000000023;NA;NA;-1349.82393056641;-1389.30081893338;5.16248086422067;5.23421918082412;72.1106602997824;70.7647882469071;3052.11230006088;3124.48768691441;78.9537767339411;0.267326732673267;44;44
10;33.179999999993;1.27999999999975;34.6500000000233;NA;NA;-1311.48995300393;-1346.07323664768;5.17136376695206;5.26608748574754;67.8138701784309;66.4409861399432;2953.66287367636;3016.13480213972;69.1665672875015;0.435643564356436;43;43
11;33.7000000000116;0.930000000000291;34.75;NA;NA;-1191.38668878489;-1234.47518943428;5.04813600854223;5.10170614468716;59.5977577758127;58.6862145490729;2670.48233376164;2752.2588481952;86.1770012987818;0.0594059405940594;39;39
12;33.390000000014;0.989999999999782;34.609999999986;NA;NA;-1356.93654323583;-1394.39594942791;5.21001476216028;5.24029093082295;71.4836710059322;70.6309147451129;3063.27291014379;3134.02359737471;74.9188123841586;0.257425742574257;44;44
13;34.9200000000419;1.10999999999967;36.1100000000442;NA;NA;-1353.15733087547;-1403.33924276033;5.16650262427476;5.20976939693973;73.6209866531857;72.4807670768607;3065.3150592375;3160.11879342228;100.363823769709;0.0099009900990099;43;43
14;34.75;1;35.8099999999977;NA;NA;-1271.25292017465;-1322.1271797892;5.23141719130866;5.34238940199507;64.7266531880076;63.2015885836689;2856.59310988887;2950.94122520621;101.748519229101;0.0396039603960396;41;41
15;34.5800000000163;1.36999999999989;36.140000000014;NA;NA;-1288.90307018964;-1332.85729883628;5.11652932946345;5.18517148812844;68.0628386357544;66.9107438610135;2909.70316098573;2991.9936212801;87.9084572932766;0.0594059405940594;43;43
16;41.9300000000512;1.85000000000036;43.859999999986;NA;NA;-1267.2956356391;-1334.59852145996;5.23515388913023;5.950341332176;63.712933871363;55.931660645746;2843.7594492757;2940.60645013906;134.605771641714;0.0198019801980198;41;41
17;30.5299999999697;1.05999999999949;31.640000000014;NA;NA;-1355.58826855945;-1413.51535627774;5.11037320095797;5.19800142957472;73.9108774086103;72.3196701696216;3073.27062024725;3181.32937034902;115.854175436576;0.0099009900990099;45;45
18;33.3499999999767;0.980000000000473;34.4899999999907;NA;NA;-1335.1457314948;-1375.82820730158;5.14549586314485;5.28340757296479;70.6322349006121;68.775563217228;3015.5296142003;3087.81947566162;81.3649516135492;0.118811881188119;44;44
19;30.0200000000186;1.22000000000025;31.2700000000186;NA;NA;-1302.04671942957;-1342.26896472403;5.12458641362534;5.19619714348362;69.7978029058712;68.4927841778352;2944.45072182978;3018.53150740209;80.4444905889127;0.227722772277228;43;43
20;30.9699999999721;1.07999999999993;32.1300000000047;NA;NA;-1352.19803739367;-1406.8721411142;5.10350534115274;5.18180077288258;74.6267409744528;73.0799345810459;3069.15868099897;3170.94636624657;109.348207441072;0.0198019801980198;44;44
21;31.5299999999697;1.15999999999985;32.8699999999953;NA;NA;-1284.09664186266;-1334.77971422617;5.21330246100741;5.47745072107304;66.3626950058057;63.4032965729808;2891.79983898102;2978.73497344856;101.366144727019;0.0099009900990099;43;43
22;29.1199999999953;1.13000000000011;30.2800000000279;NA;NA;-1269.00390468155;-1320.57150784979;5.03338968305941;5.08182621001267;67.5778410491606;66.5715624388503;2865.09618347099;2963.36082825303;103.135206336477;0.0099009900990099;40;40
23;29.0599999999977;1.08999999999924;30.3300000000163;NA;NA;-1300.16431807996;-1357.65563808298;5.02064414767215;5.05247393619634;70.447912018256;69.5590280162221;2942.17841891183;3052.84773302528;114.982640006035;0.0099009900990099;41;41
24;29.6000000000349;1.14000000000033;30.8899999999558;NA;NA;-1348.41573146784;-1404.05738291111;5.1761215042472;5.2477028755232;71.7056150090166;70.2861063537701;3047.31611051866;3151.66110054486;111.283302886531;0.0099009900990099;44;44
25;29.6300000000047;1.14999999999964;30.9000000000233;NA;NA;-1304.98103066203;-1361.25527039723;5.0305127931151;5.08136276268689;70.6768447444678;69.6399894180073;2953.77431377679;3061.27894095656;112.54847947039;0.0099009900990099;42;42
26;29.7800000000279;0.880000000000109;30.75;NA;NA;-1250.90369687024;-1298.25666044424;5.09102061255806;5.20324733306814;63.7108438177686;62.3760727971746;2810.96542971464;2899.19435604968;94.7059271479939;0.0198019801980198;41;41
27;30.7400000000489;1.15999999999985;32.0300000000279;NA;NA;-1382.67506628838;-1416.84694275056;5.0666358846869;5.13764597557731;75.3280141500117;74.1511741586646;3133.54044081374;3196.13200334719;68.3437529243492;0.336633663366337;44;44
28;30.4400000000023;1.25;31.7800000000279;NA;NA;-1259.72679642764;-1321.95446439258;5.00600075500637;5.22461765836348;67.0119582770174;64.3737031676027;2843.8029970138;2955.48872443263;124.455335929891;0.0099009900990099;40;40
29;33;1.21000000000004;34.2800000000279;NA;NA;-1404.51827988108;-1443.01053306613;5.13605806428707;5.1913220757413;78.023800273063;76.9535766077114;3192.13755216394;3263.86720364548;76.9845063700877;0.158415841584158;46;46
30;30.1100000000442;0.960000000000036;31.0800000000163;NA;NA;-1311.42369048712;-1371.17197110479;5.06016269833797;5.16793419551897;70.9668095765607;69.4070780084751;2968.07018680432;3079.9793291957;119.496561235331;0.0099009900990099;42;42
31;29.890000000014;1.11999999999989;31.109999999986;NA;NA;-1356.77632528513;-1400.15565556351;5.12264641673314;5.27411327496386;72.4383245945771;70.4024968488567;3066.7859948233;3143.61728272245;86.758660556764;0.0792079207920792;43;43
32;29.7699999999604;0.880000000000109;30.6300000000047;NA;NA;-1270.05177501235;-1316.87157872131;5.19775284964806;5.22884751632793;64.7057460219712;64.0110540965157;2854.08936715833;2944.35796929032;93.6396074179211;0.0198019801980198;41;41
33;31.8699999999953;1.22000000000025;33.1700000000419;NA;NA;-1272.69745694219;-1334.2415748872;5.18949835315902;5.43212647314416;66.1986664418039;63.3746109289234;2867.42276757552;2976.77319597789;123.088235890026;0.0099009900990099;42;42
34;31.1399999999558;1.06999999999971;32.390000000014;NA;NA;-1334.02876396352;-1370.56945485854;5.29273685575074;5.29935433759954;68.844907346334;68.0660150883003;3003.76817547225;3073.05141976178;73.0813817900548;0.267326732673267;43;43
35;29.1199999999953;1.16000000000076;30.3099999999977;NA;NA;-1306.19848668866;-1348.28660032421;5.1237131247602;5.15806011204538;68.8605820865568;68.2121415152064;2947.37389429084;3028.39573890346;84.1762272710994;0.099009900990099;42;42
36;31.640000000014;0.929999999999382;32.6900000000023;NA;NA;-1361.34289887401;-1428.55500545494;5.17013167901839;5.34481986609817;74.4813884022698;72.1962648967106;3086.73794571967;3209.99287030588;134.424213161849;0.0099009900990099;44;44
37;30.9799999999814;1.11000000000058;32.1699999999837;NA;NA;-1394.52353121194;-1442.95507886206;5.02078357560622;5.05791029618522;78.993954416846;78.2004386269423;3176.91156306244;3269.87845380029;96.8630953002348;0.0099009900990099;46;46
38;30.640000000014;1.13999999999942;31.8600000000442;NA;NA;-1327.12456745836;-1364.42539688795;5.09289097529156;5.15036470376047;70.6100200584531;69.4277192649225;2997.73631420156;3066.58659153868;74.6016588591701;0.267326732673267;42;42
39;30.0900000000256;0.820000000000618;31.0099999999511;NA;NA;-1309.15455743922;-1353.38367378036;5.15623489877422;5.21120677954049;68.7186103396084;67.6970711864435;2953.40389624641;3036.88076452832;88.4582326822751;0.0891089108910891;43;43
40;32.75;1.14999999999964;34.0100000000093;NA;NA;-1320.3628217207;-1372.77113001117;5.15543344104991;5.41604827910993;70.0103519203401;66.6413313586196;2981.29569684103;3069.7234868965;104.816616580949;0.0099009900990099;42;42
41;32.609999999986;1.15999999999985;33.9700000000303;NA;NA;-1344.78629242959;-1391.43800828766;5.12945221439305;5.19092161306659;72.617737830969;71.6555583872257;3044.51553108117;3133.11599604624;93.3034317161323;0.0495049504950495;44;44
42;34.75;1.25;36.1399999999558;NA;NA;-1392.84074652495;-1441.56358622345;5.1846587827791;5.22517817913268;76.0858076754597;75.2650394982074;3158.43069770372;3251.85538166645;97.4456793970062;0.0495049504950495;45;45
43;34.4200000000419;0.970000000000255;35.5200000000186;NA;NA;-1295.64343136034;-1336.95191177199;5.1032090801442;5.15533596188004;66.8612783515533;66.0461089122972;2916.5380364966;2995.18955089888;82.6169608233054;0.0792079207920792;42;42
44;35.140000000014;1.17000000000007;36.4099999999744;NA;NA;-1291.53802801962;-1338.06898290964;5.04382745449854;5.08766992515662;68.7853695672509;67.929102111544;2917.68710060715;3006.58363990817;93.0619097800295;0.0297029702970297;42;42
45;35.5199999999604;1.28999999999996;36.8699999999953;NA;NA;-1350.26876830731;-1385.14516694237;5.02625576808212;5.07179542973411;73.5416439924902;72.2545207170489;3059.15103291957;3122.62738934716;69.7527972701273;0.356435643564356;43;43
46;36.3299999999581;1.10999999999967;37.6599999999744;NA;NA;-1284.79917032075;-1328.7663544194;5.19596143671232;5.26323566925821;66.4075181967243;65.2866943296328;2891.8420384073;2974.33758827072;87.9343681972996;0.0495049504950495;41;41
47;37.0999999999767;1.09000000000015;38.4400000000023;NA;NA;-1315.95932311844;-1366.35900790271;5.31715673079711;5.36365243281257;67.7266143343413;66.6182403864565;2962.17612541175;3057.57069526293;100.799369568536;0.0198019801980198;43;43
48;35.4199999999837;1.36999999999989;36.9599999999627;NA;NA;-1307.95821275885;-1346.92730085648;5.11135319201492;5.2105450029678;68.3457405555953;66.9390459842939;2948.3888652669;3019.48408135521;77.938176195265;0.247524752475248;42;42
49;36.7699999999604;1.15999999999985;38.0599999999977;NA;NA;-1358.8442250065;-1397.32340854052;5.14180284965677;5.20316744930108;72.5692157492802;71.3105057498643;3073.20964745204;3144.00151428165;76.958367068039;0.287128712871287;45;45
50;34.390000000014;1.25;35.859999999986;NA;NA;-1297.92603441946;-1338.5184979294;5.10336245079435;5.16047423896822;68.655436017874;67.3427264465882;2930.63879121931;3005.42251011498;81.1849270198727;0.118811881188119;43;43
51;36.5800000000163;1.15999999999985;37.8300000000163;NA;NA;-1382.56818044325;-1421.5020615627;5.14514440604039;5.1895600359843;74.3664383472697;73.417321761566;3129.46226598986;3202.680245789;77.8677622389018;0.207920792079208;45;45
52;35.1100000000442;1.27000000000044;36.4799999999814;NA;NA;-1309.83590905168;-1342.36451083435;5.22283495335361;5.25914100240486;66.3935483440509;65.6633273008753;2942.64768788119;3004.15268219681;65.0572035653513;0.554455445544555;42;42
53;36.7399999999907;1.07999999999993;37.9500000000116;NA;NA;-1359.56103266391;-1398.83616372535;5.15772109253828;5.22727344977855;72.5313154888122;71.3209174573301;3074.45758698347;3147.07803226752;78.5502621228752;0.188118811881188;45;45
54;39.7700000000186;1.03999999999996;40.9400000000023;NA;NA;-1374.58956353231;-1421.88826231063;5.31860407482032;5.4020770347361;72.5592945356992;71.1407691843695;3105.44910683124;3193.08146977101;94.5973975566303;0.0594059405940594;46;46
55;35.4700000000303;1.32999999999993;36.8699999999953;NA;NA;-1268.79291275251;-1330.45285307746;5.17298414524211;5.21933027697999;66.3614138793157;65.1854419493895;2859.60580122658;2977.21925655811;123.319880649899;0.0099009900990099;41;41
56;34.1199999999953;0.989999999999782;35.2299999999814;NA;NA;-1240.95977034959;-1281.36573914269;5.07578467434637;5.09250634570256;62.6982147959399;62.0406176033315;2785.38968444278;2863.01873850964;80.8119375862075;0.0693069306930693;40;40
57;34.9200000000419;1.34000000000015;36.4799999999814;NA;NA;-1258.90294081347;-1303.76480801828;5.18972268579561;5.29200172816349;62.8165355706817;61.4505696094726;2821.84871827154;2904.96094248193;89.7237344096175;0.0792079207920792;40;40
58;33.6000000000349;1.34999999999945;35.0599999999977;NA;NA;-1374.82072359816;-1409.00527663577;5.10145967440891;5.15372056538417;73.7641463052496;72.7496830762552;3111.01668532917;3174.41587160843;68.3691060752262;0.405940594059406;45;45
59;34.5800000000163;1;35.6999999999534;NA;NA;-1257.82527541716;-1302.80142433741;5.03286707617483;5.11215554797249;65.9594554720038;64.6838575760599;2835.72001602578;2919.48245172395;89.9522978404866;0.0594059405940594;41;41
60;34.5900000000256;0.949999999999818;35.6800000000512;NA;NA;-1383.32073599549;-1426.90636438919;5.10677053727354;5.18297072945092;77.9579530360996;76.4231499281984;3146.79035887073;3226.47740564074;87.1712567874029;0.0693069306930693;43;43
61;33.2200000000303;1.11000000000058;34.4700000000303;NA;NA;-1263.14687236806;-1306.05680998868;5.03500655169631;5.10704198084496;65.4865740397079;64.2344189552145;2843.26002681905;2923.01925607989;85.8198752412318;0.099009900990099;40;40
62;35.5899999999674;1.35999999999967;37.1700000000419;NA;NA;-1352.49707447056;-1400.86542600158;5.21761228080343;5.36593744340481;71.3383178541902;69.5226628826361;3054.48509940739;3142.32679343623;96.7367030620503;0.0099009900990099;45;45
63;34.2099999999627;0.909999999999854;35.2199999999721;NA;NA;-1235.35380347027;-1271.18651608102;5.18108864592777;5.24481369019178;61.6032281509916;60.6368108296655;2768.09799763346;2835.09803057945;71.6654252214985;0.425742574257426;39;39
64;33.4000000000233;1.26000000000022;34.8699999999953;NA;NA;-1319.62439955313;-1361.56932680046;5.12639970843681;5.18313643467046;69.3595348760177;68.3779492191676;2977.46894151311;3056.57225813324;83.8898544946651;0.099009900990099;43;43
65;32.1699999999837;1.14000000000033;33.4500000000116;NA;NA;-1267.47437075699;-1322.93737683293;5.12062303479544;5.13241139517166;66.6286177898519;65.9601916666027;2859.06812238001;2966.74253081551;110.926012151875;0.0099009900990099;42;42
66;35.2800000000279;1.23999999999978;36.5599999999977;NA;NA;-1374.89787384767;-1423.96331438306;5.09161963296735;5.14743640757872;76.0681909711783;74.8493780300133;3124.11256389563;3216.24590284195;98.1308810707806;0.0198019801980198;47;47
67;33.570000000007;1.03999999999996;34.7000000000116;NA;NA;-1272.02575283153;-1309.88542006314;5.12905272351081;5.1596045976052;65.1266952930088;64.4120803245198;2859.2759127126;2931.53638781412;75.7193344632128;0.257425742574257;40;40
68;35.2000000000116;1.18000000000029;36.4700000000303;NA;NA;-1382.88518523932;-1420.32127605991;5.3937781651809;5.2912609477084;71.7293532754355;72.749630795123;3116.37104660331;3196.23016834506;74.8721816411808;0.227722772277228;44;44
69;32.789999999979;1.17999999999938;34.0599999999977;NA;NA;-1316.46158452209;-1352.66467800473;5.15866943508161;5.2620540411185;67.7645759432697;66.267948501694;2963.36576164001;3028.47389582388;72.4061869652915;0.366336633663366;43;43
70;33.140000000014;1.14000000000033;34.359999999986;NA;NA;-1346.81795657206;-1384.81046434102;5.16959801811232;5.2818372393454;71.3064634085108;69.7731566486408;3041.34992610088;3109.85802831171;75.9850155379368;0.128712871287129;43;43
71;33.6900000000023;0.960000000000036;34.7700000000186;NA;NA;-1396.70981459931;-1451.10462918347;5.20501016613823;5.29731816457858;77.0752433033825;75.382730748712;3172.69195463246;3273.15305774074;108.789629168319;0.0099009900990099;47;47
72;33.2600000000093;1.05999999999949;34.3499999999767;NA;NA;-1298.02179116888;-1342.55807220001;5.13034049147441;5.23316061288217;67.1194933921081;65.4610591981809;2920.91347494942;3001.9589302614;89.0725620622757;0.0396039603960396;40;40
73;33.9199999999837;1.16000000000076;35.3499999999767;NA;NA;-1224.89625824428;-1300.67115453067;5.08338082123786;5.13488541966095;64.3171979793535;63.3725778736258;2761.89289713228;2908.85890334894;151.549792572783;0.0099009900990099;41;41
74;33.5;1.17999999999938;34.8699999999953;NA;NA;-1208.2390960744;-1250.77223708467;5.02687581325859;5.10117855036536;61.0711010966939;59.9788762129187;2710.50655673995;2790.3142943659;85.0662820205221;0.0495049504950495;38;38
75;33.9199999999837;1.14000000000033;35.1900000000023;NA;NA;-1334.14291218638;-1383.96169631228;5.10593668510273;5.13099658245504;72.2913538713525;71.3675872329052;3020.80249053637;3115.93546566244;99.6375682518046;0.0198019801980198;43;43
76;32.5300000000279;1.13000000000011;33.7799999999697;NA;NA;-1286.81206068106;-1333.82016599242;5.1113071364945;5.18098956017212;67.3159585932268;66.1366281197434;2900.27604278269;2988.56953069294;94.0162106227199;0.0396039603960396;41;41
77;50.0900000000256;1.61999999999989;52.109999999986;NA;NA;-1315.80264079109;-1411.63711173441;5.16348414835055;6.50386764896616;69.5210884881218;55.5889289931988;2970.61321309099;3094.3443151863;191.668941886641;0.0099009900990099;43;43
78;33.2199999999721;1.03999999999996;34.2999999999884;NA;NA;-1289.84960881296;-1332.93465367862;5.03497964061043;5.05458657183847;69.5134132692408;68.9160869150568;2917.01432809044;3000.2858807529;86.1700897313353;0.0792079207920792;41;41
79;36;1.27999999999975;37.4100000000326;NA;NA;-1365.83333035506;-1404.98921612482;5.21649115935448;5.24867626995797;72.7465580585759;71.9209700082478;3088.05666938691;3162.3238326278;78.3117715395106;0.188118811881188;45;45
80;33.6199999999953;1.22000000000025;35.0599999999977;NA;NA;-1325.95854940891;-1369.76837160044;5.0621784239188;5.1160253591596;71.3478039733653;70.1346770895524;2999.83270210758;3081.53673664502;87.6196443830613;0.0495049504950495;43;43
81;35.0100000000093;0.889999999999418;36.1000000000349;NA;NA;-1313.11310682191;-1364.14895654802;5.15048302718325;5.23941280465385;69.0903728281966;67.8459481523659;2961.48851262362;3057.52161855481;102.071699452219;0.0297029702970297;41;41
82;35.9400000000023;0.920000000000073;36.9700000000303;NA;NA;-1440.09823772564;-1480.79217833249;5.10814612429031;5.14852895303239;81.066649384924;80.1143978066976;3279.1097361766;3355.8117720398;81.3878812137009;0.0396039603960396;47;47
83;36.2300000000396;1.19000000000051;37.5299999999697;NA;NA;-1376.92258294603;-1415.10365453851;5.22297086122701;5.33333275568811;74.0809693734463;72.5683345768241;3117.58664971787;3186.52167592442;76.3621431849497;0.376237623762376;46;46
84;36.3400000000256;1.05000000000018;37.4699999999721;NA;NA;-1205.03322087953;-1256.35190868466;5.46487012024859;5.72198010817355;56.2687795100321;53.6892271424527;2681.7047117745;2771.88926454685;102.637375610254;0.188118811881188;39;39
85;36.7200000000303;1.08999999999924;38.0499999999884;NA;NA;-1435.09452153718;-1472.6525144606;5.09822800580283;5.17721978838121;80.2663028044563;79.0239315010133;3266.00889314374;3334.99833265822;75.1159858468445;0.188118811881188;48;48
86;33.9100000000326;1.10000000000036;35.070000000007;NA;NA;-1285.11962635703;-1350.03649209205;5.04765363773507;5.13293829903784;70.6236392197788;69.1935443756647;2913.79268332277;3036.66962248899;129.833731470035;0.0099009900990099;42;42
87;36.6399999999558;1;37.820000000007;NA;NA;-1365.15594464581;-1413.40268409563;5.17194998179406;5.22652990151098;74.0759654676329;73.0506618891709;3094.02880367481;3185.48798769204;96.493478899647;0.0198019801980198;46;46
88;37.4500000000116;1.21000000000004;38.8800000000047;NA;NA;-1385.68575585183;-1411.1640604844;5.13888525476897;5.19228942164693;73.948930972423;72.9479213178999;3134.46467998613;3180.50627882228;50.9566092651394;0.910891089108911;46;46
89;34.929999999993;0.989999999999782;36.1600000000326;NA;NA;-1341.05248985226;-1376.88171291046;5.10612960836793;5.16921943683024;71.3975300864274;70.2282918697093;3031.08376145669;3097.02717334215;71.6584461163989;0.336633663366337;44;44
90;34.2800000000279;1.05000000000018;35.4599999999627;NA;NA;-1360.02367159478;-1409.82655578073;5.15285719262276;5.23154299295116;73.385285473762;72.0019919638911;3078.74192957325;3171.58639845347;99.6057683719027;0.0099009900990099;44;44
91;34.6900000000023;1.11999999999989;35.9699999999721;NA;NA;-1327.74814072639;-1376.47355010545;5.086133480277;5.1629750981234;71.7039419094612;70.3622244838367;3005.14853167477;3096.05669037071;97.4508187581146;0.0099009900990099;43;43
92;46.3299999999581;1.48000000000047;48;NA;NA;-1306.39149450213;-1383.68299983094;5.39992105118121;6.55422303959087;65.9235534664449;54.9366672546186;2932.6782390565;3033.94718323533;154.583010657613;0.0297029702970297;41;41
93;36;1.14000000000033;37.1499999999651;NA;NA;-1383.66105599596;-1427.1461390845;5.12376127720383;5.16376542381604;76.7309356065025;75.8178289723332;3144.07507039552;3226.56183462991;86.9701661770691;0.0594059405940594;46;46
94;35.4500000000116;1.02999999999975;36.6699999999837;NA;NA;-1307.87219778422;-1344.81562882397;5.12641010650194;5.20812284289781;68.2891373835588;67.0358340107272;2948.74492407535;3016.52026239687;73.8868620795074;0.277227722772277;43;43
95;33.2699999999604;1.25;34.6399999999558;NA;NA;-1248.04361455563;-1298.56578478013;5.12227500132941;5.13523655546765;64.6403522487342;63.7926846115905;2809.7557217631;2906.68673948469;101.044340448998;0.0099009900990099;41;41
96;33.2700000000186;1.1899999999996;34.539999999979;NA;NA;-1260.23402174755;-1299.46667268941;5.08107332768598;5.17407372747907;65.0044724082339;63.8207585822221;2835.10087075991;2907.83679412624;78.4653018837262;0.138613861386139;40;40
97;35.7299999999814;1.06999999999971;36.9499999999534;NA;NA;-1317.44066585888;-1375.90780775526;5.24321927031431;5.35049067051256;68.698392351386;66.9103696689435;2969.87752345608;3078.09281443317;116.934283792762;0.0099009900990099;43;43
98;35.820000000007;0.970000000000255;36.9400000000023;NA;NA;-1420.87253366672;-1458.02385572718;5.20210816223212;5.30397176402519;76.7446648846557;75.2474935288923;3219.39068047635;3286.32603469539;74.3026441209113;0.326732673267327;47;47
99;35.6699999999837;1.14999999999964;36.9099999999744;NA;NA;-1303.94280312881;-1360.21569585219;5.29333533062425;5.42438716279505;66.5812899100468;64.9419104684551;2933.32343880125;3037.85622100177;112.545785446761;0.0099009900990099;44;44
100;35.859999999986;1.25;37.1699999999837;NA;NA;-1363.03149691253;-1405.37372272008;5.1709976479991;5.26698075283969;73.4113286967303;72.0330025803793;3085.70975608337;3163.64170050533;84.6844516150936;0.0891089108910891;45;45
101;36.6199999999953;0.960000000000036;37.7200000000303;NA;NA;-1335.09906545233;-1383.82578304719;5.19063704066991;5.24333215947455;70.4411054969275;69.5888788045663;3015.29358104318;3108.57190353491;97.4534351897182;0.0297029702970297;45;45
102;34.8600000000442;1.32999999999993;36.320000000007;NA;NA;-1272.0349783273;-1319.95414754145;5.09720504257717;5.13914280259469;66.7672536115636;66.049619717034;2868.86374077541;2961.21110098295;95.8383384283029;0.0099009900990099;42;42
103;36.25;1.01999999999953;37.4100000000326;NA;NA;-1265.49677993614;-1313.92181264747;5.07427871675673;5.14934297952565;65.8766250898007;64.5610152575876;2850.66108911772;2941.12713374484;96.8500654226727;0.0297029702970297;41;41
104;34.5300000000279;1.03000000000065;35.6600000000326;NA;NA;-1350.84019719403;-1383.82079517945;5.09525780153338;5.13983258103619;72.5689722258954;71.6315552993351;3056.38498276448;3117.76424688657;65.9611959708354;0.514851485148515;44;44
105;46.960000000021;1.83999999999924;48.9100000000326;NA;NA;-1237.90134054706;-1283.44171179431;5.17648651529902;5.41556300760362;61.3567039646668;58.3498306337116;2771.20608793413;2847.81016254221;91.0807424944855;0.217821782178218;38;38
106;36.6900000000023;1.19000000000051;38.1000000000349;NA;NA;-1349.73976619908;-1395.92555369563;5.2198318735224;5.31598318945385;71.5353429902901;70.0769124013318;3048.30963825955;3133.56942101862;92.3715749931066;0.0198019801980198;43;43
107;35.0200000000186;1;36.0800000000163;NA;NA;-1356.8638420878;-1406.09919012965;5.17294572264468;5.22264884023264;73.0888395893872;71.7632431094139;3071.79455181302;3163.77106654152;98.4706960837075;0.0198019801980198;45;45
108;36.7999999999884;1.11999999999989;38.0599999999977;NA;NA;-1379.55956095945;-1429.82413443166;5.31705644836375;5.36143876367581;73.0178711444096;72.0970280664391;3116.83831063657;3212.8561888515;100.52914694442;0.0099009900990099;45;45
109;34.5899999999674;1.10000000000036;35.8000000000466;NA;NA;-1273.83254078953;-1313.92011941476;5.06360804764333;5.22707537354928;66.5311438871186;64.6168846611247;2870.5086752707;2941.39485458287;80.1751572504627;0.168316831683168;41;41
110;35.460000000021;0.949999999999818;36.539999999979;NA;NA;-1420.4626325563;-1464.0631236232;5.17934176774894;5.23910181512127;77.786772956594;76.5388080692215;3222.86244083474;3303.9358492646;87.200982133807;0.099009900990099;46;46
111;35.890000000014;1.21999999999935;37.2200000000303;NA;NA;-1216.32198243304;-1273.14821431248;5.06612418312531;5.18225686970965;63.1111142521298;61.5238236698092;2738.1126129966;2844.08231732211;113.652463758891;0.0099009900990099;40;40
112;36.5;1.33000000000084;37.9699999999721;NA;NA;-1296.79243084261;-1347.95637033419;5.11986963239218;5.17734096544654;68.5149296340577;67.4794031209905;2926.88033305627;3024.1708238507;102.327878983162;0.0099009900990099;42;42
113;34.640000000014;1.08999999999924;35.8499999999767;NA;NA;-1204.5514448479;-1241.32493255678;5.04836583027062;5.09793401604538;61.0602025788247;60.162888982267;2703.07878309633;2772.3056194535;73.5469754177643;0.267326732673267;38;38
114;33.8099999999977;1.11000000000058;34.9300000000512;NA;NA;-1260.97396105374;-1325.80048744791;5.08991018678927;5.16272778827472;65.77588808763;64.5070057673817;2841.12662320572;2964.62240130575;129.653052788346;0.0099009900990099;41;41
115;34.9699999999721;0.909999999999854;35.9100000000326;NA;NA;-1255.68525307203;-1305.05342916209;5.07690633250871;5.15961416522882;65.9141851083494;64.7323015510956;2830.40649934858;2923.42233182691;98.7363521801308;0.0099009900990099;40;40
116;35.0800000000163;1.09000000000015;36.25;NA;NA;-1447.69553573823;-1500.14351161812;5.26665888513166;5.31168248177323;81.7525206668647;80.7957968499615;3298.5399564075;3398.71798464853;104.895951759785;0.0099009900990099;48;48
117;35.6000000000349;1.30999999999949;36.9400000000023;NA;NA;-1358.63579698898;-1405.3373049523;5.16184045238045;5.21324859065576;72.2088257389504;71.0548053298699;3070.21584859894;3157.97821230708;93.4030159266508;0.0297029702970297;44;44
118;36.0200000000186;1.07999999999993;37.3000000000466;NA;NA;-1340.31512149481;-1395.57670369254;5.20132026214691;5.24624272010912;72.5255872210833;71.617949962243;3035.9377014978;3142.0142933105;110.523164395462;0.0099009900990099;45;45
119;35.7699999999604;1.16000000000076;37.0500000000466;NA;NA;-1299.98302744984;-1334.30793254811;5.17112884415092;5.26995892831929;66.6477504411005;65.4313632900723;2924.96263519076;2987.68093739523;68.6498101965344;0.415841584158416;43;43
120;34.1699999999837;1.14999999999964;35.3800000000047;NA;NA;-1274.66968292783;-1316.10354094647;5.05062454143991;5.11444047125011;66.2117015719667;65.0792488151319;2868.97722234374;2946.37800786611;82.8677160372963;0.148514851485149;39;39
121;34.8299999999581;1.06999999999971;36.0199999999604;NA;NA;-1381.60845232331;-1434.40870480994;5.12918235515355;5.15198500299488;76.3908121703387;75.6357083664201;3138.29983896169;3240.19274425851;105.600504973268;0.0099009900990099;46;46
122;35.1100000000442;1.5;36.7199999999721;NA;NA;-1339.54232814629;-1388.81463118873;5.15277335327902;5.34999971038416;71.515295449309;69.0759885059921;3028.63905477577;3115.26075030101;98.5446060848676;0.0297029702970297;44;44
123;36.5;1.13000000000011;37.7699999999604;NA;NA;-1314.12505456595;-1346.8928452389;5.12829147201557;5.18009852097757;68.239815047741;67.2632034662064;2960.20726714237;3020.99205593617;65.5355813459128;0.524752475247525;42;42
124;36.0200000000186;1.14000000000033;37.3400000000256;NA;NA;-1273.16706280904;-1319.11092920886;5.17624742905731;5.43843580672721;63.9969750213475;61.2880085424918;2856.88061849579;2935.62304186397;91.8877327996252;0.0297029702970297;41;41
125;36.2699999999604;1.28999999999996;37.640000000014;NA;NA;-1225.29422624444;-1273.40449474777;5.07474732984455;5.29339167956939;62.9878254448319;60.2815068668063;2755.46036158632;2838.58185118689;96.220537006664;0.0594059405940594;40;40
126;34.9400000000023;1.06999999999971;36.0900000000256;NA;NA;-1307.11410647554;-1355.95464472679;5.1374660366979;5.22580887925338;68.8062874634933;67.5321056877573;2949.75053711296;3041.21827982637;97.681076502512;0.0099009900990099;43;43
127;36.7200000000303;1.10999999999967;38.0300000000279;NA;NA;-1325.6498251642;-1367.96392375638;5.20894095534432;5.35026868680684;68.2502498387562;66.7565769485517;2984.89507042457;3062.22245279182;84.6281971843605;0.0693069306930693;44;44
128;34.859999999986;1.32000000000062;36.4099999999744;NA;NA;-1249.19165549187;-1305.48921757398;5.26249717050668;5.33614015896103;62.8710134907823;61.7915156816932;2804.22357366671;2911.567408323;112.59512416422;0.0099009900990099;42;42
129;38.0500000000466;1.1299999999992;39.2800000000279;NA;NA;-1388.11357970289;-1434.47442683449;5.19552045476435;5.29833442382215;74.6572728900831;72.9772129526878;3141.97788140774;3226.46885532286;92.7216942632022;0.0594059405940594;45;45
130;34.2999999999884;1.18000000000029;35.5800000000163;NA;NA;-1224.34442128904;-1264.07979999335;5.15725180278839;5.20880242362431;60.5632362689695;59.7953090434262;2741.05865884016;2816.8222375102;79.470757408606;0.158415841584158;39;39
131;34.4400000000023;1.27999999999975;35.7599999999511;NA;NA;-1301.38093341038;-1359.99797835083;5.01921451779592;5.04039126467421;71.1878152678997;70.4941781558252;2949.059769662;3062.91961528018;117.234089880912;0.0099009900990099;42;42
132;38.25;1.10000000000036;39.4500000000116;NA;NA;-1330.12499561202;-1373.87806608004;5.09863040841796;5.22199448399336;70.9406923223192;69.134279282437;3006.99582897682;3085.67253531988;87.5061409360492;0.0495049504950495;44;44
133;35.8499999999767;1.30999999999949;37.179999999993;NA;NA;-1361.8346211111;-1391.10526679607;5.2025818928434;5.32939891430131;71.0998861658807;69.4779263623249;3071.99210070265;3122.5873079706;58.5412913699251;0.871287128712871;45;45
134;36.7600000000093;1.17000000000007;37.9899999999907;NA;NA;-1292.60903757383;-1348.07504054436;5.13866383080394;5.35300065178412;67.1082248109719;64.4658061133915;2913.23147437498;3011.24779462152;110.932005941051;0.0099009900990099;44;44
135;34.8800000000047;1.27999999999975;36.2199999999721;NA;NA;-1347.05780802939;-1390.90480984752;5.10874026346311;5.19460400483676;73.550407177684;72.0592668292448;3054.44373262932;3134.83254498367;87.6940036362575;0.0495049504950495;45;45
136;32.4000000000233;0.990000000000691;33.5;NA;NA;-1221.39715649291;-1267.61231305732;5.06947432852397;5.13337685385886;62.9223154596334;61.7737285237735;2746.55261493679;2833.43810959012;92.4303131288048;0.0693069306930693;39;39
137;35.3400000000256;0.899999999999636;36.390000000014;NA;NA;-1307.47445818285;-1352.85974307132;5.04665725288315;5.115708296855;70.5591865528048;69.5901930915914;2958.18881265225;3044.24564873443;90.7705697769438;0.0198019801980198;42;42
138;37.609999999986;1.53999999999996;39.390000000014;NA;NA;-1333.83103752703;-1371.98838187723;5.16106587881768;5.36551279147244;69.9588738827653;67.6594793048466;3009.60895404004;3074.68459963071;76.3146887003959;0.415841584158416;44;44
139;34.9800000000396;0.949999999999818;36.0300000000279;NA;NA;-1336.47416708643;-1378.2621758099;5.2954124236905;5.28824000147877;69.0148045348969;68.8605848008803;3009.48745687169;3092.31144764349;83.5760174469315;0.108910891089109;43;43
140;34.929999999993;1.44000000000051;36.4300000000512;NA;NA;-1321.27262765057;-1356.42439514045;5.07363109096465;5.16255335702521;70.013108870607;68.647800812294;2982.28514781917;3045.96350045141;70.3035349797683;0.415841584158416;41;41
141;36.3099999999977;1.05999999999949;37.4899999999907;NA;NA;-1337.25709115228;-1386.76156351687;5.06376273811159;5.2133923312672;73.4093501971315;71.5106061822183;3034.15125176766;3123.85812896251;99.0089447291662;0.0099009900990099;45;45
142;34.8800000000047;1.25;36.2200000000303;NA;NA;-1289.77026709341;-1343.22937459899;5.21420661473792;5.36365382449409;66.4730860308859;64.4757378397198;2903.68539276721;3000.86387421672;106.918215011156;0.0099009900990099;43;43
143;35.390000000014;1.43000000000029;36.8499999999767;NA;NA;-1295.46483037009;-1348.04377841468;5.14424273929052;5.269115507312;67.9724026776521;66.3901822479501;2923.16701195528;3020.591288165;105.15789608918;0.0099009900990099;44;44
144;36.25;1.27000000000044;37.7000000000116;NA;NA;-1344.95238389732;-1385.34858446061;5.11546873633706;5.22913666112093;71.8738971845198;70.3256574978913;3041.2119495539;3114.43682279757;80.7924011265827;0.0792079207920792;44;44
145;33.609999999986;1.09999999999945;34.789999999979;NA;NA;-1354.48926799989;-1384.85936851569;5.22908466733768;5.25340257624418;70.4506996732666;69.8264042509023;3053.32937440838;3111.01812736206;60.7402010315973;0.742574257425743;44;44
146;35.25;0.920000000000073;36.2800000000279;NA;NA;-1298.5377450579;-1346.51180007044;5.07542962467573;5.14874809366641;68.8780116685886;67.4797152040791;2933.73930149021;3022.85278017549;95.9481100250723;0.0099009900990099;44;44
147;36.359999999986;1.09000000000015;37.5500000000466;NA;NA;-1416.19517274301;-1464.15063402595;5.13959137302981;5.27751115892974;78.7534858080319;76.8202991085666;3219.07413251723;3305.49300598436;95.9109225658804;0.0099009900990099;46;46
148;32.3099999999977;0.829999999999927;33.25;NA;NA;-1292.94362632687;-1340.77804612148;5.03640134345169;5.12453923241784;69.3181946488026;67.6513115477564;2923.0902605742;3010.65043549936;95.6688395892197;0.0297029702970297;42;42
149;35.7600000000093;1.25;37.1900000000023;NA;NA;-1364.97801834155;-1425.88185977723;5.16020214419696;5.24445582837133;75.6433129891824;74.041917068947;3100.53743176227;3214.49977430224;121.807682871374;0.0099009900990099;45;45
150;36.429999999993;1.14000000000033;37.7200000000303;NA;NA;-1394.08495079245;-1435.0794324043;5.14499460695746;5.21804779095216;75.6230317560037;74.6072083389116;3159.48299339488;3236.48420983067;81.98896322371;0.108910891089109;46;46
151;37.4400000000023;1.21000000000004;38.8600000000442;NA;NA;-1335.56107014936;-1383.70431671459;5.25473447504616;5.41361628479999;70.8968961891478;68.9250453129168;3017.65391012534;3104.30233712451;96.2864931304657;0.0297029702970297;44;44
152;37.9099999999744;1.25;39.179999999993;NA;NA;-1338.13004063432;-1379.86936891954;5.07136918473686;5.16713267343398;72.5431699597635;70.9814722155003;3030.00468636573;3105.86798573396;83.4786565704571;0.0693069306930693;43;43
153;37.7700000000186;1.27999999999975;39.1700000000419;NA;NA;-1346.61857963589;-1393.52774408071;5.14737974290558;5.24324558070035;72.5861945421512;70.9782897522475;3048.84153689555;3134.78263808786;93.8183288896457;0.0495049504950495;45;45
154;38.5499999999884;1.47000000000025;40.0800000000163;NA;NA;-1328.77813017984;-1378.41560709674;5.36567277252481;5.49581186843487;68.9130741386672;67.2036384667114;2995.16578781591;3086.06610771211;99.2749538337985;0.0297029702970297;45;45
155;36.710000000021;0.920000000000073;37.7800000000279;NA;NA;-1373.36114130362;-1418.04228464236;5.15822484597457;5.2242105565614;74.4994972181557;73.1660024144035;3111.70005157076;3194.52946250316;89.3622866774872;0.0396039603960396;45;45
156;35.9799999999814;1.26000000000022;37.3400000000256;NA;NA;-1257.24604488542;-1304.46216786893;5.09980721258124;5.2511654094284;64.5590962109202;62.7573720967028;2826.15197223493;2911.88637144407;94.4322459670166;0.0495049504950495;39;39
157;35.0299999999697;1.04999999999927;36.210000000021;NA;NA;-1447.90323997247;-1480.91536716288;5.08749590829228;5.13907776210393;80.6749979947858;79.5321558437899;3292.79250013062;3353.19304991272;66.0242543808126;0.485148514851485;47;47
158;35.039999999979;1.3700000000008;36.5599999999977;NA;NA;-1298.40155317097;-1338.52281396418;5.12974772512177;5.36184432819904;66.568653933448;64.1000392568733;2920.63078900594;2988.86456889684;80.2425215864178;0.207920792079208;42;42
159;32.8699999999953;0.989999999999782;34.0500000000466;NA;NA;-1303.08261865226;-1347.43681605183;5.06475445328817;5.12665049777676;69.1958965668984;68.0454377376233;2942.77331800148;3025.88522864973;88.7083947991409;0.0198019801980198;42;42
160;36.9199999999837;1.01000000000022;38.0999999999767;NA;NA;-1378.45392357269;-1427.04759303111;5.19785990162585;5.30382442427794;74.9147280916333;73.2370733599756;3124.74313044318;3213.6930957592;97.1873389168436;0.0396039603960396;46;46
161;35.0199999999604;1.09999999999945;36.2000000000116;NA;NA;-1327.88008895065;-1364.14622587856;5.12139610397456;5.2325922459041;70.218729833436;68.6733800611434;2997.34389963773;3062.35871586001;72.5322738558339;0.356435643564356;42;42
162;33.9099999999744;1.30000000000018;35.3600000000442;NA;NA;-1321.37822697729;-1373.98055743742;5.22113358916699;5.23527152646604;70.6808193940793;69.8996261225241;2988.23207776863;3089.61840105325;105.204660920253;0.0099009900990099;44;44
163;34.9099999999744;0.949999999999818;35.9799999999814;NA;NA;-1313.75570944241;-1372.0717037772;5.12322204653523;5.19809456484643;70.0782209934497;68.8505347501655;2969.23611364222;3079.88149619087;116.631988669585;0.0099009900990099;43;43
164;35.5599999999977;1;36.7700000000186;NA;NA;-1300.26223023564;-1343.53142885885;5.0499718319057;5.11299713488748;69.3192732725936;68.2272459809939;2937.73271542953;3018.95887265982;86.5383972464115;0.0594059405940594;42;42
165;49.179999999993;1.52999999999975;50.8500000000349;NA;NA;-1390.94823133595;-1434.92269242905;5.20797461171318;5.31716366413232;76.2288583756606;74.4542792975006;3158.59222304814;3237.77180997944;87.9489221862127;0.0891089108910891;49;49
166;36.1599999999744;1.36000000000058;37.5900000000256;NA;NA;-1355.59802693682;-1393.74024411557;5.11376599146982;5.17824993026386;72.5927525442588;71.5678801430142;3065.18244013058;3136.46925606234;76.2844343575102;0.158415841584158;43;43
167;35.5300000000279;1.05999999999949;36.6700000000419;NA;NA;-1358.05492135572;-1412.78386213049;5.05835690171824;5.12937628067218;75.1193487809437;73.8749452159259;3083.28023070463;3186.65568279755;109.457881549543;0.0297029702970297;44;44
168;36.7199999999721;1.32999999999993;38.140000000014;NA;NA;-1226.73109795432;-1289.00621501133;5.03575012974985;5.38168935702513;64.0465704904908;60.3002319361854;2763.45861313187;2869.87592427054;124.550234114029;0.0099009900990099;40;40
169;35.929999999993;1.28999999999996;37.3300000000163;NA;NA;-1254.62413474029;-1288.39632116337;5.07002833372017;5.12131308090983;63.6563135656712;62.7852568605416;2817.35577606325;2880.6840846343;67.5443728461623;0.445544554455446;40;40
170;34.2199999999721;1.0600000000004;35.4499999999534;NA;NA;-1269.03715855603;-1309.95248245269;5.14277363677306;5.16766059132217;65.0581946434219;64.09434474909;2853.77039763353;2930.9239461695;81.8306477933211;0.168316831683168;41;41
171;35.1599999999744;1.04999999999927;36.4199999999837;NA;NA;-1283.70761351547;-1335.12632472521;5.02356756924398;5.13747447321766;68.5342751529199;67.0389970610984;2899.97905186103;2995.56060996603;102.83742241948;0.0099009900990099;41;41
172;36.9199999999837;1.25;38.320000000007;NA;NA;-1415.09903913463;-1453.19670615046;5.18329020567926;5.31156894727555;76.8937235554231;75.2639723053367;3207.75033412522;3275.9435031881;76.1953340316541;0.198019801980198;46;46
173;34.640000000014;1.13000000000011;35.890000000014;NA;NA;-1270.70964489394;-1320.59757228382;5.11974811370428;5.17785685952631;65.4753786452172;64.3446773724412;2858.33138423586;2952.63445037407;99.7758547797512;0.0099009900990099;40;40
174;37.140000000014;0.989999999999782;38.2599999999511;NA;NA;-1419.67343216737;-1474.33383337585;5.22594624443294;5.31974000210204;78.2235898051157;76.6580096081096;3224.26998020984;3325.88686608338;109.320802416945;0.0099009900990099;47;47
175;34.4400000000023;1.19999999999982;35.8899999999558;NA;NA;-1336.43139979548;-1375.71683647596;5.09300948032414;5.13460552632057;70.9886068008016;70.2625766238064;3019.02683809481;3094.05734703011;78.5708733609499;0.158415841584158;43;43
176;35.9000000000233;1.17000000000007;37.2699999999604;NA;NA;-1343.19434597104;-1391.25065965348;5.23490007252409;5.27581225633817;70.3017587630269;69.2320349518745;3029.20343115256;3120.09972971146;96.1126273648892;0.0396039603960396;43;43
177;33.3099999999977;0.770000000000437;34.179999999993;NA;NA;-1287.77638430767;-1327.63023324954;5.0428869135799;5.10739805441259;67.0126237364856;65.5305698061328;2900.73275209046;2973.24875614534;79.7076978837372;0.0792079207920792;41;41
178;35.7800000000279;1.28999999999996;37.1399999999558;NA;NA;-1273.71355754019;-1333.79557400417;5.1979915545831;5.35168359006624;65.9788815762587;64.1230761962458;2869.16206850036;2980.27657765296;120.164032927952;0.0099009900990099;43;43
179;48.2700000000186;1.58000000000084;50.0299999999697;NA;NA;-1329.81474326296;-1395.59572488841;5.19466754309993;5.59354922763825;71.1860923149651;66.2543243126767;3008.37467440641;3115.7755929559;131.561963250906;0.0099009900990099;45;45
180;34.6999999999534;1.32999999999993;36.25;NA;NA;-1334.12645624886;-1401.04430009111;5.21572054134958;5.34608360334291;70.7138385792204;69.1563281816244;3014.68449932998;3140.88984464602;133.835687684491;0.0099009900990099;45;45
181;36.5499999999884;1.11000000000058;37.7800000000279;NA;NA;-1302.99773022891;-1350.24056723253;5.06339758737905;5.118268675767;69.3700573509938;68.3511680891858;2942.61493370466;3032.15642891625;94.4856740072246;0.0297029702970297;41;41
182;34.8499999999767;1.30999999999949;36.3300000000163;NA;NA;-1244.23669152055;-1292.5306180137;5.13612032328963;5.16871900228506;63.5039946885285;62.7903323459248;2796.62767982885;2889.75247323272;96.5878529863107;0.0396039603960396;41;41
183;36.9899999999907;1.21000000000004;38.2200000000303;NA;NA;-1418.92883900507;-1468.29756835;5.18332548101945;5.25857160629489;79.5617485307467;78.1190448414647;3230.20313649501;3321.82614319151;98.7374586898513;0.0198019801980198;48;48
184;34.8399999999674;1.09000000000015;36.1000000000349;NA;NA;-1363.60330669921;-1408.9708597532;5.21228372907889;5.25792510152389;72.517184969924;71.6205591302981;3081.65807462217;3168.01062866116;90.7351061079662;0.0396039603960396;44;44
185;34.2799999999697;1.15999999999985;35.5099999999511;NA;NA;-1333.84873141875;-1383.74499692522;5.13771738567282;5.13285866356886;71.6354473162525;71.1738528176776;3017.83914287091;3115.37547978888;99.7925310129363;0.0198019801980198;44;44
186;34.140000000014;1.03999999999996;35.2800000000279;NA;NA;-1222.85562283644;-1276.6058680243;5.01466129548336;5.06683614086317;63.3442221898501;62.4526753041245;2751.50630788951;2854.70284399815;107.500490375732;0.0099009900990099;39;39
187;35.75;1.07999999999993;36.9500000000116;NA;NA;-1285.13420623733;-1332.86091269557;5.04905917684132;5.09968265531536;68.6950311272243;67.5769595742309;2903.61230861301;2993.64025885016;95.4534129164858;0.0099009900990099;41;41
188;35.2800000000279;1.16000000000076;36.5099999999511;NA;NA;-1320.00509747132;-1375.92296171446;5.08443840154523;5.18193832487207;71.947069659741;70.0564237958879;2990.00154170582;3092.64009655777;111.835728486279;0.0099009900990099;42;42
189;46.0300000000279;1.55999999999949;47.640000000014;NA;NA;-1295.78675653864;-1353.83640518855;5.24748953878792;5.4487486927315;66.7059086728495;64.2574968207354;2916.85369223415;3021.01371965894;116.099297299838;0.0099009900990099;43;43
190;34.1100000000442;1.13000000000011;35.4099999999744;NA;NA;-1312.22249912293;-1361.2101933511;5.09752421100886;5.14335341037128;69.4781438071372;68.5473172998399;2963.24351721832;3056.6798862822;97.9753884563311;0.0198019801980198;43;43
191;34.2999999999884;1.19999999999982;35.5799999999581;NA;NA;-1229.66401266592;-1286.92441820247;5.11792287071816;5.38108253292094;62.5063239489249;59.3022171778165;2760.26630673284;2859.36086452138;114.520811073101;0.0198019801980198;38;38
192;32.9899999999907;1.42000000000007;34.4799999999814;NA;NA;-1180.95859049377;-1230.71628639085;5.03897456100321;5.09428903050099;59.0067970898077;57.9949477475441;2646.00690160036;2740.65071908235;99.515391794163;0.0198019801980198;38;38
193;34.9099999999744;1.39000000000033;36.390000000014;NA;NA;-1361.38125906338;-1430.99609056139;5.1243445234798;5.20592014845111;76.0812683502597;74.6192388799189;3096.32557588816;3228.37659673847;139.229662996009;0.0099009900990099;46;46
194;35.0800000000163;0.859999999999673;35.9700000000303;NA;NA;-1265.78336015689;-1326.17718669172;5.19634590558447;5.29585485099269;65.6654797840262;64.2353738762656;2851.00085174057;2964.83165868657;120.787653069662;0.0099009900990099;42;42
195;33.1900000000023;1.32999999999993;34.6100000000442;NA;NA;-1383.58524072581;-1427.18282234001;5.12256793090952;5.15227278122396;75.2446618326633;74.239745508138;3135.79885919331;3218.07087351715;87.1951632284104;0.0594059405940594;45;45
196;32.5900000000256;1.15000000000055;33.8600000000442;NA;NA;-1296.29874856862;-1335.6180062597;5.22403317193286;5.30296437507315;65.8643973590549;64.7297093280336;2912.99927645168;2986.11802578901;78.638515382163;0.158415841584158;42;42
197;33.2799999999697;1.14000000000033;34.4700000000303;NA;NA;-1275.34748165196;-1307.52801406965;5.07636828671227;5.1532160372534;65.2194556925996;64.0850012640807;2867.17356601871;2926.02966997136;64.3610648353929;0.594059405940594;41;41
198;34.5500000000466;1.23999999999978;35.7999999999884;NA;NA;-1339.40291697319;-1401.66864515398;5.14429453502258;5.22294743679702;73.4398507250192;72.016014269891;3038.59232743294;3156.14831856098;124.53145636158;0.0099009900990099;45;45
199;33.2999999999884;1.19999999999982;34.5899999999674;NA;NA;-1375.75655399999;-1421.30126788713;5.19223249132181;5.25494303528365;74.3741828675018;73.3589260682202;3115.87695399987;3201.99257422695;91.0894277742814;0.0297029702970297;45;45
200;35.9000000000233;1.22000000000025;37.1900000000023;NA;NA;-1437.43421452242;-1473.57353086787;5.19475935999003;5.27002929587521;80.3472000924487;79.1614487406736;3270.24141932152;3336.68519955787;72.2786326909036;0.415841584158416;47;47
201;32.609999999986;1.22999999999956;34.0300000000279;NA;NA;-1265.83394583752;-1320.15173774138;5.12580944775142;5.206349419675;65.2277007678374;64.1220715300722;2848.97241771018;2952.22959392221;108.635583807722;0.0099009900990099;42;42
202;34.3499999999767;0.940000000000509;35.3499999999767;NA;NA;-1358.06238827476;-1398.00492886286;5.17794968877304;5.23461511601447;71.9266366663852;71.0174195776615;3067.68973977697;3143.13072503575;79.8850811762059;0.148514851485149;44;44
203;35.5799999999581;1.22000000000025;36.859999999986;NA;NA;-1320.93072589089;-1359.13090549313;5.16571206996483;5.20739017363231;69.9483670213792;69.0716906389083;2982.95293541682;3055.07832923328;76.400359204476;0.257425742574257;43;43
204;33.5;1.00999999999931;34.6300000000047;NA;NA;-1238.90137912545;-1289.81588843927;5.02365380232118;5.06213431260571;64.5162591338514;63.6007194211759;2790.07254929473;2887.47019823963;101.829018627634;0.0198019801980198;40;40
205;35.3300000000163;1.02000000000044;36.4800000000396;NA;NA;-1392.82002708191;-1435.73650970211;5.241896588505;5.35640185180049;74.4473441303855;72.8677012117072;3151.98099738424;3230.04084615501;85.8329652403982;0.099009900990099;47;47
206;34.7799999999697;1.10999999999967;35.9699999999721;NA;NA;-1298.49259141909;-1332.4815949005;5.19455775767629;5.32208982386447;66.4598582325243;64.7840859114566;2921.06553827776;2980.87192249129;67.9780069628196;0.514851485148515;43;43
207;34.5900000000256;1.11000000000058;35.7700000000186;NA;NA;-1298.04411109112;-1346.51895464871;5.16204373528537;5.17024381731243;68.5810821697247;67.9381009005586;2928.87917891826;3022.70878765382;96.9496871151864;0.0297029702970297;41;41
208;35.5900000000256;1.11999999999989;36.7799999999697;NA;NA;-1340.05515883635;-1409.41995025816;5.16191284392956;5.2500541547001;73.3941992944754;71.8713519825164;3038.84847327075;3170.13464176827;138.729582843627;0.0099009900990099;44;44
209;33.5800000000163;1.07999999999993;34.7999999999884;NA;NA;-1250.0810272757;-1308.33634025422;5.12519949252095;5.17838097577128;65.2547941132863;64.337153276698;2816.00648192416;2928.07556839734;116.510625957055;0.0099009900990099;40;40
210;34.7199999999721;1.17000000000007;36;NA;NA;-1265.34203665149;-1314.12256848622;5.20626562453896;5.27335822583059;64.0536010170869;63.0175894539625;2841.50534486165;2934.03914345489;97.5610636694596;0.0099009900990099;41;41
211;34.1599999999744;1.07999999999993;35.429999999993;NA;NA;-1318.35157630136;-1363.76024888765;5.09640032089974;5.17246477790463;70.1570475371039;68.9538639359162;2978.81223178352;3063.76245386102;90.8173451725793;0.0198019801980198;43;43
212;36.2299999999814;1;37.2199999999721;NA;NA;-1327.21960665878;-1372.91241390531;5.09023011661223;5.19935702777286;71.5304206667837;70.0287567558136;3004.06754124847;3088.11328219664;91.3856144930637;0.0099009900990099;44;44
213;34.390000000014;1.10999999999967;35.6699999999837;NA;NA;-1326.11736715781;-1375.62696785619;5.22807932776626;5.3585172088227;69.7592071903918;67.9205293177577;2992.40381175101;3082.45700879042;99.0192013967644;0.0198019801980198;43;43
214;31.7799999999697;1;32.9099999999744;NA;NA;-1298.6127100331;-1348.93471791632;5.07481165665242;5.12036319220012;69.9322138665727;68.8871991116035;2937.41536566157;3032.97583705005;100.644015766431;0.0297029702970297;42;42
215;31.4799999999814;0.940000000000509;32.5299999999697;NA;NA;-1327.80017745703;-1394.19132458275;5.02232910100853;5.07837751130202;74.2814164297736;73.2047360046425;3017.82122747281;3145.3532701566;132.782294251448;0.0099009900990099;43;43
216;30.8099999999977;1.13999999999942;32.0800000000163;NA;NA;-1230.41774636925;-1278.16350879107;5.01826730192621;5.08786474796795;63.4507452529123;62.3805284232592;2766.32071445186;2856.65965323548;95.4915248436459;0.0396039603960396;38;38
217;36.2999999999884;1.07999999999993;37.4900000000489;NA;NA;-1314.25295877166;-1348.7134702117;5.12766295537743;5.20207714137482;69.0455850780197;67.974422143017;2964.38279791932;3028.09307684559;68.9210228800912;0.396039603960396;42;42
218;34.5299999999697;1.03999999999996;35.609999999986;NA;NA;-1324.7772823312;-1365.93031546282;5.05530401389653;5.08595600252413;71.0216533027021;70.0588880003516;2995.04416147735;3072.6667913424;82.3060662632338;0.148514851485149;42;42
219;33.070000000007;1.07999999999993;34.2600000000093;NA;NA;-1221.64077250181;-1278.8973633181;5.15028769727834;5.20748711680604;62.985259494842;61.6738172896505;2748.91866976757;2857.06805409101;114.51318163258;0.0099009900990099;41;41
220;33.7000000000116;1.16000000000076;34.9500000000116;NA;NA;-1215.84048281213;-1267.11297779072;5.08557749737089;5.22510081379781;61.8105738746778;59.9886647210135;2730.85477463417;2824.58141091813;102.544989957183;0.0099009900990099;40;40
221;33.8899999999558;0.809999999999491;34.8099999999977;NA;NA;-1291.2513730475;-1345.45912355069;5.2359180425872;5.41357876040553;67.8873873124233;65.7636298593216;2914.32455690481;3012.35949869825;108.415501006389;0.0198019801980198;44;44
222;32.2200000000303;1.06999999999971;33.390000000014;NA;NA;-1276.9797022563;-1331.25075729725;5.04710758123744;5.10279972438546;67.6293673319669;66.4473664697584;2882.13214757545;2984.93857683471;108.542110081898;0.0099009900990099;41;41
223;32.109999999986;1.20000000000073;33.3899999999558;NA;NA;-1282.51297221801;-1345.4252660127;4.97748950370056;5.02463961072673;71.1837740557614;70.1832138546146;2910.44651119628;3031.41586209243;125.824587589381;0.0099009900990099;41;41
224;35.0099999999511;1.02999999999975;36.070000000007;NA;NA;-1359.42147439918;-1391.09031548316;5.52539692845608;5.4355718400915;68.3213842084987;68.9805699317612;3053.55374970348;3120.12082460015;63.3376821679576;0.752475247524752;45;45
225;35.2800000000279;1.28000000000065;36.6599999999744;NA;NA;-1396.9388019797;-1444.25596901121;5.19385154559491;5.24322694563525;76.4010910801539;75.5920328926388;3169.83255703809;3260.48567265744;94.6343340630224;0.0297029702970297;47;47
226;38.9799999999814;1.38000000000011;40.3800000000047;NA;NA;-1388.27002313659;-1438.29962817792;5.30227321095598;5.57387366845141;73.7931893442106;70.3644453421552;3138.05756809867;3221.3191435268;100.059210082666;0.099009900990099;45;45
227;34.7999999999884;0.920000000000073;35.8400000000256;NA;NA;-1364.26073805186;-1404.83178256652;5.15984544032114;5.27236489294365;72.6428885395781;70.8777680074737;3084.40360122202;3156.89825264684;81.1420890293098;0.0891089108910891;45;45
228;32.6900000000023;1.21999999999935;34.0300000000279;NA;NA;-1261.31640609993;-1303.34691521904;5.05708910977735;5.19887725842576;65.9444408530245;64.4103612461021;2843.42396846025;2920.02235354041;84.0610182382306;0.0693069306930693;42;42
229;31.7200000000303;0.869999999999891;32.6699999999837;NA;NA;-1224.02082708625;-1265.80202545831;5.07694687416358;5.09576931443901;62.0378522728429;61.2287071863296;2747.53019850575;2827.18643674766;83.5623967441152;0.108910891089109;39;39
230;34.4500000000116;1.14000000000033;35.7300000000396;NA;NA;-1377.69480629507;-1415.93750529006;5.30013713245534;5.3349429015162;70.8711929513734;69.8325658832525;3101.79574943484;3173.20451790432;76.4853979899763;0.188118811881188;44;44
231;35.3000000000466;1.14000000000033;36.4500000000116;NA;NA;-1318.81521662283;-1374.97819623544;5.08349782847177;5.17598877885188;71.1158539454337;69.7772764025797;2985.23243072513;3091.01565437363;112.325959225217;0.0099009900990099;44;44
232;32.9900000000489;1.17000000000007;34.2200000000303;NA;NA;-1388.76445014921;-1430.29779187745;5.1553904345531;5.21240767414462;75.6933474963635;74.7991551909853;3149.18724611831;3227.86339798842;83.0666834564886;0.0594059405940594;46;46
233;34.5300000000279;1.17999999999938;35.7599999999511;NA;NA;-1364.39596407177;-1402.87923092034;5.33218239854766;5.51633889637997;69.4037599792132;67.4688394921705;3068.80535670022;3136.2925920282;76.9665336971357;0.237623762376238;45;45
234;35.429999999993;0.970000000000255;36.4799999999814;NA;NA;-1379.60857148794;-1427.12044571214;5.12193878953801;5.18526791982214;74.9359149914083;73.8484258613892;3126.33295033115;3216.02902045597;95.0237484483914;0.0198019801980198;45;45
235;32.1900000000023;0.729999999999563;32.9900000000489;NA;NA;-1213.67077516745;-1269.34818117273;5.0053641061019;5.17754068839679;61.9016290169162;60.0695081801128;2725.36851265466;2827.90253244592;111.354812010572;0.0099009900990099;38;38
236;34.609999999986;1.05000000000018;35.8099999999977;NA;NA;-1346.12561865687;-1392.07161679323;5.14332285859307;5.2142574034303;72.2303394341721;70.7755812625395;3046.90603010651;3131.65508669536;91.8919962727273;0.0198019801980198;46;46
237;36.859999999986;1.15999999999985;38.140000000014;NA;NA;-1418.57208710235;-1470.13965137785;5.23220335746038;5.33080143311191;77.403586676441;75.5225663734653;3218.03221370319;3311.9112061212;103.135128550983;0.0297029702970297;47;47
238;34.1399999999558;1.26000000000022;35.5200000000186;NA;NA;-1279.83258903555;-1329.57579672847;5.21808339951811;5.23148108604263;66.5821567853476;65.9753152969837;2884.34190189788;2980.86915651398;99.4864153858475;0.0198019801980198;43;43
239;31.5100000000093;1.15999999999985;32.75;NA;NA;-1210.98981775345;-1258.22945439014;5.1233938786958;5.17640291008312;60.2142894640762;59.1818258020912;2712.66490649832;2802.15994792169;94.4792732733767;0.0099009900990099;39;39
240;32.5500000000466;1.26000000000022;33.9699999999721;NA;NA;-1234.47429091614;-1289.15374770634;5.07366902481626;5.09925962789558;62.7919562494463;62.0544721431805;2772.87245033444;2878.6618139928;109.358913580403;0.0099009900990099;40;40
241;33.7000000000116;1.09999999999945;34.859999999986;NA;NA;-1341.29037630443;-1381.78750243188;5.21336313837549;5.25308737939908;70.783753706005;69.9743833823835;3027.74585934337;3104.79335292111;80.9942522548895;0.128712871287129;43;43
242;34.6900000000023;0.820000000000618;35.6300000000047;NA;NA;-1372.19267754122;-1409.16875282589;5.08712595911713;5.17226771604848;75.4642243243716;74.1571431336821;3113.24143509967;3180.80479881564;73.9521505693256;0.287128712871287;44;44
243;34.210000000021;1.21999999999935;35.5300000000279;NA;NA;-1264.85401721334;-1319.5947541073;5.05410976965694;5.16111933652633;67.1698149393975;65.611179501916;2857.25037470987;2959.13142412112;109.481473787913;0.0099009900990099;43;43
244;33.9699999999721;1.05000000000018;35.0599999999977;NA;NA;-1395.34125049779;-1431.20227823188;5.11175778187317;5.15729316781042;76.1525334312022;75.2274845733128;3163.7585993651;3230.94878172081;71.7220554681735;0.356435643564356;45;45
245;32.2399999999907;0.949999999999818;33.2399999999907;NA;NA;-1279.0527344529;-1334.55650368485;5.04858272892366;5.14696506350067;67.5472293750054;66.1484780899098;2885.04567724555;2989.28301890351;111.007538463896;0.0099009900990099;40;40
246;33.2000000000116;1.05000000000018;34.1900000000023;NA;NA;-1285.80880571764;-1340.42877733255;5.12383486780027;5.18842124400211;67.8876731486625;66.9675220535405;2901.86175155508;3006.62555805645;109.239943229816;0.0099009900990099;42;42
247;34.5;1.21000000000004;35.859999999986;NA;NA;-1384.65761090341;-1424.06344796129;5.20870243101177;5.24678483970084;74.146462743807;73.256304201894;3133.3782815504;3207.81923007206;78.811674115756;0.277227722772277;46;46
248;34.6900000000023;1.10999999999967;35.820000000007;NA;NA;-1215.05414085754;-1258.15302930838;5.01112533970798;5.07526969881094;61.8158876610872;60.7723958428892;2728.52528897809;2809.68559546121;86.1977769016808;0.0594059405940594;39;39
249;36.7900000000373;1.15999999999985;38.1199999999953;NA;NA;-1425.35691269543;-1472.86296470574;5.24960234624404;5.36516731434096;77.9158362963969;76.0344956734488;3233.28470894816;3319.05933085209;95.0121040206041;0.0396039603960396;46;46
250;34.5800000000163;1.08999999999924;35.7000000000116;NA;NA;-1279.85908421313;-1332.50432670185;5.0953043565982;5.19051520918016;68.0028818502755;66.5756487624404;2888.86381311882;2987.24624446618;105.29048497744;0.0099009900990099;40;40
