1;25.6300000000047;0.770000000000437;26.7199999999721;NA;NA;-1349.74723847495;-1511.6220262161;5.34276282910034;5.67117205540754;59.7114705606911;56.3733998600233;2963.39758189376;3272.39409210807;323.749575482284;0.0099009900990099;69;69
2;19.6900000000023;0.600000000000364;20.4200000000419;NA;NA;-1055.70337381001;-1273.65822993823;6.17301267975727;6.66072968801122;34.6211273302671;31.6635549879528;2258.1375108732;2681.51248262207;435.909712256434;0.0198019801980198;48;48
3;15.820000000007;0.609999999999673;16.5499999999884;NA;NA;-1047.9745683623;-1245.01811642881;4.38453320790172;4.49134954769958;45.5625532478178;44.1207006474147;2289.05169372801;2677.02795093494;394.087096133034;0.0297029702970297;48;48
4;18.5800000000163;0.380000000000109;19.2199999999721;NA;NA;-1167.12648488003;-1367.82619039242;4.57125299796894;4.83164331686148;59.5625889028531;56.7331917421683;2592.83524232157;2981.95123918882;401.399411024786;0.0297029702970297;59;59
5;18.6500000000233;0.550000000000182;19.3400000000256;NA;NA;-1176.38083372274;-1349.37449174554;5.67234406272732;7.029113264094;43.1313727600142;35.3266243465375;2539.6415639324;2851.81241455426;345.987316045584;0.0396039603960396;58;58
6;20.5200000000186;0.769999999999527;21.6999999999534;NA;NA;-1224.32421903742;-1457.94049596433;4.73598442680622;5.15401876788903;63.3182896641939;58.7642231189941;2727.08507424379;3174.29151910983;467.232553853822;0.0099009900990099;66;66
7;27.3099999999977;0.710000000000036;28.4400000000023;NA;NA;-1417.25562274242;-1620.39705236847;6.00561356796094;6.35661213580913;61.7081676988413;57.6807390561658;3111.02181199036;3499.25800712853;406.282859252096;0.0099009900990099;78;78
8;32.1599999999744;1;33.6900000000023;NA;NA;-1456.76433230145;-1735.57890523011;7.01566955533772;7.00153103594881;60.2548022845199;59.8866813175112;3185.03347260818;3741.00388573913;557.629145857325;0.0099009900990099;82;82
9;26.1500000000233;0.819999999999709;27.109999999986;NA;NA;-1508.23312541731;-1675.84738048812;6.72222809569729;7.10240813598932;58.9597445160916;56.212598754411;3282.49293629063;3605.32630992949;335.228510141616;0.0891089108910891;83;83
10;23.9799999999814;0.720000000000255;24.8099999999977;NA;NA;-1380.69993970526;-1575.29865288105;4.93850391768332;7.0688448775308;68.1777629305891;48.8966595246795;3066.90031078;3369.70027915423;389.197426351582;0.0099009900990099;78;78
11;27.2099999999627;0.890000000000327;28.4499999999534;NA;NA;-1398.27963329612;-1587.45327705119;8.26035360417399;8.93487217496926;39.3455974724453;36.1127939822918;2970.73564463586;3334.77185189782;378.347287510157;0.0594059405940594;70;70
12;20.640000000014;0.639999999999418;21.4700000000303;NA;NA;-1223.31492139794;-1425.94266987187;4.82526440020227;6.60493874445608;57.3068642968274;42.6744564210438;2697.75004849422;3038.88594440099;405.255496947863;0.0297029702970297;64;64
13;24.7200000000303;0.889999999999418;25.9100000000326;NA;NA;-1332.8441972797;-1506.93961989313;7.37266687784512;8.04354401928353;42.2615946086181;38.7367203513819;2852.16087435341;3184.79877961678;348.190845226855;0.0594059405940594;68;68
14;21.640000000014;0.700000000000728;22.5200000000186;NA;NA;-1344.36663256224;-1494.24896468541;4.71234518986234;4.92618055470718;69.2955938498867;66.5587570659232;2996.46932574085;3284.07992183286;299.764664246352;0.0396039603960396;72;72
15;19.9199999999837;0.670000000000073;20.8800000000047;NA;NA;-1178.99205961399;-1415.80061482415;5.07003830234301;6.13013462121381;54.2636191469645;45.3641122310727;2595.34146220142;3030.03077258673;473.617110420337;0.0198019801980198;63;63
16;23.4699999999721;0.800000000000182;24.4699999999721;NA;NA;-1342.00635919619;-1546.085899002;4.8327285483783;5.0025548534591;73.5444771521908;71.1739288369272;3014.49206401208;3411.99885148263;408.15907961163;0.0099009900990099;80;80
17;24.9100000000326;0.529999999999745;25.7799999999697;NA;NA;-1350.32197362308;-1578.85149210653;5.07800263168173;5.51304248744884;71.2646608925709;66.2687304578364;3020.43050282159;3455.07125608928;457.059036966907;0.0099009900990099;79;79
18;16.5400000000373;0.4399999999996;17.1500000000233;NA;NA;-1008.44918574544;-1227.5528743017;4.60605461880679;4.67118030472592;42.937306833003;41.9909483754115;2197.48909180435;2631.71616441859;438.207377112515;0.0099009900990099;45;45
19;19.4500000000116;0.729999999999563;20.4099999999744;NA;NA;-1118.50765015422;-1340.41065557673;5.35507757251909;5.33074749144201;45.2902188862067;45.1695141586456;2430.33650493849;2873.62728790628;443.806010845036;0.0198019801980198;51;51
20;16.8399999999674;0.489999999999782;17.4099999999744;NA;NA;-1063.03917233576;-1210.22982652403;4.99336000210318;5.18990570155663;41.2925683089693;39.4955344045882;2301.50962466418;2588.25624304815;294.381308376535;0.0693069306930693;49;49
21;17.140000000014;0.5;17.8499999999767;NA;NA;-1026.92618759342;-1230.46470357102;4.53571706083284;5.75556627887651;44.4125888649127;35.6544396129787;2243.85862163766;2613.4664785741;407.077031955203;0.0198019801980198;52;52
22;28.710000000021;0.75;29.7600000000093;NA;NA;-1451.06692203891;-1585.37472372718;6.41386225791972;7.06861837756395;53.9498564314696;48.9954899487553;3142.82191120103;3389.33445496962;268.615603376536;0.762376237623762;75;75
23;31.2399999999907;1.15999999999985;32.710000000021;NA;NA;-1389.70652839343;-1635.37766056164;7.0974815857901;8.26209563780951;49.8239356982889;42.6074082012756;3003.30181503712;3462.21590288485;491.342264336416;0.0297029702970297;80;80
24;22.4799999999814;0.559999999999491;23.1399999999558;NA;NA;-1330.93356751292;-1521.0350348558;6.19396454508253;6.71763693239358;53.1058888992094;48.9796376533357;2897.70604104309;3259.58463166927;380.20293468576;0.0198019801980198;72;72
25;32.039999999979;0.670000000000073;33.0900000000256;NA;NA;-1533.95543023133;-1719.66972791026;9.04763478437387;12.1400765744087;41.1434846697404;31.3852370301876;3252.53439030364;3580.17471301668;371.428595357865;0.465346534653465;79;79
26;21.5599999999977;0.539999999999964;22.5400000000373;NA;NA;-1306.43315892901;-1479.37459796681;4.80706672073432;4.90503703512089;67.4560196393189;65.9659762182098;2908.98331794233;3248.32523510424;345.882878075604;0.0198019801980198;65;65
27;24.9900000000489;0.739999999999782;26.1399999999558;NA;NA;-1422.61087398272;-1596.34093451963;5.31705669829036;6.26188468795227;68.6345988826696;59.1523545229079;3155.31241907189;3459.93182183483;347.460121073834;0.0297029702970297;84;84
28;27.390000000014;0.860000000000582;28.390000000014;NA;NA;-1430.76669101605;-1634.11717174607;17.3079903984945;20.6013305955555;17.9328939256294;15.01436248081;2940.5265496262;3334.37158027523;406.700961460054;0.138613861386139;67;67
29;18.5499999999884;0.710000000000036;19.570000000007;NA;NA;-1168.86328818698;-1322.01360319698;5.0280441683081;6.42215856170165;47.4665472763028;37.2784379314637;2543.38994560969;2805.5474682365;306.300630019998;0.0792079207920792;58;58
30;17.0300000000279;0.519999999999527;17.7000000000116;NA;NA;-1067.41496370266;-1277.54701731651;4.48839768441134;4.59156155539913;50.3080043719357;48.9692454863221;2350.53711980285;2765.06098898855;420.264107227703;0.0099009900990099;53;53
31;29.8099999999977;0.969999999999345;31.0899999999674;NA;NA;-1416.6242871964;-1640.22336765713;4.85834790212227;5.68086587803795;77.291057973787;67.522006383497;3179.58512955427;3583.00876126533;447.19816092145;0.0198019801980198;78;78
32;26.0799999999581;0.800000000000182;27.0899999999674;NA;NA;-1331.65303536268;-1549.32918036801;5.31363034563879;6.52593491435877;60.74811506921;49.7090220127805;2931.34734471594;3317.99141450981;435.352290010655;0.0297029702970297;68;68
33;23.9599999999627;0.75;25;NA;NA;-1386.24696715307;-1558.26766740188;6.85841935048741;8.35168147217526;48.6983357901859;40.6922623400804;2990.39404387056;3298.61236635839;344.041400497621;0.128712871287129;77;77
34;18;0.449999999999818;18.5999999999767;NA;NA;-1204.36009969307;-1332.33439829464;4.48079510213731;4.67515118533528;55.052389751297;52.8811046880844;2646.28562644337;2892.86456202718;255.948597203139;0.0099009900990099;56;56
35;16.6599999999744;0.460000000000036;17.3400000000256;NA;NA;-1056.39901470319;-1227.57647886581;4.52498753854333;4.74183018720697;46.4486949126524;44.0300502906106;2311.06418653337;2643.09513534594;342.35492832523;0.0198019801980198;51;51
36;20.1199999999953;0.449999999999818;20.7800000000279;NA;NA;-1206.05869429552;-1376.97009830287;4.93297013762528;5.57924740396811;55.3315317389377;49.3028410149322;2655.01056960307;2970.36875932019;341.822808014701;0.0297029702970297;65;65
37;37.5599999999977;0.809999999999491;38.8300000000163;NA;NA;-1605.42552496705;-1886.58944349525;4.8348744693065;5.05080145212314;104.683708069183;100.915305346768;3692.93734129299;4237.91104248333;562.327837056404;0.0099009900990099;100;100
38;16.7000000000116;0.460000000000036;17.2299999999814;NA;NA;-1034.24727917376;-1193.74609470911;4.92770528805279;4.8745957564725;39.6788380816653;39.7818051896155;2236.24315106106;2555.67609194147;318.997631070707;0.0297029702970297;47;47
39;25.0499999999884;0.799999999999272;26.0800000000163;NA;NA;-1379.54457493281;-1634.14165341252;5.60409574988402;6.42258638606947;66.6835683717879;58.2135854469518;3056.13894980581;3527.60257142116;509.19415695941;0.0099009900990099;74;74
40;29.2799999999697;0.980000000000473;30.429999999993;NA;NA;-1382.7726442343;-1589.57899617132;9.5554339085439;10.4149826536103;34.0173581822862;30.8969677030577;2916.61359192047;3316.36889707242;413.612703874047;0.0891089108910891;72;72
41;20.609999999986;0.610000000000582;21.25;NA;NA;-1267.72361923972;-1441.3901325493;4.66744587267478;5.00963941453384;64.0035154417432;60.1712936663286;2818.3196295593;3148.71562187217;347.333026619159;0.0297029702970297;69;69
42;30.109999999986;0.819999999999709;31.070000000007;NA;NA;-1430.29469762401;-1663.79580426095;5.09326025109907;6.51553219031826;74.5300714260167;58.5135507577025;3195.49760572983;3590.52800718954;467.002213273878;0.0099009900990099;80;80
43;18.179999999993;0.539999999999964;19.070000000007;NA;NA;-1175.15868638426;-1363.15572814449;4.58717637401466;4.69745731783804;57.6715446993257;56.1123324976523;2600.68995336281;2969.91494504323;375.994083520462;0.0198019801980198;59;59
44;23.7200000000303;0.739999999999782;24.8600000000442;NA;NA;-1330.93977272146;-1636.24582172947;5.99362242716161;9.87870341902923;57.6461574300468;35.6079396880521;2917.881412396;3430.6235891928;610.612098016021;0.0099009900990099;72;72
45;27.3699999999953;0.659999999999854;28.210000000021;NA;NA;-1537.07482589917;-1701.87299686024;5.54003217678327;6.87527435489442;72.8873914769254;59.464472120588;3404.31195045843;3673.10570609485;329.596341922149;0.148514851485149;86;86
46;19.640000000014;0.610000000000582;20.3099999999977;NA;NA;-1123.1541731416;-1428.87422794173;4.6590514621692;4.79151766697262;59.8883391369324;57.7905916852492;2507.7899550817;3110.07097985137;611.440109600269;0.0099009900990099;62;62
47;24.1199999999953;0.770000000000437;25.1999999999534;NA;NA;-1411.26133510191;-1594.00381009066;5.11550450832874;5.21133067735861;71.7240998058159;70.3474620671018;3145.70749877861;3504.98939521063;365.484949977491;0.0099009900990099;82;82
48;20.1300000000047;0.75;20.9799999999814;NA;NA;-997.551819141605;-1146.15838657515;6.32940419481256;6.4855565219695;28.2893271065461;27.4188290533182;2112.06206806075;2405.67624544658;297.213134867084;0.0693069306930693;39;39
49;21.570000000007;0.639999999999418;22.5;NA;NA;-1269.27750840449;-1482.02544885816;4.70210029133487;4.92557490222298;66.2712907917934;63.4687090131344;2831.45015478443;3244.55963779699;425.495880907348;0.0198019801980198;69;69
50;22.6900000000023;0.659999999999854;23.4400000000023;NA;NA;-1335.79960948811;-1506.26648257412;4.86874015296271;6.33019835042274;63.3470557092851;50.1248058607302;2952.91830858315;3235.13312538581;340.933746172024;0.0099009900990099;72;72
51;18.8000000000466;0.520000000000437;19.4199999999837;NA;NA;-1091.33614072852;-1300.85134517553;6.68227723347711;7.50980748422748;34.8902408928678;31.1470274015876;2332.27225066735;2735.25276684889;419.030408894026;0.0198019801980198;53;53
52;24.0800000000163;0.740000000000691;24.8699999999953;NA;NA;-1244.66224798956;-1434.2692571202;4.72954889565666;5.63242012988599;62.1561337470631;52.0323543288881;2761.69432956711;3096.54567677437;379.214018261261;0.0495049504950495;64;64
53;20.5300000000279;0.550000000000182;21.4900000000489;NA;NA;-1186.39801477277;-1406.96494434192;4.67770012153831;7.90678213716783;58.1781208014673;35.7687593581218;2625.36783623343;2969.21472857914;441.133859138305;0.0099009900990099;59;59
54;30.3500000000349;0.789999999999964;31.3999999999651;NA;NA;-1389.42495379234;-1645.05314029994;5.84680645705363;9.93760105259692;58.733657150022;34.3782485805541;3040.08633791158;3443.014363901;511.256373015206;0.0198019801980198;73;73
55;19.8699999999953;0.519999999999527;20.5599999999977;NA;NA;-1199.29447383572;-1358.92597578975;6.07332856431094;6.31010051948284;44.0264479099792;42.5361743857747;2588.57455859218;2901.40664337377;319.263003908063;0.0099009900990099;56;56
56;28.1599999999744;0.869999999999891;29.3499999999767;NA;NA;-1346.94660631041;-1541.30099951991;5.54107252225373;6.24441806481426;61.0291320718253;53.9162682905574;2963.61990490539;3320.89240581186;388.708786419006;0.0099009900990099;69;69
57;22.2000000000116;0.609999999999673;23.0800000000163;NA;NA;-1339.45419022681;-1542.67312243271;4.97639856962735;5.23481524159133;67.7606719489503;64.4219603550056;2981.65979415929;3373.18045621831;406.437864411796;0.0297029702970297;76;76
58;15.8800000000047;0.610000000000582;16.6300000000047;NA;NA;-905.656935294368;-1128.55216548831;4.71840546037007;6.07493635583336;34.7637305246538;27.6025624068439;1956.7369919073;2372.57096016208;445.790460387877;0.0099009900990099;43;43
59;22.6900000000023;0.630000000000109;23.640000000014;NA;NA;-1149.35131915822;-1314.89728658523;6.68847777774992;7.07808117889704;35.7440731787063;33.5949509542978;2452.29767721517;2774.15466813859;331.09193485401;0.0396039603960396;54;54
60;19.0299999999697;0.700000000000728;19.9199999999837;NA;NA;-1246.03329091653;-1390.79189458453;4.577098409741;4.73570219905495;61.1706354100701;59.1046566076539;2760.11793545992;3040.58196865706;289.517207335997;0.0099009900990099;64;64
61;24.2199999999721;0.780000000000655;25.2300000000396;NA;NA;-1324.90055192931;-1583.59697847823;5.43341031687149;5.88551130202197;65.3294423521522;60.4208644153803;2940.8187901455;3436.34580538087;517.392853097843;0.0099009900990099;74;74
62;17.039999999979;0.720000000000255;17.9000000000233;NA;NA;-1012.75526149269;-1294.48818131911;4.5876237019574;5.81285304309966;44.0603253418537;35.5067743012457;2211.78254928275;2739.08689280478;563.46583965285;0.0297029702970297;47;47
63;19;0.460000000000036;19.5299999999697;NA;NA;-1246.66596216027;-1400.64705503884;6.3094906671492;5.89683723604466;44.3187473044448;47.5739007569129;2685.73528700436;3007.82924562061;307.962185757141;0.0792079207920792;59;59
64;25.890000000014;0.719999999999345;26.679999999993;NA;NA;-1443.49031654303;-1645.08996552747;4.74396388540239;5.93925935254199;80.2809702267185;65.2893950293386;3249.20880401677;3584.76603378715;403.199297968868;0.0198019801980198;83;83
65;27.9200000000419;0.780000000000655;29;NA;NA;-1361.29799727211;-1623.65882350575;6.14469888920936;7.29117773739361;57.6111422900085;49.2110190415992;2979.99979931521;3467.1901063042;524.721652467289;0.0099009900990099;76;76
66;15.7000000000116;0.570000000000618;16.320000000007;NA;NA;-942.558629065993;-1130.85231743433;5.14720807266365;6.51698016928075;33.044878314206;26.3088744418687;2021.30769834088;2370.13345574582;376.587376736673;0.0297029702970297;38;38
67;25.640000000014;0.819999999999709;26.7600000000093;NA;NA;-1230.93153065797;-1502.47439108593;4.83318324124721;7.8728905443547;61.134929610929;38.6607741655654;2730.23187485622;3174.66102620962;543.08572085592;0.0099009900990099;65;65
68;23.1599999999744;0.619999999999891;24.1300000000047;NA;NA;-1226.10445201654;-1418.2816384077;5.25155001725301;5.37158249574191;55.3747772943747;54.5088041580476;2695.29192346445;3075.84486579394;384.354372782307;0.0099009900990099;65;65
69;29.2799999999697;0.819999999999709;30.3099999999977;NA;NA;-1424.03671888565;-1620.98442238428;8.69903533688682;9.66031376284871;40.8499491684574;36.3897002327691;3028.90932911623;3403.05996021233;393.895406997265;0.0594059405940594;70;70
70;21.3400000000256;0.549999999999272;22.3800000000047;NA;NA;-1282.31942862015;-1421.07758413754;4.7880507716387;5.15521705362702;59.5864864305727;56.1741592738389;2826.6652153565;3089.17611642098;277.51631103477;0.0297029702970297;66;66
71;22.3699999999953;0.579999999999927;23.1699999999837;NA;NA;-1315.23780653641;-1530.40449901512;5.0590822300987;6.84896975692266;63.9616185526433;48.1182654649281;2914.96504757108;3274.83013196835;430.333384957404;0.0099009900990099;73;73
72;21.1600000000326;0.769999999999527;22.1399999999558;NA;NA;-1175.02903960136;-1353.1563053431;5.30127140463593;5.8006439164443;47.1691609319027;43.3210275678407;2554.43293092321;2894.01424477585;356.254531483464;0.0099009900990099;58;58
73;19.8699999999953;0.4399999999996;20.539999999979;NA;NA;-1269.23062248324;-1423.210197358;4.66603034181573;4.83402151156772;63.2397044617367;61.1641638006131;2816.55230958666;3115.38445096339;307.959149749505;0.0297029702970297;66;66
74;33.5800000000163;0.940000000000509;34.8499999999767;NA;NA;-1667.86744061793;-1857.3327936448;5.14484490989615;7.13008471616491;90.2930749583502;66.1480371871879;3750.17473028295;4018.28114761096;378.930706053724;0.178217821782178;97;97
75;23.6700000000419;0.579999999999927;24.5;NA;NA;-1338.82869772192;-1551.6665536642;4.92762396792313;6.03981043966642;69.1931829814694;56.8335094410234;2984.93865777565;3355.72607107545;425.675711884565;0.0198019801980198;72;72
76;33.4100000000326;0.890000000000327;34.7700000000186;NA;NA;-1419.80533328898;-1676.05841084944;4.9736696659458;9.03915561975667;74.5903492688582;42.8275018919573;3173.8455094084;3544.02426688436;512.506155120924;0.0099009900990099;78;78
77;20.4100000000326;0.839999999999236;21.429999999993;NA;NA;-1226.58041646838;-1425.64876239062;6.00991635114339;6.38088254727444;48.337515667457;45.2982292055438;2664.59649581968;3049.43888532172;398.13669184448;0.0297029702970297;63;63
78;17.7700000000186;0.600000000000364;18.5499999999884;NA;NA;-1151.70781408392;-1300.55088133345;4.60688661130497;4.72580307089157;53.4136280154248;52.049294892646;2533.42815384382;2825.23912653319;297.686134499071;0.0198019801980198;55;55
79;19.2700000000186;0.740000000000691;20.2700000000186;NA;NA;-1134.77604166413;-1357.49796486755;4.54020364621644;5.21982641877089;54.7518259740294;48.1321890841032;2504.8249017956;2921.82365800468;445.443846406838;0.0198019801980198;54;54
80;23.859999999986;0.75;24.9400000000023;NA;NA;-1381.69809629347;-1552.41618589785;4.85822358139646;5.15326479083353;72.5247203706813;68.6265901717299;3087.43314483817;3411.45266635158;341.43617920876;0.0099009900990099;76;76
81;26.6699999999837;0.769999999999527;27.8800000000047;NA;NA;-1341.40365900948;-1559.99975006966;5.09474038490271;6.10713634948034;66.4966043682208;55.5594979527396;2978.57189997992;3367.11785816793;437.192182120358;0.0099009900990099;73;73
82;27.359999999986;0.849999999999454;28.320000000007;NA;NA;-1366.27683319386;-1500.79222790812;7.14160286647432;6.7749296979373;43.3485727740399;46.9691311001372;2924.13868083357;3209.17102867148;269.030789428517;0.306930693069307;69;69
83;26.3299999999581;1.07999999999993;27.6999999999534;NA;NA;-1245.55395864218;-1470.19800421828;5.95632864921022;5.94644156465055;50.6588599235558;51.1850721053507;2714.25672018608;3165.86273990236;449.288091152211;0.0099009900990099;67;67
84;21.6999999999534;0.75;22.6699999999837;NA;NA;-1103.62240745471;-1350.51245685622;5.54294452963672;6.01243319405034;42.5246113312275;39.5180195533472;2389.17390274988;2870.09117970609;493.78009880302;0.0099009900990099;52;52
85;24.7800000000279;0.789999999999964;25.9199999999837;NA;NA;-1271.30017841453;-1465.57005691087;4.89341707500756;6.15504234824898;61.152271549347;50.0983629704733;2812.42490619705;3152.19107186626;388.539756992675;0.0198019801980198;68;68
86;19.4899999999907;0.579999999999927;20.2799999999697;NA;NA;-1242.22863357273;-1438.87630203203;4.85502390290614;4.94924764376029;60.1611566858137;58.7596519574522;2745.63813423504;3132.8490432545;393.295336918596;0.0198019801980198;59;59
87;18.4700000000303;0.549999999999272;19.2099999999627;NA;NA;-1175.6766364988;-1329.88935734897;4.4733842974111;4.5446525338651;58.3542417960859;57.0535183294434;2604.68968323736;2907.46822415361;308.425441700341;0.0297029702970297;59;59
88;20.8999999999651;0.590000000000146;21.5599999999977;NA;NA;-1133.38958276869;-1371.15377129472;4.98541501306953;5.10234172872459;50.1354117959969;48.7653452967167;2482.67486709266;2952.30339297279;475.52837705205;0.0099009900990099;55;55
89;19.609999999986;0.360000000000582;20.2799999999697;NA;NA;-1170.37154993332;-1365.37603651655;7.4425832709657;7.31195748794301;35.1294842886269;35.2574892490553;2493.25262050019;2883.81730848994;390.008973166468;0.0198019801980198;59;59
90;20.0200000000186;0.670000000000073;20.8699999999953;NA;NA;-1311.79508910402;-1445.83016975772;4.76866082791764;5.06006943279504;62.4968491269018;59.2486452096669;2897.93751706871;3151.74878191622;268.070161307397;0.0495049504950495;65;65
91;17.2199999999721;0.449999999999818;17.7799999999697;NA;NA;-1014.84284230648;-1290.09971375276;4.81226276706187;4.87969188056611;46.3091688038326;45.0766301550431;2226.4299679393;2771.70727624684;550.513742892568;0.0099009900990099;49;49
92;25.5599999999977;1.02000000000044;26.7799999999697;NA;NA;-1371.49336175831;-1666.03898550318;5.74362601521654;6.95493582721542;66.3006260099754;55.0371651058116;3039.64806599057;3578.3410950347;589.091247489745;0.0099009900990099;77;77
93;17.8400000000256;0.719999999999345;18.679999999993;NA;NA;-1078.65817153371;-1293.50323759345;5.37620110882506;6.207346217959;42.7924131783612;36.9414406945222;2340.39114263212;2745.04960359363;429.690132119492;0.0297029702970297;52;52
94;28.140000000014;1.27000000000044;29.9799999999814;NA;NA;-1312.68208813247;-1555.75476798606;5.30200497063793;6.79174749146247;62.8062260086725;50.2045892823344;2904.28148543699;3334.46400785496;486.145359707193;0.0099009900990099;72;72
95;22.109999999986;0.670000000000073;23.2000000000116;NA;NA;-1295.59395545698;-1529.12139259179;5.48819374077433;6.60445446922645;59.1539375491668;49.6184222408468;2853.88570596804;3278.59413721148;467.054874269619;0.0297029702970297;72;72
96;25.2799999999697;0.559999999999491;26.1199999999953;NA;NA;-1393.9541786361;-1688.30288207578;6.60781933056693;9.52036884251708;54.9224691987366;38.4443053404958;3031.8145477171;3547.3337775985;588.69740687937;0.0099009900990099;72;72
97;18.0900000000256;0.449999999999818;18.640000000014;NA;NA;-1145.2646180867;-1376.8773458484;4.66858560897314;4.71223371148978;55.2028504730225;54.1359447661258;2529.71251094606;2988.31527038289;463.2254555234;0.0099009900990099;58;58
98;17.6399999999558;0.600000000000364;18.4400000000023;NA;NA;-1082.59136454414;-1217.98052797272;4.53099218744534;4.8294718865783;49.1622647187238;46.0659451007518;2375.97729799977;2633.47943909094;270.778326857163;0.0495049504950495;53;53
99;25.4900000000489;0.800000000000182;26.7399999999907;NA;NA;-1323.76901994254;-1608.08575492608;5.40480322153182;5.41392348303913;67.9137585789124;67.596082159313;2951.85548372529;3519.06546487355;568.633469967073;0.0099009900990099;78;78
100;26.7399999999907;0.890000000000327;27.8300000000163;NA;NA;-1311.50809339546;-1589.13465230955;7.36928893655181;8.12860324835461;45.2551783359076;41.6805788021648;2823.99072975757;3363.36934362842;555.25311782817;0.0099009900990099;72;72
101;24.3499999999767;0.880000000000109;25.5800000000163;NA;NA;-1288.40012366682;-1550.18060605157;4.93171327492734;5.14415826588024;72.4420518722925;69.0992783421285;2899.98808502008;3408.63583679842;523.560964769513;0.0297029702970297;75;75
102;24.1900000000023;0.740000000000691;25.2699999999604;NA;NA;-1287.72979542209;-1439.73559036035;5.33866652233228;5.87562756016586;57.0032606946133;51.0667859206966;2825.69129206472;3103.64307125973;304.011589876512;0.0495049504950495;65;65
103;19.4199999999837;0.75;20.359999999986;NA;NA;-1189.91995100634;-1439.80808363711;4.82021686179326;5.04000879201745;59.9034344665682;57.2162513570866;2641.38741931918;3129.43103390565;499.776265261536;0.0099009900990099;62;62
104;22.210000000021;0.650000000000546;23.0100000000093;NA;NA;-1337.95489347077;-1512.43559052485;4.88073490975094;5.58745169842718;67.0484598094052;59.082098765907;2973.19763121497;3286.83677768228;348.961394108161;0.0495049504950495;71;71
105;25.6699999999837;0.699999999999818;26.7000000000116;NA;NA;-1490.90774538884;-1660.97000598118;7.11080867185279;7.77272483822434;53.9553442430723;49.7688411794586;3224.60427056865;3545.89032478282;340.124521184679;0.267326732673267;81;81
106;20.3899999999558;0.630000000000109;21.1500000000233;NA;NA;-1194.22045900147;-1466.27994803103;5.21101909119369;5.12256660930246;58.5193848079651;58.8525735678171;2645.77479014352;3191.35893660809;544.118978059133;0.0099009900990099;66;66
107;23.5;0.75;24.5499999999884;NA;NA;-1412.06989240687;-1651.17482572254;11.2997954206859;16.9935788887792;29.9423999348086;20.2246880355146;2956.68978038139;3391.88096207152;478.209866631332;0.099009900990099;70;70
108;19.2299999999814;0.710000000000036;20.0299999999697;NA;NA;-1178.43707666952;-1380.64793579709;10.3198003519505;11.9991966727072;24.8320168865855;21.6150490443144;2463.57924485336;2854.17740420969;404.421718255145;0.0495049504950495;54;54
109;20.390000000014;0.670000000000073;21.140000000014;NA;NA;-1280.4614506624;-1488.20834330329;4.98056739690094;5.18738520876011;61.8327041375373;59.6607872474219;2832.35479063889;3238.31434135758;415.493785281778;0.0099009900990099;65;65
110;21.210000000021;0.579999999999927;21.8999999999651;NA;NA;-1322.33910472167;-1465.09325955376;4.88755759651586;5.18403568469997;63.5537286569086;60.336634026618;2926.01993455961;3197.28670447033;285.508309664193;0.0594059405940594;70;70
111;20.2999999999884;0.5;20.9500000000116;NA;NA;-1227.65606230584;-1370.36484566666;5.01057701871824;5.2486108472305;55.0146434051581;52.8217614456084;2695.95456218875;2971.7801289009;285.417566721645;0.0693069306930693;63;63
112;26.429999999993;0.850000000000364;27.5;NA;NA;-1378.79144071204;-1658.29916116643;5.42036942026175;9.81145526823983;67.055954247287;38.1503321334489;3057.62393088385;3487.3015181795;559.01544090877;0.0099009900990099;77;77
113;16.6900000000023;0.5;17.359999999986;NA;NA;-1053.10839279574;-1292.80540987535;4.43801462898357;4.51938358887254;50.6590261201448;49.2531942729819;2322.45473267534;2795.84797653405;479.394034159232;0.0099009900990099;51;51
114;15.5800000000163;0.699999999999818;16.429999999993;NA;NA;-1027.89678959814;-1198.92452218081;4.49283777218023;4.47267758524151;44.4025706537123;43.7625634752563;2242.54707655256;2581.91072506967;342.055465165338;0.0198019801980198;45;45
115;28.1600000000326;0.699999999999818;29.2800000000279;NA;NA;-1377.57279297698;-1558.64520677069;7.45603378351119;8.36644088659934;43.2569761082906;38.6337771269845;2945.68959839875;3287.46955161254;362.144827587426;0.138613861386139;67;67
116;27.1900000000023;0.670000000000073;28.039999999979;NA;NA;-1429.20895795683;-1684.32814110671;4.7876667582413;7.92745773890997;77.3878977817052;48.8550802035788;3206.64872671831;3588.49484455824;510.238366299752;0.0198019801980198;81;81
117;29.1199999999953;0.720000000000255;30.4700000000303;NA;NA;-1553.85758139157;-1690.20678857444;5.14191147927294;6.03341227321102;79.5711156855997;69.13901869097;3469.06777040782;3694.39138778194;272.698414365746;0.138613861386139;88;88
118;19.570000000007;0.550000000000182;20.2600000000093;NA;NA;-1139.48806428809;-1365.57823821293;4.54497250550922;4.72618402152701;59.8519216929346;57.4822194447048;2540.29873326835;2982.13260023093;452.180347849674;0.0099009900990099;62;62
119;25.6100000000442;0.760000000000218;26.6300000000047;NA;NA;-1271.76615052447;-1489.99911610636;7.47350728120282;8.31024906191776;38.9186073601178;35.5484114411339;2713.45686752344;3135.2080100729;436.46593116377;0.0297029702970297;62;62
120;22.7900000000373;0.75;24.1999999999534;NA;NA;-1350.43946650532;-1512.35173639974;5.4388164977067;6.07419316229284;58.672333806382;53.6664256741502;2960.61153971255;3262.27576161827;323.824539788853;0.0099009900990099;70;70
121;22.4800000000396;0.909999999999854;23.5;NA;NA;-1376.70882853957;-1511.17304379712;4.82545184972256;5.06941316469254;71.3061311985421;68.3010766861269;3072.01001169017;3327.51200359818;268.928430515084;0.118811881188119;76;76
122;25.4500000000116;0.699999999999818;26.4400000000023;NA;NA;-1501.77640636911;-1631.33978302155;9.34749260400969;8.42898604492996;39.6537661058898;43.9801903118556;3182.23049061737;3460.85187221503;259.126753304899;0.702970297029703;82;82
123;19.6399999999558;0.609999999999673;20.679999999993;NA;NA;-1257.19627979974;-1433.59602545676;4.68998760832158;5.30085925454773;60.785491012949;55.2155184751111;2779.29706823926;3107.82249655431;352.799491314041;0.0198019801980198;61;61
124;25.890000000014;0.710000000000036;26.8600000000442;NA;NA;-1419.34472870389;-1588.09633544318;6.45128348394117;9.04643079543835;53.5421409895912;38.8022973128379;3076.46572325229;3348.51049738172;337.503213478565;0.217821782178218;72;72
125;27.4800000000396;0.8100000000004;28.5800000000163;NA;NA;-1390.43054259354;-1563.85667020976;6.63296233406808;6.66364654009448;50.7465070879149;50.4410722048209;3006.91737080879;3352.40903042325;346.85225523244;0.0495049504950495;74;74
126;20.039999999979;0.760000000000218;20.8299999999581;NA;NA;-1239.10941817274;-1427.62235834982;5.203177426699;5.20707931403555;55.6237257500996;55.2220519509019;2722.39468441213;3097.65730566701;377.025880354166;0.0099009900990099;65;65
127;31.140000000014;0.780000000000655;32.109999999986;NA;NA;-1601.92287904085;-1847.93893523656;6.90080819881318;8.20746236246476;66.9286703363333;56.4185509198137;3507.40336280495;3951.76641708718;492.032112391422;0.0099009900990099;87;87
128;27.25;0.780000000000655;28.429999999993;NA;NA;-1467.61479788487;-1710.08005344969;8.81613664117659;11.3052548058566;42.2585951862037;33.3852738027006;3124.58780442198;3569.75749921183;484.930511129629;0.0396039603960396;78;78
129;27.0599999999977;0.6899999999996;27.929999999993;NA;NA;-1257.53645397548;-1513.70991610103;9.07648462328982;9.66315102491901;33.4000503325488;31.0109959046437;2661.43281810763;3163.31084222397;512.346924251104;0.0297029702970297;64;64
130;22.1199999999953;0.520000000000437;22.8300000000163;NA;NA;-1273.03623822402;-1494.62257535397;5.8907850817497;6.80800904229451;51.2654837521173;44.2973914686989;2771.50795367297;3184.03905207541;443.172674259895;0.0396039603960396;66;66
131;19.9899999999907;0.75;20.9400000000023;NA;NA;-1206.2760275027;-1380.02372900103;4.9294205670696;5.71404349660273;54.7525563207052;48.6272998793637;2652.47921511921;2973.13358124571;347.495402996672;0.0099009900990099;64;64
132;23.859999999986;0.660000000000764;24.7800000000279;NA;NA;-1442.32529825988;-1612.53126904983;6.17120830532205;6.61191765289411;58.8726843530905;54.9164699421292;3146.90589472941;3469.69441380821;340.411941579899;0.0495049504950495;74;74
133;14.9499999999534;0.569999999999709;15.6999999999534;NA;NA;-916.870317542118;-1116.54422489462;4.221123912898;4.34591677489957;38.0125783288413;36.6803393738978;1990.40484570275;2384.26199985783;399.347814705011;0.0099009900990099;38;38
134;15.2800000000279;0.669999999999163;16.0499999999884;NA;NA;-885.269917781047;-1129.76383586294;4.39191417009323;5.04783484422873;35.8720852810813;31.3767883528014;1918.38226485442;2388.84328237748;488.987836163784;0.0099009900990099;38;38
135;20.820000000007;0.829999999999927;21.8299999999581;NA;NA;-1327.19659431966;-1445.69547055629;5.11303370522933;5.357697588552;60.8356727360245;58.5122078185455;2925.39284952592;3152.04045419279;236.997752473254;0.306930693069307;74;74
136;26.7200000000303;0.699999999999818;27.5500000000466;NA;NA;-1364.87513667514;-1529.23463090553;6.34429075648432;7.45230619571524;52.1947317512124;43.0738820538528;2958.87359650238;3247.55407298093;328.718988460779;0.138613861386139;65;65
137;20.0499999999884;0.590000000000146;20.8300000000163;NA;NA;-1250.82051019574;-1427.02168824051;4.66753373234961;4.97870491819083;62.3682077742284;59.2081368251421;2775.42365217865;3113.95399603709;352.402356089524;0.0495049504950495;65;65
138;15.75;0.529999999999745;16.4200000000419;NA;NA;-1049.39704039139;-1208.94709681648;4.362095169993;4.46466711956024;46.5682828075555;45.2374897118454;2297.109611415;2610.5424133182;319.100112850179;0.0396039603960396;50;50
139;21.4700000000303;0.6899999999996;22.3699999999953;NA;NA;-1315.67424830729;-1491.00458894299;4.90336047727958;4.87178506671004;67.9085804951421;67.8376622036115;2931.96842231305;3282.31516017149;350.660681271402;0.0297029702970297;70;70
140;23.4500000000116;0.710000000000036;24.4000000000233;NA;NA;-1362.13956740758;-1550.20633353943;4.97984490739243;5.7469583632619;68.055012365268;59.3742392349199;3027.89494526776;3365.30069132256;376.133532263698;0.0198019801980198;75;75
141;22.7700000000186;0.75;23.6699999999837;NA;NA;-1362.31547430353;-1575.84791612808;4.70882334105589;4.82413535206041;77.2678622396984;75.265918468373;3067.77120063237;3485.94561584709;427.064883649087;0.0198019801980198;72;72
142;22.9699999999721;0.6899999999996;23.8300000000163;NA;NA;-1406.36064748689;-1547.14826997365;4.80722030819093;5.64929894561651;69.4417972927382;60.0400541268492;3122.98389562329;3362.5526056422;281.575244973516;0.0693069306930693;76;76
143;17.7800000000279;0.460000000000036;18.4900000000489;NA;NA;-1127.13633956557;-1289.46561652604;4.85375483252207;5.90835125775438;47.7704486357298;40.1346343541185;2461.66109855758;2753.16988101684;324.65855392095;0.0099009900990099;59;59
144;18.5900000000256;0.390000000000327;19.0300000000279;NA;NA;-1164.75377808114;-1319.7852564739;7.24060192787196;7.26257771629359;33.5719252964787;33.3684577142311;2473.45494265655;2782.64548517205;310.06295678553;0.0693069306930693;53;53
145;24.7700000000186;0.550000000000182;25.6499999999651;NA;NA;-1370.75629617748;-1597.94229937668;4.82422045527312;5.30779864470211;76.6213723474473;69.9869152864284;3087.68745400068;3512.08502657169;454.372006398403;0.0198019801980198;84;84
146;19.3999999999651;0.450000000000728;19.9199999999837;NA;NA;-1166.6203165451;-1394.87243333925;4.51232820690936;4.85306848693802;59.693121506067;55.694400245883;2593.86989198353;3032.91509960254;456.504233588304;0.0198019801980198;62;62
147;24.4799999999814;0.729999999999563;25.5800000000163;NA;NA;-1296.56740795012;-1536.03854800518;6.36625671922976;8.74805655610108;50.3356469632911;36.9332330434905;2816.31930094826;3235.83628249665;478.942280110113;0.0198019801980198;71;71
148;24.6499999999651;0.539999999999964;25.320000000007;NA;NA;-1456.87116178994;-1616.04221448716;4.78405618043038;5.3917198152728;78.8961411261824;71.017251543645;3269.72213813519;3552.51465121171;318.342105394448;0.0099009900990099;83;83
149;21.1499999999651;0.960000000000036;22.539999999979;NA;NA;-1218.0957596056;-1462.28085727456;5.41693689418032;8.34458232398078;54.017000783635;36.0485629390701;2674.92712717226;3083.88332560733;488.370195337916;0.0099009900990099;69;69
150;28.4500000000116;0.679999999999382;29.4099999999744;NA;NA;-1442.03795237575;-1595.37164733752;4.87698766271567;5.11512511962118;76.3481640392923;72.9716123159846;3226.67370984648;3518.18946876813;306.667389923534;0.0495049504950495;79;79
151;22.6999999999534;0.609999999999673;23.5299999999697;NA;NA;-1306.44241918603;-1527.63086257982;5.21961796572965;5.19014073157039;65.6764995868799;65.8843980527938;2904.54879758023;3347.84894443897;442.376886787588;0.0099009900990099;72;72
152;23.460000000021;0.819999999999709;24.5300000000279;NA;NA;-1369.81310770264;-1577.03316919371;4.6504015539674;4.98394422773657;76.7478779108478;72.3362301891836;3082.02376031134;3476.78207071434;414.440122982142;0.0099009900990099;75;75
153;28.1900000000023;1.13999999999942;29.4899999999907;NA;NA;-1316.04827679398;-1536.50865169476;5.43929304409046;7.01178926653513;60.0969591414774;46.1224324707455;2900.60686814331;3279.09010686735;440.920749801554;0.0099009900990099;76;76
154;18.390000000014;0.529999999999745;19.0900000000256;NA;NA;-1151.68885764964;-1341.2216492749;4.50327628241122;4.79980791079991;54.2948936459003;51.3963998937934;2537.67434900193;2904.2321753839;379.065583250519;0.0099009900990099;56;56
155;17.0799999999581;0.380000000000109;17.6499999999651;NA;NA;-1085.27542366544;-1214.71325052066;4.6660319508079;4.7512117057217;45.7985776309328;44.7417832439488;2366.4866405563;2620.84110917319;258.875653710427;0.0693069306930693;52;52
156;15.7799999999697;0.579999999999927;16.4599999999627;NA;NA;-958.955918346115;-1164.65956866466;4.34732701691861;4.45105878353715;42.9178035165954;41.6906100599735;2096.94001643731;2503.22817786567;411.407300637084;0.0099009900990099;42;42
157;21.859999999986;0.630000000000109;22.640000000014;NA;NA;-1261.33744539449;-1476.13780615382;4.73615580521837;5.40139575447737;65.4266405640219;57.9841947894194;2811.35940502822;3208.12153320521;429.600721518654;0.0099009900990099;68;68
158;32.570000000007;1.02000000000044;33.7800000000279;NA;NA;-1484.48508867703;-1679.1849778832;6.14493737314261;6.426428759814;63.6989524668006;60.4405777090576;3257.13855135032;3631.79773326229;389.399778412338;0.0099009900990099;85;85
159;18.539999999979;0.75;19.5599999999977;NA;NA;-1197.84790024445;-1342.42112370935;4.6212936613317;4.91053094129411;53.1382292873471;50.6210620463287;2624.52238992788;2902.82928118309;289.146446929813;0.0693069306930693;55;55
160;17.6599999999744;0.609999999999673;18.3499999999767;NA;NA;-1049.36719637288;-1233.82466922379;8.17810073328712;10.9967526115728;23.2486083074455;17.5861521698341;2196.51609425901;2541.61522317912;368.914945701818;0.0891089108910891;45;45
161;26.8300000000163;0.949999999999818;28.2199999999721;NA;NA;-1492.06040931272;-1654.95439763341;4.81657410422533;5.41100565740421;82.9106806565242;75.0125825020271;3358.2142572077;3648.3659723508;325.787976641375;0.0396039603960396;83;83
162;16.8300000000163;0.549999999999272;17.4699999999721;NA;NA;-987.97966366637;-1156.21363175388;5.0559690565712;6.22620231534405;37.8318993539693;31.3058301168362;2136.68797173577;2445.42993380754;336.467936175012;0.0099009900990099;49;49
163;19.5299999999697;0.75;20.3999999999651;NA;NA;-1075.78901568862;-1265.9343730649;4.45635148576742;6.20021385312305;48.7608244900282;36.2831812374209;2360.65133255552;2687.44126890592;380.29071475256;0.0198019801980198;53;53
164;19.0300000000279;0.890000000000327;20.25;NA;NA;-1168.91433321649;-1368.51268260479;5.49853471744099;5.59045964661493;50.2314969382664;48.9836127187253;2556.73863644272;2950.4970283058;399.19669877659;0.0198019801980198;61;61
165;17.2299999999814;0.619999999999891;18;NA;NA;-1050.09353800737;-1250.09441558054;4.5993418610799;4.78868176933943;46.6159431624773;44.4985048632919;2298.23468874417;2689.24051735109;400.001755146341;0.0297029702970297;49;49
166;19.2299999999814;0.720000000000255;20.2199999999721;NA;NA;-1099.53121919383;-1287.15950184809;4.63303892891219;6.15687284020657;47.7573951977704;36.7829743813461;2405.14806040249;2733.04713624076;375.256565308531;0.0297029702970297;56;56
167;19.4700000000303;0.460000000000036;20.0599999999977;NA;NA;-1221.10979803592;-1395.06622139293;5.0310421872375;5.14416000984258;55.5423064412105;54.075548440107;2685.1701122141;3026.66713581496;347.912846714026;0.0099009900990099;63;63
168;27.8899999999558;0.910000000000764;28.9500000000116;NA;NA;-1423.97081068132;-1589.65386533843;11.8603666261782;12.8428143138825;25.6144011274271;23.6457865047967;2960.57870813847;3283.2880069743;331.366109314213;0.554455445544555;66;66
169;30.5200000000186;0.930000000000291;31.6100000000442;NA;NA;-1435.18594154904;-1665.18848120839;10.769366505452;10.4883663383214;32.0512966647527;32.7979983232829;3012.70906826781;3476.03018853639;460.005079318706;0.0594059405940594;72;72
170;23.609999999986;0.730000000000473;24.4400000000023;NA;NA;-1224.88630094491;-1393.15348949127;5.80466393027376;6.39775440278012;47.8520130895828;44.0968830405595;2659.46139777114;2979.54069497236;336.534377092704;0.0297029702970297;64;64
171;17.6800000000512;0.5;18.320000000007;NA;NA;-1098.12282299201;-1285.20675342825;4.81006975509923;5.10404439987147;47.3834034012769;44.0782900755629;2401.54876888942;2761.39621293623;374.167860872485;0.0099009900990099;58;58
172;30.4699999999721;1;31.7799999999697;NA;NA;-1502.4723553292;-1658.65463564762;10.0852417961986;8.93138389961396;35.4856920403487;39.4967846317662;3163.01990037461;3493.25234482324;312.364560636854;0.405940594059406;74;74
173;24.9099999999744;0.829999999999927;26.039999999979;NA;NA;-1262.0889241492;-1447.5794175296;5.14085223211102;6.9533442213476;57.9038274067081;43.7177583116153;2779.24023597813;3087.73256150123;370.980986760798;0.0198019801980198;67;67
174;15.9199999999837;0.5600000000004;16.640000000014;NA;NA;-1040.16135085426;-1239.23032272666;4.42045109212612;4.74285320393527;41.9684312503622;39.2732551044772;2256.36683712667;2643.19937963853;398.137943744792;0.0198019801980198;44;44
175;25.5;0.869999999999891;26.640000000014;NA;NA;-1250.39754489096;-1433.75231496774;6.44157396501489;6.88593976541666;41.9221876814009;39.1228771079952;2683.49290703702;3038.00299005665;366.709540153568;0.0198019801980198;61;61
176;15.8699999999953;0.359999999999673;16.3699999999953;NA;NA;-989.22027017106;-1166.90260707544;4.63224810361141;4.71889783098567;39.8707895879157;38.57652903834;2147.00063854826;2496.89362023364;355.364673808758;0.0396039603960396;47;47
177;20.7800000000279;0.780000000000655;21.75;NA;NA;-1181.70120350874;-1411.75098578837;4.93120078499765;5.76511670150341;57.7408086280683;49.7517622678034;2617.74670815995;3042.65507152933;460.099564559255;0.0198019801980198;67;67
178;17.4899999999907;0.5;18.1300000000047;NA;NA;-1158.37704115105;-1279.85131678598;4.46794807390892;4.73934835358868;52.9510412083766;50.536303504155;2544.7745927605;2777.32467572124;242.948551269857;0.188118811881188;55;55
179;28.8499999999767;0.859999999999673;29.9500000000116;NA;NA;-1596.3004077118;-1777.5337979263;4.86312078398638;5.11857421568615;95.937917763668;92.482232739281;3628.27922027294;3975.05285898924;362.466780428998;0.0198019801980198;88;88
180;19;0.670000000000073;20.140000000014;NA;NA;-1011.15633565004;-1172.92618472037;4.56786425798242;5.49495460164201;41.9773761070847;35.1440886020326;2199.77869873964;2494.42958818535;323.539698140663;0.0198019801980198;47;47
181;24.859999999986;0.75;25.9500000000116;NA;NA;-1473.61044921313;-1606.79943484867;5.25191777758596;5.27259793650447;70.1613932035297;70.4378610195989;3260.69861889414;3528.31183503147;266.377971271066;0.0792079207920792;76;76
182;16.0299999999697;0.6899999999996;16.9099999999744;NA;NA;-999.732240018247;-1183.02637246574;4.2526360459311;4.73915003784165;40.9566829394315;36.9034100614311;2170.3120023755;2519.9923641184;366.588264894977;0.0099009900990099;42;42
183;19.710000000021;0.529999999999745;20.4799999999814;NA;NA;-1138.92108212562;-1375.34587237106;5.86697528009786;9.28953660681529;40.987045306243;27.1625123392406;2453.96665870046;2867.41115493563;472.849580490883;0.0198019801980198;54;54
184;19.359999999986;0.640000000000327;20.320000000007;NA;NA;-1141.57985008835;-1390.97399687308;5.04492418836811;5.45767414216175;52.0267290023255;48.2016298539405;2508.12903714176;2990.3771784522;498.788293569471;0.0198019801980198;57;57
185;20.4500000000116;0.590000000000146;21.1600000000326;NA;NA;-1262.63739148848;-1497.98798991834;4.81847419908908;4.86585787956084;67.0709833101191;65.7645791230373;2821.21469475468;3286.15159354107;470.701196859722;0.0198019801980198;68;68
186;20.4599999999627;0.559999999999491;21.1199999999953;NA;NA;-1220.97947411074;-1419.52240567881;4.79259206773317;6.11863425784759;58.8915111960701;46.7237669615842;2699.08825442772;3043.04789326488;397.085863136135;0.0099009900990099;62;62
187;27.6900000000023;0.880000000000109;28.9200000000419;NA;NA;-1371.58597095484;-1573.38318208894;4.69840724206058;6.78716759971071;71.9096833808777;50.9132886942666;3064.93094318122;3374.57725349788;403.594422268206;0.0198019801980198;77;77
188;20.7399999999907;0.529999999999745;21.5499999999884;NA;NA;-1189.37812253035;-1396.00800436405;7.12391958445739;7.57721969888574;37.4214926815376;35.2447470685237;2541.83993437824;2945.61339272112;413.259763667386;0.0297029702970297;61;61
189;23.7199999999721;0.710000000000036;24.6199999999953;NA;NA;-1164.59692700499;-1340.69991457534;9.28543308358727;9.05359194753374;25.5323418338839;26.3905432453914;2438.42649635182;2794.30403473768;352.205975140688;0.0693069306930693;52;52
190;23.3099999999977;0.75;24.320000000007;NA;NA;-1394.25554669938;-1575.492893239;4.88457283660875;4.99624579085612;74.7111430170947;73.3686888958816;3121.82209355297;3478.30765692903;362.474693079248;0.0198019801980198;75;75
191;14.2000000000116;0.350000000000364;14.7600000000093;NA;NA;-939.749604494756;-1156.34820461778;4.42593189415338;4.52150469207999;38.8847515355155;37.746202066277;2042.60829505906;2471.02964472001;433.197200246058;0.0198019801980198;44;44
192;19.5299999999697;0.6899999999996;20.3299999999581;NA;NA;-1291.59253610008;-1470.11116417939;5.55552479819174;7.35831282954977;53.5881891093352;41.445024272899;2819.23736922114;3122.7848172637;357.037256158615;0.0495049504950495;67;67
193;18.789999999979;0.600000000000364;19.5299999999697;NA;NA;-1282.66040809638;-1457.58696685217;4.67114693767397;4.85599348278547;65.5433376156354;63.0996867778985;2852.53346734989;3191.67844180466;349.853117511577;0.0099009900990099;64;64
194;16.8499999999767;0.640000000000327;17.5;NA;NA;-1046.89610453137;-1231.98408980428;5.62936905620098;7.58955623534156;37.2871343431022;28.152417748634;2252.95226405215;2584.13671591192;370.175970545821;0.0594059405940594;51;51
195;17.609999999986;0.579999999999927;18.25;NA;NA;-1138.00472441264;-1333.99350109562;4.72151426956672;6.07631464122469;51.5389548794415;40.6936320285074;2496.99462593456;2842.47035176778;391.977553365953;0.0099009900990099;53;53
196;14.2699999999604;0.630000000000109;14.9599999999627;NA;NA;-992.419436117566;-1204.60062099975;4.26735408438359;4.31376689549688;46.0152756243622;44.753620202381;2178.37527177565;2597.43122438793;424.362369764363;0.0099009900990099;45;45
197;26.070000000007;0.779999999999745;27.0199999999604;NA;NA;-1382.34696197925;-1563.22298411854;7.11961077439432;6.85544231250086;48.9469846660377;50.7855721303366;2983.06253344205;3353.0171215695;361.75204427858;0.0495049504950495;75;75
198;20.4700000000303;0.569999999999709;21.1300000000047;NA;NA;-1299.52909157226;-1524.57951486213;4.8765367535275;4.92611098983405;69.6221055419307;68.6611782710153;2908.72441552573;3354.55123555514;450.100846579755;0.0099009900990099;73;73
199;19.179999999993;0.670000000000073;19.9400000000023;NA;NA;-1216.04005321774;-1470.80885957304;8.94036644792368;9.68927934709978;31.7860614185474;29.1374872262209;2570.34176148457;3068.35871907122;509.537612710586;0.0099009900990099;60;60
200;20.8300000000163;0.949999999999818;22;NA;NA;-1187.6382499531;-1377.00634145759;5.48626602833791;5.70937572597049;47.1190585855561;45.4106278924846;2578.18302536462;2949.56227582181;378.736183008978;0.0198019801980198;55;55
201;19.179999999993;0.470000000000255;19.8400000000256;NA;NA;-1289.77675870185;-1454.21951787442;8.13462320248408;10.867933063079;34.3084351668789;26.3891591711127;2729.89399409895;3024.0770341033;328.885518345135;0.257425742574257;64;64
202;25.0299999999697;0.75;25.9599999999627;NA;NA;-1471.28934212148;-1640.44766046655;5.61135309624906;7.20957191186511;68.7977867451945;53.8201828620844;3252.99466933153;3523.73227646856;338.316636690134;0.099009900990099;83;83
203;21.1399999999558;0.760000000000218;22.0900000000256;NA;NA;-1317.88444344845;-1536.03159553021;5.04893228799445;6.58060865627095;61.9550513523409;48.8407701311167;2910.47293991682;3288.61950430323;436.294304163526;0.0099009900990099;71;71
204;25.1100000000442;0.670000000000073;26.0400000000373;NA;NA;-1476.00650485963;-1657.82216947182;5.55105311622657;5.85270727380265;70.9375501403587;67.4632541836773;3272.08361879489;3620.03890591232;363.631329224379;0.0297029702970297;83;83
205;20.1700000000419;0.619999999999891;21.1300000000047;NA;NA;-1364.68440954955;-1513.5607568546;4.72985896710415;5.04545291510515;69.5456572878228;65.5922489016447;3038.21539097628;3318.41132251996;297.752694610112;0.0198019801980198;72;72
206;28.0900000000256;0.719999999999345;29.109999999986;NA;NA;-1525.54247198005;-1653.64984015983;9.82498506453048;9.93799355480188;36.7816271159045;36.2101079423106;3215.66388589859;3469.32136668619;256.214736359559;0.643564356435644;77;77
207;21.109999999986;0.420000000000073;21.5499999999884;NA;NA;-1317.86452672429;-1541.36951629875;5.52193834624226;6.73720374182995;61.3374788303098;50.749191131822;2907.25981133003;3307.39721210983;447.009979148916;0.0099009900990099;70;70
208;25.75;0.559999999999491;26.4400000000023;NA;NA;-1323.08567635057;-1524.39776384304;5.58768998299097;7.4631568899949;56.9329946419489;42.0129153302979;2897.37902224842;3234.17075021539;402.624174984941;0.0099009900990099;68;68
209;18.5799999999581;0.5600000000004;19.2199999999721;NA;NA;-1205.91793672791;-1385.20983623572;5.83485219752329;5.61938672075525;47.4630255405309;48.7210988545889;2617.48398369156;2981.51877106343;358.583799015615;0.0099009900990099;58;58
210;18.9099999999744;0.680000000000291;19.6199999999953;NA;NA;-1013.92263589717;-1169.30885987684;9.29770286189698;13.0617730138969;18.1297157791353;13.7678313029556;2103.02965311089;2395.71325788531;310.772447959332;0.178217821782178;40;40
211;26.3800000000047;0.700000000000728;27.109999999986;NA;NA;-1332.62624261134;-1510.2902268302;6.71165646018476;6.87686698077701;46.0743055126221;44.9568978440461;2868.54793782668;3218.94552489024;355.327968437708;0.0396039603960396;68;68
212;30.8099999999977;0.639999999999418;31.75;NA;NA;-1567.38832767756;-1753.25375886112;5.29881040888286;5.38799186643082;84.6130987014511;83.0601093680635;3519.9769349838;3884.63782905214;371.730862367126;0.0099009900990099;90;90
213;14.1199999999953;0.479999999999563;14.640000000014;NA;NA;-973.985296138808;-1110.10027691733;6.1604789844708;5.66141549390232;25.6242253683252;27.1694880511183;2053.2360388203;2331.81400754603;272.229961557053;0.0396039603960396;37;37
214;16.179999999993;0.530000000000655;16.7999999999884;NA;NA;-1070.62688618032;-1289.93916456205;4.84452399719567;5.08444194960023;47.2751831108771;44.7221265367102;2343.50678941614;2771.20884179441;438.624556763445;0.0099009900990099;52;52
215;14.2000000000116;0.579999999999927;14.9400000000023;NA;NA;-938.913377373105;-1194.22612648762;4.38507212729538;4.4162223764225;42.0144170912034;41.1395264576553;2052.58030808563;2559.56681147477;510.625498229035;0.0198019801980198;41;41
216;31.7200000000303;0.920000000000073;32.6999999999534;NA;NA;-1561.47491633667;-1773.64196024312;6.92175975350993;8.14399845309965;59.9013135736784;51.8167181071893;3393.58357758638;3781.39151569285;424.334087812885;0.118811881188119;84;84
217;16.890000000014;0.5;17.5900000000256;NA;NA;-1142.48777941948;-1331.78433953427;4.54187010743521;4.65726832003368;55.4806526086521;53.795392771931;2523.88921265373;2895.22517987074;378.593120229578;0.0099009900990099;55;55
218;20.8099999999977;0.519999999999527;21.4100000000326;NA;NA;-1307.32437363125;-1513.92725122688;4.9902846903061;5.53276837161589;65.6895960016637;59.3704464717321;2905.44559981335;3290.67753714071;413.205755191241;0.0099009900990099;70;70
219;20.3499999999767;0.670000000000073;21.5300000000279;NA;NA;-1238.12054991661;-1483.39642467058;4.80638899711915;5.42537900076398;63.4337374796497;56.7238853864318;2754.20942700595;3215.3584259267;490.551749507949;0.0198019801980198;64;64
220;17.4799999999814;0.619999999999891;18.179999999993;NA;NA;-1225.44846980636;-1369.89491713957;4.73551650837664;4.74455902666724;56.6280444044813;56.425652549709;2696.25530405544;2984.27127395805;288.892894666403;0.0297029702970297;58;58
221;14.359999999986;0.289999999999964;14.7599999999511;NA;NA;-934.710184695334;-1164.89884212769;4.45644021522404;4.52491766495804;40.1873891139704;39.0347461468544;2037.53165878329;2493.08725470375;460.377314864715;0.0297029702970297;43;43
222;25.7799999999697;0.699999999999818;26.7299999999814;NA;NA;-1477.0099343124;-1742.20833336095;7.66654522965807;10.632774274637;51.9033509608148;37.4571517697878;3187.89349866187;3653.19652183885;530.396798097115;0.0198019801980198;82;82
223;19.1599999999744;0.720000000000255;20.070000000007;NA;NA;-1256.44017656994;-1422.71727983976;4.59802548394907;4.8435184037553;62.5393420584686;59.5860278289193;2789.28162739086;3108.78325311589;332.554206539641;0.0594059405940594;69;69
224;20.710000000021;0.590000000000146;21.4499999999534;NA;NA;-1309.8937927652;-1527.53284016745;4.61963249297441;5.20342981332466;71.0723781586881;64.6111789111762;2933.38300763512;3340.15210136465;435.278094804493;0.0099009900990099;68;68
225;27.4800000000396;0.739999999999782;28.4699999999721;NA;NA;-1431.19335734743;-1619.71132907216;4.99159635497179;5.46407279492928;74.8171321915505;69.7580246720128;3197.15506021028;3551.55408876486;377.035943449475;0.0495049504950495;77;77
226;18.4500000000116;0.460000000000036;19.0999999999767;NA;NA;-1124.14896378106;-1339.98608100049;5.6142128744836;7.95038629027766;41.6689161335903;30.0784277602248;2427.35247353981;2809.22148562301;431.674234438858;0.0099009900990099;54;54
227;20.390000000014;0.579999999999927;21;NA;NA;-1293.95565515456;-1469.18871069587;4.71623709522941;6.96362757561101;62.7622146388671;43.911215324253;2866.6331685901;3133.38353462365;350.466111082628;0.0297029702970297;72;72
228;27.9100000000326;0.720000000000255;28.710000000021;NA;NA;-1492.51176087214;-1683.54623243967;6.89422148981975;8.09006596435525;54.8519576084496;47.2517483916497;3230.45793708448;3578.51983677171;382.068943135044;0.0396039603960396;77;77
229;19.5;0.529999999999745;20.1599999999744;NA;NA;-1243.15210461775;-1497.59019650554;6.38995793333207;8.38232330288304;46.6596559315348;35.7149681683799;2690.0273726224;3151.1173829066;508.876183775571;0.0198019801980198;62;62
230;23.5899999999674;0.729999999999563;24.4400000000023;NA;NA;-1265.80456556425;-1478.22836418425;9.31500521096045;9.27552659162481;29.9466838818918;30.223586095893;2661.86994017375;3087.92199486101;424.847597240002;0.0099009900990099;60;60
231;30.7300000000396;0.970000000000255;31.9199999999837;NA;NA;-1634.2497471674;-1838.00342986916;5.08550940868088;5.22869210814225;96.7965399184474;94.4844920172077;3712.28832016297;4109.1955027065;407.507365403524;0.0099009900990099;96;96
232;33.0200000000186;1.17000000000007;34.4700000000303;NA;NA;-1590.65130790572;-1793.01194858658;9.36380554159724;11.3515969783028;43.3026990964898;35.0684392267227;3375.339390924;3743.16345192983;404.721281361736;0.099009900990099;78;78
233;17.0899999999674;0.529999999999745;17.6699999999837;NA;NA;-1183.46895342548;-1333.16433850585;4.65360756135878;4.94534947208226;53.0015430900934;50.0795245550014;2594.19426884408;2881.0562094039;299.39077016074;0.0297029702970297;53;53
234;19.1699999999837;0.539999999999964;19.890000000014;NA;NA;-1267.1622150595;-1465.34525978667;5.85533565555869;9.96460057038281;47.3308113353145;28.5022308370404;2740.59314838325;3054.9038693251;396.366089454342;0.0693069306930693;61;61
235;20.3499999999767;0.800000000000182;21.2699999999604;NA;NA;-1300.78936607836;-1505.85796706538;5.13015493289276;6.07511400238797;63.6859144029169;54.1313748398948;2883.95730218272;3251.73039202367;410.137201974032;0.0099009900990099;71;71
236;20.9799999999814;0.800000000000182;22.0299999999697;NA;NA;-1383.89363114203;-1574.58392407147;5.99495467413237;6.27791480521862;57.595745151435;54.9881168416969;3023.56525243394;3393.36557439713;381.380585858886;0.0198019801980198;72;72
237;14.9400000000023;0.469999999999345;15.5300000000279;NA;NA;-949.438808746026;-1133.5282706863;4.60984271402139;5.30154270432977;37.7257307658539;32.8808524503614;2056.24748163135;2404.21638368322;368.178923880546;0.0297029702970297;42;42
238;19.0599999999977;0.630000000000109;19.9099999999744;NA;NA;-1217.13687400243;-1454.44796915388;4.72065060485354;4.88563806032709;61.983581982752;59.927040045961;2706.84112397963;3172.41985113693;474.62219030289;0.0198019801980198;66;66
239;25.6300000000047;1.03999999999996;26.8800000000047;NA;NA;-1455.41909551756;-1640.80184337004;8.04956023541645;7.36108158855168;47.617362404272;51.8067929608829;3124.51201082364;3514.07677605071;370.765495704963;0.0594059405940594;79;79
240;19.1300000000047;0.770000000000437;20;NA;NA;-1294.34235319126;-1453.01050555071;4.68125606457368;5.3850033076378;63.9941909510888;56.4266617002801;2871.04876740703;3154.99456809075;317.336304718893;0.0891089108910891;68;68
241;21.609999999986;0.840000000000146;22.679999999993;NA;NA;-1313.79688558304;-1678.89019287547;9.47499470941636;12.1507371817339;37.0100795390442;28.9399714188475;2790.89478649529;3485.47334872636;730.186614584873;0.0099009900990099;68;68
242;15.4100000000326;0.569999999999709;16.1900000000023;NA;NA;-964.942587648573;-1220.50905295721;4.99617622223121;5.39650125313634;39.0978029292257;35.8911045209631;2094.7569268941;2592.36751242283;511.132930617283;0.0099009900990099;46;46
243;16.75;0.479999999999563;17.390000000014;NA;NA;-1147.75763778082;-1296.36081516175;6.51809411026611;6.57699973213776;35.353518656386;35.2313552226997;2445.71453136299;2742.40187535809;297.206354761866;0.0594059405940594;49;49
244;14.9899999999907;0.479999999999563;15.5300000000279;NA;NA;-1057.7433974122;-1263.33877373856;4.4042029608449;4.46747470043849;48.4419305408219;47.2106060720924;2322.73139884623;2728.65429059633;411.190752652732;0.0198019801980198;52;52
245;24.2299999999814;0.700000000000728;25.1999999999534;NA;NA;-1381.9698153177;-1618.26084907614;6.47182873783054;8.51884383102755;52.6035710392581;41.0553927545954;2998.26842609262;3419.40777491745;472.582067516889;0.0099009900990099;74;74
246;25.0599999999977;0.680000000000291;26.0499999999884;NA;NA;-1437.29871984745;-1604.10505841255;6.77189597305682;7.54273463419043;53.1226325142903;47.5581822242261;3113.96508500595;3422.50465675069;333.612677130192;0.138613861386139;82;82
247;30.0100000000093;1.03999999999996;31.3300000000163;NA;NA;-1518.2086402365;-1709.26855427176;6.9762881451327;7.20842286956921;56.613131359077;54.4536591025485;3290.09729735743;3662.54066088084;382.119828070526;0.0297029702970297;78;78
248;19.390000000014;0.409999999999854;19.9499999999534;NA;NA;-1258.4892065253;-1509.4332674343;4.80605054601082;4.91206509128802;68.3246867519142;67.2139137585799;2818.45008935076;3315.43710423059;501.888121818019;0.0396039603960396;68;68
249;12.9900000000489;0.349999999999454;13.4800000000396;NA;NA;-918.053818577556;-1080.15392523805;4.20989642223419;4.31831669713049;37.5293548235403;36.1284322099522;1990.78030096626;2309.20678240576;324.200213320996;0.0198019801980198;38;38
250;20.6700000000419;0.610000000000582;21.429999999993;NA;NA;-1123.28656404564;-1350.91734856545;5.17392342843396;5.97034249346325;47.5319922164845;41.1114904357157;2450.37752697533;2878.10971117444;455.261569039616;0.0198019801980198;53;53
