1;19.1999999999971;0.550000000000182;20;NA;NA;-844.211584346595;-895.862151275238;4.388224701104;4.40212751527432;76.0175927812452;75.1868176011731;2012.15143052533;2111.91462802896;103.301133857287;0.0792079207920792;50;50
2;17.9900000000052;0.670000000000073;18.8399999999965;NA;NA;-821.598324451708;-873.323116572259;4.38873553733706;4.47746574863003;71.3736761817107;70.0568123342267;1947.14834331402;2044.98993565722;103.449584241103;0.118811881188119;50;50
3;17.4400000000023;0.550000000000182;18.1000000000058;NA;NA;-810.666718639395;-869.795650197938;4.43960577703824;4.47478311916416;69.7361055345114;68.8850744198267;1918.311378906;2032.94504381525;118.257863117086;0.0297029702970297;50;50
4;18.0800000000017;0.460000000000036;18.820000000007;NA;NA;-744.288955703117;-833.280427192754;4.48410539449538;4.53109594156234;65.1772546072511;63.6877448662169;1764.12511152324;1935.81091539836;177.982942979275;0.0198019801980198;47;47
5;19.2100000000064;0.800000000000182;20.1600000000035;NA;NA;-831.463480632974;-887.947971011383;4.33816148237025;4.37383294784037;75.3967273339108;74.4226074407561;1984.01120761767;2092.83180471369;112.968980756818;0.0891089108910891;50;50
6;17.9199999999983;0.570000000000164;18.6899999999878;NA;NA;-775.802017088404;-840.405119724315;4.38829191790511;4.43900578856154;67.2699850330644;66.1309693770716;1835.99858469094;1960.38942029447;129.206205271822;0.0297029702970297;47;47
7;18.4100000000035;0.440000000000055;19.179999999993;NA;NA;-786.459756215567;-843.60596289463;4.35342665893362;4.5366747599979;67.5229914722647;65.5841746467931;1859.09448245301;1965.1698302634;114.292413358127;0.0198019801980198;48;48
8;17.4499999999971;0.590000000000146;18.109999999986;NA;NA;-748.055329903816;-820.288504109152;4.31411654194845;4.36546638665839;64.7925793771634;63.9283474520801;1769.33486301248;1910.15682681329;144.466348410672;0.0198019801980198;46;46
9;17.9499999999971;0.629999999999654;18.9100000000035;NA;NA;-795.431713873703;-848.146775801965;4.43603145853526;4.497573521084;68.5117227402502;67.3059485354594;1880.50762172315;1980.84014353881;105.430123856524;0.0693069306930693;47;47
10;19.0299999999988;0.309999999999945;19.5299999999988;NA;NA;-833.230727417192;-900.470834692567;4.31447310623212;4.35116829484667;80.0015140851743;78.5868024840648;2006.34750678199;2134.81732582656;134.48021455075;0.0099009900990099;49;49
11;19.5;0.529999999999745;20.4400000000023;NA;NA;-845.398590363012;-900.713999233282;4.54589304000525;4.58410002079041;77.5409452646729;76.4293961347185;2021.01278625815;2126.9099646579;110.63081774054;0.0396039603960396;50;50
12;18.3899999999994;0.75;19.7199999999866;NA;NA;-776.794901001173;-852.635030746723;4.92054358336644;5.55539168372455;59.6930285818228;52.9679971626597;1805.95156518708;1929.20068578754;151.6802594911;0.0198019801980198;47;47
13;18.6999999999971;0.559999999999945;19.6100000000006;NA;NA;-833.116483365923;-881.712586377299;4.70673764301108;4.96515417615454;67.290334614922;64.2613476078903;1952.79535664701;2037.08832891318;97.1922060227535;0.346534653465347;50;50
14;17.4600000000064;0.559999999999945;18.3000000000029;NA;NA;-755.661736635169;-824.712760602075;4.40412030644235;4.4691550829638;63.5688928847472;62.624932364303;1779.38750581865;1913.50896116711;138.102047933812;0.0099009900990099;46;46
15;16.9700000000012;0.610000000000127;17.75;NA;NA;-679.30849859721;-754.83859816711;4.27976457720735;4.29674012597475;57.119577178369;56.3790905105253;1596.88673823785;1744.85805655414;151.060199139799;0.0297029702970297;42;42
16;18.5500000000029;0.529999999999745;19.2799999999988;NA;NA;-814.673869426388;-871.478048182111;4.49127207564148;4.58753175617261;69.227001893027;67.6980778443028;1923.45832701664;2030.57105798163;113.608357511446;0.0297029702970297;49;49
17;19.6699999999983;0.610000000000127;20.6600000000035;NA;NA;-772.108441059173;-862.060848891311;4.48960634201832;4.71036471829502;67.2833216724696;64.4379746765056;1829.37608704635;1997.22179404974;179.904815664276;0.0099009900990099;48;48
18;17.6800000000076;0.639999999999873;18.8099999999977;NA;NA;-827.939103079811;-862.170187909957;4.44334726833799;4.57104126978588;68.9682391667184;67.0528125529766;1949.58611468699;2009.89125509067;68.462169660291;0.574257425742574;50;50
19;17.3300000000017;0.630000000000109;18.2100000000064;NA;NA;-782.207977083156;-848.196830371187;4.42353206221242;4.44287192916726;67.4617346947754;66.5184738838241;1851.02681303746;1978.99708054619;131.977706576062;0.0297029702970297;49;49
20;17.2799999999988;0.519999999999982;18.179999999993;NA;NA;-784.383610157882;-838.272564509049;4.4085168313831;4.46999386301446;64.7458343194092;63.665466225281;1843.83958936429;1947.02755935906;107.777908702333;0.0099009900990099;49;49
21;16.8400000000111;0.470000000000255;17.820000000007;NA;NA;-767.293144368345;-836.686376957988;4.36697247747064;4.41763458466857;65.8346215255875;64.8696055286207;1812.91261195253;1947.61931866953;138.786465179285;0.0099009900990099;47;47
22;18.6500000000087;0.360000000000127;19.25;NA;NA;-816.77164137947;-892.014072816776;4.45665713130073;4.46964357464572;77.0705512844252;76.3980298640717;1960.97715319294;2108.604812013;150.484862874611;0.0099009900990099;49;49
23;18.6399999999994;0.470000000000255;19.2700000000041;NA;NA;-798.000296435553;-861.673422978769;4.50618085846761;4.59649647752413;68.4605578388677;67.0606779177501;1886.85494711758;2008.2538170197;127.346253086431;0.0297029702970297;49;49
24;17.1999999999971;0.609999999999673;18.2200000000012;NA;NA;-740.772677633197;-801.21417671291;4.30224255466711;4.33512652562204;63.7460029641141;62.9638697349599;1748.93943323978;1866.54163285596;120.882998159426;0.0198019801980198;44;44
25;17.9400000000023;0.590000000000146;18.8899999999994;NA;NA;-830.685656216428;-901.778999073153;4.50698239911801;4.54667083466414;74.4615131750427;73.6878741927999;1978.47285895137;2117.36492832873;142.186685713449;0.0099009900990099;50;50
26;18.9199999999983;0.5300000000002;19.6399999999994;NA;NA;-827.346232866806;-874.367188308529;4.35291376576228;4.36202874775681;76.6658254524359;76.0111068769572;1980.40686039607;2071.66720252671;94.0419108834453;0.099009900990099;49;49
27;17.1900000000023;0.580000000000382;17.9600000000064;NA;NA;-787.395441830654;-849.768683136503;4.33608271779913;4.45879838466924;67.7116192270355;66.0854955027977;1861.76529311692;1979.61996157926;124.746482611697;0.0099009900990099;48;48
28;18.9499999999971;0.610000000000127;19.7400000000052;NA;NA;-817.613171057649;-897.324918276365;4.68168783708193;4.91465418985871;69.0771077749601;66.4941775924166;1929.39787812711;2077.82171488221;159.423494437431;0.0099009900990099;50;50
29;17.7999999999884;0.670000000000073;18.679999999993;NA;NA;-819.586210162949;-864.149873431553;4.54411808803722;4.60538433009142;68.5754237226054;67.4958419857029;1930.5147817329;2015.05551039748;89.1273265372099;0.178217821782178;49;49
30;17.4800000000105;0.529999999999745;18.1300000000047;NA;NA;-746.465760495886;-837.023869499122;4.60020505695876;4.61543711742145;65.4929410803393;64.79189139843;1769.1090835187;1947.26904106158;181.11621800647;0.0099009900990099;46;46
31;18.6500000000087;0.610000000000127;19.3700000000099;NA;NA;-757.396068919422;-843.594960672345;4.97373891420233;5.0624713155104;60.1727248457237;58.7534321489928;1769.1818932;1935.57939131354;172.397783505846;0.0099009900990099;47;47
32;18.1399999999994;0.710000000000036;18.9399999999878;NA;NA;-746.881043326608;-857.424823717724;5.60757974526497;5.58324259131773;53.7000853207805;53.2156445501009;1720.78772996007;1939.82724040959;221.08756078223;0.0099009900990099;47;47
33;17.8899999999994;0.609999999999673;18.7200000000012;NA;NA;-785.560391370611;-860.901754304027;4.51282574315625;4.57570914846518;67.3516554155904;66.2925296993822;1857.26397031851;2003.4470056193;150.682725866833;0.0198019801980198;49;49
34;18.7800000000134;0.659999999999854;19.7899999999936;NA;NA;-792.965473757207;-843.005152737453;4.59253181410237;4.87075390804821;63.034224783672;59.8700911059312;1852.41814853799;1939.12062861445;100.079357960492;0.178217821782178;47;47
35;16.5999999999913;0.599999999999909;17.2799999999988;NA;NA;-731.974652025137;-806.487550191656;4.35286723151575;4.3803742873463;63.3864729263718;62.5696266533677;1730.54750613184;1876.13771537971;149.025796333038;0.0198019801980198;45;45
36;17.3699999999953;0.519999999999982;17.9899999999907;NA;NA;-771.619993793342;-829.152288367834;4.47723974697504;4.50543974174199;64.1393631881383;63.3885681538701;1814.39933681483;1926.28982065973;115.064589148983;0.0495049504950495;47;47
37;18.8800000000047;0.720000000000255;19.9399999999878;NA;NA;-785.695336794945;-855.45086734846;4.31458473312542;4.32326116343034;71.4955096293311;70.8055852306093;1874.40191285462;2010.98894631097;139.511061107029;0.0198019801980198;48;48
38;19.1600000000035;0.690000000000055;20.1000000000058;NA;NA;-852.872669112043;-907.622505698941;5.11450964557553;5.23411041613807;66.1601027936668;64.5719389051654;1987.49452675289;2090.23085059769;109.499673173796;0.178217821782178;50;50
39;20;0.559999999999945;20.9400000000023;NA;NA;-851.703468031393;-910.2578186182;4.50636147545573;4.79929325514031;77.3120702936455;73.5683964279567;2031.86689885832;2133.07061942578;117.108701173615;0.0297029702970297;49;49
40;16.9699999999866;0.440000000000055;17.4399999999878;NA;NA;-788.055520252472;-860.010585088256;4.41170086879249;4.64632250560174;69.0726208388078;66.8133772014555;1868.12652031559;2002.48533853034;143.910129671568;0.0198019801980198;47;47
41;18.8899999999994;0.389999999999873;19.5299999999988;NA;NA;-783.466793329033;-852.989791493029;4.46698701904165;4.48410690189445;66.7901912607784;66.0758629871805;1850.69139644505;1986.7025725014;139.045996327992;0.0099009900990099;49;49
42;18.2199999999866;0.730000000000018;19.0199999999895;NA;NA;-798.30087954046;-852.903984293485;4.33638713743836;4.3591057790993;69.0739521446861;68.1719966006325;1889.34998828842;1994.73354279722;109.206209506049;0.118811881188119;48;48
43;18.2699999999895;0.739999999999782;19.4499999999971;NA;NA;-827.136877682457;-877.249948761076;4.35918442570523;4.38773986606203;73.6084489653695;72.6319017771599;1967.74244554419;2063.80986717017;100.226142157239;0.0594059405940594;50;50
44;17.8199999999924;0.659999999999854;18.6200000000099;NA;NA;-780.443301472892;-837.07370865161;4.38025060569099;4.44624456683609;65.8252930165122;64.5585989314999;1840.54504713294;1948.42431769707;113.260814357436;0.0495049504950495;49;49
45;17.3600000000006;0.579999999999927;18.2700000000041;NA;NA;-771.541409152302;-860.478262829019;4.37807593271384;4.39516341946036;70.2492824839127;69.3536027789173;1840.81231562923;2014.88996615613;177.873707353434;0.0099009900990099;48;48
46;19.570000000007;0.670000000000073;21.0800000000017;NA;NA;-849.813192140712;-911.357073492423;4.39403923936864;4.43761594693144;80.3364152863396;79.1104919611017;2041.74676893122;2159.61381873519;123.087762703422;0.0099009900990099;50;50
47;17.6100000000006;0.519999999999982;18.3199999999924;NA;NA;-798.07588409546;-864.923363268346;4.53746524788551;4.59646477317978;68.0016916965739;67.0905514028668;1884.35555860944;2014.18893528426;133.694958345772;0.0099009900990099;48;48
48;19.3000000000029;0.510000000000218;20.1500000000087;NA;NA;-781.556220202;-850.907626897497;4.75598185453976;5.12699181564019;63.2881649035173;59.18874443762;1830.67321363374;1952.04507563246;138.702813390995;0.0198019801980198;47;47
49;17.8000000000029;0.690000000000055;18.6300000000047;NA;NA;-813.106768995388;-884.194084914513;4.55530153332773;4.64716170002342;71.0925943423902;69.6841371599777;1927.517147489;2063.72247638072;142.174631838249;0.0099009900990099;48;48
50;19.9000000000087;0.550000000000182;20.6000000000058;NA;NA;-866.26090192495;-909.895845309868;5.36273732607002;5.64116184969312;63.0572303433895;60.4759121534372;2000.4201469406;2076.72331566221;87.2698867698357;0.99009900990099;49;49
51;19.5;0.460000000000036;20.2000000000116;NA;NA;-836.116711176072;-891.043073041002;4.36586082625033;4.38925387436073;76.3215509628661;75.3032186119306;1997.25611946177;2102.77217650864;109.852723729859;0.0198019801980198;50;50
52;16.9100000000035;0.5;17.6200000000099;NA;NA;-745.184639080777;-817.943256788749;4.26868329497769;4.30625685459177;67.1308682038392;66.2426569392271;1771.96178235391;1913.75325582239;145.517235415943;0.0099009900990099;44;44
53;17.5999999999913;0.669999999999618;18.5299999999988;NA;NA;-783.644263606553;-832.722485734837;4.33901488323347;4.3823237139754;67.0969135494616;65.9234333762276;1852.34944518419;1945.52036450814;98.1564442565682;0.118811881188119;49;49
54;16.3999999999942;0.389999999999873;16.890000000014;NA;NA;-667.667598448911;-780.062507794115;4.27064007536493;4.3357763465929;59.924394505231;58.6944919062234;1585.30500876038;1804.9643872716;224.789818690408;0.0198019801980198;42;42
55;18.1000000000058;0.420000000000073;18.6399999999994;NA;NA;-794.146221750054;-847.416427656257;4.39166789607473;4.4299431957714;69.0275949838291;68.1107072254302;1880.1175693545;1982.78169248045;106.540411812406;0.0594059405940594;47;47
56;18;0.75;19.2100000000064;NA;NA;-804.631774898822;-861.921022275196;4.40835577332218;4.5313803366003;70.1065015330558;68.4104497613012;1907.11068799756;2014.48351486774;114.578494752748;0.0198019801980198;49;49
57;17.1100000000006;0.659999999999854;17.8300000000017;NA;NA;-762.312115753871;-845.437201607303;4.37752967998795;4.39963862272405;70.2218982204411;69.3609722809314;1820.74336078529;1983.36308891201;166.250171706865;0.0099009900990099;46;46
58;18.4199999999983;0.570000000000164;19.1300000000047;NA;NA;-800.888233560406;-864.818829703449;4.50972136118906;4.68056159151878;67.4785909278561;65.1348594205409;1887.76325939481;2005.69128255997;127.861192286087;0.0099009900990099;48;48
59;17.9200000000128;0.570000000000164;18.7799999999988;NA;NA;-787.050659638923;-849.90085493614;4.3922290760602;4.43481608814871;66.8864294887635;65.642732935786;1857.57842146873;1978.0077952435;125.700390594436;0.0099009900990099;48;48
60;18.1800000000076;0.5;18.9500000000116;NA;NA;-757.14623977015;-818.286919271293;4.87422205425629;5.32759969398397;55.5106315836957;51.2832078009128;1748.3755833409;1852.83029451155;122.281359002286;0.128712871287129;46;46
61;19.1399999999994;0.489999999999782;19.8399999999965;NA;NA;-829.308175953712;-876.390345279257;4.41305539775293;4.48654836763107;71.7451490804547;70.3792215412539;1964.14999954002;2052.49740382269;94.1643386510914;0.0891089108910891;50;50
62;18.8899999999994;0.539999999999964;19.8099999999977;NA;NA;-806.378360480604;-870.826647909565;4.50823242510931;4.5978788960488;70.1451468378433;68.9312001797753;1911.47660449029;2035.2034702428;128.896574857923;0.0297029702970297;50;50
63;17.9400000000023;0.570000000000164;18.7600000000093;NA;NA;-811.667169909123;-866.615808086124;4.61186913525948;4.70436080439711;67.6176847397405;66.4261546587461;1909.91063748261;2014.75798820723;109.897276354003;0.0198019801980198;48;48
64;17.25;0.460000000000036;17.8899999999994;NA;NA;-712.005901563957;-816.727496860226;4.78571226451372;4.85284509068845;57.6054914516047;56.3812090246333;1666.29568077578;1870.58964190654;209.443190592538;0.0099009900990099;45;45
65;17.4900000000052;0.550000000000182;18.1100000000006;NA;NA;-722.841888101638;-818.8706243272;4.34239727392383;4.3794651303414;64.1626190107999;63.0147761994844;1715.54638378192;1902.77612539961;192.057472451124;0.0099009900990099;45;45
66;18.5299999999988;0.490000000000236;19.2100000000064;NA;NA;-835.607710312275;-886.446974968333;4.39419994786281;4.42145194894534;74.7623671018968;73.703142204904;1989.59818265177;2086.76590042346;101.678529312116;0.0594059405940594;50;50
67;18.2399999999907;0.609999999999673;19.0800000000017;NA;NA;-807.634689703149;-857.931561904365;4.67875627169569;4.92236807128068;64.5922608094696;62.00420873957;1889.68929212854;1979.28770962583;100.593744402431;0.118811881188119;49;49
68;18.9600000000064;0.349999999999909;19.4700000000012;NA;NA;-809.355184702328;-872.181301505645;4.34432080121625;4.44964949688089;73.0544513435917;71.3366617273355;1929.08185834843;2047.43607094356;125.652233606634;0.0099009900990099;49;49
69;17.6200000000099;0.480000000000018;18.4400000000023;NA;NA;-773.201410475321;-832.07268664082;4.41813546007716;4.46911220630839;65.0709936304306;63.9229127709361;1820.80107083246;1933.70227433824;117.742552330996;0.0297029702970297;46;46
70;19.25;0.629999999999654;20.0800000000017;NA;NA;-854.393143450515;-898.139254481272;4.56329151559292;4.58434743883907;74.0568167215108;73.2241897941246;2024.16439448024;2108.11079434329;87.4922220615153;0.257425742574257;50;50
71;17.8600000000006;0.5300000000002;18.6600000000035;NA;NA;-773.229015334273;-853.431138537862;4.41819029509949;4.43331666431294;68.6453999590029;67.9543542320937;1836.66736632705;1994.15010712081;160.404246407178;0.0099009900990099;47;47
72;18.1999999999971;0.460000000000036;18.9900000000052;NA;NA;-790.751805334675;-864.819456608468;4.40765779359977;4.45278400168915;70.3569530031529;69.0990137212354;1880.41479074834;2023.20574424191;148.135302547586;0.0099009900990099;49;49
73;18.6100000000006;0.380000000000109;19.25;NA;NA;-843.891655313565;-894.110461127519;4.40203108520594;4.43858187364667;76.1539114846759;74.9227517453091;2012.09209882563;2107.2866977787;100.437611627908;0.0792079207920792;50;50
74;16.9700000000012;0.470000000000255;17.5399999999936;NA;NA;-772.614088017795;-835.22149357675;4.42090143336083;4.47311445735091;64.6237348890647;63.6100832712514;1819.11555856035;1940.03432598979;125.214811117909;0.0198019801980198;48;48
75;18.5600000000122;0.619999999999891;19.4800000000105;NA;NA;-814.529680671559;-863.560976846689;4.35632096266048;4.40580894343554;71.9473379122604;70.6838484234862;1935.45404964653;2028.13594996118;98.0625923502585;0.0792079207920792;50;50
76;17.1399999999994;0.529999999999745;17.75;NA;NA;-776.435745378282;-826.142005254992;4.4145149269612;4.4593931531955;65.1822673295197;64.390412373927;1828.43988295346;1924.50471006123;99.4125197534181;0.0396039603960396;47;47
77;17.6399999999994;0.510000000000218;18.2600000000093;NA;NA;-782.229845129459;-832.5882151764;4.47795664223243;4.53301674724357;64.1830482907715;63.1360901041487;1835.80372519974;1932.09428320446;100.716740093882;0.0693069306930693;47;47
78;16.9600000000064;0.519999999999982;17.5199999999895;NA;NA;-721.419266847865;-789.650860610775;4.29644590160759;4.33665933478652;62.8518747801742;61.8283204700279;1706.48203013902;1838.65173496332;136.463187525819;0.0099009900990099;44;44
79;17.1899999999878;0.570000000000164;17.8399999999965;NA;NA;-760.091880897048;-840.049612080344;4.49199313706222;4.60184936309601;64.5657599139213;63.0830377077902;1793.82543561413;1947.4568460802;159.915462366591;0.0099009900990099;48;48
80;17.0099999999948;0.549999999999727;17.6699999999983;NA;NA;-727.125416641612;-788.919848517147;4.79741398821281;4.87363942103347;54.7260079543372;53.5186223456072;1683.80891940122;1802.33318699578;123.58886375107;0.0396039603960396;44;44
81;17.7200000000012;0.639999999999873;18.5899999999965;NA;NA;-773.115374065242;-837.255002226284;4.58457174186023;4.64446251387869;63.9449766342098;63.11081762138;1817.24142719469;1941.98536280178;128.279256322083;0.0297029702970297;48;48
82;17.9799999999959;0.309999999999945;18.4500000000116;NA;NA;-744.10003613767;-802.871957352765;4.42649507628652;4.52649961463588;60.8447133398977;59.6804896696313;1744.10784618519;1856.75506125966;117.543842430189;0.0297029702970297;45;45
83;18.7299999999959;0.510000000000218;19.3499999999913;NA;NA;-798.886123641066;-863.03208056397;4.37716100576836;4.39357523387389;71.3309595780498;70.432526311806;1901.54202890981;2026.00787790652;128.291913845808;0.0198019801980198;50;50
84;19.2900000000081;0.4699999999998;19.9100000000035;NA;NA;-843.513440982307;-898.642406219775;5.09763206590666;5.34242776806218;64.6095507643533;61.7425677406592;1962.17289489992;2060.2215012302;110.257930474937;0.108910891089109;50;50
85;19.2100000000064;0.639999999999873;20.0399999999936;NA;NA;-826.157952120398;-886.156865923696;4.3972182387268;4.54848087310148;73.2607530016366;71.1008315543365;1964.30389757258;2075.10349105671;119.997827606595;0.0396039603960396;50;50
86;17.5;0.449999999999818;18.1100000000006;NA;NA;-799.429923233273;-870.549305824069;4.47363552077254;4.51573404295165;71.4645667145904;70.5249149447129;1901.73994391565;2039.99629049859;142.238765181591;0.0297029702970297;48;48
87;18.25;0.420000000000073;18.859999999986;NA;NA;-779.797846393588;-846.090812656177;4.36719664777514;4.38276716013414;72.7851188561571;72.1903215102705;1867.30634785927;1997.37768009507;132.585932525177;0.0297029702970297;47;47
88;18.2100000000064;0.429999999999836;18.7800000000134;NA;NA;-751.007263894933;-842.586372207971;4.29004766068875;4.30853861348974;71.3098138725147;70.2782537700855;1803.48809662672;1982.28522901123;183.158216626077;0.0396039603960396;47;47
89;16.8300000000017;0.449999999999818;17.3000000000029;NA;NA;-706.183828030832;-797.783729721857;4.34435971837829;4.37713980510807;61.8799869005009;60.9694410841257;1671.93439394136;1851.31474908037;183.199803382049;0.0099009900990099;44;44
90;17.4499999999971;0.559999999999945;18.1499999999942;NA;NA;-748.52126807139;-824.491167582743;4.28027205129797;4.30587286418529;67.0227064820716;65.9562047482446;1779.67097525151;1927.11343693648;151.939799022706;0.0099009900990099;46;46
91;18.25;0.6899999999996;19.2399999999907;NA;NA;-826.086843269443;-880.237458162304;4.49458750145477;4.61717908279098;70.7591380135267;69.0304926530901;1953.50831079853;2054.44793733711;108.301229785723;0.0099009900990099;50;50
92;18.8800000000047;0.600000000000364;19.5299999999988;NA;NA;-822.874736034025;-893.706592763664;4.38291238471822;4.43225621966851;75.3448778203122;74.2599573669;1965.85182700044;2102.90626107539;141.663713459277;0.0099009900990099;49;49
93;17.5899999999965;0.639999999999873;18.75;NA;NA;-768.839715049454;-826.141584863921;4.33347648048813;4.45986378720957;66.4705349845917;64.4394291319126;1818.69417850542;1924.71109541193;114.603739628935;0.0297029702970297;47;47
94;19.3999999999942;0.7800000000002;20.4700000000012;NA;NA;-823.041290852939;-883.815069384745;4.39791862336065;4.44266290607713;73.8586027938811;72.8399696514836;1960.61657612766;2077.82618555878;121.547557063612;0.0099009900990099;50;50
95;17.5299999999988;0.5;18.3000000000029;NA;NA;-797.194172664529;-849.892607521713;4.40644046582462;4.55611156047533;69.8923568970007;67.698000313563;1889.86938957674;1985.98926816486;105.396869714369;0.0396039603960396;47;47
96;17.3600000000006;0.550000000000182;18.0800000000017;NA;NA;-766.930914157144;-822.28076377571;4.36792249096809;4.51412080061397;64.5392781981578;62.6152302844566;1806.01788431046;1908.60405475768;110.699699237133;0.0396039603960396;46;46
97;17.5199999999895;0.679999999999836;18.4700000000012;NA;NA;-746.916245290086;-830.908463555636;4.3486551794635;4.36911233055153;66.2561758776666;65.6248965908935;1772.50042318945;1937.82975185454;167.984436531101;0.0099009900990099;45;45
98;18.5599999999977;0.609999999999673;19.2799999999988;NA;NA;-811.008363549889;-861.442574979061;4.46456891898242;4.53906844389563;68.4436467216167;67.182716893487;1912.79923454507;2008.31060302805;100.868422858344;0.108910891089109;49;49
99;18.1499999999942;0.490000000000236;19;NA;NA;-774.576173581855;-850.856949600741;4.45043278183521;4.46916715916036;66.8734641187404;66.1820738454057;1831.8705425078;1981.50913230739;152.561552037772;0.0297029702970297;47;47
100;17.7200000000012;0.549999999999727;18.5899999999965;NA;NA;-753.566605860517;-829.04371042621;4.30927118205368;4.36343431564795;66.4301454299006;65.0548763836834;1787.97720686744;1933.11724758415;150.954209131386;0.0198019801980198;47;47
101;18.5399999999936;0.490000000000236;19.2999999999884;NA;NA;-775.370452749733;-866.692136108106;4.39309565566086;4.40554829869439;70.9404167615858;69.9098686508834;1852.13092858006;2030.39601655178;182.643366716746;0.0099009900990099;49;49
102;16.9300000000076;0.639999999999873;17.8099999999977;NA;NA;-726.330086164661;-802.711567551618;4.75110210136731;4.75539965364817;57.1390084619344;56.5818576070713;1693.60998801808;1844.02349812553;152.762962773914;0.0099009900990099;46;46
103;17.7600000000093;0.519999999999982;18.6100000000006;NA;NA;-707.832322199965;-792.086909083828;4.46264272259518;4.66910331498632;58.6675598845349;56.1409154451657;1661.75627921356;1819.66698831187;168.509173767724;0.0198019801980198;44;44
104;17.9799999999959;0.570000000000164;18.6399999999994;NA;NA;-827.549397256533;-863.040016502715;4.65904157667105;4.78784690006763;66.3952880120674;64.7179439220307;1937.17885972683;2001.03390983339;70.9812384923644;0.841584158415842;49;49
105;17.5499999999884;0.670000000000073;18.4100000000035;NA;NA;-741.913308074857;-830.307909506505;4.47086809234177;4.50638770523372;64.1313324864347;63.2422266875118;1754.95201431038;1927.98238113529;176.789202863297;0.0099009900990099;47;47
106;17.3700000000099;0.650000000000091;18.3699999999953;NA;NA;-772.758634580533;-837.169372619527;4.80744956388413;4.86488590292738;62.5312529453967;61.6173138283692;1808.51848755217;1933.49601216602;128.821476077989;0.0297029702970297;45;45
107;18.1100000000006;0.5;18.8899999999994;NA;NA;-784.721124565684;-859.019855470694;4.30803107596817;4.31254026180611;72.5622490027244;71.859343248877;1876.21068648543;2021.83650253366;148.59746181002;0.0198019801980198;47;47
108;17.8500000000058;0.489999999999782;18.429999999993;NA;NA;-779.200186402639;-835.033184291644;4.57006197699686;4.67749411595469;62.18422789722;60.8557746591879;1821.94867192988;1927.98443632625;111.665995778011;0.118811881188119;48;48
109;17.3500000000058;0.5;18.0899999999965;NA;NA;-756.862907407165;-836.737963431736;4.44038625279949;4.47269350704204;65.6639569180541;64.9142776494825;1790.62453501771;1947.21332021764;159.750112049143;0.0198019801980198;46;46
110;17.6800000000076;0.570000000000164;18.6399999999994;NA;NA;-790.703421317903;-848.603810654309;4.33337685240824;4.37362096144684;71.3259518981961;70.307228490807;1883.69946476633;1995.18270456515;115.800778672812;0.0495049504950495;48;48
111;19.1599999999889;0.480000000000018;20.0399999999936;NA;NA;-819.666609562466;-877.425349397587;4.65534133241889;4.74697072343065;68.8782141274591;67.4864720779921;1931.9619841263;2041.56665432122;115.517479670241;0.0198019801980198;49;49
112;16.5600000000122;0.769999999999982;17.4700000000012;NA;NA;-692.321344838571;-784.791643560273;4.32490557569314;4.33806439198869;61.1371542652774;60.3234306413349;1640.39072556432;1821.92736642716;184.940597443404;0.0099009900990099;43;43
113;17.9700000000012;0.519999999999982;18.8600000000006;NA;NA;-822.851984725508;-866.126272379129;4.34132236150576;4.36933440569273;73.1082265568885;72.2229888617523;1956.30392213262;2039.091569304;86.5485753072419;0.336633663366337;49;49
114;18.2899999999936;0.5;19.1499999999942;NA;NA;-868.836791883323;-913.204199142167;4.34552361319487;4.36359648771626;81.3477686632351;80.3764009743584;2084.10091446435;2168.69906584901;88.7348145176868;0.247524752475248;50;50
115;19.1100000000006;0.420000000000073;19.8899999999994;NA;NA;-831.110070203282;-892.651700223511;4.53778755354385;4.62566153009693;72.2787614088863;70.8189387759664;1970.02622768445;2086.89269203001;123.083260040457;0.0099009900990099;50;50
116;17.7000000000116;0.550000000000182;18.5;NA;NA;-798.62377086791;-849.901171488062;4.325372340298;4.37812148117153;70.2692450362914;68.8363987964608;1895.06164406244;1991.54377700431;102.554801240305;0.118811881188119;48;48
117;18.2400000000052;0.519999999999982;19.1399999999994;NA;NA;-765.616720802418;-834.735536704933;4.30656626420748;4.32561047190908;68.6299809081043;67.6862888805357;1821.37759077568;1955.6256145873;138.237631805031;0.0099009900990099;47;47
118;17.7599999999948;0.579999999999927;18.9700000000012;NA;NA;-790.627801865013;-871.088990467323;4.46441056742351;4.53896516921708;70.3683249184055;69.0696361493576;1878.74887841659;2034.1808424964;160.92237720462;0.0297029702970297;47;47
119;17.9199999999983;0.590000000000146;18.8999999999942;NA;NA;-796.871268184368;-857.690449216499;4.48791751603552;4.62887593426187;67.3777776328344;65.77928328582;1878.59279722597;1993.47327044731;121.638362064261;0.0099009900990099;47;47
120;17.4799999999959;0.5;18.1600000000035;NA;NA;-727.462713587869;-824.072841055481;4.29661712559003;4.38063376428274;65.6204696524414;64.0312045798888;1730.91963258625;1917.4555715876;193.220254935223;0.0198019801980198;45;45
121;17.0200000000041;0.659999999999854;17.9900000000052;NA;NA;-766.006707048605;-817.148631988937;4.40980112960592;4.50522256105792;62.6609498878399;61.3447342977783;1796.24873656375;1892.98222930017;102.283849880664;0.0792079207920792;46;46
122;18.1299999999901;0.630000000000109;19.5;NA;NA;-812.683692398037;-894.78719752296;4.55635588902128;4.61510629030151;73.6496092177831;72.5089235305106;1938.26739913662;2097.62821167141;164.207010249845;0.0099009900990099;49;49
123;17.8899999999994;0.400000000000091;18.4199999999983;NA;NA;-769.601123317798;-855.704031159133;4.35289610024644;4.40827759761172;68.1797439623007;67.123669312339;1827.44294757817;1995.18403987436;172.205815682669;0.0099009900990099;47;47
124;18.2800000000134;0.550000000000182;19.1900000000023;NA;NA;-822.198781598211;-894.42073316243;4.71013888188894;4.7932293778644;69.5299963041122;67.9913720469848;1939.79542167415;2077.70248696688;144.443903128439;0.0198019801980198;49;49
125;18;0.569999999999709;19.2299999999959;NA;NA;-785.725686225655;-834.123357616588;4.53425559453942;4.66677702535145;63.7035190140884;61.982454619754;1840.7681211807;1930.28739076898;96.7953427818668;0.118811881188119;47;47
126;18.2799999999988;0.509999999999764;18.9300000000076;NA;NA;-805.37401980595;-873.185901042955;4.65798553871854;4.7601535250526;67.1522633498885;65.9335281831878;1895.35179504458;2025.81033168676;135.623762474009;0.0297029702970297;48;48
127;19.2100000000064;0.679999999999836;20.25;NA;NA;-833.324299568519;-896.726426435293;5.41351784764382;5.71230018020449;59.9442347606858;56.4820758617247;1921.3213953061;2033.41668343019;126.804253733547;0.257425742574257;49;49
128;19.3400000000111;0.5;20.1699999999983;NA;NA;-854.673165772845;-899.547867307745;5.45831869951288;5.57538797435686;60.6018099750324;59.2127761396021;1966.81283288419;2050.66093231312;89.7494030697992;0.752475247524752;49;49
129;17.0999999999913;0.5300000000002;18.1699999999983;NA;NA;-725.132081461472;-801.918977002348;4.47246415838028;4.55961727691111;60.174054984532;58.7420099582991;1704.01248386953;1851.54747598684;153.573791081752;0.0198019801980198;46;46
130;18.5;0.650000000000091;19.6900000000023;NA;NA;-806.409788166009;-885.533076952069;4.41291458009117;4.43134209135543;73.2928390265611;72.4129081052145;1924.94421110031;2079.44351784633;158.246577572119;0.0297029702970297;50;50
131;17.5800000000017;0.590000000000146;18.25;NA;NA;-762.999061480237;-842.653016235716;4.45399238314706;4.49543920935812;67.9066794240495;66.8334181066236;1813.79923373391;1968.55846258598;159.307909510956;0.0198019801980198;48;48
132;16.679999999993;0.690000000000055;17.8099999999977;NA;NA;-747.676422413218;-817.651037505516;4.3773658312527;4.49925926572724;62.8165386001044;61.192470640774;1760.91974291998;1894.0029677521;139.949230184596;0.0099009900990099;47;47
133;17.5;0.460000000000036;18.0500000000029;NA;NA;-794.151259392783;-866.076449523451;4.40226510694248;4.45327224294093;70.8255678790887;69.9607773635213;1888.47442057262;2028.6596581252;143.850380261337;0.0495049504950495;48;48
134;17.3000000000029;0.400000000000091;17.929999999993;NA;NA;-746.533641231597;-836.339039896037;4.30634514386792;4.35131894267411;68.9826783307614;67.6617288686559;1783.96073821133;1958.00121610352;179.610797328879;0.0099009900990099;46;46
135;18.9500000000116;0.659999999999854;20.1100000000006;NA;NA;-828.353015150026;-880.094522364681;4.39471739394616;4.47075055863102;71.887022757744;70.6269471182607;1962.84386069177;2060.96072129244;103.483014429311;0.138613861386139;50;50
136;19.0299999999988;0.539999999999964;20.0800000000017;NA;NA;-813.126969259884;-880.881190863564;4.50186489947906;4.57025092498722;72.3057508647947;71.0381033430362;1933.44457704165;2063.56742578423;135.508443207361;0.0099009900990099;49;49
137;17.9700000000012;0.679999999999836;19.1200000000099;NA;NA;-823.093384528013;-888.438531360103;4.3525827933484;4.40854096684911;76.0941142632135;74.8691446556987;1969.47225145125;2094.95826756625;130.690293664181;0.0099009900990099;49;49
138;16.7399999999907;0.559999999999945;17.5200000000041;NA;NA;-762.209544759793;-823.271605506634;4.3797184480706;4.51456049362681;63.2053746366496;61.6203052063545;1791.62985374128;1907.05284236061;122.124121493681;0.0198019801980198;47;47
139;18.929999999993;0.699999999999818;19.7100000000064;NA;NA;-827.776881639796;-888.718613665126;4.35240218904702;4.38356388600201;76.7280919410359;75.7236024852017;1981.53269682261;2099.14859219947;121.88346405066;0.0198019801980198;49;49
140;19.2200000000012;0.670000000000073;20.1100000000006;NA;NA;-825.334516129123;-896.926250921892;4.46109750803686;4.52170445539785;74.2284842855946;72.9334466511933;1966.02839457013;2103.70990292764;143.183469585539;0.0099009900990099;49;49
141;18.25;0.730000000000018;19.179999999993;NA;NA;-762.27424384871;-839.243424999562;4.35153218755048;4.38188702787971;67.5742919425627;66.7516373713888;1809.50291072886;1959.97221620519;153.938362301704;0.0099009900990099;46;46
142;18.8000000000029;0.579999999999927;19.6999999999971;NA;NA;-844.262775668532;-898.282914339053;4.70459221144374;4.69005504808719;72.5286906848105;71.8343757199886;1997.39598657856;2102.47945657407;108.040277341043;0.0198019801980198;50;50
143;17.5200000000041;0.670000000000073;18.7100000000064;NA;NA;-751.073482633102;-815.455442418136;4.42972142205659;4.66987265603072;61.9620334936217;59.2164296222599;1763.43502314238;1880.62098984685;128.763919570067;0.0198019801980198;46;46
144;17.3600000000006;0.480000000000018;18.3399999999965;NA;NA;-776.569782024348;-836.817173850137;4.44641092144587;4.49566607805144;64.7215154849358;63.8341104995668;1827.44135888668;1944.17515550928;120.494783651578;0.0099009900990099;48;48
145;18.6000000000058;0.579999999999927;19.429999999993;NA;NA;-774.346514610641;-848.080811873373;4.43720798371101;4.61375744442159;66.0225202377764;63.6719665132953;1829.18939231958;1966.67167053041;147.468594525465;0.0297029702970297;49;49
146;17.9499999999971;0.630000000000109;19.1900000000023;NA;NA;-774.683536790108;-869.823519108319;4.29548616451317;4.34808276935844;73.34767961538;72.2675081203977;1860.2281530057;2045.93015036823;190.279964636422;0.0198019801980198;48;48
147;18.2199999999866;0.5;19.1399999999994;NA;NA;-788.35853171848;-846.686657269661;4.46543688520554;4.50067714922822;67.2807881606192;66.4469914142277;1860.43380867057;1973.57401744436;116.656251102362;0.0198019801980198;46;46
148;17.1900000000023;0.480000000000018;18.1900000000023;NA;NA;-745.494506125929;-817.237744262165;4.33463573113861;4.35766823011564;62.8535678267355;61.9559849356872;1756.03658642043;1895.73804020152;143.486476272472;0.0099009900990099;46;46
149;17.5599999999977;0.529999999999745;18.3600000000006;NA;NA;-786.961805976591;-844.290575195589;4.42080625509984;4.4686921506458;66.8004232600171;65.6927234463303;1856.33301546128;1966.30757693022;114.657538437997;0.0594059405940594;47;47
150;23.8600000000006;0.849999999999909;25.0299999999988;NA;NA;-836.579677034714;-904.968481375903;6.38156879940949;7.02344616657841;49.2290409942342;43.7724188111652;1882.30870050409;1995.90387580403;136.777608682377;0.316831683168317;49;49
151;17.8000000000029;0.539999999999964;18.4799999999959;NA;NA;-804.571441236559;-859.833495412434;4.53694674911733;4.55621122638831;66.7726058886947;66.1413801539733;1892.13757912143;1999.98643565491;110.524108351751;0.0396039603960396;48;48
152;18.8399999999965;0.649999999999636;19.9499999999971;NA;NA;-687.056633000424;-799.308956498347;4.4620222031771;4.68244584052476;58.0804161676357;55.5232296799127;1618.39463727113;1832.14397183926;224.504646995846;0.0396039603960396;45;45
153;17.5599999999977;0.4699999999998;18.3300000000017;NA;NA;-788.845844966947;-860.242074431935;4.41476250156359;4.43812539935388;71.3328332539914;70.6007584425919;1879.26257686358;2018.96007320618;142.792458929977;0.0099009900990099;47;47
154;17.0899999999965;0.550000000000182;18.1100000000006;NA;NA;-784.44659220437;-834.335841913487;4.38725174692966;4.4211274701014;67.3691874871982;66.6367506815083;1853.70712906038;1950.38913550286;99.7784994182348;0.0792079207920792;47;47
155;17.2200000000012;0.400000000000091;17.8499999999913;NA;NA;-772.938339595716;-833.758323031179;4.37331989778945;4.41760809133665;67.1104870435144;65.9735741167336;1830.30337888409;1947.12489776204;121.639966870925;0.0198019801980198;48;48
156;18.2400000000052;0.539999999999964;19.0200000000041;NA;NA;-778.30828628329;-836.117638111505;4.62006353584804;4.70246861916868;60.8524943204691;59.669829174386;1815.14810515393;1925.74226156429;115.618703656429;0.0099009900990099;49;49
157;17.8100000000122;0.5;18.4799999999959;NA;NA;-780.580746334109;-829.548910186283;4.33731268792809;4.38979808085379;66.0268160418506;64.9940188655772;1840.30034874008;1933.87036227662;97.9363277043483;0.128712871287129;47;47
158;17.5599999999977;0.570000000000164;18.4100000000035;NA;NA;-790.907187764096;-855.914382767197;4.50860942878376;4.53373408778194;67.545501911612;66.6882403199044;1868.08474896993;1994.46590524405;130.014390006202;0.0099009900990099;48;48
159;17.8600000000006;0.5;18.5900000000111;NA;NA;-799.231364394086;-852.963581298242;4.44933294734481;4.46537129595653;68.610169074177;67.9204676760303;1889.95270565602;1994.48694635587;107.464433808311;0.0396039603960396;49;49
160;19.1700000000128;0.559999999999945;19.9499999999971;NA;NA;-797.129306807512;-885.03086002455;4.86194747141056;5.94415356013317;62.2929734812789;51.7658606241892;1858.26779670788;1989.4550450378;175.803106434076;0.0891089108910891;48;48
161;16.7700000000041;0.420000000000073;17.3099999999977;NA;NA;-731.043703240612;-802.844624704935;4.33129482244933;4.38214300012584;63.0883931187356;61.8527671142913;1727.43190982986;1865.83681315891;143.601842928645;0.0099009900990099;45;45
162;18.1600000000035;0.529999999999745;19.0099999999948;NA;NA;-801.758121217572;-855.507205345439;4.47314963577772;4.5455900830322;66.7256942217281;65.466241018084;1886.31211873212;1988.47249055825;107.498168255735;0.0891089108910891;48;48
163;17.7699999999895;0.5;18.7799999999988;NA;NA;-786.972450123062;-847.456084773994;4.34302331998334;4.40923641343715;69.31993720774;68.169993236891;1867.00594930349;1983.11164774956;120.967269301863;0.0297029702970297;47;47
164;19.25;0.650000000000091;20.140000000014;NA;NA;-832.778786115153;-892.752528971079;4.86271489571424;4.89834716116757;66.9487921616663;66.351624776215;1949.9891971901;2067.39962010615;119.947485711853;0.0693069306930693;49;49
165;16.8300000000017;0.550000000000182;17.7899999999936;NA;NA;-737.07720804261;-805.435550295465;4.26946160653547;4.33017944429246;64.7922734010916;63.6940118937411;1745.93726364097;1878.04709266592;136.71668450571;0.0099009900990099;44;44
166;18.4799999999959;0.590000000000146;19.3400000000111;NA;NA;-835.716282419976;-872.104481011402;4.38563444526822;4.45711199982964;72.9270993563762;71.6612659126829;1981.99966189388;2049.38538508269;72.7763971828504;0.594059405940594;50;50
167;17.8899999999994;0.710000000000036;18.9499999999971;NA;NA;-803.439696335528;-883.101650973961;4.38075896842517;4.65064841789595;73.9632887325685;70.9560583929745;1920.34953779128;2066.92824675166;159.323909276867;0.0396039603960396;48;48
168;19.2000000000116;0.5;20.070000000007;NA;NA;-804.772202319263;-874.879893330917;4.72419875467891;4.70823489016863;69.6988030130645;69.2910356750204;1904.94086779756;2043.42805616125;140.215382023308;0.0099009900990099;48;48
169;19.2600000000093;0.559999999999945;20.2000000000116;NA;NA;-849.849198609593;-892.634022535839;4.48097920260968;4.54110465823228;74.953352785262;73.8405751448882;2018.13735990302;2098.97937724492;85.5696478524922;0.227722772277228;49;49
170;18.0599999999977;0.539999999999964;18.7599999999948;NA;NA;-792.893189315531;-870.441792257662;4.34738359601375;4.38016825543795;72.7748856058221;71.8678727945586;1894.97013386808;2046.21390013921;155.097205884261;0.0099009900990099;49;49
171;18.25;0.5300000000002;19.070000000007;NA;NA;-796.499488654743;-856.209827836867;4.29647970527212;4.35804301885763;72.4471615284736;71.3145950508175;1899.28086407946;2013.91343770157;119.420678364247;0.0099009900990099;47;47
172;17.5599999999977;0.7199999999998;18.6500000000087;NA;NA;-759.325246559755;-811.423107910513;4.50438663443451;4.75086995273489;59.7376239606492;56.7185177143937;1769.90194172169;1861.39955613629;104.195722701516;0.0891089108910891;45;45
173;16.8500000000058;0.639999999999873;17.9399999999878;NA;NA;-676.690147752604;-782.705246189992;4.29249754051957;4.32908066957147;59.4378040970263;58.2477442414263;1602.01963500247;1809.07159116069;212.030196874777;0.0099009900990099;43;43
174;18.8399999999965;0.529999999999745;19.7700000000041;NA;NA;-807.074902626108;-872.453275533837;4.37125149548248;4.40805072754185;71.2416204191593;70.3267848124646;1917.53912744198;2044.39995745713;130.756745815458;0.0198019801980198;50;50
175;18.5800000000017;0.5;19.3500000000058;NA;NA;-811.795776276482;-878.0220544305;4.50016372989245;4.56116987023363;69.5600704712967;68.3060443758382;1919.81983185924;2046.93199690623;132.452556308037;0.0099009900990099;50;50
176;18.9600000000064;0.389999999999873;19.6299999999901;NA;NA;-846.522317674382;-914.099954081877;4.47884190382961;4.57700327274431;76.651344411145;75.1401244147058;2019.47178971452;2148.1913861973;135.15527281499;0.0297029702970297;50;50
177;18.8500000000058;0.529999999999745;19.6600000000035;NA;NA;-835.734780056341;-899.256170129652;4.45810461254387;4.49041410460508;75.763461542041;74.8401359070152;1994.11557951468;2117.22628825525;127.042780146621;0.0099009900990099;50;50
178;18.2600000000093;0.590000000000146;19.3600000000006;NA;NA;-796.172420740298;-853.445710345988;4.33276315844277;4.36759856543566;70.9011836152805;69.984998932441;1892.83721679179;2003.50083527485;114.546579211381;0.0693069306930693;48;48
179;17.6300000000047;0.630000000000109;18.5800000000017;NA;NA;-803.464349571659;-863.496493815522;4.43758751266193;4.509518541207;68.7999515410531;67.6213965113836;1899.22496591871;2014.28216897039;120.064288487725;0.0297029702970297;49;49
180;17.1900000000023;0.489999999999782;17.8300000000017;NA;NA;-758.452774801174;-832.639852612611;4.37289076848398;4.46471339741934;64.5956208552813;63.2765469891914;1789.99380061488;1932.79136187614;148.374155622875;0.0099009900990099;47;47
181;18.6900000000023;0.679999999999836;19.6600000000035;NA;NA;-818.066195514957;-892.385150002587;4.31560460176827;4.33218047377264;77.4147799149676;76.5434267446334;1965.81070923329;2110.7378765637;148.63790897526;0.0099009900990099;50;50
182;18.0599999999977;0.509999999999764;18.7700000000041;NA;NA;-791.81003857188;-865.112142408988;4.56985798616219;4.56868866708471;70.3384381262363;69.8041530918045;1881.7274326277;2026.06724116352;146.604207674217;0.0099009900990099;48;48
183;17.6100000000006;0.570000000000164;18.5599999999977;NA;NA;-769.640191739327;-843.042589338575;4.32956337188921;4.3596317723944;67.1686365970333;66.2693826951614;1823.95353177159;1966.94712203382;146.804795198497;0.0198019801980198;48;48
184;18.6399999999994;0.559999999999945;19.6100000000006;NA;NA;-812.830625284554;-865.715391157556;4.61111279925493;4.59822965644531;68.7783541154729;68.5162140526827;1917.86576078468;2022.52159172117;105.769531746004;0.148514851485149;49;49
185;17.5599999999977;0.710000000000036;18.7100000000064;NA;NA;-790.051643881753;-846.780817772472;4.38690154577133;4.42478168012714;69.7257225424094;68.7915831722831;1874.87985879998;1984.38898396521;113.458347781439;0.0099009900990099;47;47
186;18.820000000007;0.429999999999836;19.6100000000006;NA;NA;-809.726003803737;-882.572966156836;4.60490098176387;4.76524754352192;70.4337567115494;68.1851729986964;1918.68948787615;2054.83031537695;145.693924706198;0.0099009900990099;49;49
187;18.6300000000047;0.429999999999836;19.2999999999884;NA;NA;-776.055815834235;-887.467868546374;5.14180601401876;7.37449706394956;56.0659354937094;40.4328265857335;1789.13928250042;1945.87193601138;222.824105424279;0.0099009900990099;47;47
188;17.9799999999959;0.679999999999836;18.8899999999994;NA;NA;-828.424751863827;-903.059285645485;4.68116954512467;4.69644177364897;72.8380279199231;72.2708619626692;1966.30151878571;2113.16098447818;149.269067563316;0.0099009900990099;49;49
189;16.2199999999866;0.5;16.7700000000041;NA;NA;-805.374203439121;-853.449317358022;4.37903695516195;4.49749738591708;67.3769367077942;65.8236539196328;1896.99900190517;1986.55011520791;96.1502278378014;0.0594059405940594;49;49
190;17.9199999999983;0.450000000000273;18.6300000000047;NA;NA;-805.614132848917;-886.604778446581;4.40354393646686;4.53695782126682;73.3156972026796;71.3937961320652;1922.70965643095;2076.52576007208;161.981291195327;0.0198019801980198;49;49
191;16.7600000000093;0.7199999999998;17.7899999999936;NA;NA;-769.438991575883;-847.637820452703;4.34227862316176;4.38020443405739;68.5381829289881;67.3708405249958;1829.3555229852;1980.80576697378;156.397657753641;0.0198019801980198;48;48
192;17.8099999999977;0.359999999999673;18.4199999999983;NA;NA;-762.531641519405;-843.00893640916;4.2948232037308;4.30971140545622;70.0964247073025;69.2940774825397;1821.40705637966;1978.96959577845;160.954589779511;0.0099009900990099;47;47
193;16.1199999999953;0.529999999999745;16.6900000000023;NA;NA;-702.587765010528;-798.634186909139;4.30496695726518;4.32320731691693;60.9358235847716;59.9394667475108;1660.78180500855;1848.69525079737;192.092843797222;0.0099009900990099;44;44
194;16.6700000000128;0.5;17.6399999999994;NA;NA;-770.475470314553;-830.633552643583;4.80670880084498;4.89131461437748;60.0881404794944;59.084158745339;1794.98310214209;1911.05477449249;120.316164658058;0.0198019801980198;47;47
195;16.6999999999971;0.5;17.3199999999924;NA;NA;-751.234728422167;-845.121431114009;4.43995191093299;4.44107190173308;66.4518977227488;65.7474473862369;1783.40541326506;1968.20064291832;187.773405383684;0.0198019801980198;47;47
196;17;0.409999999999854;17.6299999999901;NA;NA;-772.887637709297;-828.606071734565;4.36702078746623;4.40363348512657;65.4049521361281;64.5217230024304;1822.28510301867;1929.98797956682;111.436868050536;0.0198019801980198;47;47
197;16.8300000000017;0.480000000000018;17.3800000000047;NA;NA;-819.590661250293;-872.901549569661;4.38607017881008;4.44129333500823;73.347270009214;72.2832256870407;1950.04066593911;2052.1528252555;106.621776638735;0.0198019801980198;48;48
198;16.9400000000023;0.610000000000127;17.75;NA;NA;-800.061610004812;-852.054594950799;4.4088580190069;4.69091741309865;67.7231133361014;64.5772852698834;1887.84454479482;1978.46547911516;103.985969891974;0.108910891089109;49;49
199;17.6399999999994;0.75;18.5899999999965;NA;NA;-825.676387496345;-901.917859451293;4.54273840279492;4.75505750380321;71.3002098069955;69.0386782665701;1954.99160575003;2097.84359914079;152.482943909896;0.0297029702970297;50;50
200;15.8899999999994;0.559999999999945;16.8600000000006;NA;NA;-750.772291363394;-808.505739544445;4.28684726597496;4.329780697193;64.280462286943;63.3710600616404;1771.90282926587;1883.54485595087;115.466896362102;0.0297029702970297;45;45
201;23.6900000000023;0.769999999999982;24.5500000000029;NA;NA;-863.478185523064;-958.121595078543;4.71614158681231;6.32907927825553;72.8410441723091;55.1041268032289;2037.15699378615;2150.90943697079;189.286819110959;0.0495049504950495;50;50
202;17.1500000000087;0.710000000000036;18;NA;NA;-806.412500641047;-869.702615411589;4.35299627263577;4.42012428569716;72.4683938193751;71.1828067353326;1920.70662762267;2041.82504655396;126.580229541084;0.0198019801980198;49;49
203;17.3899999999994;0.5300000000002;18.2600000000093;NA;NA;-790.814885629577;-868.594132863674;4.5904544132945;4.62500572166402;66.951819493193;66.2196789766929;1866.07425782253;2018.52225678986;155.558494468193;0.0297029702970297;49;49
204;17.6600000000035;0.609999999999673;18.5599999999977;NA;NA;-857.570859679653;-907.137606809441;4.42180205653475;4.45955860469494;76.4756071158087;75.6039104554091;2040.8204794774;2136.24176930651;99.1334942595759;0.0594059405940594;50;50
205;15.1900000000023;0.529999999999745;15.8700000000099;NA;NA;-684.3485054819;-756.236418919645;4.2668533423997;4.2984754495212;57.3786407289392;56.5965530755851;1607.35607248074;1747.8789065526;143.77582687549;0.0198019801980198;41;41
206;17.1699999999983;0.579999999999927;17.820000000007;NA;NA;-772.608974952564;-842.617984510471;4.31552106600873;4.31947796461196;68.717547336549;67.999240694078;1834.99337322833;1971.98236090363;140.018019115814;0.0297029702970297;46;46
207;16.1399999999994;0.5300000000002;16.8099999999977;NA;NA;-744.106231090537;-804.288492781801;4.40476029834983;4.56171652944845;59.6674575300121;57.8843756851431;1740.46611968119;1853.2923812438;120.364523382528;0.0396039603960396;47;47
208;16.0699999999924;0.5300000000002;16.9700000000012;NA;NA;-749.206460506634;-834.494958220419;4.52249378790162;4.60756532702211;63.3455598033536;62.0630669069262;1765.53517899728;1930.70402270268;170.576995427571;0.0099009900990099;46;46
209;18.8899999999994;0.550000000000182;19.6600000000035;NA;NA;-820.490170609083;-887.611494651634;4.77473013835341;5.15544726219379;66.8131609113643;62.6133465129689;1925.5106408238;2041.86797360929;134.242648085102;0.0396039603960396;50;50
210;17.7900000000081;0.470000000000255;18.3999999999942;NA;NA;-835.60518290157;-895.564254814471;4.34466115404398;4.38840900104962;78.5129461009607;77.3035023530794;2005.56533078771;2120.33294158608;119.918143825802;0.0198019801980198;50;50
211;16.6200000000099;0.590000000000146;17.4199999999983;NA;NA;-790.440141734992;-859.807239792627;4.52970669531728;4.55242312540726;68.2381633659348;67.2832827005341;1870.08628471203;2004.77351934296;138.73419611527;0.0099009900990099;48;48
212;17.570000000007;0.519999999999982;18.2400000000052;NA;NA;-811.300388384292;-888.551681539417;4.40593116967375;4.47178493782953;74.741254617952;73.3096870403156;1940.89362924355;2089.29974674115;154.50258631025;0.0198019801980198;50;50
213;17.4399999999878;0.539999999999964;17.9799999999959;NA;NA;-829.780683909856;-888.021819563079;4.43819689529889;4.45755373573785;72.5441224679238;71.7757892333878;1968.49752080025;2081.70777080973;116.482271306445;0.0792079207920792;50;50
214;16.8999999999942;0.480000000000018;17.5599999999977;NA;NA;-744.256474800258;-822.495649866731;4.69431451398318;5.29796775601117;58.5252766306532;52.3290137077486;1734.66536676028;1865.08275343199;156.478350132946;0.0198019801980198;45;45
215;18.8000000000029;0.570000000000164;19.6499999999942;NA;NA;-842.1755102518;-895.180308362065;4.42001094852122;4.64498508267923;76.0715771698395;72.7819320871;2008.30918006923;2100.30950493931;106.00959622053;0.0891089108910891;50;50
216;17.8600000000006;0.710000000000036;18.6399999999994;NA;NA;-818.226607241146;-878.635180867031;4.81784267436416;4.86556578546099;64.7548284721067;63.8960869483819;1911.56379514576;2028.73258311983;120.817147251769;0.0396039603960396;49;49
217;17.7600000000093;0.519999999999982;18.4899999999907;NA;NA;-842.231994893572;-892.925894610257;4.39968196102097;4.43608170121779;75.0182478752793;73.8702248699954;2003.17865895215;2099.68908810981;101.387799433371;0.0297029702970297;49;49
218;16.6199999999953;0.590000000000146;17.5500000000029;NA;NA;-755.191574796378;-834.116125165694;4.31245648220997;4.35864934767692;65.7023879567527;64.7735762827902;1788.15043438524;1942.07283618974;157.849100738632;0.0099009900990099;47;47
219;17.3300000000017;0.449999999999818;17.8399999999965;NA;NA;-803.726735366045;-874.131035858946;4.52631586120246;4.51652637843057;69.6978490755909;68.9476686339469;1904.26849353358;2041.88237864443;140.808600985802;0.0099009900990099;50;50
220;18.0299999999988;0.550000000000182;18.6499999999942;NA;NA;-862.845460422261;-918.130638214075;4.36743533686165;4.42995509974188;81.6440296433315;80.2394664941201;2073.37990754351;2177.96879528145;110.570355583628;0.0198019801980198;50;50
221;16.8000000000029;0.599999999999909;17.4199999999983;NA;NA;-837.2764261277;-890.556846759233;4.35434240300979;4.39026585428168;77.8504696579029;76.7732865880731;2005.30020218831;2107.28463630439;106.560841263065;0.0396039603960396;49;49
222;15.6399999999994;0.5;16.2400000000052;NA;NA;-781.949544188833;-848.878648034581;4.35852621736587;4.3722984507152;69.4158899377096;68.7236087354508;1858.09651341512;1989.02070488512;133.858207691494;0.0099009900990099;48;48
223;14.7300000000105;0.440000000000055;15.2200000000012;NA;NA;-759.742221359357;-798.241978359794;4.33984189791149;4.37548357937221;61.4299131723908;60.5585706107477;1779.18916149035;1852.5049363609;76.9995140008743;0.267326732673267;47;47
224;15.6599999999889;0.5300000000002;16.2700000000041;NA;NA;-811.462931650652;-878.667155152745;4.53735805266255;4.58299587472356;69.6042080068262;68.7360091434606;1919.34210656613;2050.05324484639;134.408447004187;0.0099009900990099;50;50
225;15.0199999999895;0.549999999999727;15.6800000000076;NA;NA;-752.992740344617;-822.083249480395;4.42972318602522;4.50454631452893;63.9554312174649;62.5374548711195;1775.67950897132;1907.88105457614;138.181018271556;0.0099009900990099;46;46
226;15.6500000000087;0.590000000000146;16.3300000000017;NA;NA;-817.688654850034;-865.873462041132;4.3640307967249;4.39323261886719;74.6548350946244;73.7266574189472;1951.77835665262;2044.21418177696;96.3696143821962;0.0198019801980198;48;48
227;15.9099999999889;0.559999999999945;16.5099999999948;NA;NA;-814.813394855022;-863.364381996841;4.33482399700613;4.35853711378332;72.0813740855559;71.1404861964642;1935.86416455291;2028.96878111644;97.1019742836377;0.138613861386139;49;49
228;15.4699999999866;0.619999999999891;16.2000000000116;NA;NA;-754.347179101879;-833.713311132532;4.68260855834025;4.82357422136673;61.5197100795452;60.1628838470259;1768.11717991351;1921.1278355772;158.732264061306;0.0099009900990099;46;46
229;16.75;0.480000000000018;17.3699999999953;NA;NA;-829.963204688258;-902.687165697625;4.7210356117497;4.7537620620963;71.4928296120093;71.0239156799896;1964.38553017976;2107.83653692391;145.447922018733;0.0198019801980198;50;50
230;15.5500000000029;0.619999999999891;16.3899999999994;NA;NA;-722.923993027179;-821.63084159961;4.64353726813231;4.66149559095446;61.4161072393546;60.5629592431946;1704.83392434732;1898.64997676639;197.413697144864;0.0099009900990099;46;46
231;16.1000000000058;0.5300000000002;16.6699999999983;NA;NA;-818.030174465758;-884.062088130072;4.28839620057221;4.30137251154581;78.4674134095909;77.5515136290786;1968.61981039151;2096.80188446075;132.063827328628;0.0198019801980198;48;48
232;15.4700000000012;0.610000000000127;16.2100000000064;NA;NA;-766.586434913824;-847.613285040664;4.64752052807044;4.62625778524167;63.3069326789823;62.6712219150491;1802.13207210304;1961.48495820083;162.053700253681;0.0099009900990099;49;49
233;15.5299999999988;0.360000000000127;15.9100000000035;NA;NA;-725.000057249292;-808.821237196426;4.66370513671165;4.74560620856024;57.2062118383065;56.2599503291607;1690.6046554975;1854.26711865054;167.642359894267;0.0297029702970297;45;45
234;15.0400000000081;0.549999999999727;15.6600000000035;NA;NA;-736.239068249532;-839.781085230862;4.44863445730676;4.46068191915164;65.3126874149282;64.530568208248;1747.89558630043;1951.681497251;207.08403396266;0.0099009900990099;46;46
235;16.4199999999983;0.610000000000127;17.0600000000122;NA;NA;-852.443855546087;-900.932776511318;4.55059674595731;4.61499458368577;77.164673265726;76.0960766627014;2032.72145831591;2125.15937266275;96.9778419304603;0.0396039603960396;49;49
236;15.5;0.5;16.1199999999953;NA;NA;-761.585490559524;-835.502518741551;4.4856407563005;4.61974296344238;62.8879509702656;61.1962773153273;1789.03978635444;1929.7220235457;147.834056364053;0.0099009900990099;47;47
237;16.5199999999895;0.569999999999709;17.4100000000035;NA;NA;-785.987696240415;-881.069143224844;4.39343902377925;4.41899605349185;73.9063776729322;72.8514887904455;1885.96628638139;2071.64748995211;190.162893968858;0.0198019801980198;49;49
238;15.070000000007;0.630000000000109;15.8400000000111;NA;NA;-739.989969651207;-786.280636349434;4.51407863658889;4.5893054228924;57.5203180348739;56.3655144915615;1721.25926177742;1808.9965639508;92.5813333964538;0.118811881188119;44;44
239;16.7899999999936;0.400000000000091;17.4900000000052;NA;NA;-799.597264342642;-858.664577984757;4.5430498060296;4.74094288713127;65.0501793748186;62.8772913468889;1875.55990625366;1984.46302908972;118.134627284229;0.0198019801980198;49;49
240;15.3600000000006;0.440000000000055;15.8600000000006;NA;NA;-799.570234033241;-845.329872496001;4.42090656705791;4.4523203742672;67.205343858427;66.3582362339494;1883.26173774375;1971.1997325866;91.5192769255202;0.138613861386139;47;47
241;16.3099999999977;0.559999999999945;16.9399999999878;NA;NA;-837.410056683955;-889.927413717175;4.61647224306148;4.67999720349106;71.3771287585139;70.3272265943583;1978.78651091034;2079.35011519468;105.034714066441;0.0198019801980198;50;50
242;15.8699999999953;0.510000000000218;16.6399999999994;NA;NA;-802.449378743196;-888.36648679317;4.44958570131237;4.50882750883239;72.2907837708707;71.3753011439441;1912.02580838096;2079.97060089623;171.834216099948;0.0099009900990099;49;49
243;15.1899999999878;0.639999999999873;16.3400000000111;NA;NA;-790.194096044673;-845.926424537607;4.7146866340027;4.82402071013994;62.3196484953859;60.9763061262445;1844.51042884283;1950.28175154602;111.464656985866;0.128712871287129;48;48
244;15.8500000000058;0.519999999999982;16.4700000000012;NA;NA;-828.136513622071;-890.819420800817;4.35008140542493;4.39938523915693;75.5520628072284;74.3063917245344;1978.01878471373;2098.07978843909;125.365814357492;0.0099009900990099;50;50
245;16.1299999999901;0.460000000000036;16.5900000000111;NA;NA;-818.792285354806;-877.189469602244;4.39147602163741;4.44582881820688;73.8951921409259;72.8393246556731;1952.27438440016;2064.57223921681;116.794368494876;0.0099009900990099;50;50
246;16.1999999999971;0.590000000000146;17.1100000000006;NA;NA;-794.893485238757;-867.471693221889;4.35955057468528;4.43016856887865;71.2374076363994;70.0401975379928;1891.70432559287;2031.78674296175;145.156415966264;0.0396039603960396;48;48
247;16.7899999999936;0.420000000000073;17.3600000000006;NA;NA;-789.364510975938;-870.340931978448;6.02327917478613;6.23770322863105;50.0175133635346;48.3146847654785;1790.18600717144;1944.93987070919;161.952842005021;0.0099009900990099;47;47
248;15.1999999999971;0.570000000000164;16.2899999999936;NA;NA;-811.444951979133;-857.099263805581;4.43393440286142;4.49839039570306;67.9421642938318;66.936730725457;1911.54186569515;1998.5789096166;91.3086236528961;0.128712871287129;49;49
249;16.2000000000116;0.440000000000055;16.6600000000035;NA;NA;-832.875508319794;-881.709368765154;4.37325709582992;4.40828119242545;74.9981968290941;73.9171863755356;1984.38049903028;2077.45555215245;97.6677208907208;0.099009900990099;49;49
250;15.8700000000099;0.5;16.4099999999889;NA;NA;-749.084419668939;-837.680822057555;4.31678796478583;4.35515097114073;67.943482799451;66.674196842116;1784.6801054318;1956.52045090481;177.192804777233;0.0099009900990099;46;46
