1;43.25;1.27999999999975;44.640000000014;NA;NA;-3144.20314959373;-3411.00991290213;6.12777789394444;6.38352464975272;134.195237999581;128.948837434269;7002.68896303506;7508.37740805237;533.613526616811;0.0099009900990099;105;105
2;46.8099999999977;1.5600000000004;48.4500000000116;NA;NA;-3248.5098327011;-3572.04919298228;6.68806166020524;6.60678808113014;134.281315156782;136.266762242074;7214.88387764626;7872.57674364033;647.07872056236;0.0099009900990099;110;110
3;46.070000000007;1.63000000000011;47.9799999999814;NA;NA;-2928.31947800814;-3250.99785012133;5.91731745074034;7.48318525511641;122.164239923011;95.6380754943816;6501.41037600515;7006.76450804089;645.356744226382;0.0099009900990099;96;96
4;55.2799999999697;1.85999999999967;57.3300000000163;NA;NA;-3303.63865783033;-3552.14895012137;7.03268971837684;7.46543794584574;122.131054179144;114.630797534693;7261.28687691547;7718.1437243522;497.020584582084;0.0198019801980198;112;112
5;39.9100000000326;1.27000000000044;41.2999999999884;NA;NA;-3108.50243188989;-3406.14596358094;5.89079556875042;5.94784479582443;140.474723579698;138.76701795502;6967.33742531223;7553.50293925784;595.28706338209;0.0099009900990099;109;109
6;42.5599999999977;1.63000000000011;44.2299999999814;NA;NA;-2834.44304802875;-3183.81694520066;6.66703526385865;7.10904186082778;102.924659415008;96.5102368344418;6209.92259463133;6874.95216485773;698.747794343809;0.0099009900990099;92;92
7;45.6699999999837;1.43000000000029;47.25;NA;NA;-3171.82293574026;-3398.302232222;6.47759467058263;6.52615903954914;124.895499951391;123.911787403434;7006.00324364996;7453.74492120425;452.958592963485;0.0099009900990099;101;101
8;53.9699999999721;1.73999999999978;55.9699999999721;NA;NA;-3020.95102440899;-3436.08457630556;6.42857048992885;7.52135838485522;124.379373929214;105.134461062696;6702.74169840595;7430.75871785394;830.26710379316;0.0099009900990099;103;103
9;43.9200000000419;1.31999999999971;45.4899999999907;NA;NA;-3195.69590212658;-3552.84498477704;5.72956852626695;5.78510291444207;154.054615193332;152.29172639483;7216.35145083154;7921.20937886111;714.298165300912;0.0099009900990099;112;112
10;58.7399999999907;1.81999999999971;60.890000000014;NA;NA;-3345.98732762013;-3651.86784844917;7.45566953388328;8.19140616414564;116.204190372873;105.426698709682;7312.13293289624;7866.3766798178;611.761041658094;0.0099009900990099;108;108
11;35.6599999999744;1.21000000000004;37.1199999999953;NA;NA;-2953.83318678891;-3254.18738284257;5.86980098378475;6.04083743615462;128.152825513182;124.949859872865;6586.01672509801;7169.770884169;600.708392107329;0.0099009900990099;99;99
12;33.8800000000047;0.869999999999891;34.7800000000279;NA;NA;-2885.61466424739;-3156.69650534758;5.61553273682482;5.81307424926696;123.685477873642;119.925598990793;6422.72769946374;6945.08667209491;542.163682200381;0.0099009900990099;94;94
13;44.6900000000023;1.42999999999938;46.3999999999651;NA;NA;-2840.66911696444;-3144.66226871905;6.66159988526582;8.43453601671142;99.6246414561948;78.2847989976564;6206.09904443716;6701.68029573263;607.986303509235;0.0099009900990099;94;94
14;46.1500000000233;1.38999999999942;47.789999999979;NA;NA;-3213.06789219811;-3529.2829350718;6.18169956157872;7.07149930275891;138.144718627539;121.422260761947;7165.27873867387;7708.23535752105;632.430085747375;0.0099009900990099;111;111
15;43.929999999993;1.15999999999985;45.359999999986;NA;NA;-3376.41527055028;-3665.5639274967;5.92976798159702;6.01580843813095;157.93630902981;155.801427190713;7599.97429011323;8166.82045755355;578.297313892838;0.0099009900990099;114;114
16;36.1500000000233;1.43000000000029;37.820000000007;NA;NA;-2915.43923272938;-3244.41865661923;5.67548115373416;6.02189403068355;126.936024523296;120.724099320383;6502.14358295537;7127.25242840614;657.958847779695;0.0099009900990099;98;98
17;33.1900000000023;1.32999999999993;34.8800000000047;NA;NA;-2764.65716177912;-3029.42650086545;6.6229775072452;6.60420869956571;94.9066544140236;94.4747330860559;6025.55145039234;6552.83174742058;529.538678172663;0.0099009900990099;87;87
18;44.9699999999721;1.47000000000025;46.539999999979;NA;NA;-3223.70205657212;-3521.99977809402;7.72374275749529;8.72323464369807;108.635022783649;95.7856978964969;7028.16395275146;7556.06725886457;596.595443043803;0.0099009900990099;110;110
19;43.5899999999674;1.47000000000025;45.2599999999511;NA;NA;-3138.56884534732;-3471.79498288083;5.89616266944549;6.48451191143176;142.795295800249;130.758432233622;7039.86537110753;7642.02386831465;666.452275067016;0.0099009900990099;109;109
20;68.9200000000419;2;71.3600000000442;NA;NA;-3687.94167876994;-3989.61506111538;11.8094690423739;11.9155278516852;79.7089286280455;78.6298398469566;7804.4638586629;8402.00855803292;603.346764690878;0.287128712871287;117;117
21;36.5599999999977;1.10000000000036;37.7800000000279;NA;NA;-2827.97654389908;-3114.81179809454;6.66441355062687;7.63938089237904;100.577277040841;88.0103032425417;6183.54498453752;6691.29370882778;573.670508390918;0.0099009900990099;90;90
22;38.7600000000093;1.55000000000018;40.5200000000186;NA;NA;-2816.39825140483;-3019.91367537343;5.99099440766638;6.84744736367578;105.059030773533;92.1698326852649;6180.89554946209;6520.68270466502;407.030847937184;0.0099009900990099;85;85
23;53.3500000000349;1.78999999999996;55.3300000000163;NA;NA;-3389.69157327507;-3662.91672900705;6.06786784387192;6.95554463814466;148.798124571833;129.73963605912;7574.85382208261;8019.41797889602;546.450311463951;0.0099009900990099;110;110
24;40.4700000000303;1.25;42.0800000000163;NA;NA;-2842.54730068831;-3072.06639950833;6.00310718488781;6.7671999299462;110.275508458631;96.8848119005932;6262.32079792729;6651.26672438763;459.038197640024;0.0099009900990099;88;88
25;41.6699999999837;1.10999999999967;43.0900000000256;NA;NA;-3273.82102879834;-3602.24775681819;13.9367740655072;15.3129661156761;56.8195501173552;51.5949274114264;6848.9727534042;7478.11850686518;656.853456039712;0.0297029702970297;101;101
26;27.890000000014;0.869999999999891;28.8499999999767;NA;NA;-2643.912329603;-2911.57239723919;5.49979390244623;5.57325328831387;107.006918348223;105.436919425085;5844.16346133311;6371.32102792561;535.320135272375;0.0099009900990099;82;82
27;54.4700000000303;1.52999999999975;56.6599999999744;NA;NA;-3225.85789706528;-3533.06447898991;5.75491998310838;7.54477781024094;143.542793576844;109.244136379358;7216.43311110697;7648.121831225;614.413163849256;0.0099009900990099;106;106
28;61.6600000000326;1.60999999999967;63.5200000000186;NA;NA;-3612.91460596508;-3842.1493547074;14.804717920195;15.8583321328832;57.3997087122478;53.2437750895918;7532.94620267547;7969.17938822469;458.469497484632;0.257425742574257;111;111
29;56.3300000000163;1.76000000000022;58.25;NA;NA;-3206.71197796278;-3499.13488607194;9.03917725026345;9.85234179051195;87.7905159072283;79.9776872641932;6881.53586480259;7424.72253262629;584.845816218331;0.0297029702970297;107;107
30;33.289999999979;1.02999999999975;34.4799999999814;NA;NA;-2976.60653418979;-3177.96738210862;5.71135005507641;5.81351125735863;125.949274934008;123.994929082875;6616.6357179493;7009.06313219293;402.721695837656;0.0099009900990099;94;94
31;32.0699999999488;1.03999999999996;33.2799999999697;NA;NA;-2874.35862852587;-3139.75709862583;5.62711988152141;5.85843844848676;123.325618224906;119.470111166605;6398.3201106248;6908.80863134878;530.796940199937;0.0099009900990099;94;94
32;84.1900000000023;2.1899999999996;86.75;NA;NA;-3829.83290673453;-4210.82514898614;7.82007038460279;9.38607682755102;140.311407645061;115.523175521645;8420.94478537262;9048.43728392159;761.984484503222;0.0099009900990099;129;129
33;49.9899999999907;1.15000000000055;51.2799999999697;NA;NA;-3506.75611665595;-3777.67739446736;6.5741474228883;7.21448028836089;145.491632046645;132.641841848393;7795.17000845857;8267.97671455399;541.842555622817;0.0099009900990099;116;116
34;35.6300000000047;1.27999999999975;36.9400000000023;NA;NA;-2994.52727222642;-3312.02614299041;5.8529169169456;5.98765205958799;131.177980264705;128.268202400887;6683.41792401891;7303.01336108062;634.997741527982;0.0099009900990099;99;99
35;58.2300000000396;1.94999999999982;60.5699999999488;NA;NA;-3352.35280265721;-3624.92908557231;7.69981799914008;7.77276423382271;113.397271554984;112.497776123858;7310.40649632468;7850.75449166898;545.152565830187;0.0099009900990099;109;109
36;62.5599999999977;1.6899999999996;64.6699999999837;NA;NA;-3341.04875910461;-3759.21407812014;6.17197437833407;6.90157412763041;153.998895413241;137.677338085738;7509.46079862913;8258.10342321173;836.330638031068;0.0099009900990099;116;116
37;25.9300000000512;1.05000000000018;27.2400000000489;NA;NA;-2535.7349384617;-2742.6907703274;5.4724197675312;5.59069046051825;97.6062865235887;95.7652590110657;5576.49326458274;5980.87929237137;413.911663731393;0.0099009900990099;78;78
38;29.1699999999837;0.760000000000218;30.1100000000442;NA;NA;-2748.71835433521;-2920.34685500224;5.52296850446882;5.64939245177002;110.553159147312;108.402440196117;6075.48450096081;6407.49606750889;343.257001334061;0.0099009900990099;87;87
39;34.6900000000023;1.35999999999967;36.3300000000163;NA;NA;-2844.88017575328;-3207.4542278462;5.75785028026502;5.80886258715102;127.028524577799;125.484566573462;6359.53993357068;7076.54725559515;725.148104185841;0.0099009900990099;95;95
40;67.7599999999511;1.86999999999989;69.8399999999674;NA;NA;-3886.72526617978;-4151.30829285794;14.2372239438513;15.1267501215624;69.2891329395268;64.7509912780088;8145.40834062867;8650.21274946121;529.166053356308;0.128712871287129;115;115
41;40.859999999986;1.05000000000018;42.0300000000279;NA;NA;-3036.98327505942;-3421.84836404219;5.57846086371963;5.68000489208614;147.077605443332;144.688884917986;6859.56778587241;7616.53883717876;769.73017796554;0.0099009900990099;109;109
42;59.7399999999907;1.48000000000047;61.4100000000326;NA;NA;-3486.83124229677;-3774.39809536692;13.0005887204317;13.3518640973844;64.7065955359582;62.7861451147679;7318.68754385257;7883.58112663469;575.133706140292;0.485148514851485;107;107
43;56.9099999999744;1.8100000000004;59.1199999999953;NA;NA;-3241.61286771706;-3539.28184065747;6.98260013443433;7.99644229437585;119.813659023652;104.141529605184;7122.08974090792;7633.86159377249;595.337945880811;0.0099009900990099;107;107
44;61.4500000000116;1.73999999999978;63.4099999999744;NA;NA;-3500.16133215709;-3783.93182205418;12.5742982333755;12.5472456219482;69.2708420225387;69.4741894159718;7370.64267780179;7939.27074716036;567.540979794177;0.0891089108910891;110;110
45;52.75;1.67000000000007;54.5;NA;NA;-3326.74017719623;-3712.54710268251;7.22306864880329;7.62810168222132;127.030711076566;119.928707954802;7335.40640643505;8068.89529605476;771.613850972557;0.0099009900990099;115;115
46;38.5199999999604;1.08999999999924;39.7700000000186;NA;NA;-3139.73100360052;-3318.65184911826;5.88291292977006;6.12293130451036;133.457053751147;129.505227552573;6989.81552856012;7326.62278509362;357.841691035478;0.0099009900990099;105;105
47;54.9000000000233;1.55999999999949;56.75;NA;NA;-3422.09646952213;-3699.13231261401;6.66169442207178;7.81457266556621;136.032420656759;114.815253695323;7570.17047418453;8011.01042855791;554.071686183756;0.0099009900990099;108;108
48;60.140000000014;1.53999999999996;61.960000000021;NA;NA;-3332.0625575231;-3624.42077451417;8.9525815637979;9.03876415467163;97.8781599938083;96.0605543102509;7186.93212711745;7761.93999080561;584.716433982133;0.0297029702970297;109;109
49;46.140000000014;1.40000000000055;47.8300000000163;NA;NA;-3145.55106409318;-3428.84939424302;5.98776457774288;5.98496223603359;139.556701350029;139.23887155517;7040.27018039346;7605.16066731669;566.596660299678;0.0099009900990099;115;115
50;62.2800000000279;1.84000000000015;64.4500000000116;NA;NA;-3352.8520407263;-3674.21319454381;7.67500215735099;8.05552047743094;115.030040632794;109.340790583837;7322.19909304122;7934.43028500273;642.722307635013;0.0099009900990099;113;113
51;39.570000000007;1;40.9500000000116;NA;NA;-3170.34829456991;-3436.28370857415;6.03438688353376;6.16564219976336;136.282831346751;133.813108643875;7066.09091208408;7584.81611631731;531.870828008497;0.0099009900990099;105;105
52;35;1.22000000000025;36.2800000000279;NA;NA;-2856.5492934107;-3073.88011854788;7.85750944205635;8.53374751490693;79.1295513720383;73.0888808818803;6124.97997509821;6528.19901380117;434.661650274345;0.0396039603960396;83;83
53;63.4899999999907;1.80999999999949;65.7799999999697;NA;NA;-3552.79735392119;-3847.05928527904;7.31220770405531;8.16561848138961;130.169994319191;117.32422358902;7804.93656495876;8324.44617284934;588.523862715688;0.0198019801980198;116;116
54;81.5199999999604;1.97999999999956;83.75;NA;NA;-3757.16495275136;-4097.7852806608;7.96288447939837;8.46698194973084;134.005475888862;125.262334659792;8238.74649701454;8872.72284123527;681.240655818881;0.0099009900990099;124;124
55;40.1699999999837;1.31999999999971;41.679999999993;NA;NA;-3078.11419335276;-3406.11221603742;5.96083959878392;6.03673497734683;137.199988359402;135.462062094514;6885.84800841437;7532.6018875189;655.996045369324;0.0099009900990099;104;104
56;49.0899999999674;1.42000000000007;50.9400000000023;NA;NA;-3092.96530719905;-3373.58648813392;7.24678660287532;6.74214893015659;108.997559223325;116.62496516105;6765.57175634475;7367.37611170625;561.242361869745;0.0099009900990099;104;104
57;46.820000000007;1.57999999999993;48.8000000000466;NA;NA;-2972.82279221572;-3175.0538484238;7.02764665125428;7.89654418002792;96.9295268239445;86.5828307488464;6453.5611958997;6803.80609880441;404.462112416157;0.0198019801980198;89;89
58;47.2600000000093;1.61999999999989;49.1399999999558;NA;NA;-3449.04858747271;-3749.61068907092;5.90070693331941;6.04271577632443;164.205039700317;160.795709567059;7780.99799186751;8363.79084320466;601.124203196418;0.0099009900990099;117;117
59;48.890000000014;1.57999999999993;50.8600000000442;NA;NA;-3088.65383970103;-3370.29295804864;6.83418181911551;7.20952370083573;114.912930959897;108.549304901892;6787.85120144844;7317.31887710421;563.278236695214;0.0099009900990099;103;103
60;77.4699999999721;2.42000000000007;80.640000000014;NA;NA;-3811.34019731919;-4093.38901502175;8.39060061295028;9.12065074450931;125.140066467965;114.402988110691;8300.17285011802;8806.14130446817;564.097635405114;0.138613861386139;126;126
61;33.929999999993;1.11999999999989;35.1700000000419;NA;NA;-2805.58081677994;-3135.8574125292;5.78981899886289;6.11345644983455;117.994958373926;112.690353146129;6232.05488273746;6864.69507167316;660.553191498523;0.0099009900990099;93;93
62;80.1100000000442;1.96000000000004;82.7399999999907;NA;NA;-3815.89407678609;-4154.67388408178;9.21815187207314;10.5123757538099;115.33188777471;99.8178536183466;8256.18037301849;8849.7489734475;677.559614591375;0.0396039603960396;126;126
63;43.609999999986;1.64000000000033;45.4699999999721;NA;NA;-3282.37881737233;-3519.73839626811;6.5783936318591;6.43273034884361;131.689023318122;135.624481401199;7266.32456177515;7762.00968289632;474.719157791546;0.0099009900990099;106;106
64;27.2200000000303;1.09999999999945;28.539999999979;NA;NA;-2703.35017140365;-2881.19503116412;5.49668590243705;5.65278620791081;107.087789545129;104.493788848026;5963.45960171895;6305.66287323428;355.689719520939;0.0099009900990099;82;82
65;69.0599999999977;2;71.3699999999953;NA;NA;-3717.09140961851;-3930.20649819742;10.1441066766869;10.1516664658703;96.5909745714911;95.4479733562355;7954.35361699345;8374.42839654178;426.230177157819;0.287128712871287;119;119
66;48.609999999986;1.55999999999949;50.5800000000163;NA;NA;-3364.82683032535;-3679.07662008973;6.80589279765075;7.39998055695578;135.390953758562;124.73497137085;7454.66974161916;8026.10673036813;628.499579528741;0.0099009900990099;112;112
67;48.2999999999884;1.5;50.2799999999697;NA;NA;-3002.93529442342;-3347.95559140217;6.50258253817964;7.19707618759033;118.189151381173;105.381070006422;6632.07422214729;7254.25353612477;690.040593957487;0.0099009900990099;100;100
68;49.75;1.39999999999964;51.3399999999674;NA;NA;-3430.00947904479;-3726.21297451663;5.88846510975406;5.9366067541912;163.439851968911;161.881395986197;7742.89234676232;8326.88083207239;592.406990943677;0.0099009900990099;123;123
69;54.0599999999977;1.97000000000025;56.640000000014;NA;NA;-3332.62859497401;-3624.50161422645;6.36397270699111;6.82016153139715;141.693768711434;131.712444256336;7424.02472970559;7954.3209583198;583.746038504871;0.0099009900990099;112;112
70;47.0999999999767;1.19000000000051;48.4799999999814;NA;NA;-3277.72457715267;-3596.81967677181;6.11038632646085;6.26565569965086;150.204975044252;146.058775138315;7361.77925165751;7977.71182745282;638.190199238281;0.0099009900990099;115;115
71;47.4500000000116;1.42000000000007;49.140000000014;NA;NA;-3058.61513704069;-3315.72249340249;6.88885330348455;7.36917879322452;111.39310482442;103.39393214459;6706.30107473933;7178.2144344076;514.21471272361;0.0099009900990099;98;98
72;31.0199999999604;0.859999999999673;31.9199999999837;NA;NA;-2788.63587531736;-3099.08451809925;5.69353531818483;5.7490264793543;119.276934098277;117.674619786341;6204.91079712287;6817.37665347091;620.897285563762;0.0099009900990099;93;93
73;38.7200000000303;1.15999999999985;40.1399999999558;NA;NA;-3299.40029854906;-3511.73019555407;6.3340335759821;6.37610958716103;137.802952695436;136.999659581328;7334.8621450252;7755.23122420331;424.659794010017;0.0099009900990099;109;109
74;32.890000000014;1.19999999999982;34.2399999999907;NA;NA;-2561.55097619091;-2784.60809471075;5.87917671748833;6.19613492225851;93.350558980953;88.3819868112667;5606.70043440833;6027.07520094746;446.114237039678;0.0099009900990099;79;79
75;55.140000000014;1.39000000000033;56.6199999999953;NA;NA;-3324.24265496814;-3639.80079467766;6.86132041016819;7.2066753880739;133.66180046661;126.423928282136;7364.83586301194;7957.16130073695;631.11627941904;0.0099009900990099;113;113
76;54.1900000000023;1.31999999999971;55.609999999986;NA;NA;-3220.4733258655;-3563.99887236752;9.5442067278134;9.10084019841224;86.284921864973;90.4556439775756;6901.43184042997;7610.74123439229;687.051093004027;0.0099009900990099;108;108
77;27.5199999999604;1.10999999999967;28.710000000021;NA;NA;-2582.35940972374;-2800.38920199863;6.15557145204165;6.98736865521356;89.5172767258381;79.677612491238;5626.13350348572;6011.47477163992;436.059584549766;0.0099009900990099;75;75
78;34.9699999999721;1.18000000000029;36.4200000000419;NA;NA;-3042.12631494114;-3362.73451601337;5.69530004744892;5.73689889712582;138.567790379176;137.082819867878;6818.42876009246;7451.77731718809;641.216402144453;0.0099009900990099;100;100
79;52.1000000000349;1.27999999999975;53.7700000000186;NA;NA;-3429.26763601741;-3705.96678084474;6.37558896429097;6.80306206444713;145.033503838037;135.898821354845;7635.83162990359;8140.27326308526;553.398289654659;0.0099009900990099;113;113
80;36.9500000000116;1.11000000000058;38.140000000014;NA;NA;-2837.83070366905;-3075.53774353692;7.03824754268493;7.92324991060577;87.1494870783973;77.2782715148498;6130.32532753819;6554.24070411776;475.41407973574;0.0099009900990099;85;85
81;55.0899999999674;1.04999999999927;56.25;NA;NA;-3593.73019481776;-3955.54459949256;5.9016090567017;5.98840170444287;181.207111414398;178.785645837589;8167.77077416663;8878.29972318402;723.628809349597;0.0099009900990099;125;125
82;48.9199999999837;1.21000000000004;50.5200000000186;NA;NA;-3597.89878071203;-3830.3798336594;6.22768186824485;6.47572752536172;161.526927293554;155.856787768836;8066.3434058928;8500.74641874028;464.962105894739;0.0099009900990099;120;120
83;38.8800000000047;1.38999999999942;40.4400000000023;NA;NA;-2839.91119613302;-3098.76895175701;6.58436431930111;7.21840195396541;100.17356580443;90.5572823812203;6201.84093538651;6669.44464096494;517.715511247982;0.0099009900990099;84;84
84;33.6699999999837;1.10999999999967;34.859999999986;NA;NA;-2449.50045296158;-2756.83415527638;6.3178352055834;6.73980244038362;85.6361643526539;79.4997886959346;5343.70581228223;5926.50728290563;614.667404629591;0.0099009900990099;81;81
85;72.460000000021;1.67000000000007;74.6900000000023;NA;NA;-3687.23193049405;-4063.09815259909;6.60268533469972;6.87715363118536;168.450631192927;161.510577419085;8288.41608685027;9002.49430828132;751.732444210079;0.0099009900990099;129;129
86;56.429999999993;1.76999999999953;58.4400000000023;NA;NA;-3450.81674573029;-3725.01812162341;8.48989719178582;9.38214917693887;103.523688007943;93.135470874256;7455.06827614119;7947.93590525911;548.402751786237;0.0198019801980198;110;110
87;30.390000000014;1.05999999999949;31.7700000000186;NA;NA;-2758.00750971861;-3064.06918868655;5.55695258456588;5.75366895369941;118.762266447807;115.274650715558;6141.58096665677;6735.33372840636;612.123357935882;0.0099009900990099;94;94
88;31.0799999999581;1.17000000000007;32.3099999999977;NA;NA;-3003.61443766408;-3193.36228012302;5.6152018270218;5.73042310268981;128.35062790823;125.754531802107;6685.31650697856;7051.09678832711;379.495684917872;0.0198019801980198;97;97
89;59.710000000021;1.90999999999985;61.8600000000442;NA;NA;-3558.88215459551;-3874.57535134173;8.23443827639189;9.43908131450659;116.576435929893;101.083001631603;7741.50622352869;8289.99503749063;631.386393492437;0.0099009900990099;111;111
90;43.1300000000047;1.60999999999967;44.9000000000233;NA;NA;-3011.71584082592;-3289.23809677151;10.1058054224856;10.1434289025101;70.1416907901068;69.7666656357896;6393.63295822556;6946.69812246612;555.044511891176;0.0099009900990099;96;96
91;25.109999999986;0.840000000000146;26.0599999999977;NA;NA;-2588.54583952305;-2783.15670792802;5.5979849469747;5.66753072571575;97.1624259365419;95.9469230358127;5679.19163049281;6062.1320919892;389.22173680994;0.0099009900990099;77;77
92;48.2700000000186;1.52999999999975;50.0099999999511;NA;NA;-3102.89417109336;-3334.17900332141;8.02588659373901;8.22514012857663;93.6361154506764;90.9185725699414;6701.43166161098;7149.61657753707;462.569664456098;0.0099009900990099;99;99
93;35;0.970000000000255;36.0300000000279;NA;NA;-2903.31345670771;-3209.11250600784;6.03539987432212;7.32370989383715;117.342320194702;97.0019370622657;6424.71346461643;6929.1710427329;611.598098600251;0.0099009900990099;94;94
94;38.7000000000116;1.09000000000015;39.8800000000047;NA;NA;-3051.09350169673;-3318.15664843021;7.82547443457315;7.83877277776606;97.0887860964775;96.7400710966432;6618.02911897954;7150.30265590804;534.126293466957;0.0099009900990099;103;103
95;39.7999999999884;1.17999999999938;41.109999999986;NA;NA;-3263.42584407539;-3473.26685676114;6.34124203117817;6.64093652665928;131.185597167179;125.46118803211;7225.73663661687;7614.92214811985;419.682025371518;0.0099009900990099;106;106
96;80.8600000000442;1.77999999999975;82.9499999999534;NA;NA;-4034.79293013654;-4295.43073004078;6.68130544979335;7.0399256980782;181.420558881984;171.536761270297;9058.70158108431;9526.09012608885;521.275599808484;0.0099009900990099;136;136
97;42.6000000000349;1.36000000000058;44.140000000014;NA;NA;-3386.03719362858;-3674.54435414852;5.85911190770682;5.96192480079503;159.55078535484;157.141370157354;7627.8779152344;8191.96853914684;577.014321039878;0.0099009900990099;114;114
98;38.460000000021;1.35999999999967;39.9000000000233;NA;NA;-2774.13611423024;-2993.70134164466;6.59961044103829;7.61321797346017;93.2457590588315;80.9663494583743;6035.28605562047;6410.28230933234;439.130454828841;0.0099009900990099;86;86
99;64.9500000000116;1.92000000000007;67.25;NA;NA;-3556.98428758426;-3909.2199564224;8.66138369454509;10.5035401656478;107.790225937184;88.9356246744965;7694.90164209566;8297.75651833504;704.471337676291;0.0099009900990099;120;120
100;52.1199999999953;1.31999999999971;53.9199999999837;NA;NA;-3272.50919269188;-3549.23271415093;7.72510159393271;8.76857652296027;107.546656273427;94.3697455965064;7120.92876261375;7603.81368987315;553.447042918096;0.0396039603960396;112;112
101;54.4699999999721;1.64000000000033;56.3899999999558;NA;NA;-3301.45402548874;-3588.70566127922;6.37757790236378;7.78103387041435;132.934047347102;108.487979798607;7313.56980661954;7757.38507441772;574.503271580957;0.0099009900990099;110;110
102;43.3500000000349;1.59000000000015;45.1100000000442;NA;NA;-3015.61006188048;-3301.67071865065;11.0776674477327;13.8234638442666;59.3655561169155;48.2721309449788;6342.63028790759;6856.55951870324;572.121313540352;0.0297029702970297;90;90
103;30.789999999979;1.25999999999931;32.2300000000396;NA;NA;-2792.97353248911;-3065.64413334577;6.63801164872371;7.1711971387978;96.2732003647498;89.0377938779826;6089.32943194813;6596.83896265125;545.341201713322;0.0099009900990099;87;87
104;34.0900000000256;1.35999999999967;35.75;NA;NA;-2948.97003915068;-3219.21891170186;6.24279454915942;6.85797490075619;114.709285342504;104.653090436331;6502.76436836484;6990.23910903729;540.497745102346;0.0099009900990099;95;95
105;50.8400000000256;1.82999999999993;52.8600000000442;NA;NA;-3286.77061643748;-3573.40439072783;7.50421948946697;9.00229149032523;108.661466843785;90.801326716847;7151.39505983892;7629.68367409969;573.267548580705;0.0198019801980198;104;104
106;36.5699999999488;1.02999999999975;37.7600000000093;NA;NA;-3256.34126710884;-3462.35463308072;5.94892472422672;6.08075710425918;141.629947793339;139.146709497242;7268.53294035354;7667.30713140548;412.026731943758;0.0099009900990099;108;108
107;48.7200000000303;1.55000000000018;50.390000000014;NA;NA;-3100.01607269169;-3415.74637343242;8.5699723682418;9.47585963716605;86.6047897476186;78.1417249794965;6658.45660331768;7245.11973008561;631.460601481459;0.0099009900990099;99;99
108;71.7999999999884;2.13999999999942;74.2099999999627;NA;NA;-3780.78468596571;-4070.20976908946;9.32187155873916;9.77572949785466;110.495798100034;104.865597250877;8158.44827586749;8706.88508550261;578.850166247497;0.0198019801980198;123;123
109;42.25;1.42999999999938;43.9499999999534;NA;NA;-3102.71298731737;-3299.67549363255;6.63603245386639;6.89170838732814;111.266719053067;106.946686245012;6792.09874622446;7163.24564836114;393.925012630366;0.0099009900990099;95;95
110;68.2000000000116;1.86000000000058;70.5099999999511;NA;NA;-3725.84941424576;-4073.36994648543;8.38895245058818;9.9452155870285;121.381353531682;102.84096715803;8106.38464051353;8701.42576632793;695.041064479354;0.0099009900990099;121;121
111;39.7699999999604;1.10000000000036;41.0099999999511;NA;NA;-3107.26327914154;-3409.63415358797;9.6374370398111;10.1336776795285;80.3402802229;76.5653446508367;6640.99033453448;7225.69389990717;604.741748892854;0.0099009900990099;102;102
112;33.2699999999604;1.13999999999942;34.5;NA;NA;-3206.16952233246;-3340.90649809704;5.77125139133311;6.11671273572309;135.193605421502;128.770127679325;7126.57872707685;7362.11688195165;269.473951529153;0.0297029702970297;97;97
113;42.890000000014;0.920000000000073;44;NA;NA;-3386.35612279636;-3655.10660557151;6.06722464246885;6.18455985246362;153.356371111114;150.710581422543;7596.62354661414;8119.90993464969;537.50096555029;0.0099009900990099;116;116
114;53.9700000000303;1.76999999999953;56.0300000000279;NA;NA;-3454.89253334489;-3653.96687487254;9.38386251692335;8.71005085660034;92.6424720972678;99.3502741325394;7405.46837038654;7839.5071306183;398.148683055317;0.237623762376238;111;111
115;33.1100000000442;1.11999999999989;34.429999999993;NA;NA;-3065.16715521526;-3335.25453746312;5.85943358447883;6.04022025376482;132.933182246476;129.395956019856;6835.31786308987;7356.73368215405;540.17476449572;0.0099009900990099;101;101
116;39.2000000000116;1.36999999999989;40.7999999999884;NA;NA;-2883.67517878679;-3050.23763580932;10.0908661034696;10.4162780223472;58.4161041021648;56.4147937599867;6072.1105550721;6394.79451718255;333.124914045057;0.465346534653465;85;85
117;40.1599999999744;1.21000000000004;41.710000000021;NA;NA;-3288.92731984989;-3516.97255526592;5.89446359220492;6.07900188891313;145.914652097516;142.198423148929;7358.57060260632;7794.77740020701;456.090470832061;0.0099009900990099;111;111
118;34.9200000000419;1.21000000000004;36.3299999999581;NA;NA;-3033.56722293167;-3328.66853078942;5.57635130523306;5.6890141442954;139.70606786841;137.338257077573;6810.0812172695;7387.69198633729;590.202615715504;0.0099009900990099;104;104
119;32.5299999999697;1.34000000000015;33.8999999999651;NA;NA;-2300.31100572025;-2620.51899034456;10.4440233523933;11.4065707175626;41.1639297240483;37.5415423492302;4809.21197757837;5431.27222459839;640.415969248611;0.0099009900990099;63;63
120;66.2800000000279;1.98000000000047;68.640000000014;NA;NA;-3629.93245371049;-3947.3600632913;6.72694050236398;7.48660215993212;152.908738047678;137.258244745459;8087.0842291334;8637.2720145092;634.855219161632;0.0099009900990099;125;125
121;27.4500000000116;0.949999999999818;28.5900000000256;NA;NA;-2733.89136805965;-3001.60543061616;5.4803088422692;5.61705671196759;115.112038941558;112.623974733171;6069.66748088313;6592.08629867442;535.42812511301;0.0099009900990099;87;87
122;72.179999999993;2;74.5;NA;NA;-3971.6150269412;-4203.56807544262;9.23932984289957;9.83543556165223;116.392148498121;109.008952578783;8574.73177304724;8998.57931819625;463.906097002849;0.267326732673267;129;129
123;44.4000000000233;1.35999999999967;46;NA;NA;-3426.26166477648;-3722.32869299404;5.71576427757089;5.77482823793899;167.195978899126;165.319507990191;7752.21736245279;8334.25398896888;592.13405643513;0.0099009900990099;118;118
124;42.9799999999814;1.36999999999989;44.5;NA;NA;-2861.72711777057;-3225.49601062163;7.68652544773875;8.75128457489827;90.6694617640446;78.882287640129;6199.57427014801;6865.2156946872;727.537785702121;0.0099009900990099;91;91
125;52.6599999999744;1.6899999999996;54.5599999999977;NA;NA;-3251.52421514822;-3625.57903080599;10.0310852619539;10.2996518789911;85.3202556253547;82.3681175820779;6956.77538303061;7689.18575760332;748.109631315542;0.0099009900990099;104;104
126;49.9700000000303;1.5;51.640000000014;NA;NA;-3187.51848364749;-3438.45134731189;6.95192395118615;7.88835632093778;114.602070420864;100.425887006624;6985.0308341632;7411.44081355892;501.865727328795;0.0099009900990099;105;105
127;49.5;1.30000000000018;51.179999999993;NA;NA;-3159.46836195953;-3428.17572326099;8.38602111458884;8.52097190326331;93.5447429254667;91.5068621094542;6815.49267575016;7342.08988133751;537.414722602927;0.0198019801980198;102;102
128;44.3699999999953;1.14999999999964;45.8800000000047;NA;NA;-3532.87143290382;-3723.96102310252;5.94420482448713;6.03349676131804;164.512757881205;162.362628083837;7951.69243705705;8322.29253631422;382.1791803974;0.0198019801980198;119;119
129;58.4100000000326;1.55999999999949;60.1900000000023;NA;NA;-3383.06909797052;-3673.80321143538;7.84987259762563;8.51734124445639;113.80197222925;104.060375301138;7376.05146557329;7905.31032286314;581.468226929725;0.0099009900990099;113;113
130;48.2800000000279;1.60000000000036;49.9400000000023;NA;NA;-3195.25995410812;-3489.33138511621;6.89700106656501;9.74429101358601;114.587105297113;80.8452470343375;6998.77332106398;7407.80702074515;588.142862016168;0.0099009900990099;102;102
131;45.3299999999581;1.82999999999993;47.460000000021;NA;NA;-3039.10565008843;-3290.48256471597;7.20497491211557;8.06564909782991;103.382022907819;91.1658415308479;6626.98568537261;7064.89335244179;502.753829255089;0.0099009900990099;102;102
132;51.8999999999651;1.6299999999992;53.8300000000163;NA;NA;-3447.08851225635;-3675.59791268443;9.89662222141977;10.2117984581286;84.9516166127995;81.8142405802055;7347.15150591147;7787.44135753769;457.018800856169;0.405940594059406;107;107
133;40.0300000000279;0.980000000000473;41.320000000007;NA;NA;-3153.82733216452;-3469.52561727849;7.56322019948899;7.79768464481961;107.985649354373;104.696933499212;6884.44988288551;7498.28008580641;631.396570227929;0.0099009900990099;109;109
134;38.3099999999977;1.27999999999975;39.9199999999837;NA;NA;-3049.63609453978;-3413.76886004576;6.45941276641774;6.70485397780896;123.867283322671;119.587854679421;6757.98944904933;7463.49728784021;728.265531011958;0.0099009900990099;104;104
135;47.0500000000466;1.45000000000073;48.8099999999977;NA;NA;-3044.82222330893;-3385.14365628209;7.23646526890646;7.99383140458906;107.463106568321;96.3265126527097;6659.01809041201;7280.65574741103;680.642865946304;0.0099009900990099;100;100
136;58.1900000000023;1.27999999999975;59.789999999979;NA;NA;-3535.12344228137;-3832.08937248944;17.4501158695069;16.7854399243528;49.0776177101776;50.7413739538202;7333.27475391351;7936.12339310382;593.931860416153;0.168316831683168;113;113
137;22.7599999999511;0.719999999999345;23.5200000000186;NA;NA;-2344.05994467933;-2678.72636358013;5.39998628605186;5.48829945762078;91.1496335596114;89.3028166577201;5156.08806313837;5815.93922230746;669.332837801605;0.0099009900990099;72;72
138;39.8099999999977;1.45000000000073;41.3400000000256;NA;NA;-3165.80415349411;-3481.57239155187;8.66460590500587;10.6407833570519;90.290198737839;73.6015995031799;6811.32887005441;7354.19720351934;631.536476115522;0.0198019801980198;103;103
139;52.679999999993;1.72999999999956;54.7999999999884;NA;NA;-3408.8726122491;-3734.68731859527;9.87528045717194;12.3758058551502;86.5903946223177;69.1815568288338;7278.64099588643;7837.60817093916;651.62941269234;0.0396039603960396;105;105
140;36.109999999986;1.16000000000076;37.4400000000023;NA;NA;-3032.50120907965;-3333.96151715425;5.82460815045321;6.02668606778713;136.051944110415;131.609345407864;6792.33236402008;7371.50296987038;602.920616149202;0.0099009900990099;110;110
141;43.609999999986;1.56999999999971;45.3399999999674;NA;NA;-3024.79946171142;-3391.69723639157;5.8213463325181;10.7206001017495;124.060220811603;69.1568354048095;6705.01995784358;7148.75610362466;733.795549360309;0.0099009900990099;97;97
142;59.9400000000023;1.64000000000033;61.929999999993;NA;NA;-3498.08112380573;-3764.32956841469;8.81810283753904;9.40694108748389;103.419377959471;97.4672434496516;7552.22954891133;8052.7228867721;532.496889217905;0.0396039603960396;117;117
143;30.8999999999651;1.02999999999975;32.0200000000186;NA;NA;-2939.23028402067;-3300.42871170962;15.961884666885;18.1322986962981;41.9073120355283;36.7228453656313;6097.58075772929;6792.86966308702;722.396855377899;0.0099009900990099;87;87
144;49.2400000000489;1.42000000000007;50.9000000000233;NA;NA;-3242.23372875268;-3554.80325203657;7.79395472757411;7.56878764892202;106.187795689937;109.048759407808;7051.17026118093;7691.57769287336;625.139046567783;0.0099009900990099;108;108
145;32.6300000000047;1.02999999999975;33.9699999999721;NA;NA;-3089.08762421802;-3331.32254342642;5.61310091298022;5.73189262371812;139.073687116724;136.320240576008;6917.08720592368;7386.92771642506;484.469838416807;0.0099009900990099;103;103
146;27.8099999999977;0.800000000000182;28.6699999999837;NA;NA;-2650.82702882988;-2914.40450820963;6.42055160120974;6.52951570048124;92.6027997166866;90.8666111010488;5784.2202736948;6302.32770934339;527.1549587595;0.0099009900990099;84;84
147;53.9400000000023;1.53999999999996;55.609999999986;NA;NA;-3266.16097659789;-3569.6389238637;8.74869535734148;9.12124501422183;96.2624923670783;92.0655805827973;7046.93858597943;7631.45790571013;606.955894531621;0.0099009900990099;110;110
148;49.2999999999884;1.64000000000033;51.1399999999558;NA;NA;-3181.33836824631;-3448.61870768908;8.24954996772045;8.95039818795396;94.5994290554608;86.9823355252954;6866.20229515967;7360.2193754898;534.560678885547;0.0099009900990099;105;105
149;44.8099999999977;1.26000000000022;46.140000000014;NA;NA;-3185.3101088094;-3475.8239461144;5.80932722675985;6.19960944082199;144.472044796695;135.966713737218;7139.60336893759;7675.35961203758;581.027674610012;0.0099009900990099;105;105
150;37.5799999999581;1.09999999999945;38.7600000000093;NA;NA;-3080.7481046802;-3480.18998616674;6.75488980007037;8.6003346328471;118.551664410727;93.0332824038916;6791.94539215277;7455.12424400243;798.883762973092;0.0099009900990099;104;104
151;48.6599999999744;1.09999999999945;50.0800000000163;NA;NA;-3596.56147964589;-3882.9101843793;5.9261777858345;6.22110486649386;175.116384943275;168.75400202247;8140.48318881861;8678.76081200363;572.697409466821;0.0099009900990099;125;125
152;26.9799999999814;1.05000000000018;28.2200000000303;NA;NA;-2772.10185725112;-3088.82089949005;5.55987453569235;5.6635892924143;119.548675038442;117.506512664952;6169.96938051137;6792.71796887116;633.438084477868;0.0099009900990099;88;88
153;32.6199999999953;0.779999999999745;33.5599999999977;NA;NA;-3027.25370907592;-3272.30595798568;6.01428176624962;6.12651605440826;125.840380056304;123.740110443727;6719.97853103366;7198.97634945656;490.104497819522;0.0099009900990099;98;98
154;37.289999999979;1.22000000000025;38.609999999986;NA;NA;-2702.69282718504;-2988.86994281125;7.75979944211748;7.96998840512408;77.5272199922382;75.232812431558;5810.75116996979;6371.10866376761;572.354231252411;0.0099009900990099;87;87
155;35.7300000000396;0.859999999999673;36.8400000000256;NA;NA;-3277.19381903003;-3488.61189262294;5.90088782861569;5.91929140547529;144.829917034271;144.752333391536;7326.64200090101;7749.06446072296;422.836147185828;0.0099009900990099;107;107
156;43.0200000000186;1.10000000000036;44.359999999986;NA;NA;-3318.25907802408;-3649.20701935289;5.82080138367262;5.94412889613564;159.008708339904;156.387205844554;7492.1558754148;8139.94525761811;661.895882657613;0.0099009900990099;118;118
157;44.6300000000047;0.960000000000036;46.0299999999697;NA;NA;-3589.3436344747;-3827.54148922315;5.96898716024182;6.13436893292346;168.957937291557;165.705955515716;8090.6787577785;8549.52110607239;476.395709496903;0.0099009900990099;122;122
158;43.7199999999721;1.21000000000004;45.5499999999884;NA;NA;-2832.84700386872;-3110.90895610216;7.34733344169187;7.57827554378873;91.2115376293323;88.2233395326996;6146.6224114629;6686.99053132204;556.123904466886;0.0099009900990099;95;95
159;45.679999999993;1.42999999999938;47.2200000000303;NA;NA;-3535.35433998828;-3815.30221317385;5.8810692025049;6.03531851346034;170.682535565827;166.531580823652;7991.30670548567;8528.81374801576;559.89574637115;0.0099009900990099;121;121
160;30.8800000000047;1.28000000000065;32.289999999979;NA;NA;-2991.45092071606;-3258.73003702375;5.91604101673395;5.979798203165;127.445778402962;126.005833209019;6655.54872700396;7182.50706370881;534.558232615383;0.0099009900990099;96;96
161;28.210000000021;0.970000000000255;29.2299999999814;NA;NA;-2773.62933195382;-2974.31533744102;6.38748407259752;6.25407454106942;100.177443997341;101.982204105796;6071.62754496743;6482.44639348221;401.372010974408;0.0099009900990099;88;88
162;31.9899999999907;0.979999999999563;33.2299999999814;NA;NA;-3010.17745847051;-3295.93032102426;5.80087595281967;6.01578776501315;130.630533705581;126.960696936498;6711.8205019065;7263.90070867401;571.505725107507;0.0099009900990099;99;99
163;46.9700000000303;1.40999999999985;48.640000000014;NA;NA;-3087.02925587589;-3459.39609703424;5.83200130366808;7.24253382112961;138.095065108767;111.433512812373;6907.77095581218;7510.84923080188;744.733682316707;0.0099009900990099;103;103
164;48.7399999999907;1.5;50.4300000000512;NA;NA;-3303.99854150886;-3608.98021407232;6.30929913453881;6.65650584429538;143.84421274921;136.918623284676;7376.98428239476;7949.92361699961;609.963345126927;0.0099009900990099;110;110
165;38.9099999999744;1.17000000000007;40.179999999993;NA;NA;-3199.25931606648;-3465.88539155388;6.22676449933399;6.56236032176493;133.905901843307;127.586456678452;7113.76444841959;7613.2618757176;533.252150974812;0.0099009900990099;109;109
166;41.640000000014;1.42999999999938;43.320000000007;NA;NA;-3006.85140556014;-3265.77662606559;13.1536246393282;13.3219106555883;49.0582481572976;48.2895924070211;6270.49333867335;6784.32032750171;517.8504410109;0.198019801980198;88;88
167;47.7700000000186;1.44999999999982;49.4500000000116;NA;NA;-3111.89912707601;-3502.14470081443;8.35700534840707;8.27464988499949;96.6261204010757;97.7891772715362;6736.23483686872;7522.89401516094;780.491147476849;0.0099009900990099;101;101
168;48.3800000000047;1.42000000000007;50.0499999999884;NA;NA;-3342.06715237954;-3622.1347920699;5.89802518899052;6.47695909587945;153.45854921395;141.050363563662;7504.51948206367;7998.32094272343;560.135279380716;0.0099009900990099;110;110
169;51.6199999999953;1.78000000000065;53.5599999999977;NA;NA;-3529.67066558164;-3706.20422176262;10.8313442612189;11.2839366994589;78.2215924551635;74.5881712287836;7475.69237507625;7809.41983104543;353.06711236196;0.554455445544555;105;105
170;44.1699999999837;1.5;45.9400000000023;NA;NA;-3154.74650831151;-3439.02246904181;5.83644762598972;6.02305418995193;143.686833055135;139.899982764792;7073.60920957491;7622.02293489318;568.551921460602;0.0099009900990099;104;104
171;39;1.30000000000018;40.4899999999907;NA;NA;-3240.27811115325;-3592.40258876966;10.1857783132548;11.0764152769109;81.6896396372561;74.7902071000729;6914.18269340747;7581.80795196367;704.248955232832;0.0099009900990099;102;102
172;44.5;1.5;46.2600000000093;NA;NA;-3086.6114432017;-3372.38871687504;6.68611111877659;6.63221845086683;121.962512006107;122.519751209104;6821.22151471982;7395.73672787475;571.554547346671;0.0099009900990099;103;103
173;49.2999999999884;1.60999999999967;51.3500000000349;NA;NA;-2960.40726265547;-3285.45015196834;9.13801473664279;10.1423813339079;76.1030250833564;67.7610547983091;6322.08071732223;6928.18203348428;650.085778625746;0.0099009900990099;95;95
174;63.0499999999884;1.61000000000058;65.039999999979;NA;NA;-3680.56443873329;-4058.06134161403;8.77861519406803;12.7108015309614;111.115257692885;76.831255866685;7960.44319217897;8530.52186129146;754.993805761478;0.0198019801980198;121;121
175;51.7399999999907;1.59000000000015;53.5599999999977;NA;NA;-3343.31004758093;-3606.23235453353;8.38051301839263;8.41867708823332;99.7880462487081;99.1895542682628;7219.1687295414;7741.81931270991;525.844613905208;0.0099009900990099;108;108
176;71.1500000000233;2.11999999999989;73.4899999999907;NA;NA;-3850.06107564278;-4257.30722426411;10.3030590444163;13.079370244763;102.076003024208;80.1495733753579;8253.15215574417;8948.85087636541;814.492297242665;0.0396039603960396;127;127
177;30.6399999999558;0.789999999999964;31.5499999999884;NA;NA;-2903.07229321419;-3159.76536336533;5.63670067376598;5.65105096911673;123.755245623432;122.83219188315;6458.66524639355;6967.18442826704;513.386140302271;0.0099009900990099;95;95
178;53.3299999999581;1.60999999999967;55.2000000000116;NA;NA;-3337.70819444825;-3699.68419349164;8.79440285333436;10.8842197280726;96.978868832211;78.484244489235;7195.16747770486;7819.9989018448;723.95199808677;0.0198019801980198;113;113
179;41.8299999999581;1.52000000000044;43.5699999999488;NA;NA;-2999.29933329009;-3256.03872222049;9.92504598882402;10.8963687355561;65.8365856020783;59.8171279851142;6343.58569714516;6825.52221336076;513.478777860812;0.0792079207920792;89;89
180;37.7199999999721;0.909999999999854;38.8300000000163;NA;NA;-3171.15588283312;-3480.37847505811;5.80466849645184;6.08703375359212;144.439618243874;138.609457519467;7111.80687284778;7699.19215693208;618.445184449996;0.0099009900990099;106;106
181;30.2600000000093;1;31.429999999993;NA;NA;-2903.17507954737;-3149.17026193818;5.74268481718831;5.78067544830939;121.958137096164;120.84432886559;6449.39525754867;6935.51287828597;491.99036478163;0.0099009900990099;95;95
182;54.9799999999814;1.28000000000065;56.5;NA;NA;-3737.52554971393;-4097.44496239087;6.13290318512919;6.24366662561995;183.817277685829;180.945960058658;8474.49012907262;9178.71721792801;719.838825353884;0.0099009900990099;132;132
183;58.8399999999674;1.86999999999989;60.8699999999953;NA;NA;-3539.95786897357;-3843.50665439919;6.81288918097318;7.30827344925427;148.118388197916;137.381835572291;7878.81115665274;8427.99976150955;607.097570851236;0.0099009900990099;121;121
184;49.9700000000303;1.71000000000004;51.9899999999907;NA;NA;-3242.33353952051;-3495.96011796177;6.79164789814813;6.82609917405283;124.648174297264;123.746776209557;7152.70976802174;7655.13194839176;507.253156882511;0.0099009900990099;113;113
185;26.8999999999651;1.03000000000065;28.0800000000163;NA;NA;-2679.06788455155;-2944.98800897245;5.58192873513639;5.7869630124798;109.496268582571;106.557440523733;5931.283111916;6447.7403571659;531.840248841811;0.0099009900990099;88;88
186;30.9699999999721;0.800000000000182;31.9400000000023;NA;NA;-2725.11905919908;-3168.42173255058;5.95782723656261;6.05082433854437;118.320702292648;116.441037136226;6072.20586491347;6948.93051382742;886.605346703013;0.0099009900990099;92;92
187;38.75;0.980000000000473;39.7999999999884;NA;NA;-3196.51193068187;-3555.69956348287;5.65503385309276;5.72742293381198;153.965523520988;151.995075956959;7217.50642366628;7925.32997860396;718.375265601997;0.0099009900990099;112;112
188;45.7999999999884;1.5;47.359999999986;NA;NA;-3219.58322228884;-3414.45566427843;9.47021610741376;9.99496833349539;78.2359911751332;74.0435958177062;6852.89526589429;7220.46985761195;389.744883979167;0.277227722772277;98;98
189;57.9199999999837;1.5600000000004;59.8699999999953;NA;NA;-3399.50393958236;-3727.80537271302;8.7834405673358;9.25604342375444;101.990248098586;96.1770523693801;7346.06638437938;7971.48824828578;656.602866261308;0.0198019801980198;114;114
190;32.109999999986;0.880000000000109;33.0899999999674;NA;NA;-2994.33463088451;-3254.95312536246;5.7547270796032;5.82158553744687;128.906432983967;127.340868461555;6669.02534545727;7181.99943144881;521.2369889559;0.0099009900990099;96;96
191;41.25;1.46000000000004;42.9000000000233;NA;NA;-2893.55454852375;-3260.70336121026;5.84940702774216;7.0515911036969;122.9148370035;101.826449468804;6438.35091254957;7060.91556801501;734.297625373016;0.0099009900990099;100;100
192;39.5800000000163;0.900000000000546;40.6600000000326;NA;NA;-3412.60181776945;-3646.44274946075;5.78080033777385;5.94239013210841;158.987430871615;155.776023893416;7680.05031291907;8130.46502147076;467.681863382604;0.0099009900990099;117;117
193;31.7400000000489;1;32.9199999999837;NA;NA;-2931.10978077217;-3183.86477816737;5.85395514335675;5.91522413861289;125.625179640202;123.979231648338;6529.6782974285;7026.44321126358;505.509994790402;0.0099009900990099;103;103
194;43.4199999999837;1.05000000000018;44.539999999979;NA;NA;-3214.67791264899;-3533.47611056631;6.09469583001775;6.51846964459189;143.554305396745;134.691475711439;7202.43796771209;7792.30541984119;637.596395834628;0.0099009900990099;119;119
195;36.4799999999814;1.03000000000065;37.7299999999814;NA;NA;-3247.41808396301;-3501.27056032647;5.80867161372507;5.91194723754754;146.950013131257;144.839249005019;7279.0786875166;7775.5189187144;507.704952726902;0.0099009900990099;108;108
196;34;1.03000000000065;35.0900000000256;NA;NA;-3164.15129950403;-3379.98575464802;5.70465778904976;6.10962244676049;138.181982758498;129.775189116888;7059.03877292435;7446.25074245971;431.668910287978;0.0099009900990099;98;98
197;48.2700000000186;1.35999999999967;50;NA;NA;-3428.22211846149;-3742.39291134368;6.1877128169127;6.36201900908769;157.724216012605;153.930275121673;7705.83551424216;8313.74561281395;628.341585764377;0.0099009900990099;119;119
198;36.179999999993;0.919999999999163;37.2000000000116;NA;NA;-3202.50561980385;-3459.23953928204;5.73760521592911;5.83562175989494;146.277825527713;143.768469222251;7187.67036099889;7687.71189563195;513.467838956391;0.0099009900990099;111;111
199;43.0499999999884;1.26000000000022;44.4899999999907;NA;NA;-3081.5154474634;-3348.47529120182;8.29425321572921;8.42305329320962;90.8913022110696;89.3501020554269;6640.81252839142;7166.63070219262;533.919687476828;0.0099009900990099;92;92
200;40.4700000000303;1.52999999999975;42.0999999999767;NA;NA;-2917.3743881795;-3199.25314212161;9.75147773605177;10.6558717668719;65.0552405447384;59.9404163435976;6174.52617743649;6711.56943971221;563.757507884218;0.0396039603960396;86;86
201;50.25;1.35999999999967;51.8399999999674;NA;NA;-3304.97556167872;-3591.61374019787;11.8884567449526;12.5537880902898;65.6338465977974;61.7718938102904;6958.98717575518;7511.72594699941;573.276357038305;0.0693069306930693;104;104
202;51.0299999999697;1.48000000000047;52.7200000000303;NA;NA;-3290.68989286266;-3619.94451239232;7.76680008500455;8.64194954549197;111.305444026682;100.24711904731;7176.41562374492;7775.80736205005;658.509239059324;0.0099009900990099;110;110
203;29.1699999999837;0.769999999999527;29.9700000000303;NA;NA;-2815.36019694022;-3030.36437660008;5.851959722542;6.02678756722335;111.303279295017;108.360211560337;6215.80016826906;6630.33791956068;430.008359319734;0.0099009900990099;92;92
204;53.320000000007;1.72999999999956;55.2600000000093;NA;NA;-3315.26820432284;-3602.26098111247;8.63457016906091;10.1529856824049;95.0522668440621;80.6410575233192;7136.92278069719;7634.13331094346;573.985553579249;0.0198019801980198;106;106
205;26.3699999999953;1.0600000000004;27.4700000000303;NA;NA;-2752.55082882184;-2962.94618876621;5.52072565971312;5.68926146798932;110.724024415388;108.093919476854;6082.75530413898;6489.82461427559;420.790719888749;0.0099009900990099;85;85
206;39.1699999999837;1.1200000000008;40.4700000000303;NA;NA;-2876.75476498652;-3117.32243737334;7.89425612659787;10.5446199431636;79.1175265776541;58.9352601709719;6165.32832736036;6541.41189612843;481.135344773638;0.0396039603960396;83;83
207;55.6599999999744;1.78999999999996;57.9500000000116;NA;NA;-3543.36656728916;-3762.22633685324;10.4935260873951;10.3274754102631;83.4821334423611;84.9955343644034;7532.26040794546;7978.05666191674;437.719539128164;0.227722772277228;108;108
208;58.8300000000163;1.6899999999996;60.5599999999977;NA;NA;-3490.01675023633;-3807.43110400378;6.90296490543928;7.20092890926869;142.783253249351;136.717775816356;7750.74077707746;8352.82959749458;634.82870753489;0.0099009900990099;122;122
209;50.1600000000326;1.47999999999956;51.7999999999884;NA;NA;-3454.3225817798;-3684.65727988715;14.9652081742587;16.2974142603021;52.8452243185897;48.6491441995525;7189.1591704467;7627.55485578992;460.669396214695;0.534653465346535;102;102
210;46.5599999999977;1.28999999999996;48.0099999999511;NA;NA;-3074.42342876584;-3434.93581483966;8.21469034074954;10.086852938148;92.2608976337693;75.3001612225001;6638.13338694613;7269.21041234708;721.02477214763;0.0099009900990099;101;101
211;28.6900000000023;1;29.859999999986;NA;NA;-2939.70476445202;-3170.05975674243;5.73221312542888;5.75189784356075;123.21652186996;122.334855228948;6526.43944962347;6982.51965981871;460.709984580833;0.0099009900990099;91;91
212;43.7700000000186;1.10999999999967;45.0199999999604;NA;NA;-3397.20558554781;-3761.88188050773;5.69927072535403;5.7418438153931;170.244919855786;168.709913533536;7710.51178269091;8431.60438910106;729.352589919823;0.0099009900990099;118;118
213;45.609999999986;1.5;47.429999999993;NA;NA;-3068.29582127424;-3406.13653387647;6.82885840179006;7.15543675870964;118.753374821476;113.032911073227;6768.11350672622;7413.37391917474;675.681425204458;0.0099009900990099;104;104
214;35.2299999999814;1.07000000000062;36.4200000000419;NA;NA;-3075.27498765231;-3367.09960550261;5.69337175959877;6.00129016411067;139.424152749861;133.818927134112;6892.66464878638;7446.47888032464;583.649235700598;0.0099009900990099;105;105
215;30.9199999999837;1.09000000000015;32.140000000014;NA;NA;-2849.19378246555;-3190.48992177458;5.99934406014555;6.32095188867461;116.7559396721;111.018884641786;6313.38542729157;6965.75845890776;682.592278618076;0.0099009900990099;94;94
216;52.3099999999977;1.44000000000051;53.9699999999721;NA;NA;-3531.92904968213;-3688.00673619159;9.08557946758932;9.05408134892544;97.6926974080718;99.1173091214637;7586.12056890413;7905.89187690399;312.155373018929;0.514851485148515;110;110
217;27.4599999999627;0.880000000000109;28.5499999999884;NA;NA;-2710.09074324362;-3010.83165703368;5.61066389969034;5.80375025852098;113.805776954753;110.669595923805;6016.52950018984;6601.57758092106;601.481827580129;0.0099009900990099;89;89
218;30.8600000000442;1;31.9199999999837;NA;NA;-2771.11321491945;-3067.09727336447;6.20685374647009;7.52030718285846;104.315145389802;86.7929555425638;6090.00216013125;6589.95841906887;591.968116890038;0.0099009900990099;91;91
219;34.210000000021;1.30000000000018;35.609999999986;NA;NA;-2953.41548151664;-3302.05465774828;6.28543283219756;7.14684217749347;117.899987337161;103.401086125841;6529.70694336917;7150.38632826881;697.27835246329;0.0099009900990099;97;97
220;53.4799999999814;1.64999999999964;55.4400000000023;NA;NA;-3330.20212606382;-3707.14162356525;8.86856748934308;9.46081698762777;98.2539921074805;91.0814539061491;7183.38199904599;7899.08363567632;753.878995002858;0.0099009900990099;105;105
221;50.6900000000023;1.67000000000007;52.5200000000186;NA;NA;-3310.66235114649;-3571.93647941997;7.34728567457109;8.09555280555361;115.094183013953;103.836805522236;7236.08948671592;7698.50751716774;522.548256546949;0.0099009900990099;109;109
222;34.320000000007;0.940000000000509;35.3899999999558;NA;NA;-3164.7331025457;-3343.33948319805;5.76092682044878;5.87844026775493;137.102985414563;134.737729796579;7058.56997215065;7403.20447503221;357.212761304708;0.0099009900990099;104;104
223;61.25;1.76999999999953;63.1699999999837;NA;NA;-3688.67422612181;-3934.52456374678;7.86476128850035;8.63358682440753;126.757105134214;114.726371671776;8059.43788924925;8486.40029041609;491.700675249941;0.188118811881188;118;118
224;34.6199999999953;0.890000000000327;35.539999999979;NA;NA;-3163.50900788118;-3389.6967625942;5.90557503762724;6.02461876896626;137.289356840263;135.184378242196;7057.11289259316;7498.29427797595;452.37550942604;0.0099009900990099;104;104
225;33.5499999999884;0.920000000000073;34.4899999999907;NA;NA;-3188.51532112914;-3355.84206933637;5.67737986480126;5.76545283620447;139.786448353322;137.800143140704;7121.73621103479;7445.807762128;334.653496414457;0.0198019801980198;106;106
226;38.609999999986;1.40999999999985;40.289999999979;NA;NA;-2967.08737558689;-3380.76247756536;8.26040997852365;9.41500573578275;90.0761390468632;78.6039811082581;6409.58817917009;7176.38940767338;827.35020395693;0.0099009900990099;96;96
227;36.039999999979;1.17000000000007;37.570000000007;NA;NA;-3097.38935492659;-3376.57704850614;5.837412064587;5.90142888958552;137.17835560033;135.462050490798;6925.58979014444;7474.82164452304;558.375387159094;0.0099009900990099;106;106
228;38.7700000000186;1.27000000000044;40.3699999999953;NA;NA;-3020.07975899429;-3287.25455667364;6.48459693570687;7.18217614800112;115.718826917134;103.794231308168;6651.51223640072;7122.86314662128;534.349595358694;0.0099009900990099;97;97
229;44.539999999979;1.17000000000007;45.8699999999953;NA;NA;-3075.77244914489;-3401.20729092413;5.80123437346243;6.93182568179804;135.229137479955;114.973867349447;6869.37073196768;7412.72101224699;650.869683558491;0.0099009900990099;102;102
230;68.7800000000279;1.89999999999964;71.039999999979;NA;NA;-3723.41559864677;-4056.92091383926;7.74652237002894;9.14062188326114;131.714593289051;111.793310323346;8157.79269433713;8717.27336310848;667.010630384984;0.0099009900990099;122;122
231;52.1900000000023;1.63999999999942;54.2000000000116;NA;NA;-3278.5014123093;-3619.33153633721;6.0894352195354;8.37226289634471;141.718750005423;105.236737687413;7314.62735871013;7801.255773758;681.660248055827;0.0099009900990099;110;110
232;57.140000000014;1.67000000000007;58.9800000000396;NA;NA;-3630.99065953947;-3908.10898877275;9.72497067354264;11.0429809124997;95.9841899445984;84.2405283377453;7774.67186775895;8266.18085913569;554.236658466549;0.0495049504950495;109;109
233;27.789999999979;0.859999999999673;28.7000000000116;NA;NA;-2690.96287662674;-3059.12585091462;5.75086776939406;6.0554788767633;112.287204936031;107.138902566207;5970.31637295323;6679.66495733592;736.325948575775;0.0099009900990099;89;89
234;37.8800000000047;1.05999999999949;39.0800000000163;NA;NA;-3089.25463722647;-3477.08094966192;5.80207033039044;5.85340911612124;146.404194918478;144.63661698448;6960.51355104405;7726.72482415339;775.652624870905;0.0099009900990099;109;109
235;44.5300000000279;1.32999999999993;45.859999999986;NA;NA;-3316.42341800229;-3727.94279712261;8.08731982087931;10.5826251068848;109.988501206204;83.3584258836428;7220.34009988948;7901.1368083051;823.038758240637;0.0099009900990099;109;109
236;48.0199999999604;1.52999999999975;49.7999999999884;NA;NA;-3314.24387836288;-3562.79688173512;7.83832253881519;8.20734800261253;105.337188881522;100.799683841683;7189.16732328941;7662.12149547262;497.106006744493;0.0099009900990099;105;105
237;39.4000000000233;1.14000000000033;40.7400000000489;NA;NA;-3312.14969004409;-3551.29465967357;6.05847579200221;6.19254257291474;148.165937577123;145.421589814181;7419.03650295819;7882.60622324551;478.289939258972;0.0099009900990099;114;114
238;50.2799999999697;1.41000000000076;51.9500000000116;NA;NA;-3292.0733818795;-3648.24756211534;6.11434359931681;6.40606592351922;152.225103228864;145.632560346216;7401.98029712124;8078.91004052388;712.348360471679;0.0099009900990099;116;116
239;60.140000000014;1.81999999999971;62.1499999999651;NA;NA;-3622.36375892655;-3881.68130759997;8.96012917419252;9.78571189626624;105.87408882791;96.2398374246628;7814.89061530261;8281.64243617931;518.635097346844;0.168316831683168;119;119
240;42.6699999999837;1.05000000000018;43.8699999999953;NA;NA;-3118.12802410817;-3378.28465400781;11.8853639639528;13.5864207888899;58.514549223664;51.0768295502261;6543.52542711569;7024.78201579973;520.313259799271;0.178217821782178;91;91
241;55.6699999999837;2;57.9500000000116;NA;NA;-3377.43504375614;-3633.9237384249;7.79782687438931;8.58021933952051;111.903927534513;101.109890940484;7355.10389874397;7810.18389461056;512.977389337519;0.0297029702970297;114;114
242;41.3899999999558;1.26999999999953;42.7999999999884;NA;NA;-3101.87434681926;-3383.57194855315;6.26338498278988;6.7343743097093;127.31850962668;117.719416566856;6877.68276738551;7390.2671664459;563.395203467794;0.0099009900990099;99;99
243;45.6600000000326;1.39000000000033;47.2700000000186;NA;NA;-3108.47031394688;-3348.10725356093;6.58398108980186;7.89937273982765;115.741796381132;95.3710613061377;6829.59577573243;7201.04140190787;479.273879228095;0.0099009900990099;99;99
244;45.359999999986;1.02000000000044;46.640000000014;NA;NA;-3174.84768033303;-3448.85005871607;7.65809148794911;7.95989245400251;104.205900485964;100.002232507914;6904.35340440369;7429.98324529307;548.004756766064;0.0198019801980198;105;105
245;33.8600000000442;0.969999999999345;34.9799999999814;NA;NA;-3090.14893561397;-3282.96684114826;5.75993217537683;6.21031872709846;131.507749106002;123.189321768467;6878.36976162296;7219.84954130859;385.635811068581;0.0099009900990099;102;102
246;58.7799999999697;1.69999999999982;60.6600000000326;NA;NA;-3589.35721729632;-3826.39020813107;6.94739193384344;7.47470134001315;141.135877889232;130.878095957502;7938.77263381246;8357.59744378543;474.065981669511;0.0099009900990099;119;119
247;37.820000000007;1.15999999999985;39.2000000000116;NA;NA;-3171.83194517106;-3477.57546076256;6.1412943175892;6.52178836954888;137.2090261811;129.670501929444;7074.63836667476;7645.96427310855;611.487031182995;0.0099009900990099;106;106
248;45.4199999999837;1.39000000000033;47.1300000000047;NA;NA;-3249.07555031538;-3505.19947681788;6.31746969819084;7.84093327959049;130.62922141083;105.92202419201;7194.68527129632;7575.19072441244;512.247853005016;0.0099009900990099;107;107
249;29.0799999999581;0.979999999999563;30.1600000000326;NA;NA;-2683.18694822234;-3133.32693846666;5.5667327880507;5.72305725516844;119.440335168844;116.60142168013;5993.57444895306;6878.94683473237;900.279980488651;0.0099009900990099;91;91
250;35.789999999979;1;36.8699999999953;NA;NA;-3110.61835863557;-3482.1498291681;5.94603104874172;6.06932481809188;141.099035953996;138.165374971736;6974.25375422455;7701.66033955796;743.062941065054;0.0099009900990099;108;108
