1;18.75;0.490000000000009;19.4099999999962;NA;NA;-823.882248101265;-882.274241724052;4.37866376831336;4.39114169324717;75.2586414680587;74.4357474281961;1967.50047640268;2080.78840223518;116.783987245576;0.0198019801980198;49;49
2;18.0400000000009;0.539999999999964;18.6500000000015;NA;NA;-841.91130109527;-885.316358390628;4.38550647912703;4.43380251028132;75.0790721763858;74.1996553044525;2003.55408336982;2086.61911626351;86.8101145907169;0.306930693069307;50;50
3;20.0800000000017;0.470000000000027;20.8000000000029;NA;NA;-862.770196076387;-908.448171380128;4.37382523575004;4.40471531925533;79.5923867339748;78.7049001905877;2064.49225934236;2152.06876277744;91.355950607481;0.207920792079208;50;50
4;18.1399999999994;0.439999999999827;18.9500000000044;NA;NA;-837.837250474996;-897.312582440031;4.43119886487097;4.48311805350959;76.1067807421625;74.7231461876379;1999.78257832887;2112.84090085534;118.95066393007;0.0099009900990099;50;50
5;19.0499999999956;0.579999999999927;20.1100000000006;NA;NA;-837.061811078193;-882.030407067957;4.33494671704528;4.35218281141432;77.4350794543884;76.5125988539826;2003.88838790923;2089.89710714427;89.9371919795281;0.108910891089109;50;50
6;18.9199999999983;0.529999999999973;19.75;NA;NA;-868.0066788539;-903.266514501899;4.38444022474642;4.40165613273591;81.8300224334448;81.1800267609885;2084.49441266959;2152.24601460764;70.5196712959971;0.712871287128713;50;50
7;19.6699999999983;0.660000000000082;20.7700000000041;NA;NA;-827.587740159781;-871.068804331193;4.37380155649443;4.56689476771237;72.0620792999768;69.9932205124128;1961.3308813577;2039.50347298508;86.9621283428248;0.277227722772277;49;49
8;20.3400000000038;0.5300000000002;21.1699999999983;NA;NA;-882.985969169873;-915.60641997854;4.3370782812559;4.35987980564969;84.8376008543928;83.97482215742;2127.26105652631;2188.82773172186;65.2409016173337;0.762376237623762;50;50
9;18.6500000000015;0.549999999999955;19.5199999999968;NA;NA;-871.117194566395;-909.995536814144;4.42411810607986;4.52240688418094;78.6013484821026;76.9525149757584;2076.96582419674;2147.70079193523;77.756684495499;0.475247524752475;50;50
10;18.3299999999945;0.529999999999973;19.1399999999994;NA;NA;-824.853261976918;-894.743339680428;4.31409311015002;4.35198222526156;78.7652937033067;77.3074409669024;1984.34049949095;2117.92697448375;139.78015540702;0.0099009900990099;49;49
11;19.8600000000006;0.5;20.5600000000049;NA;NA;-865.846612037227;-908.412818760419;4.37176802359954;4.38905193435928;85.4883786536795;84.5525232887947;2094.89019403513;2176.04663041655;85.1324134463839;0.0891089108910891;49;49
12;17.489999999998;0.4699999999998;18.010000000002;NA;NA;-811.386685079273;-859.985615021399;4.63897279836187;4.88029029558147;66.7434650399941;63.9207186299481;1905.64456248157;1990.87909918269;97.1978598842522;0.138613861386139;48;48
13;18.989999999998;0.5;19.5299999999988;NA;NA;-871.276575127806;-903.415485195154;4.39746514828613;4.52680224119799;78.5781498077865;76.7181669231711;2077.18579152409;2133.54269487829;64.2778201346969;0.851485148514851;50;50
14;19.9599999999991;0.440000000000055;20.5800000000017;NA;NA;-865.513408196236;-899.785137684267;4.36889746422295;4.40123101048317;80.703002806638;79.62610800414;2074.70834940824;2138.66574784445;68.5434589760623;0.693069306930693;50;50
15;19.2200000000012;0.599999999999909;20.5;NA;NA;-845.566054255517;-876.247062373409;4.32432097094156;4.34316153752961;76.8058259578487;75.8468709862922;2017.44129465463;2074.72919525641;61.362016235784;0.831683168316832;49;49
16;18.5599999999977;0.559999999999945;19.25;NA;NA;-839.508532692951;-887.752297275247;4.48445079769131;4.51907809102265;71.8989207954255;70.9326099561905;1985.20556472039;2077.57796583462;96.4875291645915;0.158415841584158;50;50
17;19.0299999999988;0.610000000000127;19.9400000000023;NA;NA;-861.521115126979;-914.735588098761;4.43300535039847;4.47934986560948;80.6622045348072;79.6168708963747;2066.5500198882;2168.52731155776;106.428945943564;0.0198019801980198;50;50
18;16.5400000000009;0.6400000000001;17.5299999999988;NA;NA;-771.541966238107;-819.533468048707;4.42934200671889;4.4975919067;63.0976376530491;61.7276986562977;1809.16072610883;1899.36682604099;95.9830036212002;0.158415841584158;46;46
19;19.760000000002;0.650000000000091;20.6899999999951;NA;NA;-857.257866439913;-902.824765339718;4.38805938297125;4.42358386691527;77.7589987256658;76.674958796053;2045.65994013862;2132.17724918437;91.1337977996095;0.0792079207920792;50;50
20;17.7099999999991;0.519999999999982;18.4499999999971;NA;NA;-833.517712517401;-873.03955973239;4.39441942552107;4.49324713793014;72.1364513560469;70.4644704728573;1973.50679539929;2045.44708700224;79.0436944299777;0.306930693069307;49;49
21;18.3099999999977;0.630000000000109;19.1200000000026;NA;NA;-847.849220354979;-896.29393806257;4.39842014725735;4.47408651430456;75.3063717843077;74.1544922636691;2016.39789922574;2108.38194443567;96.8894354151821;0.0693069306930693;50;50
22;19.8899999999994;0.490000000000009;20.5699999999997;NA;NA;-838.839397325069;-903.646127501165;4.40876655092783;4.43506933619801;80.8476363452022;79.925273702822;2021.97626356087;2147.66175350421;129.613460352191;0.0099009900990099;50;50
23;18.5;0.550000000000182;19.8300000000017;NA;NA;-857.95208636928;-908.172891660701;4.45929933597034;4.50253765770897;77.0527645979473;76.0592071250329;2044.04081374528;2140.25126385633;100.441610582842;0.0693069306930693;50;50
24;17.5600000000049;0.430000000000064;18.1299999999974;NA;NA;-793.911531522875;-845.763634761695;4.34320204936825;4.38538152563619;70.2400490661216;69.2390865908591;1884.77403118454;1984.24650975122;103.704206477639;0.0297029702970297;47;47
25;18.1899999999951;0.529999999999973;18.9500000000044;NA;NA;-852.634292993;-913.40144867316;4.45102592613715;4.5203995280115;79.4418678874535;78.3663538559443;2043.5794541282;2160.5335850953;121.53431136032;0.0099009900990099;50;50
26;18.4700000000012;0.659999999999854;19.3899999999994;NA;NA;-804.794966891498;-866.625914027325;4.36828567335084;4.40111270638601;72.3367777894249;71.4770363288722;1916.91239004655;2036.92167681365;123.661894271656;0.0099009900990099;49;49
27;18.3199999999997;0.6400000000001;19.4400000000023;NA;NA;-845.425226686851;-885.802225636926;4.4129927404702;4.6327051801345;75.6329325474303;73.3794757257218;2012.1766074437;2083.35680475866;80.7539979001494;0.435643564356436;49;49
28;19.0500000000029;0.619999999999891;19.989999999998;NA;NA;-858.774294824478;-921.397765854045;4.50218721586921;4.83141863719562;78.7977280957884;75.3733124919705;2053.11632626721;2163.78006369364;125.246942059134;0.0198019801980198;50;50
29;19.6900000000023;0.579999999999927;20.5400000000009;NA;NA;-855.441707549067;-893.774272840244;4.53902737987654;4.6186523366573;73.7433829687106;72.5206855857349;2024.92673476469;2096.38489043432;76.665130582353;0.455445544554455;50;50
30;19.3399999999965;0.590000000000146;20.2099999999991;NA;NA;-845.211320253996;-897.218743594411;4.37558272673455;4.40354152014038;82.6797582400027;81.547713454798;2041.68720000443;2140.89255980154;104.014846680831;0.0495049504950495;49;49
31;19.6399999999994;0.6400000000001;20.7000000000044;NA;NA;-861.479117129201;-906.247877648391;4.52666727186111;4.55018646597967;78.1135181737082;77.2034779565696;2054.82314455914;2140.49436406493;89.5375210383797;0.287128712871287;49;49
32;19.8700000000026;0.580000000000155;20.7200000000012;NA;NA;-860.462355725196;-916.609274525545;4.82028852830338;4.8091864748753;75.4122624224164;74.8967241342957;2042.07511547714;2152.17348347909;112.293837600697;0.0594059405940594;50;50
33;19.1399999999994;0.440000000000055;19.9099999999962;NA;NA;-891.985496580858;-923.557880676662;4.42099943771231;4.43792423854517;83.1179121988739;82.2001400566034;2137.93665109421;2197.17299796511;63.1447681916075;0.97029702970297;50;50
34;18.9100000000035;0.399999999999864;19.5199999999968;NA;NA;-834.112198217616;-877.665321257017;4.49487735645647;4.83396590626076;70.6848814489743;66.6409413411453;1967.80004302028;2037.76732037309;87.1062460788023;0.405940594059406;48;48
35;18.75;0.339999999999918;19.4300000000003;NA;NA;-818.249464726298;-873.518231187125;4.38101374434001;4.42583636866252;74.353353258022;73.4098613407129;1952.38879699972;2058.91790899977;110.537532921654;0.0297029702970297;49;49
36;18.3299999999945;0.549999999999955;19.0800000000017;NA;NA;-843.0427810032;-879.337485986305;4.42102392827823;4.44422925073963;73.8552555125993;73.0324866068272;1999.09784228959;2068.20020492851;72.5894099662107;0.554455445544555;48;48
37;19.7799999999988;0.509999999999991;20.6399999999994;NA;NA;-874.499288186234;-915.916459202238;4.3017615187891;4.30879956197686;88.454701383523;87.6566505192697;2125.69146655872;2205.12723189701;82.8343420320086;0.188118811881188;50;50
38;19.4700000000012;0.6099999999999;20.2000000000044;NA;NA;-886.744086015199;-925.936177315146;4.95077782234892;4.96174915580836;74.2798789074591;73.6765465335539;2089.81621147532;2165.63104488162;78.3841825998938;0.514851485148515;50;50
39;20.7099999999991;0.6099999999999;21.8300000000017;NA;NA;-890.529454177107;-933.560323445505;4.40192926151268;4.66683470670653;87.2402047982707;83.3995606181568;2152.57974751701;2222.28573182305;86.0617385367957;0.277227722772277;50;50
40;18.3799999999974;0.619999999999891;19.2699999999968;NA;NA;-878.420216334674;-915.139457395495;4.40817718493004;4.57292122292757;78.0769245914982;75.9373663233491;2089.33855793806;2153.66552450265;73.4384821216424;0.742574257425743;50;50
41;19.6399999999994;0.440000000000055;20.4500000000044;NA;NA;-852.57998580568;-897.575435154835;4.45207543518813;4.48057391993831;77.1876564715975;76.2184642338241;2033.09136287588;2118.96465296338;89.9908986983096;0.138613861386139;49;49
42;18.0999999999985;0.450000000000045;18.7200000000012;NA;NA;-781.252223631295;-842.605139120981;4.32495814343539;4.34801504678723;69.5892881849912;68.7895882754616;1856.70422037449;1976.02919291893;122.705830979372;0.0198019801980198;47;47
43;19.4500000000044;0.589999999999918;20.1800000000003;NA;NA;-863.38037181657;-904.226417437569;4.36011882714139;4.38616370643735;80.4471804829148;79.2877001889669;2069.352832572;2146.1071649814;81.6920912419982;0.178217821782178;50;50
44;19.1500000000015;0.669999999999845;19.9100000000035;NA;NA;-838.249143195204;-897.384067428453;4.37106379638675;4.74145584113883;73.2538755083006;68.4079826744296;1988.45699125248;2086.09013699349;118.269848466498;0.0396039603960396;50;50
45;19.4699999999939;0.5;20.1399999999994;NA;NA;-868.838641518246;-911.81266932267;4.36346529426485;4.39499107257091;83.5525226095035;82.5284501275569;2093.49377138415;2175.08071540762;85.9480556088479;0.118811881188119;50;50
46;20.6200000000026;0.759999999999991;21.75;NA;NA;-885.107762317918;-925.529986268685;4.34874581917422;4.36672044257875;88.4502249865176;87.3013876213056;2146.88935165304;2222.84136466206;80.8444479015338;0.267326732673267;50;50
47;19.3099999999977;0.529999999999973;20.2200000000012;NA;NA;-863.496342539598;-902.147525486902;4.48719344312753;4.5188773327398;78.1987763287457;77.44745335576;2059.21981424595;2133.33018806459;77.3023658946095;0.346534653465347;49;49
48;20.3400000000038;0.740000000000009;21.3600000000006;NA;NA;-864.631071514714;-922.843716380365;4.62280865082808;5.31906504566686;76.7076773384847;68.328057001223;2055.92919660778;2136.66906369749;116.425289731302;0.207920792079208;50;50
49;18.9800000000032;0.3900000000001;19.4700000000012;NA;NA;-872.707324889727;-921.614323166321;4.52251512087509;4.58928150437956;79.4652830562297;78.3379989804961;2083.8252336797;2176.83858210557;97.8139965531875;0.0495049504950495;50;50
50;19.3300000000017;0.579999999999927;19.989999999998;NA;NA;-863.272786725049;-898.336856497791;4.75861474465592;4.90679898824628;71.7561683437183;69.8312747838172;2032.12614767972;2094.0569420639;70.1281395454846;0.801980198019802;50;50
51;18.8799999999974;0.539999999999964;19.6899999999951;NA;NA;-812.926229139472;-867.828762369587;4.33370701213353;4.35404569718138;73.6013159961792;72.6387314426324;1937.78849576077;2043.51395022887;109.80506646023;0.0297029702970297;48;48
52;18.8099999999977;0.490000000000009;20.0299999999988;NA;NA;-876.488958667794;-909.690357436907;4.35008182064559;4.38084550013084;81.4352417360454;80.4899675046818;2099.77776056338;2162.15501647791;66.4027975382262;0.841584158415842;50;50
53;19.0299999999988;0.830000000000155;20.0800000000017;NA;NA;-863.551791323316;-907.614644620461;4.33721718944349;4.37171829865324;78.8599716610811;77.696498372863;2062.93638950015;2146.10733271004;88.1257065942905;0.188118811881188;50;50
54;18.3299999999945;0.590000000000146;19.1100000000006;NA;NA;-783.407781564232;-854.685415619927;4.31462260586954;4.35254807472272;72.2844714670189;71.2996661016611;1871.63236947436;2010.03480613733;142.55526811139;0.0099009900990099;46;46
55;18.4499999999971;0.650000000000091;19.2900000000009;NA;NA;-858.892407024097;-889.81281774177;4.38077056112649;4.41977972608398;79.4744527805549;78.5033419498414;2055.43164855086;2113.14671024242;61.8408214353467;0.920792079207921;49;49
56;19.8099999999977;0.620000000000118;20.6100000000006;NA;NA;-855.538578494037;-899.080616468985;4.46090823141676;4.54574498368949;76.7967618592401;75.2574552177709;2038.12358560324;2118.65237553002;87.0840759498965;0.207920792079208;50;50
57;19.8899999999994;0.440000000000055;20.8199999999997;NA;NA;-850.920411829236;-909.533211558007;4.37205162826804;4.42071519071519;79.8838177324922;78.7169020992445;2042.03377790623;2154.28995442054;117.225599457541;0.0198019801980198;50;50
58;18.8700000000026;0.519999999999982;19.5;NA;NA;-819.797415690586;-872.274270551439;4.58382545369011;4.80463757852975;70.2045384124361;67.290939816911;1937.13469502645;2029.74003314094;104.953709721705;0.138613861386139;48;48
59;19.7700000000041;0.670000000000073;20.75;NA;NA;-878.620521542365;-913.650486910976;4.3631255134112;4.3972110412649;82.4563069655652;81.1529206814026;2108.38919122295;2172.89852556754;70.0599307372222;0.663366336633663;50;50
60;18.7799999999988;0.839999999999918;20.1900000000023;NA;NA;-864.794823210538;-898.053728592752;4.58021829468591;4.68509289974889;73.2267226092629;71.8125012061239;2041.43271803974;2101.92793035119;66.5178107644288;0.782178217821782;50;50
61;19.7300000000032;0.769999999999982;20.8899999999994;NA;NA;-873.818561379985;-907.880090716208;4.39576940941192;4.41469358025272;79.8656896413282;79.185170669339;2087.75287678041;2152.97787967543;68.123058672445;0.594059405940594;50;50
62;18.0899999999965;0.490000000000009;18.7200000000012;NA;NA;-838.44409687728;-886.369179848206;4.41853936043756;4.46240276363719;75.8179133281143;74.8672846262805;1999.00023779116;2090.81166221632;95.8501659418521;0.118811881188119;49;49
63;17.7099999999991;0.539999999999964;18.3300000000017;NA;NA;-821.416556990619;-883.92780001812;4.62504374112834;4.69807629738742;70.2547379720745;69.2652765261663;1940.58573267722;2061.41469748196;125.022486055003;0.0198019801980198;48;48
64;19.1100000000006;0.4699999999998;19.5500000000029;NA;NA;-882.244647938876;-923.405264163758;4.78349830324965;4.76477130407426;76.0623651601241;75.8468754629679;2088.40822521016;2169.81177396921;82.3212324497631;0.504950495049505;50;50
65;19.4399999999951;0.529999999999973;20.1599999999962;NA;NA;-842.218747075505;-896.135883255859;4.48662094719852;4.54499362684147;75.382966532977;74.0127393087346;2004.70166879793;2106.71453731592;107.834272360706;0.158415841584158;49;49
66;18.9399999999951;0.6099999999999;19.9000000000015;NA;NA;-829.36496787828;-883.343727771184;4.39541921426022;4.41379820390461;74.9067561597973;74.207752972756;1977.72759253421;2082.7083397273;107.957519785809;0.0297029702970297;50;50
67;18.5699999999997;0.440000000000055;19.0800000000017;NA;NA;-875.662867936612;-914.455805333391;4.47539748487462;4.57736081250453;79.5310899694724;77.9814102203974;2090.01656487017;2161.00297875988;77.5858747935579;0.425742574257426;50;50
68;18.6299999999974;0.550000000000182;19.2799999999988;NA;NA;-844.436333964501;-886.58412760296;4.35989461177855;4.40364617866842;77.4254090459874;76.3405816253835;2017.8141498746;2097.50085301664;84.2955872769182;0.178217821782178;49;49
69;18.1599999999962;0.429999999999836;18.9099999999962;NA;NA;-846.242726888809;-897.14685429486;4.42923007695334;4.4746033317302;74.1007158555501;72.8700119597934;2008.0505100596;2104.61769345091;101.808254812101;0.0396039603960396;50;50
70;18.5999999999985;0.570000000000164;19.239999999998;NA;NA;-846.807858389556;-888.536235919592;4.49124113205875;4.53334517151243;74.1961226876657;73.0876364705411;2008.83759099617;2087.58494763691;83.4567550600723;0.277227722772277;49;49
71;19.1900000000023;0.450000000000045;19.8199999999997;NA;NA;-827.422679703025;-883.336652356636;4.36019952361339;4.3815128243791;78.6472714703583;77.7646088188468;1988.97791804803;2097.05587527997;111.827945307224;0.0198019801980198;49;49
72;20.0299999999988;0.470000000000027;20.8899999999994;NA;NA;-864.660607936349;-907.898879290029;4.39555852058235;4.47051545087261;80.7872748094808;79.2852056025047;2073.36162935289;2153.4414652489;86.4765427073603;0.237623762376238;50;50
73;19.3800000000047;0.840000000000146;20.4399999999951;NA;NA;-863.965437845935;-910.654110032962;4.3737236205179;4.40980360270368;80.5747088514818;79.3179483437938;2071.06605650696;2159.09136486136;93.3773443740531;0.0495049504950495;50;50
74;18.3099999999977;0.579999999999927;19;NA;NA;-864.148476376471;-897.605808105727;4.392372988804;4.45213271322812;78.2892951188933;77.2087738776869;2061.69947842665;2124.01263780577;66.9146634585122;0.772277227722772;50;50
75;19.1900000000023;0.579999999999927;19.9800000000032;NA;NA;-862.657701561958;-897.958488874319;4.35752527674855;4.41334382679011;77.666368667648;76.4032862741748;2056.06513633297;2121.28775257675;70.6015746247222;0.475247524752475;50;50
76;18.3600000000006;0.509999999999991;19.1100000000006;NA;NA;-858.831683776746;-897.306539475176;4.45658150518379;4.51472346547778;76.1726546001345;75.1623268463353;2042.05197511968;2114.69910818366;76.94971139686;0.544554455445545;50;50
77;18.0299999999988;0.5;18.7099999999991;NA;NA;-870.520404436472;-902.277903534366;4.53322511541079;4.61066800512051;75.2921733899385;74.1962349093034;2061.6798021548;2120.52764046785;63.5149981957884;0.920792079207921;50;50
78;18.5800000000017;0.4699999999998;19.1399999999994;NA;NA;-845.871829736145;-888.629403647707;4.33564295862392;4.35530422907214;79.1335704178543;78.2244806791144;2027.94225687892;2109.59514127241;85.5151478231232;0.108910891089109;49;49
79;18.8099999999977;0.450000000000045;19.5800000000017;NA;NA;-847.179629271252;-896.260935360441;4.55698844584612;4.61990395140079;74.471983855744;73.3762918226113;2011.5053954662;2105.00189728234;98.1626121783779;0.0099009900990099;50;50
80;18.4300000000003;0.690000000000055;19.5;NA;NA;-853.345953397545;-890.191629572148;4.42155925035616;4.4730699885098;77.5239071174471;76.3392403522153;2036.05185732864;2104.71015856234;73.6913523492049;0.475247524752475;49;49
81;18.8300000000017;0.620000000000118;19.8399999999965;NA;NA;-853.385418241535;-894.004173440072;4.57223542587282;4.65363531076127;74.6174353605851;73.3697260910545;2023.78265558644;2099.71927908845;81.2375103970753;0.475247524752475;49;49
82;18.6399999999994;0.599999999999909;19.4499999999971;NA;NA;-861.727512377216;-892.820983439681;4.42061568913291;4.4540404419142;77.1400092567262;76.3368184394251;2051.96320556802;2110.72968201269;62.1869421249289;0.693069306930693;50;50
83;19.1299999999974;0.579999999999927;19.8799999999974;NA;NA;-850.150414640286;-899.01800700856;4.34189361837237;4.37964611151165;79.6501844604665;78.3715886057485;2039.49883367144;2131.7889944538;97.7351847365474;0.148514851485149;50;50
84;21.1699999999983;0.559999999999945;22.0899999999965;NA;NA;-883.281086232082;-931.836478581768;4.94675243925911;5.23768234779892;71.7763803612483;68.0297738124393;2072.22882152283;2153.38432032798;97.1107846993705;0.504950495049505;50;50
85;19.1599999999962;0.439999999999827;19.6900000000023;NA;NA;-876.914399497672;-913.604197074446;4.40014867446491;4.4422967674786;81.6116960503712;80.4771141408605;2101.38008996542;2169.92795846157;73.3795951535476;0.544554455445545;50;50
86;20.0199999999968;0.430000000000064;20.5;NA;NA;-872.7925314745;-921.582474685741;4.46702793205304;4.49894215935856;81.1764002620428;80.2070825415436;2091.28260475678;2184.73455803458;97.5798864224803;0.0495049504950495;50;50
87;19.2200000000012;0.540000000000191;19.9399999999951;NA;NA;-874.681857936744;-908.99716772868;4.35151759987405;4.36160682520356;86.240655699766;85.6586046367049;2116.62787864815;2182.77977755634;68.6306195838715;0.673267326732673;50;50
88;19.7799999999988;0.699999999999818;20.8600000000006;NA;NA;-849.36636758368;-904.339934190397;4.32690469290172;4.33538278795524;82.7380323861838;82.0357524898465;2051.08063822275;2158.03704466041;109.947133213433;0.0099009900990099;50;50
89;17.9199999999983;0.519999999999982;18.7099999999991;NA;NA;-820.35149326201;-875.303685100331;4.40848001349244;4.42253128677307;74.1607197513621;73.4253200503159;1955.00988094478;2061.79750419934;109.904383676641;0.0693069306930693;48;48
90;20.2699999999968;0.5;20.9400000000023;NA;NA;-873.170808672248;-906.087040066908;4.3295072926103;4.3505563013702;87.0016975968751;85.8865868495027;2116.84675055137;2177.9304065081;65.8324627893203;0.663366336633663;50;50
91;20.0799999999945;0.369999999999891;20.739999999998;NA;NA;-867.539909235963;-910.163711322368;4.4267708957567;4.66534082063223;79.6638954544999;75.9321557265144;2074.33621245531;2143.69184252645;85.2476041728114;0.504950495049505;50;50
92;19.8899999999994;0.430000000000064;20.3899999999994;NA;NA;-862.779183500927;-913.355755625672;4.38196238723819;4.40797162815028;81.8013993106868;80.7906010860418;2073.9175276305;2170.76609000157;101.15314424949;0.0693069306930693;50;50
93;17.8400000000038;0.6099999999999;18.8799999999974;NA;NA;-778.125339390007;-839.276428356627;4.33760646756934;4.49202705598825;67.2994353928216;65.063453937168;1840.04605763509;1952.91931241888;122.302177933239;0.0099009900990099;46;46
94;17.7200000000012;0.580000000000155;18.75;NA;NA;-816.718626756357;-878.735999398668;4.38860511884872;4.42780077985889;73.1564565215995;72.0344744279343;1944.24211096992;2063.51012066794;124.034745284621;0.0099009900990099;49;49
95;19.0999999999985;0.6400000000001;20.1699999999983;NA;NA;-874.315593814087;-911.039910592214;4.38942694912811;4.4557385224231;79.4079276981709;78.025191782781;2086.79751819584;2154.35763729005;73.4486335562542;0.653465346534653;50;50
96;19.3299999999945;0.5;19.8699999999953;NA;NA;-857.422515251418;-901.250454576277;4.42283697243483;4.45498968658363;77.6930509943942;76.8318029334219;2045.70839297774;2129.69656356694;87.6558786497183;0.148514851485149;50;50
97;19.5199999999968;0.400000000000091;20.0599999999977;NA;NA;-861.085327702302;-910.635018695194;4.43518567341459;4.46843940165579;79.3363289547524;78.429903815465;2060.03207580729;2155.27135878064;99.099381985784;0.0297029702970297;50;50
98;17.1699999999983;0.430000000000064;17.6599999999962;NA;NA;-825.190705895096;-875.203959311733;4.45269773325639;4.50189355559992;71.3370901053364;70.4327818097854;1953.45669968436;2049.64125702664;100.026506833275;0.0693069306930693;49;49
99;19.1900000000023;0.509999999999991;19.8199999999997;NA;NA;-866.524585088;-910.909735541828;4.51791445751895;4.56063602818057;76.6950760539082;75.9026676418614;2059.66255996675;2145.05831310845;88.7703009076547;0.198019801980198;50;50
100;18.2099999999991;0.690000000000055;19.0999999999985;NA;NA;-809.084760687598;-867.948759832852;4.34368714172202;4.41203368780593;71.5262087510343;70.1531646032899;1922.04827893579;2033.94290569749;117.727998290509;0.0198019801980198;49;49
101;19.5599999999977;0.5;20.1100000000006;NA;NA;-860.114634501409;-919.196161055001;4.31984493240065;4.33411428699258;86.5172822666735;85.5467566902434;2088.67147273359;2202.70144892494;118.163053107183;0.0099009900990099;50;50
102;19.0900000000038;0.589999999999918;20.25;NA;NA;-866.104347801455;-901.559337987362;4.49972378464005;4.53467603635114;77.9591914654652;77.1921570196456;2064.2054429819;2131.84893307395;70.9099803718141;0.663366336633663;50;50
103;18.5299999999988;0.580000000000155;19.3499999999985;NA;NA;-832.145249537212;-884.645861539773;4.42249553822874;4.5032149852199;73.9859210846123;72.6405210399294;1979.36669073568;2078.63839869065;105.001224005122;0.0297029702970297;50;50
104;19.260000000002;0.5;20.1500000000015;NA;NA;-867.423241455325;-900.142989723598;4.56178313200278;4.63005399004345;74.8533928809431;73.575562501735;2053.61688701064;2113.61461944439;65.4394965365448;0.861386138613861;50;50
105;18.6399999999994;0.579999999999927;19.510000000002;NA;NA;-851.886080309778;-901.06504120041;4.44368134878085;4.49929342950095;77.223536941766;76.0871860921082;2032.6360521483;2126.15471406968;98.3579217812623;0.0396039603960396;50;50
106;18.4700000000012;0.7199999999998;19.7300000000032;NA;NA;-855.043227467466;-898.601059105416;4.59301982863688;4.65912729542296;75.3255347961785;74.1692271071638;2030.10663112132;2112.3097266821;87.1156632758996;0.346534653465347;49;49
107;19.2200000000012;0.5;20.3000000000029;NA;NA;-814.413676214196;-878.536039840702;4.33242598354106;4.35177695932873;75.2314484004154;74.3105310708899;1948.44780301004;2072.78001737024;128.244727253013;0.0099009900990099;49;49
108;18.9400000000023;0.650000000000091;19.989999999998;NA;NA;-879.343452833268;-912.861274750314;4.48413762068496;4.61791844626398;78.1384359180965;76.4653276661952;2091.4469828613;2151.35753358959;67.0356438340914;0.831683168316832;50;50
109;19.0199999999968;0.539999999999964;20.0199999999968;NA;NA;-863.810431316703;-910.089671084829;4.42359255131153;4.44326423072694;78.5127183862813;77.7258277196674;2061.97485787301;2151.18228749523;92.558479536252;0.148514851485149;50;50
110;19.0499999999956;0.5;19.7200000000012;NA;NA;-839.824404103558;-886.19642821344;4.34551435952086;4.36481473676691;78.6991608494565;77.9374881668045;2014.7967866857;2104.29717821208;92.7440482197644;0.0693069306930693;50;50
111;19.8799999999974;0.660000000000082;20.9400000000023;NA;NA;-878.891837224731;-917.07231077846;4.4623559643909;4.53441576635682;82.0691844596182;80.8626233344941;2107.28322400173;2178.50591400922;76.3609471074585;0.514851485148515;50;50
112;19.7099999999991;0.5;20.6699999999983;NA;NA;-873.145679460082;-909.223232984578;4.35286248050993;4.36318419335531;83.9677499178659;83.0228079831088;2103.87613286966;2172.00711341215;72.1551070489922;0.613861386138614;50;50
113;17.7799999999988;0.559999999999945;18.8099999999977;NA;NA;-818.49488461542;-856.624674727228;4.32100644827941;4.33894733955649;73.587988462208;72.8588093918278;1949.62798808451;2022.78965449702;76.2595802236158;0.396039603960396;49;49
114;19.5999999999985;0.720000000000027;20.760000000002;NA;NA;-869.114433480756;-911.440466412652;4.3480302503107;4.3934891679808;80.5902480446582;79.3583458367856;2081.43022293177;2160.83611424687;84.6520658637914;0.188118811881188;50;50
115;19.0800000000017;0.470000000000027;19.6500000000015;NA;NA;-883.844154430343;-919.251296609305;4.45187423137956;4.48508581856333;81.1715860467698;80.2062941029273;2113.36534886769;2180.0688442397;70.8142843579221;0.801980198019802;50;50
116;19.0500000000029;0.590000000000146;20.239999999998;NA;NA;-851.823401455163;-889.992022847619;4.31818281334582;4.36842225231729;77.3935425898907;75.8273200115198;2033.23467991343;2102.90201255797;76.337242784912;0.405940594059406;50;50
117;18.5800000000017;0.690000000000055;19.3600000000006;NA;NA;-860.146185508697;-902.748817530255;4.32368974153133;4.34700244085803;80.0071475640375;79.1140144835286;2061.01053726592;2142.41230781287;85.2052640431166;0.207920792079208;50;50
118;20.4400000000023;0.720000000000027;21.3800000000047;NA;NA;-864.156473870589;-908.328005053729;4.42088315951001;4.45769854143593;83.1617122320448;82.1201146800697;2082.46513234582;2166.37245092316;88.3430623662803;0.128712871287129;50;50
119;18.2000000000044;0.519999999999982;19.0299999999988;NA;NA;-820.991432012536;-877.568495459877;4.4619195319012;4.60569363040496;71.6134348814586;69.6472598320559;1946.23220138576;2051.03304293802;113.154126894681;0.0198019801980198;49;49
120;19.7900000000009;0.509999999999991;20.6900000000023;NA;NA;-857.304671344019;-915.631048827044;4.35034225181197;4.4066974212763;81.6869266022404;80.5203790611542;2062.4810102302;2174.16590980905;116.652754966049;0.0198019801980198;50;50
121;17.3399999999965;0.75;18.510000000002;NA;NA;-829.417787675808;-867.120356180988;4.45740757185131;4.5384179806545;69.6142766715363;68.4889282053639;1953.8738001873;2024.50950153509;75.4051370103596;0.544554455445545;48;48
122;19.9700000000012;0.690000000000055;21.1699999999983;NA;NA;-883.292686761069;-929.781843996917;4.46290583952763;4.51460729812292;85.7572934864116;84.566402724703;2131.79109162051;2219.69788274854;92.9783144716957;0.0792079207920792;50;50
123;19.6500000000015;0.529999999999973;20.4500000000044;NA;NA;-859.393333045897;-913.839384041886;4.41466028018654;4.45210161977764;78.4224676992028;77.5441223666095;2052.75632006265;2157.90790361139;108.892101991978;0.0693069306930693;50;50
124;19.6699999999983;0.559999999999945;20.5299999999988;NA;NA;-885.719612126284;-929.146763823773;4.53894690725956;4.59481886922621;81.8566074750514;80.6902433449748;2120.03349418204;2201.92072326332;86.8543033949791;0.306930693069307;50;50
125;17.8100000000049;0.559999999999945;18.6100000000006;NA;NA;-794.511179317641;-835.932938083731;4.43728558381152;4.56911988776486;66.4278165419999;64.8452466379829;1869.14220291058;1945.31217224947;82.8435175321808;0.336633663366337;46;46
126;19.8799999999974;0.470000000000027;20.6500000000015;NA;NA;-875.911996712362;-919.860396269779;4.56900004063246;4.62941942797702;77.1401334975633;76.1527781409014;2080.33270332992;2164.02475428412;87.8967991148343;0.237623762376238;50;50
127;19.1200000000026;0.699999999999818;20.25;NA;NA;-882.183911707742;-920.634315478574;4.71968324899069;4.76556637539106;76.9542528803851;75.7970562833043;2092.08494275715;2164.05771680992;76.9008075416641;0.702970297029703;50;50
128;20.2900000000009;0.839999999999918;21.6399999999994;NA;NA;-860.594850121163;-906.635004826082;4.99650672241796;5.55270379143064;68.5721740604039;62.4944786952926;2013.21092725627;2079.40878387449;92.0803094098374;0.603960396039604;50;50
129;18.2099999999991;0.540000000000191;18.9800000000032;NA;NA;-816.799412456501;-872.217817579392;4.4558882313071;4.59425135111034;71.6088067324182;69.4680818266294;1937.82849960451;2039.57045027351;110.836810245781;0.0099009900990099;49;49
130;19.25;0.619999999999891;20.1899999999951;NA;NA;-853.387770339477;-911.198830841269;4.36864285508695;4.37836484553486;80.5740629035155;79.8126083393499;2049.90797066224;2162.28736385108;115.622121003583;0.0891089108910891;50;50
131;19.5299999999988;0.480000000000018;20.5;NA;NA;-864.679187872158;-905.74276674876;4.39266007036222;4.42107617707294;82.0624523731318;81.0909575343476;2078.82925605599;2156.819209196;82.1271577532032;0.207920792079208;50;50
132;19.9300000000003;0.5;20.5300000000061;NA;NA;-869.915925649064;-911.883068710225;4.35042988059933;4.43289000492649;80.1478240435287;78.7233004565402;2081.14910192331;2159.01691674758;83.9342861223208;0.178217821782178;50;50
133;19.8499999999985;0.720000000000027;20.989999999998;NA;NA;-857.867505965346;-901.168375702723;4.39097965707906;4.43295913813917;80.3977549789988;79.4013209506507;2057.30449143042;2139.67288567672;86.6017394747544;0.188118811881188;49;49
134;20.1900000000023;0.549999999999955;21.4199999999983;NA;NA;-861.095277019183;-913.397775739772;4.33449702996776;4.38023710410269;81.3070564414119;80.0312532073434;2068.44450780681;2167.61637393859;104.604997441177;0.0297029702970297;50;50
135;20.3600000000006;0.470000000000027;21.6800000000003;NA;NA;-880.608886821351;-915.725495746964;4.36229848135906;4.48775733393984;81.0546534897699;79.3218828184115;2106.39684506054;2169.25089162957;70.2332178512261;0.613861386138614;50;50
136;19.2699999999968;0.559999999999945;20.2699999999968;NA;NA;-872.415576114283;-910.809451639399;4.40973566476035;4.43613218061238;82.2803652440266;81.3116199982559;2095.2300355504;2167.89229139488;76.7877510502319;0.455445544554455;50;50
137;19.5199999999968;0.3900000000001;20.0899999999965;NA;NA;-826.043576104617;-887.021637606436;4.34711148230907;4.38736775173997;78.9692568565744;77.9436983562839;1986.77351933891;2104.38313507625;121.956123003637;0.0198019801980198;48;48
138;19.1299999999974;0.440000000000055;19.7200000000012;NA;NA;-878.19160744871;-911.144594780907;4.41373952026688;4.47040928266285;77.9971438028669;76.8814272933629;2088.54158597127;2149.69617410651;65.9059746643934;0.831683168316832;50;50
139;19.739999999998;0.559999999999945;20.4700000000012;NA;NA;-862.543937804199;-908.678306817133;4.33922417919047;4.36217272960436;81.8620885260582;80.9370654445646;2072.87856921558;2161.21735108094;92.2687380258692;0.118811881188119;49;49
140;19.6900000000023;0.519999999999982;20.4400000000023;NA;NA;-867.22250268613;-915.827210295141;4.50064904580546;4.5308711278674;80.8346737875018;79.6354198461597;2078.68727197889;2170.78954844493;97.2094152180218;0.0594059405940594;50;50
141;20.2900000000009;0.619999999999891;21.2300000000032;NA;NA;-890.499477515691;-923.362203082809;4.37826714579536;4.40291843924508;85.0445021266956;84.2158929721123;2143.16918227182;2205.36592128117;65.7254511342364;0.851485148514851;50;50
142;19.6700000000055;0.5;20.5800000000017;NA;NA;-859.757576339527;-910.838665824506;4.57187288856294;4.61768540446788;77.8039229953222;76.4165274470176;2050.85067427967;2147.10449529072;102.162178969958;0.0396039603960396;50;50
143;18.2200000000012;0.829999999999927;19.3100000000049;NA;NA;-805.186383255122;-848.185924307365;4.39213819167173;4.50232895064141;69.5613804013018;68.0915316588793;1904.45455503223;1984.2396180282;85.9990821044858;0.178217821782178;47;47
144;19.1299999999974;0.559999999999945;19.9800000000032;NA;NA;-868.894094677906;-901.833195271194;4.39263452671848;4.42762588492008;79.3777933097021;78.4660545984097;2075.82618971933;2137.82166353382;65.8782011865751;0.752475247524752;50;50
145;19.7099999999991;0.6400000000001;20.6699999999983;NA;NA;-873.584530737643;-917.54406089008;4.37864663277711;4.44106821599252;81.1180069503176;79.8438955737977;2092.61792972454;2175.11106365881;87.9190603048742;0.237623762376238;50;50
146;18.7799999999988;0.610000000000127;19.7200000000012;NA;NA;-832.283079621691;-899.234044512487;4.29660440915909;4.33229896393457;80.779708491659;79.5872805389366;2006.92555641956;2135.77375522473;133.901929781593;0.0198019801980198;48;48
147;18.6999999999971;0.560000000000173;19.510000000002;NA;NA;-863.970946203628;-908.285976557694;4.46761948713131;4.5167715237824;78.9131787401142;77.9436028012646;2064.00128674641;2148.50231466208;88.6300607081328;0.207920792079208;50;50
148;18.5699999999997;0.579999999999927;19.6100000000006;NA;NA;-868.453601120796;-903.799593855702;4.33898489821444;4.36195879449191;80.8219385514821;79.9281165678749;2080.27882363077;2147.17341065599;70.6919854698124;0.574257425742574;49;49
149;18.8099999999977;0.529999999999973;19.6899999999951;NA;NA;-847.676257128858;-887.061206522945;4.42497659672293;4.45304798380967;73.8301927614136;72.9430429163666;2009.01973692417;2084.02058381668;78.7698987881738;0.415841584158416;49;49
150;19.9799999999959;0.5;20.8000000000029;NA;NA;-900.780544219629;-932.124440880595;5.63666694897977;5.71060530280516;63.1333484736454;62.0708498328827;2069.13193672206;2127.31666360634;62.6877933219314;0.920792079207921;48;48
151;20.1699999999983;0.680000000000064;21.1100000000006;NA;NA;-873.652743180628;-912.029676283638;4.4973023524;4.58121239769386;78.8079127828361;77.3110682291204;2082.9165954531;2153.29600453837;76.7538662060206;0.326732673267327;50;50
152;19.2199999999939;0.509999999999991;20.2300000000032;NA;NA;-846.139379693324;-893.330044627573;4.37302384118764;4.46498261242969;77.4622403327589;75.9876769927704;2021.37671887886;2109.49337341331;94.3813298684977;0.128712871287129;49;49
153;19.5999999999985;0.470000000000027;20.4300000000003;NA;NA;-879.728697118839;-918.984572543932;4.43452516442609;4.47171169100491;83.2519692725971;82.2297317432173;2113.99394716796;2188.15240075552;78.511750850186;0.425742574257426;50;50
154;20.2200000000012;0.649999999999864;21.3000000000029;NA;NA;-862.342577488609;-899.334341882094;4.38771286844028;4.40667982469751;80.9163665091743;80.0893303891012;2069.27531793026;2139.73683351176;73.9835287869701;0.415841584158416;50;50
155;18.9099999999962;0.480000000000018;19.5;NA;NA;-862.318780472446;-900.57820392572;4.37198916794684;4.44421960525829;78.6567670061006;77.1586232837278;2059.60500114648;2129.74385829705;76.5188469065467;0.465346534653465;50;50
156;19.3300000000017;0.680000000000064;20.1399999999994;NA;NA;-856.266561102676;-895.458479468902;4.58825982781169;4.6605658511266;72.3284740873304;71.0572029981294;2020.55091572642;2093.52092172618;78.383836732452;0.584158415841584;50;50
157;18.3799999999974;0.599999999999909;19.3600000000006;NA;NA;-801.75348236294;-854.27998827095;4.34822866297739;4.37113120529627;69.2661028981822;68.5757869893555;1897.06956448957;1999.19688936242;105.053011816021;0.0891089108910891;48;48
158;18.25;0.549999999999955;19.0800000000017;NA;NA;-835.515437902576;-886.097610000023;4.47839727367471;4.50737089735427;74.4650754558019;73.6181830246102;1987.39539457797;2084.96172030842;101.164344194895;0.0891089108910891;49;49
159;19.9700000000012;0.519999999999982;20.6299999999974;NA;NA;-867.811796705194;-905.735145593384;4.35469856771149;4.36736576895101;83.1207615707851;82.3982279703465;2089.6013856684;2162.37110431367;75.8466977763783;0.326732673267327;50;50
160;20.0299999999988;0.599999999999909;20.7900000000009;NA;NA;-852.958997503463;-914.139495700069;4.47128968034594;4.79240947162042;78.4619859172985;73.8012449382405;2040.05594112683;2142.56872185315;122.360996393212;0.0099009900990099;50;50
161;18.4800000000032;0.440000000000055;19.5699999999997;NA;NA;-829.771161685847;-875.836085754342;4.37253635994338;4.42351817662677;75.1258593130501;73.9543712210625;1977.93965838329;2065.10452256007;92.1298481369899;0.118811881188119;48;48
162;18.9000000000015;0.470000000000027;19.6599999999962;NA;NA;-868.192285606989;-907.942692834491;4.43149525529535;4.46807246192305;76.7816984236685;75.7089777388199;2063.3668507337;2138.29938053206;79.5008144550038;0.405940594059406;50;50
163;18.3100000000049;0.380000000000109;19.1100000000006;NA;NA;-868.149526368668;-907.739876270876;4.35465509949687;4.42266046266036;81.0100657542103;79.695790275927;2081.28824297631;2154.87197370308;79.180699804416;0.415841584158416;50;50
164;19.8700000000026;0.470000000000027;20.5;NA;NA;-878.196123406669;-929.180088017107;4.6192769298887;4.6930562400014;80.181131500372;78.5830568370623;2097.85134046085;2193.01371436086;101.967929220877;0.168316831683168;50;50
165;18.739999999998;0.630000000000109;19.6900000000023;NA;NA;-804.501132227773;-860.524333837652;4.30481054499789;4.35710861447094;73.1174924521354;72.0761819371501;1918.88776796082;2026.52090395245;112.046403219756;0.0099009900990099;48;48
166;18.4199999999983;0.559999999999945;19.2799999999988;NA;NA;-874.72349569824;-904.520606552424;4.37942625099873;4.40600307302966;80.5383693680689;79.6136415950479;2092.42741701122;2148.08359617344;59.5942217083671;0.95049504950495;50;50
167;18.3899999999994;0.529999999999973;19.0799999999945;NA;NA;-836.710213028807;-908.952125275244;4.41664461653343;4.68802581338078;78.0456942610593;74.8852172391273;2004.99718678816;2136.05373969075;144.483824492875;0.0099009900990099;49;49
168;19.3899999999994;0.549999999999955;19.9699999999939;NA;NA;-864.828021733082;-918.287530639729;4.60644347329843;4.5966298751053;79.0943183224152;78.605863056446;2066.48683821385;2171.32572209434;106.919017813294;0.0792079207920792;50;50
169;18.8600000000006;0.720000000000027;20.0299999999988;NA;NA;-866.60364174858;-904.675145541845;4.52807553170237;4.60164824791263;76.9853791256667;75.7608035519514;2061.05695696102;2131.98499117814;76.1430075865296;0.415841584158416;50;50
170;19.1299999999974;0.7800000000002;20.1299999999974;NA;NA;-855.770862453474;-905.672202855586;4.34585848643582;4.36417350167158;79.7195683754304;78.9792252935455;2051.03520740188;2147.68506567793;99.8026808042237;0.0594059405940594;50;50
171;18.8099999999977;0.589999999999918;19.7900000000009;NA;NA;-861.337283841772;-906.801818734197;4.31618873809458;4.33732629735222;84.1662873705607;83.2100889563013;2081.10483255321;2167.96183902627;90.9290697848508;0.0891089108910891;50;50
172;17.5299999999988;0.480000000000018;18.4000000000015;NA;NA;-853.282175061481;-888.947091558183;4.44849171401649;4.55074988654015;73.3431809072457;71.9600905922856;2018.90337065296;2084.34317993952;71.3298329934039;0.722772277227723;50;50
173;18.5599999999977;0.610000000000127;19.2999999999956;NA;NA;-846.587300700706;-892.163086549441;4.3566875532487;4.39077435777432;78.7683441198317;77.5676663384881;2028.61720351969;2114.65557290499;91.1515716974684;0.138613861386139;50;50
174;18.9800000000032;0.660000000000082;19.6299999999974;NA;NA;-854.633614906506;-902.408918736914;4.3883654550232;4.43813377398376;77.7519826988619;76.6404198190983;2040.38155864394;2131.19846840908;95.5506076608149;0.118811881188119;50;50
175;19.9799999999959;0.589999999999918;20.8000000000029;NA;NA;-882.338609124735;-921.249052892488;4.36801615963481;4.40153617225742;84.3342884085572;83.2001883609368;2123.82293176762;2196.81414470114;77.820887535506;0.297029702970297;50;50
176;19.1900000000023;0.710000000000036;20.3600000000006;NA;NA;-879.593625129404;-928.216259512592;4.44958264594587;4.51896714800392;81.9496011654247;80.7448311142886;2108.17754280152;2200.29218192952;97.245268766377;0.158415841584158;50;50
177;19.1200000000026;0.539999999999964;19.75;NA;NA;-878.228884374598;-920.311192761256;4.44753301688523;4.47031562259444;81.9476774649957;81.0904532009332;2105.43986902781;2185.95391346843;84.1646167733163;0.376237623762376;50;50
178;19.1899999999951;0.589999999999918;20.0299999999988;NA;NA;-849.783403423604;-886.133231968876;4.36715409584667;4.41073241856642;77.9307494909934;76.990906310585;2031.44243133054;2100.13967545249;72.6996570905426;0.534653465346535;50;50
179;18.4099999999962;0.610000000000127;19.3099999999977;NA;NA;-829.764260268269;-883.314555686346;4.43221627048598;4.53504438310626;72.823326908034;71.0701523686614;1969.65369259523;2069.28822030633;107.100590836154;0.0693069306930693;50;50
180;18.9500000000044;0.549999999999955;19.7799999999988;NA;NA;-843.421783262563;-894.01538061741;4.37552165923849;4.40958960638417;76.5114294366137;75.594622822956;2011.90201044897;2109.19415662266;101.187194709695;0.0099009900990099;49;49
181;19.0499999999956;0.3599999999999;19.5799999999945;NA;NA;-865.665361816314;-918.323339437715;4.30997107727649;4.33322084125545;83.9070954416915;83.0767373321618;2088.65719463637;2190.43698966071;105.315955242801;0.0396039603960396;50;50
182;18.5800000000017;0.6099999999999;19.4100000000035;NA;NA;-847.836537536367;-899.539194090019;4.44542433100141;4.46891549499932;79.8547314372357;78.8658715858453;2034.93552163896;2134.13966837258;103.405313107305;0.0396039603960396;49;49
183;18.4300000000003;0.5;19.1399999999994;NA;NA;-849.636869092751;-891.896912815853;4.31333101175399;4.35251385881943;79.0387971019282;78.0276117228283;2035.06969161035;2115.29376278462;84.5200874462055;0.297029702970297;49;49
184;19.5;0.590000000000146;20.2000000000044;NA;NA;-883.203764354812;-917.200236593372;4.4371601010868;4.48235686622146;81.5773358542069;80.6328377979541;2113.81249346529;2177.7832017354;67.9929444771201;0.673267326732673;50;50
185;18.2800000000061;0.529999999999973;19.1500000000015;NA;NA;-867.519199689197;-905.664555873687;4.39070340755477;4.42859164678866;82.2139405484667;81.2053847459467;2085.15440671784;2157.15008677963;76.2907123689802;0.326732673267327;50;50
186;18.4300000000003;0.740000000000009;19.4199999999983;NA;NA;-860.785682651653;-904.512981468404;4.45730612533994;4.49667630280539;80.0427656222932;78.9771017192362;2061.63267421009;2144.55980382183;87.4545976335007;0.118811881188119;49;49
187;20.4700000000012;0.559999999999945;21.3600000000006;NA;NA;-844.327301273828;-933.39066263625;4.50782360558031;5.99647932104315;75.8860019037762;59.3676498456567;2011.055920574;2119.00450317342;178.126722724844;0.0198019801980198;49;49
188;19.25;0.419999999999845;19.7300000000032;NA;NA;-881.754049626036;-925.632909832242;4.51496722104121;4.53076671478427;86.1569104585724;85.2517826307848;2130.41562482768;2214.31877095399;87.7577204124111;0.0693069306930693;50;50
189;17.989999999998;0.540000000000191;18.6699999999983;NA;NA;-856.26501977945;-887.492425289054;4.39986491017334;4.45862695999991;75.7846906754421;74.7651010387693;2034.5009373137;2092.62402661266;62.4548110192084;0.920792079207921;49;49
190;19.2000000000044;0.589999999999918;19.9599999999991;NA;NA;-853.161319299369;-906.23236274207;4.40955584378232;4.50375418253793;79.636135561331;78.0686413651777;2045.46081439557;2144.92757583344;106.142086885402;0.0297029702970297;50;50
191;19.2300000000032;0.600000000000136;20.2200000000012;NA;NA;-852.894760330122;-901.92308348978;4.35389743270354;4.39308201887874;78.7148838731824;77.5712211503444;2041.00445715414;2134.19070529534;98.0566463193156;0.118811881188119;50;50
192;18.7099999999991;0.470000000000027;19.4300000000003;NA;NA;-812.297133156861;-870.155117369714;4.34185195046632;4.35115317644779;76.2536119158335;75.4102202850889;1947.77122616505;2059.91274432748;115.715968425707;0.0198019801980198;48;48
193;17.75;0.490000000000009;18.5599999999977;NA;NA;-834.828833532501;-884.374260657748;4.39394808437377;4.40444401447301;76.5540968853755;75.8812962486512;1995.67068344857;2091.89635119792;99.0908542504933;0.0297029702970297;50;50
194;18.8899999999994;0.689999999999827;19.8399999999965;NA;NA;-845.842150287772;-896.788657488389;4.79385294370057;5.12171081943994;69.933699121602;65.9199908478503;1988.79728855258;2073.63808244981;101.893014401235;0.277227722772277;49;49
195;20.1599999999962;0.529999999999973;21.3700000000026;NA;NA;-872.196386631342;-915.13365526073;4.39053496202525;4.41710315551363;83.5010603955074;82.838137807815;2099.99010480101;2183.04152218462;85.8745372587757;0.168316831683168;50;50
196;17.5800000000017;0.470000000000027;18.3899999999994;NA;NA;-814.078729027164;-857.599247198048;4.35053487605001;4.40882039205139;70.5816106431609;69.4488420313354;1927.29542379744;2009.53557652219;87.0410363417677;0.158415841584158;48;48
197;19.9100000000035;0.720000000000027;21.0500000000029;NA;NA;-858.318727717554;-900.580596814409;4.38379823024359;4.42825160628145;79.3965001743912;78.3427542587658;2054.75512078891;2134.7913802136;84.5237381937104;0.217821782178218;50;50
198;17.75;0.509999999999991;18.4300000000003;NA;NA;-848.980819877853;-892.398040940592;4.43918767657101;4.51761416898594;75.597991668132;74.4203014837489;2019.90298971598;2101.72212443145;86.8344421254774;0.158415841584158;50;50
199;19.7799999999988;0.550000000000182;20.8499999999985;NA;NA;-877.189192427964;-924.65333185312;4.5371768914512;4.57274875537331;79.2768768952403;78.4122221759331;2091.98662292037;2183.23268612658;94.928278850311;0.188118811881188;50;50
200;18.2200000000012;0.440000000000055;18.8700000000026;NA;NA;-840.038474211444;-876.479260550458;4.33123695597216;4.36819655363442;75.9134087788654;74.8827422296881;2002.59470442765;2071.09749517535;72.8815726780272;0.534653465346535;49;49
201;19.5600000000049;0.620000000000118;20.5;NA;NA;-844.476431604908;-907.234126893659;5.04649478614142;5.38734201636401;65.7424911534697;62.1117637171544;1968.2595240758;2078.34978641494;125.515390577502;0.0693069306930693;49;49
202;18;0.430000000000064;18.6399999999994;NA;NA;-842.810270225473;-894.00264458559;4.35114282368186;4.4155918233826;76.2932032982057;74.8530790603268;2010.52251629235;2106.77435683576;102.384748720234;0.0495049504950495;50;50
203;19.4500000000044;0.420000000000073;20.1800000000003;NA;NA;-878.485358134909;-924.033008125155;4.54734025094075;4.58355886074898;78.81575896573;77.8011012360699;2092.61523908943;2179.38952111658;91.0952999804911;0.217821782178218;50;50
204;18.4099999999962;0.599999999999909;19.0800000000017;NA;NA;-865.048604007902;-913.394243629947;4.45947226720541;4.49185460942437;78.4412397051745;77.60721193041;2064.14680438739;2157.28629578914;96.6912792440899;0.0594059405940594;50;50
205;17.3700000000026;0.559999999999945;18.1100000000006;NA;NA;-786.08422642616;-841.52362084166;4.35304300744261;4.49119397402589;69.6168910960869;67.6775161676285;1866.48492165681;1969.16469482301;110.878788831;0.0396039603960396;47;47
206;18.0999999999985;0.590000000000146;18.6900000000023;NA;NA;-797.378977943571;-860.212467532323;4.35135661208009;4.39226933832874;72.296193257615;71.3180326075556;1901.16264097418;2022.68399377163;125.666979177504;0.0297029702970297;48;48
207;18.0800000000017;0.600000000000136;19.1200000000026;NA;NA;-821.985275882716;-862.249240282845;4.51544232485577;4.67830146379799;68.0491575911554;66.1448025104202;1933.07707401692;2005.5143593175;80.5279288002569;0.386138613861386;49;49
208;18.5900000000038;0.410000000000082;19.2900000000009;NA;NA;-834.026405897049;-892.261480301537;4.57080815377774;4.6262029099276;73.1851705349668;72.1714726657721;1978.97966060048;2091.1431188353;116.470148808976;0.0099009900990099;49;49
209;20.4200000000055;0.420000000000073;20.9099999999962;NA;NA;-876.984022114999;-916.614871107143;4.68498608906267;4.8426745310954;75.8909398051971;73.7807309609256;2076.39034090703;2146.6868266567;79.2616979842892;0.643564356435644;49;49
210;18.9799999999959;0.5300000000002;19.8400000000038;NA;NA;-855.235734109315;-905.207408826551;4.3355982826017;4.38422149116274;81.7287286807776;80.4836352738162;2058.52115395014;2153.16215284039;99.9433494344707;0.0594059405940594;50;50
211;18.8600000000006;0.549999999999955;19.8600000000006;NA;NA;-866.698167439046;-909.422305391082;4.50090462696125;4.51379139953294;79.0395449358772;78.2872385106638;2069.99387186834;2152.23837819107;85.4482759040716;0.217821782178218;50;50
212;19.1800000000003;0.529999999999973;19.9199999999983;NA;NA;-850.185985063655;-908.768272301138;4.36282224638272;4.43505841673439;82.9989149806013;81.4802703012682;2053.83086691117;2164.52814632463;117.164574474966;0.0693069306930693;50;50
213;19.0499999999956;0.519999999999982;19.6999999999971;NA;NA;-852.360776447748;-901.028481493192;4.4089298812479;4.43710603985711;76.1109748874227;75.0608554995236;2028.8474914471;2121.71086668759;97.3354100908882;0.188118811881188;50;50
214;18.7699999999968;0.549999999999955;19.5300000000061;NA;NA;-862.985460773059;-906.137524136352;4.61258733068583;4.70634860780293;73.6852248094477;72.192513237398;2039.76656907362;2119.7138393811;86.304126726586;0.425742574257426;50;50
215;18.1500000000015;0.480000000000018;18.9599999999991;NA;NA;-853.109857681033;-895.499484939668;4.35759352597428;4.44790545711535;79.204802595533;77.7782423616327;2042.72094233665;2121.43946248769;84.7792545172692;0.316831683168317;49;49
216;18.3600000000006;0.6099999999999;19.1900000000023;NA;NA;-887.540213573973;-919.353980600305;4.54615421129719;4.58548152950571;80.4750928208372;79.4104115444399;2117.79138347406;2176.88486946754;63.6275340526627;0.752475247524752;50;50
217;19.5600000000049;0.479999999999791;20.6100000000006;NA;NA;-869.732607864868;-911.832225507082;4.39601291437219;4.43190525735843;79.6978413891914;78.5382616065711;2078.86617175503;2158.12722452474;84.1992352844272;0.217821782178218;50;50
218;19.4199999999983;0.450000000000045;20.0900000000038;NA;NA;-867.613032149869;-906.407164168118;4.37486506429462;4.39798918370513;80.8478299348236;80.0611242543276;2079.52435763057;2153.76235953428;77.5882640364989;0.346534653465347;50;50
219;19.5899999999965;0.529999999999973;20.25;NA;NA;-892.3967035505;-924.158883346946;4.43544914565113;4.47181451285619;85.6366470047994;84.6372032397961;2149.4853405035;2208.75347228114;63.5243595928907;0.910891089108911;50;50
220;19.7099999999991;0.580000000000155;20.75;NA;NA;-868.185977322574;-915.353603381315;4.33323284760156;4.37215595180664;84.3720946085178;83.3886672309086;2095.67866951775;2185.82590115281;94.335252117482;0.0396039603960396;50;50
221;19.1699999999983;0.599999999999909;20.3799999999974;NA;NA;-870.299799863924;-909.766782355202;4.32446034798525;4.34394562542313;84.3637197003293;83.3069929643355;2099.87064924494;2174.304441347;78.9339649825549;0.198019801980198;50;50
222;19.1899999999951;0.669999999999845;20.239999999998;NA;NA;-846.276259633345;-891.240245934123;4.35889617580085;4.37829411837009;79.0440166803494;78.2449103038198;2029.16909961272;2115.69400051958;89.9279726015575;0.168316831683168;50;50
223;17.6100000000006;0.460000000000036;18.5599999999977;NA;NA;-818.816810452658;-857.4233227264;4.35535832037717;4.37783686899014;70.7417708174312;69.8301878404139;1938.17969763732;2011.51986624421;77.213024547483;0.346534653465347;49;49
224;18.5;0.769999999999982;19.5;NA;NA;-875.093753427896;-915.392699491292;4.49477438651494;4.5337046311892;78.249397155904;77.2958737589739;2083.42012320014;2159.95734383483;80.5978921267913;0.336633663366337;50;50
225;19.3400000000038;0.470000000000027;20.0800000000017;NA;NA;-864.88260859638;-900.116010587917;4.36306119928079;4.38831205868052;81.2219103856039;80.2415206251352;2075.6565682578;2141.94828774448;70.4668039830735;0.673267326732673;50;50
226;19.0999999999985;0.700000000000045;20.3600000000006;NA;NA;-827.853110792852;-880.680554243881;4.35042780325673;4.38852277066648;77.5523063834983;76.4677767493698;1984.38728962667;2085.44573865228;105.654886902058;0.0198019801980198;48;48
227;18.7699999999968;0.620000000000118;19.4200000000055;NA;NA;-866.807189962165;-905.782824504033;4.32916643513221;4.35383172230109;78.6585914998356;77.7146463994393;2068.58958990873;2142.52097760138;77.9512690837364;0.495049504950495;50;50
228;19.75;0.490000000000009;20.4199999999983;NA;NA;-850.704678623266;-899.777017166298;4.59219804026448;4.71741025969294;75.899850233345;73.9773278273698;2023.86950983516;2113.8463596267;98.1446770860632;0.128712871287129;49;49
229;19.4099999999962;0.440000000000055;19.9799999999959;NA;NA;-883.51224859478;-928.982536076306;4.55887619943899;4.62445613628455;81.6133672520643;80.4082719266619;2114.58290513348;2200.39146524627;90.9405749630525;0.118811881188119;50;50
230;19.0999999999985;0.529999999999973;20;NA;NA;-876.524491053364;-916.994540892449;4.4656712996709;4.48103146271638;82.8669695994656;82.0924697030497;2105.94597673966;2183.58779379558;80.9400996781703;0.386138613861386;50;50
231;19.3899999999994;0.619999999999891;20.5499999999956;NA;NA;-864.52780145611;-904.963756836439;4.29121512638835;4.30564190973521;87.8189520161853;86.8826337869475;2102.15400271474;2179.04796993344;80.8719107606569;0.237623762376238;49;49
232;20.010000000002;0.420000000000073;20.7099999999991;NA;NA;-863.384843610611;-907.80545282948;4.45318935644671;4.52903811434357;79.196761595974;77.733900402373;2064.03674654494;2146.64822928362;88.8412184377382;0.237623762376238;50;50
233;16.8799999999974;0.619999999999891;17.7200000000012;NA;NA;-779.478721647361;-850.027911196225;4.53700710618208;4.64507647011723;66.111257147897;64.8551424448944;1838.45328755957;1974.24124216146;141.098379097728;0.0198019801980198;47;47
234;19.8299999999945;0.450000000000045;20.3399999999965;NA;NA;-864.120245314773;-916.536011657107;4.41010919425022;4.4236938928067;82.1596146897777;81.340607346523;2078.12514605212;2179.46885685295;104.831532684669;0.0297029702970297;50;50
235;19.0900000000038;0.579999999999927;20.0699999999997;NA;NA;-880.714541227761;-925.78338523118;4.54059860631375;4.7082562689259;80.3753122419805;78.0776742771694;2103.7151135482;2184.06808833992;90.1376880068367;0.207920792079208;50;50
236;18.3000000000029;0.460000000000036;18.9400000000023;NA;NA;-847.754859571395;-896.785453695756;4.44668243559877;4.53284028398377;74.8117422871851;73.5044666560954;2014.10275016599;2106.5967788625;98.0611882487224;0.0396039603960396;50;50
237;18.9699999999939;0.659999999999854;19.8399999999965;NA;NA;-843.013697511388;-906.85760641459;4.37356104181536;4.38388300159611;80.6831607470324;79.9132406274553;2029.62442871106;2154.03346731726;127.687817806404;0.0198019801980198;50;50
238;17.0999999999985;0.519999999999982;17.6900000000023;NA;NA;-811.972497587429;-847.46532491587;4.43733057434529;4.48582450484178;69.6841684814114;68.7514954643203;1918.54588981577;1985.5885210969;70.9856546568824;0.613861386138614;47;47
239;19.5999999999985;0.490000000000009;20.25;NA;NA;-846.762840128495;-896.827723909427;4.49971335419006;4.68035626838415;73.6194558484494;71.3524306820899;2007.04124431108;2097.5166662171;100.129767561865;0.108910891089109;50;50
240;17.4599999999991;0.519999999999982;18.0599999999977;NA;NA;-853.744198810019;-897.925095212071;4.50886602594821;4.56725585835148;73.7873764869623;72.6335724684351;2021.71906793365;2105.16727487234;88.361792804104;0.237623762376238;50;50
241;18.3000000000029;0.410000000000082;19.0600000000049;NA;NA;-866.252934491417;-904.677213942674;4.52777426193668;4.5755625939305;77.7444089229154;76.7743844060006;2063.5879441573;2136.30555995433;76.8485589025142;0.485148514851485;50;50
242;18.9000000000015;0.629999999999882;19.6100000000006;NA;NA;-855.421537750426;-909.216343707637;4.39010131969763;4.42367975018306;80.7267632786605;79.9251593843346;2053.81034519629;2157.99434677966;107.589611914422;0.0792079207920792;49;49
243;18.9700000000012;0.519999999999982;19.7300000000032;NA;NA;-848.304934584812;-895.040275097283;4.49930418437782;4.57474660935821;74.7892981991102;73.5035046234538;2015.10731987575;2103.10232475662;93.4706810249415;0.128712871287129;50;50
244;18.6300000000047;0.589999999999918;19.5699999999997;NA;NA;-857.65967616761;-907.688830752749;4.33181572878493;4.37480010112245;82.4177680322793;81.3104261961748;2066.30337870335;2161.6459657001;100.058309170279;0.0495049504950495;50;50
245;19.5900000000038;0.5;20.2900000000009;NA;NA;-865.194324024846;-895.610979223684;4.34703006640815;4.38033350494889;83.6115458155895;82.6971057356152;2085.61190262762;2142.56021869638;60.8333103976759;0.702970297029703;49;49
246;18.9599999999991;0.549999999999955;19.5500000000029;NA;NA;-868.28247300025;-912.399384242284;4.38632324322099;4.40176569129921;81.823275272368;80.9026980700917;2085.0172675251;2169.33072306946;88.2338224840676;0.227722772277228;50;50
247;20.3799999999974;0.700000000000045;21.5500000000029;NA;NA;-869.110958445184;-918.928358020152;5.07838543706791;5.35905137923784;68.5297003421527;65.0145531971771;2030.06226547236;2114.72747095729;99.634799149936;0.683168316831683;50;50
248;17.6100000000006;0.519999999999982;18.510000000002;NA;NA;-836.045649306793;-871.602103891662;4.36478694871113;4.39646258604441;76.393890668237;75.4468550626048;1995.86278585312;2062.96198235785;71.1129091697376;0.683168316831683;48;48
249;18.9400000000023;0.679999999999836;19.8300000000017;NA;NA;-869.407783953034;-909.645906342615;4.37257622545798;4.38600011761976;79.3296797007485;78.5290501900462;2076.64867181829;2153.71535848875;80.4762447791625;0.396039603960396;50;50
250;18.9500000000044;0.559999999999945;19.8599999999933;NA;NA;-849.097731191441;-903.155738871934;4.35679183291533;4.39862005056472;80.1322590687029;79.0034688546688;2039.44642805926;2142.75538125749;108.116015360986;0.0198019801980198;50;50
