1;11.8199999999997;0.549999999999727;12.8400000000038;NA;NA;-354.509033710149;-441.701001063192;3.80112878802543;3.80042459464133;6.02521733950519;5.9187026049792;731.916612067859;905.895742720126;174.383934706085;0.0099009900990099;5;5
2;11.8899999999994;0.480000000000018;12.760000000002;NA;NA;-344.050569541698;-391.562751701185;3.89246108257906;3.89436612441091;6.66241116573464;6.36954394569949;714.028658379322;807.913297108008;95.0243643189737;0.0198019801980198;6;6
3;9.77999999999884;0.480000000000018;10.3899999999994;NA;NA;-327.660548844583;-390.474605292542;3.94195330308875;3.97235045460202;5.30946294853169;5.00824390999422;675.983467456594;800.439352725052;125.628112895919;0.0099009900990099;6;6
4;13.1900000000023;0.5300000000002;13.8600000000006;NA;NA;-358.044856238214;-406.939388985632;4.04200044762724;4.07458482260901;8.66668117466095;8.32577920650268;751.063697407505;847.477069017098;97.7890654948364;0.0099009900990099;8;8
5;14.3499999999985;0.769999999999982;15.2799999999988;NA;NA;-354.958280103443;-411.012419851602;4.03944254582561;4.04262840810014;9.88663876329947;9.77507180620774;749.813626703067;861.471682982734;112.108279496318;0.0099009900990099;8;8
6;13.2999999999956;0.360000000000127;13.8899999999994;NA;NA;-381.784615232164;-439.727850115672;4.10582587859981;4.10244166659106;9.63548508065397;9.35515097775178;803.020226408677;917.758911765869;115.886469767015;0.0099009900990099;9;9
7;7.02000000000407;0.359999999999673;7.63999999999942;NA;NA;-335.850622185918;-397.623052629142;3.54479788301796;3.56592904244283;3.15378722250301;2.98002049544664;682.881541237454;805.810392400736;123.544860886448;0.0099009900990099;3;3
8;15.1900000000023;0.809999999999945;16.25;NA;NA;-414.032853560376;-461.938935188353;4.2913103433444;4.34277934926818;10.6215687322326;10.2694353109345;872.619788094034;966.954864362047;95.8121632559548;0.0099009900990099;11;11
9;15.9700000000012;0.7800000000002;16.9499999999971;NA;NA;-444.575665509418;-487.149296906934;4.21035273221591;4.29361573926773;11.1645220347729;10.7013369674367;935.982927302327;1019.18727700081;85.1472627950316;0.0495049504950495;11;11
10;9.93000000000029;0.340000000000146;10.3099999999977;NA;NA;-298.813963765551;-355.617122529379;3.80350341623937;3.80255708213802;5.11301720617297;4.8245551794075;617.059700060143;729.569731723435;113.606317527655;0.0099009900990099;5;5
11;14.5600000000049;0.529999999999745;15.3099999999977;NA;NA;-429.353679320235;-497.547205122432;4.25738225923495;4.25582450699503;11.6400631139133;11.2407317080349;908.040106494882;1042.73471748588;136.387051604395;0.0099009900990099;12;12
12;12.6399999999994;0.430000000000291;13.3499999999985;NA;NA;-377.334961501809;-457.560869125672;3.89411070218561;3.89494139316078;7.7229231213653;7.47584800995225;784.724543360881;944.214838138113;160.451815247727;0.0099009900990099;6;6
13;10.7300000000032;0.519999999999982;11.2800000000061;NA;NA;-339.903814562298;-395.335015837342;3.90102385185398;4.00642345889297;5.81707403785769;5.55254373605083;702.445424302726;812.278377553778;110.862402550088;0.0099009900990099;6;6
14;11.4199999999983;0.579999999999927;12.1100000000006;NA;NA;-397.099315233597;-455.196800132267;3.97635667080861;3.97160931076912;7.1917836132284;7.01729824157535;822.740571103155;938.243063013589;116.194969797339;0.0099009900990099;7;7
15;0.69999999999709;0.069999999999709;0.779999999998836;NA;NA;NA;NA;NA;NA;NA;NA;NA;NA;NA;NA;NA;NA
16;11.8499999999985;0.509999999999764;12.739999999998;NA;NA;-358.433119997264;-419.078290349873;3.93893469167479;3.92467689847016;7.06005671686987;6.70236222747832;744.341241492246;864.239574027292;121.290340705218;0.0198019801980198;6;6
17;10.6900000000023;0.470000000000255;11.2800000000061;NA;NA;-357.169479721248;-403.104764293606;4.14818574231249;4.20545371517298;6.90184384612462;6.73600284893779;742.597486263183;833.789045222873;91.8705691447158;0.0495049504950495;9;9
18;10.7900000000009;0.329999999999927;11.3099999999977;NA;NA;-294.703892244779;-338.184646175144;4.09949587667608;4.09597701066929;7.40181650315528;7.06840031575309;619.713371639817;705.309758746702;86.9615078607311;0.0495049504950495;9;9
19;8.81999999999971;0.579999999999927;9.43999999999505;NA;NA;-295.836600802538;-331.673872821213;3.80602197050583;3.81678628981361;4.77828824379614;4.51151880378537;609.832853037413;680.493552828407;71.6745440373484;0.227722772277228;5;5
20;2;0.159999999999854;2.17000000000553;NA;NA;NA;NA;NA;NA;NA;NA;NA;NA;NA;NA;NA;NA
21;12.3499999999985;0.369999999999891;12.8300000000017;NA;NA;-388.440056561609;-467.017950709445;4.12343005357103;4.13605561022958;8.32548659651454;7.79861903766204;810.96752389751;965.966134868582;157.155788295672;0.0099009900990099;9;9
22;7.73999999999796;0.359999999999673;8.13999999999942;NA;NA;-292.384563825429;-331.934619025291;3.69778045180676;3.69845250596456;3.95853048258544;3.91448499845719;599.371669416551;678.309301334829;79.1001103997249;0.0396039603960396;4;4
23;15.7699999999968;0.720000000000255;16.5800000000017;NA;NA;-452.391045064183;-524.259338985774;4.17555663261102;4.25533384423583;11.9005694574697;11.4667126754463;954.134047041234;1096.07142004102;143.736587843182;0.0099009900990099;10;10
24;7.68000000000029;0.329999999999927;8.06000000001222;NA;NA;-310.677004540324;-374.550233858051;3.85048200751118;3.86602646497271;4.14953725389331;3.96241171280034;637.124123040187;764.159420182873;127.746458635454;0.0099009900990099;5;5
25;10.6899999999951;0.650000000000091;11.5800000000017;NA;NA;-365.382059090046;-406.847049357771;4.09776292278558;4.12884104055253;7.63089638454684;7.3276186945786;762.007637297042;843.695894471727;82.9299805354501;0.0891089108910891;9;9
26;9.06000000000495;0.380000000000109;9.5;NA;NA;-287.131847891957;-338.764617093738;3.80221831319549;3.81987979423237;4.92745029732078;4.7022763483025;592.990230326002;695.400006118105;103.265538403562;0.0099009900990099;5;5
27;0.389999999999418;0.0199999999999818;0.419999999998254;NA;NA;NA;NA;NA;NA;NA;NA;NA;NA;NA;NA;NA;NA
28;11.8899999999994;0.710000000000036;12.7200000000012;NA;NA;-324.685687017985;-365.357665014019;4.12060427609451;4.07534073530917;6.89662195545206;6.69987497250949;677.202368102132;757.75236088291;81.3439559920688;0.0594059405940594;8;8
29;11.5400000000009;0.590000000000146;12.4100000000035;NA;NA;-346.054164648071;-422.161770175418;3.98404723158862;4.19273391482016;6.33790928108876;5.68441821255946;716.773013161107;866.445090526281;152.215211054694;0.0099009900990099;6;6
30;5.47000000000116;0.120000000000346;5.6200000000099;NA;NA;-328.345483547109;-397.773092459989;3.54756772393347;3.54711924840764;2.90801429007974;2.79819477036463;666.999989472319;805.465892881654;138.855217825759;0.0099009900990099;3;3
31;10.4400000000023;0.480000000000018;11.1999999999971;NA;NA;-360.976756916607;-415.393487340708;3.89231741505776;3.91302893025325;5.89655766133981;5.72082704326617;744.900628434938;853.050213899643;108.833460848202;0.0099009900990099;6;6
32;9.68999999999505;0.440000000000055;10.1399999999994;NA;NA;-324.649669803774;-387.646189364558;3.89340204344861;3.89208451090536;6.14279361363185;5.93934413294186;673.204708998055;798.406001677516;125.99303912157;0.0099009900990099;6;6
33;7.30000000000291;0.289999999999964;7.59000000001106;NA;NA;-335.723074458284;-398.422391532691;3.80082565118453;3.79954153543922;4.2087225591509;4.06563934997092;687.441193742259;812.296047132784;125.398634148812;0.0099009900990099;5;5
34;8.08000000000175;0.289999999999964;8.47000000000116;NA;NA;-296.585822071466;-344.659219315565;3.90913888113426;3.91040130121493;4.84758103923671;4.58481339600116;612.036548725793;707.160753498217;96.146794488197;0.0099009900990099;6;6
35;8.31000000000495;0.289999999999964;8.69000000000233;NA;NA;-338.075785681984;-374.749003316496;3.81158942084837;3.86812199662796;4.62336279139295;4.33478333969061;693.722436170194;765.972139307111;73.3464352690257;0.316831683168317;5;5
36;10.6299999999974;0.4699999999998;11.2999999999884;NA;NA;-362.657478821569;-444.261862644016;3.94058330060804;4.13707549962305;6.03778751004083;5.49582097046864;748.811684019981;909.911328171449;163.208767644893;0.0099009900990099;6;6
37;12.4500000000044;0.460000000000036;13.0699999999924;NA;NA;-375.503343806352;-432.841769364852;4.25155919607479;4.26095240299621;9.11310692316484;8.73283329915639;789.233254140558;902.314979126646;114.676851117001;0.0099009900990099;11;11
38;9.94999999999709;0.389999999999873;10.429999999993;NA;NA;-325.171625438841;-379.99090722981;3.97151439565628;4.02332313321032;5.30416078273182;5.10746960357057;670.984986673015;779.858104500228;109.638563581937;0.0099009900990099;6;6
39;12;0.5;12.6300000000047;NA;NA;-387.553322800774;-462.505724808605;4.18255817809384;4.19291714852642;7.64725691438314;6.98907160870049;806.417150364867;953.627116953273;149.904804015662;0.0099009900990099;9;9
40;9.25;0.429999999999836;9.9600000000064;NA;NA;-289.214162516405;-328.40990089124;3.81738038910074;3.96437323969179;4.54503281306329;4.22090363265863;595.701500576565;672.861140183963;78.3914767496711;0.0792079207920792;5;5
41;10.25;0.269999999999982;10.6100000000006;NA;NA;-299.948926719122;-352.834916911029;3.84021276291116;3.81900807014332;4.92543691088329;4.52426642036527;618.61673620337;722.864087703147;105.771980383813;0.0099009900990099;5;5
42;14.4400000000023;0.710000000000036;15.6100000000006;NA;NA;-451.951632559029;-499.008038254812;4.60928353204478;5.14831985040334;10.9838825639369;9.85467635212399;950.894587866172;1040.1764213918;94.1128113915669;0.0396039603960396;13;13
43;6.38999999999942;0.25;6.81999999999243;NA;NA;-280.410874798185;-341.899571210947;3.54528068398943;3.54515838789428;3.46505741930475;3.2679269772971;573.105511267994;695.384069103264;122.977392825523;0.0099009900990099;3;3
44;0;0;0;NA;NA;NA;NA;NA;NA;NA;NA;NA;NA;NA;NA;NA;NA
45;12.8000000000029;0.580000000000382;13.5;NA;NA;-422.680849233986;-469.944258960881;4.22864781430769;4.24374878778592;9.90859756667742;9.78047084958087;886.925093616725;980.914462504381;94.5268194537892;0.0594059405940594;11;11
46;0.0200000000040745;0;0.0199999999895226;NA;NA;NA;NA;NA;NA;NA;NA;NA;NA;NA;NA;NA;NA
47;0.0100000000020373;0;0.00999999999476131;NA;NA;NA;NA;NA;NA;NA;NA;NA;NA;NA;NA;NA;NA
48;6.84999999999854;0.389999999999873;7.33999999999651;NA;NA;-320.700975619516;-397.405191476525;3.68906025244922;3.68548003120933;3.8365962229164;3.54876251797547;655.55469221948;807.901340093138;153.408431714017;0.0099009900990099;4;4
49;10.3099999999977;0.519999999999982;11;NA;NA;-349.990535630066;-395.581523293974;3.97432272491081;3.97150248807045;6.0587555973413;5.77398228626261;724.026377944419;814.078177035487;91.1819753278169;0.0297029702970297;7;7
50;6.23999999999796;0.2199999999998;6.46999999998661;NA;NA;-260.8109822051;-322.11242302338;3.55014661212019;3.54953329086768;3.1340617191329;3.03729691262654;532.732333608559;654.992180288553;122.602881636559;0.0099009900990099;3;3
51;10.6200000000026;0.389999999999873;11.0799999999872;NA;NA;-338.025355727175;-382.738324094259;3.94457170074812;3.93444708342309;5.46931461718593;5.13461143421917;697.335161895039;785.458563703202;89.425936734169;0.0297029702970297;6;6
52;14.4300000000003;0.859999999999673;15.5100000000093;NA;NA;-412.739514625495;-471.399815424074;4.35736704980465;4.552960835493;11.0931171981117;10.5554695214345;872.493718801922;987.535669758749;117.320601597159;0.0099009900990099;12;12
53;7.85999999999331;0.329999999999927;8.27000000000407;NA;NA;-298.176340601669;-357.730434821675;3.68798718387453;3.68815918382619;4.22070742319312;4.12576143681644;611.922362098582;730.680306240197;119.108188440011;0.0099009900990099;4;4
54;0;0;0.00999999999476131;NA;NA;NA;NA;NA;NA;NA;NA;NA;NA;NA;NA;NA;NA
55;13.4800000000032;0.610000000000127;14.1399999999994;NA;NA;-447.509897612194;-497.257947327603;4.40134769071463;4.46062809833849;12.6750482260909;12.2520416954569;949.715935726287;1047.38665159879;99.4960994308191;0.0297029702970297;14;14
56;12.1700000000055;0.5300000000002;12.7699999999895;NA;NA;-372.779979246148;-430.69303921198;4.27967488004834;4.37629241261733;7.43182496238655;7.16440097154764;775.98841061443;890.719604583394;115.826119931664;0.0099009900990099;9;9
57;9.71999999999389;0.450000000000273;10.1699999999983;NA;NA;-337.224158365491;-364.682349879703;3.97263046951961;3.9649858334148;5.83861302257211;5.75336730495363;697.619946364009;752.198015791442;54.9163830284235;0.801980198019802;7;7
58;14.4199999999983;0.659999999999854;15.3300000000017;NA;NA;-404.913167915414;-470.075973786312;4.17093417478021;4.1963162699732;10.5477514506536;10.1431560510103;853.568122892418;982.215867469813;130.325611741795;0.0099009900990099;10;10
59;13.1999999999971;0.570000000000164;14.1500000000087;NA;NA;-383.060712615515;-420.421190463443;4.23885913514234;4.27348835851038;9.75715845630332;9.47942267759265;807.47407368231;881.01793360066;74.720955695855;0.118811881188119;12;12
60;12.489999999998;0.569999999999709;13.2400000000052;NA;NA;-348.35639296115;-388.156243015838;4.12406334046965;4.10944363448973;7.66833319712846;7.51646684029071;728.109584249271;807.087491166344;79.5997001093759;0.0792079207920792;9;9
61;8.63999999999942;0.25;8.88999999999942;NA;NA;-311.930069067545;-370.239403925686;3.82049508797502;3.79957793761181;4.59263282988637;4.3770101012507;641.314215221319;757.11342127339;116.618669716281;0.0099009900990099;5;5
62;9.38999999999942;0.300000000000182;9.75999999999476;NA;NA;-314.010784491948;-357.897755252778;3.89583686461575;3.89273956270657;5.41775454167801;5.18444188798498;649.105367615597;735.971346812488;87.7739415216597;0.0198019801980198;6;6
63;14.510000000002;0.659999999999854;15.4399999999878;NA;NA;-398.737171730126;-449.980377341142;4.44298365205113;4.4186777022804;9.5326871133484;9.36826352524846;837.006633521089;938.811176042267;102.48641122203;0.0099009900990099;10;10
64;10.8899999999994;0.590000000000146;11.8800000000047;NA;NA;-313.23864906384;-366.006537246497;3.92022551069617;3.93092118369769;5.80479841927561;5.56738655611783;649.067321361129;753.679182868895;105.535776365313;0.0099009900990099;6;6
65;11.3899999999994;0.3100000000004;11.7399999999907;NA;NA;-372.606654777957;-436.979472304739;4.05177385765663;4.10278992445352;7.59309972182412;7.28923330134038;775.854906944736;903.37430332667;128.745635053564;0.0099009900990099;8;8
66;4.40000000000146;0.159999999999854;4.63000000000466;NA;NA;-268.168884304486;-325.893699700012;3.34178405846181;3.34181389541981;2.29359121384338;2.29207312933194;544.003651972238;659.448208860526;115.449630791052;0.0099009900990099;2;2
67;12.7099999999991;0.480000000000018;13.3100000000122;NA;NA;-376.889050667328;-417.725280059273;4.09838887525468;4.11599273288409;8.27563543724854;8.06216948415333;786.6215109918;867.446790148396;81.6724587838906;0.128712871287129;7;7
68;12.4400000000023;0.599999999999909;13.2299999999959;NA;NA;-410.941643601523;-466.313050911588;4.08262352914683;4.19977855832868;7.52630837297023;7.22622213915539;852.255351239795;961.787181954096;110.74281462013;0.0198019801980198;8;8
69;13.510000000002;0.629999999999654;14.5699999999924;NA;NA;-433.925836401978;-491.143302229673;4.25546935708303;4.40264581066188;10.0029691457928;9.5290871982453;909.334234125764;1021.8039655829;114.43493165539;0.0099009900990099;10;10
70;9.05999999999767;0.369999999999891;9.56999999999243;NA;NA;-319.487059759318;-394.70601056517;3.80118206905719;3.8056831447495;5.02518428812487;4.70125564014301;658.072087326266;807.27891390939;150.437901611705;0.0099009900990099;5;5
71;11.2799999999988;0.429999999999836;11.8099999999977;NA;NA;-354.246462688701;-426.235745498464;3.83567784472702;3.83182104614146;5.22223774724294;5.15109096934087;728.339785246069;872.047961006023;143.978565619526;0.0099009900990099;5;5
72;10.9000000000015;0.4699999999998;11.4699999999866;NA;NA;-316.160234220364;-379.934608966092;3.91834719105392;3.92713473805324;5.68285999493738;5.5244131383145;654.435954637764;781.368090439329;127.548749491455;0.0099009900990099;6;6
73;9.79999999999563;0.25;10.070000000007;NA;NA;-299.839445010173;-342.016133103816;3.89871633935976;3.92371468125717;5.45202624236326;5.38640110747022;620.896060813973;704.994049438273;84.353376187287;0.0297029702970297;6;6
74;10.1299999999974;0.429999999999836;10.7200000000012;NA;NA;-340.839797055584;-398.554918348225;3.93916744374878;3.99480544114999;4.67339312896776;4.52945403299092;699.440596775357;814.323805846322;115.430242585282;0.0099009900990099;5;5
75;1.59999999999854;0.0900000000001455;1.69999999999709;NA;NA;NA;NA;NA;NA;NA;NA;NA;NA;NA;NA;NA;NA
76;6.69999999999709;0.320000000000164;7.10000000000582;NA;NA;-238.745563464058;-280.834335793735;3.71626404783226;3.71761480781256;3.23507791848514;3.16283173964966;489.424939394073;573.335976608683;84.1775446593547;0.0198019801980198;4;4
77;10.2700000000041;0.559999999999945;11;NA;NA;-303.943266126526;-349.401957006273;4.03670077456189;3.97817804046551;6.5692713149367;6.19561219691504;633.957916206757;723.392361752063;90.9173817594938;0.0297029702970297;7;7
78;4.08999999999651;0.170000000000073;4.30000000000291;NA;NA;-301.908166168961;-353.450252713452;3.34479397925986;3.38178266663804;1.90379084746708;1.76077582870034;610.179383650925;712.785556804067;103.084173088982;0.0099009900990099;2;2
79;8.61000000000058;0.5300000000002;9.26000000000931;NA;NA;-298.336735850858;-351.975788126725;3.80359148590651;3.80927339984926;5.06942991098286;4.78197340587529;615.939592841149;722.125232964542;107.278104551735;0.0198019801980198;5;5
80;6.77999999999884;0.329999999999927;7.15000000000873;NA;NA;-347.90041877228;-401.365362286347;3.68854609519955;3.68626298195373;4.23126552605988;3.98360624773708;711.409466008543;817.425767813252;106.929887028135;0.0198019801980198;4;4
81;11.9199999999983;0.470000000000255;12.5;NA;NA;-365.605940251433;-433.071972844399;4.11922350624626;4.12466732995941;8.31760296554064;8.00127319530177;765.26701297555;898.903915086835;134.932065185931;0.0099009900990099;9;9
82;9.09000000000378;0.480000000000018;9.77000000000407;NA;NA;-337.388302229442;-412.039112289583;4.01974808475832;3.98420214197096;5.55230664127223;4.92212309299548;696.81197357877;843.612592224039;149.301620120284;0.0099009900990099;7;7
83;4.87000000000262;0.170000000000073;5.04999999998836;NA;NA;-275.068188640237;-351.897176522305;3.34225888714842;3.34144867699949;2.6201491104039;2.54019513144225;558.893717016295;712.284462127712;153.657975764137;0.0099009900990099;2;2
84;11.9099999999962;0.690000000000055;12.8699999999953;NA;NA;-375.375401219451;-434.487415950868;4.04366858096128;4.06220076474994;7.44652002517218;7.13579543605479;780.800884344623;897.770999318335;118.224029462834;0.0099009900990099;8;8
85;14.3799999999974;0.5;15.0399999999936;NA;NA;-430.497011587496;-465.6471007862;4.32979338974768;4.33501797117779;12.12538932568;11.8155582729409;912.868948087275;981.84360512082;70.3001783974075;0.277227722772277;13;13
86;14.0699999999997;0.590000000000146;14.8000000000029;NA;NA;-418.933052697253;-473.2188983712;4.23283471125363;4.23904643696709;10.9136940222983;10.7119638978649;883.645558453217;991.371056500917;108.571691347893;0.0099009900990099;11;11
87;7.84999999999854;0.220000000000255;8.2100000000064;NA;NA;-282.445187315139;-344.657987917689;3.73671081851781;3.77306585713849;3.62974708571157;3.49784666494892;578.28007407839;702.219110531349;124.425601205099;0.0099009900990099;4;4
88;9.22000000000116;0.420000000000073;9.75;NA;NA;-315.914645207057;-385.374323484151;3.69119568419972;3.68883856217579;4.86906194581719;4.49373324249273;649.790672986847;787.325487198802;138.919356554188;0.0099009900990099;4;4
89;9.20999999999913;0.329999999999927;9.55999999999767;NA;NA;-306.568133525533;-353.315782268908;3.96902812585937;4.00698350123885;5.66214510394303;5.36690191748295;635.607550688087;727.931120276125;93.4952974867499;0.0198019801980198;7;7
90;13.989999999998;0.710000000000036;14.820000000007;NA;NA;-444.697564281897;-493.515909875867;4.32664873011734;4.34986201938355;12.9391402077156;12.6412152997823;945.230894878133;1041.5819623483;97.6366911879409;0.0495049504950495;14;14
91;12.6299999999974;0.519999999999982;13.4400000000023;NA;NA;-341.07305115908;-385.83635988375;4.16199572197964;4.16738946673497;8.63137812064175;8.36040790321805;717.940641615708;806.343538847896;89.5266174493389;0.0495049504950495;10;10
92;14.0999999999985;0.710000000000036;14.9899999999907;NA;NA;-468.640295000595;-519.315330148423;4.33325671038428;4.34386783214964;12.3526412665536;12.0028156000601;990.127745746839;1089.98118944401;101.350070295656;0.0198019801980198;13;13
93;0.0599999999976717;0;0.0600000000122236;NA;NA;NA;NA;NA;NA;NA;NA;NA;NA;NA;NA;NA;NA
94;9.88999999999942;0.370000000000346;10.3000000000029;NA;NA;-296.521587729851;-342.013749918406;3.91808145439559;3.91098146734195;5.44093226076263;5.39206527915174;614.217172781315;705.011325825984;90.9843243771094;0.0198019801980198;6;6
95;16.2200000000012;0.550000000000182;16.8699999999953;NA;NA;-498.034126575433;-550.980479639145;4.34317268913006;4.49162435385179;13.5742477599449;12.7506470486728;1054.644674277;1156.98332842626;105.892706127422;0.0297029702970297;14;14
96;11.25;0.480000000000018;11.8300000000017;NA;NA;-326.079290979649;-378.495689668388;3.99055648501733;3.99359627211816;7.12316691567962;6.8584517409846;680.428204375829;784.210429988651;104.832797377479;0.0099009900990099;7;7
97;4.55999999999767;0.279999999999745;4.91999999999825;NA;NA;-237.370589554487;-284.516064483243;3.54505016286651;3.54501693721947;2.79067109485297;2.68903253107148;484.634215351917;578.564852596085;94.2909498575121;0.0099009900990099;3;3
98;8.26000000000204;0.320000000000164;8.60000000000582;NA;NA;-311.511226020852;-388.345992789049;3.70236896787368;3.73952956864583;4.11519589653665;4.05806104275146;638.202913634092;791.661683582244;153.669533536393;0.0099009900990099;4;4
99;15.5400000000009;0.480000000000018;16.1999999999971;NA;NA;-436.787756719275;-494.948722410603;4.25904113125244;4.24636227229985;11.1898256443971;10.876335027262;920.513250264981;1035.52018885398;116.321931382655;0.0297029702970297;11;11
100;7.5;0.410000000000309;8.04000000000815;NA;NA;-321.837944210345;-395.194883504164;3.69091004729778;3.68842446382118;4.13570667540402;3.97502432974196;658.93201180383;805.053152587916;146.713878587638;0.0099009900990099;4;4
101;12.6999999999971;0.510000000000218;13.2599999999948;NA;NA;-362.395421198828;-423.940247717049;4.14753388458881;4.30940915155167;7.97708622404397;7.54778189370912;756.981999285867;878.339214855488;123.089653036442;0.0099009900990099;8;8
102;6.33000000000175;0.289999999999964;6.66000000000349;NA;NA;-234.695260225708;-289.940929541172;3.34634440757811;3.34594013523695;2.95895985209119;2.95519306215617;479.280269315909;589.75901818275;110.491338630929;0.0099009900990099;2;2
103;9.31000000000495;0.420000000000073;9.75;NA;NA;-352.646443201173;-408.884862137491;3.97340274812527;3.99639784024283;5.75625156355667;5.37262978468726;728.137649155008;839.092012127396;112.476837872636;0.0099009900990099;7;7
104;6.75;0.269999999999982;7.08999999999651;NA;NA;-313.108714054778;-378.481948332061;3.69520867332562;3.69422022048202;3.66344564817409;3.53823054656068;639.731437492369;770.016002631248;130.746468554565;0.0099009900990099;4;4
105;15.4100000000035;0.590000000000146;16.2200000000012;NA;NA;-429.943530953355;-477.972144276592;4.21402690453554;4.41493842087447;10.9082103869745;9.99521393082507;905.643512870495;997.871011624501;96.0572266464741;0.0198019801980198;11;11
106;10.4500000000044;0.580000000000382;11.0299999999988;NA;NA;-315.958595151702;-362.359899225984;3.97151537509219;4.00730085996382;5.61014310956971;5.29278791946649;653.749690596146;745.31727547605;92.8026081485648;0.0198019801980198;6;6
107;4.11000000000058;0.2199999999998;4.38000000000466;NA;NA;NA;NA;NA;NA;NA;NA;NA;NA;NA;NA;NA;NA
108;0;0;0.0200000000040745;NA;NA;NA;NA;NA;NA;NA;NA;NA;NA;NA;NA;NA;NA
109;14.7200000000012;0.769999999999982;15.7999999999884;NA;NA;-429.220112185284;-507.479663788139;4.18044171134466;4.20716424666581;9.21135795276215;8.71238667169742;896.639954427047;1051.08981134569;156.51910320571;0.0099009900990099;10;10
110;11.9800000000032;0.559999999999945;13.0599999999977;NA;NA;-394.561951923229;-444.163919602103;3.94562240992143;4.02939541937467;6.93970783800406;6.7895483866976;816.130554202012;914.750127235917;99.2039353577487;0.0099009900990099;6;6
111;11.1299999999974;0.559999999999945;11.7799999999988;NA;NA;-332.431005297865;-387.303329864573;3.9834487627747;4.02295970710288;6.33727876821922;6.01588384446011;690.012688664429;798.481821830185;109.744649133416;0.0099009900990099;7;7
112;15.2799999999988;0.519999999999982;15.9700000000012;NA;NA;-465.873371253686;-514.573403532881;4.40124177153079;4.43297353169025;13.7550531718244;13.2495235171219;991.577886472723;1086.77901968774;97.4000645583907;0.0396039603960396;15;15
113;11.8099999999977;0.550000000000182;12.5800000000017;NA;NA;-357.823165155679;-424.665519182182;4.04296078147926;4.06602954157987;7.25274418238098;6.95823705819563;744.914438902358;877.410677284474;133.684708053005;0.0099009900990099;8;8
114;12.9500000000044;0.369999999999891;13.5299999999988;NA;NA;-396.524648694587;-465.284642785646;4.23573862679107;4.41678090948607;9.02410115336994;8.42392443143625;830.472468850849;965.503509270693;137.519988182119;0.0099009900990099;10;10
115;5.27999999999884;0.199999999999818;5.5;NA;NA;-290.445022390854;-358.906053576237;3.34250420420253;3.34210468510302;2.72654766208548;2.71823205778181;590.003001020719;726.897270098459;136.922062370766;0.0099009900990099;2;2
116;9.90000000000146;0.480000000000018;10.4499999999971;NA;NA;-315.329729591749;-389.964789468012;3.97011422378868;3.96877564098531;6.23205021829151;5.94991192768963;655.392518037441;803.542919125646;149.270119752526;0.0099009900990099;7;7
117;9.5;0.450000000000273;9.97000000000116;NA;NA;-322.791640677376;-376.896388977636;3.97623561750118;3.98771013317917;5.33599551454044;5.22079289615837;666.348905574668;774.110078282121;108.209496600521;0.0099009900990099;6;6
118;3.84000000000378;0.2800000000002;4.22000000000116;NA;NA;-271.76255541273;-332.035974253935;3.34207642942315;3.34214077214859;2.15024436924382;2.14885093890661;550.71188518946;671.254065601482;120.54683768241;0.0099009900990099;2;2
119;16.4400000000023;0.599999999999909;17.2399999999907;NA;NA;-473.481815940372;-527.7136501999;4.31979626906324;4.37562621864115;14.1967527030666;13.7755507232427;1007.70027799487;1114.36195727553;108.463668519056;0.0198019801980198;13;13
120;9.76000000000204;0.470000000000255;10.25;NA;NA;-352.066643622756;-416.230948727394;4.23736772015315;4.17067168711333;5.81495280306743;5.56006797017562;727.211016864737;854.528068862498;128.328610209277;0.0099009900990099;7;7
121;8.01000000000204;0.389999999999873;8.46999999998661;NA;NA;-293.551433512664;-342.959823052456;3.68920156833112;3.68898101800189;4.27577456110092;3.9863418045966;602.875683954197;700.624780484964;98.8167790795834;0.0099009900990099;4;4
122;13.3699999999953;0.659999999999854;14.4100000000035;NA;NA;-401.744884366469;-453.800135934252;4.29453824684336;4.57419195882156;8.84980094273588;8.33240752950856;840.190112894974;942.154972704155;104.110503135565;0.0198019801980198;10;10
123;7.62000000000262;0.279999999999745;7.90999999998894;NA;NA;-297.707789401872;-342.124641147435;3.80036640673446;3.80190242521888;4.85537668066898;4.65679133590567;613.868201080795;701.9471906542;88.8337034911252;0.0594059405940594;5;5
124;16.4700000000012;0.809999999999945;17.4599999999919;NA;NA;-530.439585716649;-571.500197283588;4.50930976998832;4.62002078148104;14.85675747955;14.1637888131671;1125.50246183526;1204.60943940252;82.1212231338773;0.0891089108910891;15;15
125;8.67000000000553;0.320000000000164;9.05000000000291;NA;NA;-327.581197623159;-400.433126029778;3.82375425436634;3.82228819088899;5.53219264855631;5.36644905743684;676.187223600855;821.261179979396;145.703856813238;0.0099009900990099;5;5
126;13.6999999999971;0.570000000000164;14.4199999999983;NA;NA;-404.088366991558;-484.061721966293;4.21381268949528;4.25918910882288;9.18153362655388;8.96216619307021;845.769096259857;1004.81764035091;159.946709949469;0.0099009900990099;9;9
127;12.9199999999983;0.470000000000255;13.5800000000017;NA;NA;-368.539047864258;-425.871651096226;4.20714248561708;4.5499372314704;8.05156157924836;7.38177318588678;770.043963097909;881.966825095645;114.665206463936;0.0099009900990099;9;9
128;8.95999999999913;0.430000000000291;9.58999999999651;NA;NA;-278.717006696524;-331.576392863185;3.78477831932674;3.84172883517507;4.08022872162516;3.95459272215854;572.485485292337;677.74080156853;105.718772333322;0.0099009900990099;4;4
129;9.88999999999942;0.589999999999691;10.5900000000111;NA;NA;-307.569287085012;-348.137068701615;3.89174819650321;3.89136976659696;6.33748685277147;6.05227459672569;639.801614107877;719.827241900578;81.1355632332059;0.0297029702970297;6;6
130;17.5999999999985;0.630000000000109;18.4599999999919;NA;NA;-520.134055455549;-564.962855455916;4.45516135562806;4.5532399120813;16.0677250770468;15.2036652766702;1110.67731015733;1196.54857709887;89.6576000007342;0.0198019801980198;16;16
131;0;0;0;NA;NA;NA;NA;NA;NA;NA;NA;NA;NA;NA;NA;NA;NA
132;6.40999999999622;0.199999999999818;6.66000000000349;NA;NA;-266.770551400541;-305.931147060522;3.68893526887521;3.68894620251781;3.59820352236245;3.55577333483245;546.814441846446;624.979113319394;78.3211913199616;0.0693069306930693;4;4
133;11.8199999999997;0.670000000000073;12.7799999999988;NA;NA;-339.437154063255;-377.866919346779;4.06788581391428;4.06962887853432;7.40944727456651;7.11362672297924;708.774784687936;784.440545309487;76.8595305670483;0.178217821782178;8;8
134;12;0.569999999999709;12.6999999999971;NA;NA;-387.875731125234;-431.010520470625;4.18133750722858;4.29239714570726;9.64053891341936;9.09982837665672;815.731016403086;899.758255077451;86.269578690783;0.099009900990099;10;10
135;11.739999999998;0.489999999999782;12.25;NA;NA;-371.012355477751;-429.327964602149;4.06098812904112;4.0888789181479;7.47930793663282;7.21966342584177;772.207106938347;887.790541955611;116.631218248797;0.0198019801980198;8;8
136;13.2699999999968;0.610000000000127;14.0699999999924;NA;NA;-358.924006896885;-404.718103857724;4.06881672987804;4.13879712826547;7.77133024708542;7.16864370857738;749.208852098362;838.364932793402;91.5881939216775;0.0396039603960396;8;8
137;7.15000000000146;0.25;7.42999999999302;NA;NA;-273.195156836717;-304.294382309816;3.80041854441991;3.79999989705255;4.31647697211441;3.92936556088506;562.794873890384;623.522126797718;62.1984509461988;0.415841584158416;5;5
138;10.0699999999997;0.5;10.7400000000052;NA;NA;-376.866389018217;-426.521454469514;3.97173088491866;3.97337220103991;6.43597529965833;6.09290488573876;779.275151780754;877.223743472124;99.3101309025934;0.0198019801980198;7;7
139;15.1999999999971;0.710000000000036;16.0500000000029;NA;NA;-434.606162520581;-503.266881020765;4.46729722151914;4.77155949020366;12.8478532583361;11.7734971202552;924.17810017291;1056.90321927411;137.321437000367;0.0099009900990099;13;13
140;9.7699999999968;0.559999999999945;10.6399999999994;NA;NA;-320.527975493718;-373.605719145398;3.85042377419;3.97666903880032;4.75321791587557;4.51196294821187;659.120323861194;764.358933426009;106.15548730336;0.0099009900990099;5;5
141;11.4799999999959;0.550000000000182;12.179999999993;NA;NA;-370.435100390174;-435.728755589952;4.12470617570692;4.12301144533575;7.19201432575945;6.96868431271463;770.316785526445;899.989705901509;130.587310399555;0.0099009900990099;9;9
142;6.13999999999942;0.260000000000218;6.41999999999825;NA;NA;-263.915315405058;-304.576234476206;3.54202137176221;3.54134744590324;2.98312237683751;2.95340467082574;538.405914241266;619.622401974058;81.3218381422955;0.0396039603960396;3;3
143;12.1599999999962;0.809999999999945;13.1699999999983;NA;NA;-393.842698226017;-460.599533811403;4.26860568441363;4.26648874561082;10.0006661816189;9.71155834164353;829.634989970218;961.935946292837;133.513671170773;0.0099009900990099;11;11
144;7.98999999999796;0.339999999999691;8.47000000000116;NA;NA;-296.246657740275;-335.285621269977;3.96918571701626;3.97746654576312;5.45087496234355;5.23980197094997;614.126133979578;691.366378328515;78.0779270594031;0.0594059405940594;7;7
145;16.0799999999945;0.650000000000091;16.9199999999983;NA;NA;-473.699443096217;-526.576482464808;4.38505064946833;4.42264099523508;13.8206339383186;13.29279320869;1007.51529058044;1110.97339021157;105.754078737182;0.0198019801980198;15;15
146;2.19000000000233;0.239999999999782;2.44999999999709;NA;NA;NA;NA;NA;NA;NA;NA;NA;NA;NA;NA;NA;NA
147;14.5699999999997;0.629999999999654;15.7200000000012;NA;NA;-337.035298737583;-403.128484187385;4.05775135463407;4.191349705261;6.9667211881009;6.70491265568911;701.182373308337;832.349886979368;132.186370899605;0.0099009900990099;6;6
148;10.4399999999951;0.359999999999673;10.929999999993;NA;NA;-307.740266970794;-357.53260658447;3.81929779976918;3.85502918348871;4.83862690709938;4.61713036135278;633.869499521078;732.612391928756;99.5846792273508;0.0198019801980198;5;5
149;8.69999999999709;0.419999999999618;9.2100000000064;NA;NA;-310.371190505828;-389.33616510186;3.69754657187662;3.7128843610954;4.24295605230932;4.05659109223288;636.394134417729;793.636605737599;157.929949192063;0.0099009900990099;4;4
150;10.6899999999951;0.420000000000073;11.2600000000093;NA;NA;-330.781828610828;-386.375472467745;4.05207562296553;4.04424674395597;7.04980626126059;6.94317134383846;690.012819361048;800.769786872732;111.187287713834;0.0099009900990099;8;8
151;13.3300000000017;0.599999999999909;14.2599999999948;NA;NA;-445.174027683843;-498.340871537762;4.25737332715271;4.26714079835;11.2625909848595;10.6764893520725;938.081006280928;1041.93068648946;106.333687707839;0.0297029702970297;12;12
152;8.86000000000058;0.389999999999873;9.6299999999901;NA;NA;-287.086433620223;-326.302922246032;4.03590585506123;4.04864959429733;6.83199014145402;6.65847877493688;601.743042656047;679.475822935414;78.4329772516165;0.0693069306930693;8;8
153;10.989999999998;0.319999999999709;11.5299999999988;NA;NA;-350.69149507981;-427.606362056649;3.89497456437912;3.88961755559561;6.17727478375837;5.83919049914213;725.422546885847;877.936587977741;153.82973395368;0.0099009900990099;6;6
154;11.0999999999985;0.4699999999998;11.570000000007;NA;NA;-327.030563947065;-381.296745296551;3.97311001923977;3.97563433732034;6.88725645184021;6.68481731609075;681.394495437543;789.123440499708;108.53236269897;0.0099009900990099;7;7
155;14.8400000000038;0.559999999999945;15.5500000000029;NA;NA;-363.19271682227;-399.787082045726;4.98515523361838;6.09479228130843;8.179779195138;6.83722786804146;760.696989102238;828.254146469298;73.1887304469132;0.237623762376238;11;11
156;13.239999999998;0.590000000000146;13.9900000000052;NA;NA;-357.465075895061;-402.198520771455;4.26217910617076;4.55200793520587;8.22357693030799;7.52812057979138;748.600309276743;835.21976110253;89.4668897527881;0.0099009900990099;9;9
157;11.6599999999962;0.579999999999927;12.4499999999971;NA;NA;-365.736585106941;-400.272296308759;4.28542245361401;4.29862719122751;9.07651154094149;8.766254945791;769.941110710848;837.697608081093;69.0714224036356;0.267326732673267;12;12
158;9.56999999999971;0.409999999999854;10.0399999999936;NA;NA;-378.337496802658;-435.489474206113;3.80177978527202;3.81695182410492;5.11323201071207;4.71385057086679;776.107582488531;888.893707611233;114.30395480691;0.0099009900990099;5;5
159;14.2200000000012;0.579999999999927;15.2999999999884;NA;NA;-398.020860441495;-454.598065317745;4.10581515422026;4.12118874788568;8.5535461151732;8.18884972564618;831.062885907366;942.724102980543;113.154409752499;0.0099009900990099;9;9
160;6.08000000000175;0.25;6.31999999999243;NA;NA;-288.347248194243;-344.61233868933;3.68867462606453;3.68626066692695;3.30723103195109;3.18660800831561;588.894472992258;700.979690188851;112.530180990174;0.0198019801980198;4;4
161;9.72999999999593;0.349999999999909;10.25;NA;NA;-345.328068831057;-399.926370950698;3.80237081939762;3.81302114892316;5.39497256699728;5.12853407056818;711.15946778894;819.34348551681;109.196604239283;0.0099009900990099;5;5
162;5.90000000000146;0.320000000000164;6.25;NA;NA;-344.50339398617;-409.313940060493;3.34258261113925;3.34145136274525;2.77630484648146;2.67047374538193;698.286047940526;827.55342017939;129.621092148645;0.0099009900990099;2;2
163;10.0599999999977;0.579999999999927;10.75;NA;NA;-308.44140974226;-369.947368172575;3.81024669827745;3.81052676494353;5.39764014667016;5.38519938318909;637.396287617794;760.360923963553;123.01191686063;0.0099009900990099;5;5
164;12.5899999999965;0.559999999999945;13.3600000000006;NA;NA;-397.684912881283;-444.662657129539;4.3072353673041;4.48740292331079;8.35478650320983;7.81209135553215;830.415480859528;922.094536922848;93.9554884965135;0.0099009900990099;11;11
165;11.5400000000009;0.510000000000218;12.1699999999983;NA;NA;-381.909521958219;-431.623437428669;4.14984549411058;4.16220856490388;8.34992368517975;8.00780984360702;798.44638468441;896.455461033026;99.4278309409008;0.0396039603960396;10;10
166;4.9800000000032;0.25;5.22999999999593;NA;NA;-282.819040609894;-341.458069708495;3.54489905185161;3.54497864083241;3.19706209422402;3.135931466895;576.971789168186;694.033136942997;117.278058197201;0.0099009900990099;3;3
167;0.830000000001746;0.0199999999999818;0.850000000005821;NA;NA;NA;NA;NA;NA;NA;NA;NA;NA;NA;NA;NA;NA
168;9.88999999999942;0.25;10.4700000000012;NA;NA;-293.467108533314;-334.732525945438;3.98461778654269;4.04733891276485;5.9719865296534;5.68133166669914;610.635164449777;692.012480996761;82.5308348242495;0.0198019801980198;7;7
169;9.86000000000058;0.440000000000055;10.6700000000128;NA;NA;-347.622507499686;-395.677254821293;3.96208162413873;3.91808273842926;4.73279617557854;4.57762179596166;713.231776045105;808.751538026474;96.109494643213;0.0198019801980198;5;5
170;10.6900000000023;0.630000000000109;11.679999999993;NA;NA;-331.33133231274;-409.280594469238;3.6899868902435;3.68947256941967;5.36452747957479;5.06755676594003;682.451759825912;837.254794974908;155.898524312996;0.0099009900990099;4;4
171;6.83000000000175;0.329999999999927;7.30999999999767;NA;NA;-314.018437494053;-374.15786964611;3.68933036020635;3.69217257654784;3.77829708146805;3.36814865116197;641.974557463471;760.740433649893;120.278864304114;0.0099009900990099;4;4
172;9.48999999999796;0.430000000000291;10.3299999999872;NA;NA;-336.284045431061;-394.315416960139;3.97316772702317;3.97224035405262;5.70432550090355;5.4166343805403;695.206775306897;810.127762255511;116.062743058155;0.0099009900990099;7;7
173;13.7300000000032;0.590000000000146;14.5399999999936;NA;NA;-463.994641719608;-524.761377501626;4.38619141060329;4.40293983715678;13.6459759698194;13.1644344155604;987.345968040798;1106.78485067826;121.533471564036;0.0099009900990099;15;15
174;7.83999999999651;0.329999999999927;8.41999999999825;NA;NA;-348.097572393457;-425.971171300521;3.69048884619423;3.68862060747601;4.30302532460337;4.08925657841496;712.068486497375;867.027117175757;155.747197814128;0.0099009900990099;4;4
175;7.9800000000032;0.329999999999927;8.44999999999709;NA;NA;-304.715650244044;-365.158699624535;3.71591455682392;3.70936698568494;3.90819549843364;3.84694022329918;623.848162564921;744.508298000003;120.886098760982;0.0099009900990099;4;4
176;11.260000000002;0.510000000000218;11.9399999999878;NA;NA;-361.646510502581;-412.034672949411;3.89891170536601;3.90431578789639;6.66065516559199;6.22979687062842;749.213706629846;848.313298209007;100.77632489366;0.0198019801980198;6;6
177;13.7299999999959;0.639999999999873;14.5;NA;NA;-377.880136560484;-420.928555237561;4.17877679097179;4.19360525822655;8.55560681454645;8.38310366662123;790.789875358617;876.180425387098;86.0968373541542;0.0396039603960396;9;9
178;9.37000000000262;0.409999999999854;10.1999999999971;NA;NA;-334.645548092973;-389.460414008419;3.86486224270852;3.87377669095833;5.0341304452503;4.91081883006304;688.423063427426;797.584155478734;109.629731830891;0.0099009900990099;5;5
179;9.05000000000291;0.410000000000309;9.57999999998719;NA;NA;-328.852472981649;-400.068576960286;3.97455846345289;3.96979041183225;5.65570133520858;5.28501138296583;680.15065629687;821.111711730617;142.432207957274;0.0099009900990099;7;7
180;0.0100000000020373;0;0;NA;NA;NA;NA;NA;NA;NA;NA;NA;NA;NA;NA;NA;NA
181;4.45000000000437;0.170000000000073;4.65000000000873;NA;NA;-261.96800900684;-320.293892939648;3.34170043945581;3.34221561341143;2.22838297728556;2.18616868778796;531.38395550553;647.894630303821;116.651767865617;0.0099009900990099;2;2
182;9.22000000000116;0.420000000000073;9.66999999999825;NA;NA;-292.204592545538;-359.189214389838;3.69000348076844;3.68901294413911;5.00888883061356;4.67578202984668;602.886372186268;735.626825041493;133.9692436886;0.0099009900990099;4;4
183;0.0100000000020373;0;0;NA;NA;NA;NA;NA;NA;NA;NA;NA;NA;NA;NA;NA;NA
184;9.69000000000233;0.460000000000036;10.5;NA;NA;-309.00133995978;-352.926307528684;4.05543606223309;4.09803868113773;5.79379473052238;5.49331916879972;641.38326650344;728.020646620928;87.8499351378081;0.0198019801980198;8;8
185;12.1999999999971;0.589999999999691;13.2100000000064;NA;NA;-364.899914646426;-419.374644324159;4.17235601531012;4.16214915164284;8.11102735015176;7.86328862012529;763.00917001798;870.944301651311;108.949459355467;0.0297029702970297;9;9
186;15.6700000000055;0.830000000000382;16.9799999999959;NA;NA;-455.352796406216;-522.464560668315;4.53825866977589;4.70035081498459;12.4657810533021;11.4249212291207;964.928715873011;1094.62475670157;134.2235285242;0.0099009900990099;15;15
187;10.8300000000017;0.489999999999782;11.4399999999878;NA;NA;-364.53399391581;-421.413735932308;4.0154501332745;3.99467658967506;6.47436709297337;6.24241538759763;754.762726600341;867.601666834844;113.759484032995;0.0099009900990099;7;7
188;7.82999999999447;0.579999999999927;8.38999999999942;NA;NA;-288.579443483894;-349.136188735949;3.68886685487146;3.68831416052186;4.13400908446484;3.96548475652738;592.40874814259;712.900572715853;121.11349050411;0.0099009900990099;4;4
189;13.989999999998;0.799999999999727;14.8499999999913;NA;NA;-453.440915863806;-502.424855894464;4.27182141587751;4.26014886095747;11.099372922602;10.8093600670825;953.923034199987;1050.66178595368;97.9678800613167;0.0198019801980198;12;12
190;3.44000000000233;0.130000000000109;3.57999999998719;NA;NA;NA;NA;NA;NA;NA;NA;NA;NA;NA;NA;NA;NA
191;5.93000000000029;0.309999999999945;6.75;NA;NA;-310.748736995872;-379.188958526769;3.54510276694856;3.54431263258041;3.09698756232772;2.86387164290945;632.476413879917;768.530452051552;136.880443061794;0.0099009900990099;3;3
192;0.0299999999988358;0;0.0299999999988358;NA;NA;NA;NA;NA;NA;NA;NA;NA;NA;NA;NA;NA;NA
193;7.36999999999534;0.360000000000127;7.75;NA;NA;-289.942873417103;-339.816004422195;3.7776318153273;3.79719031163862;3.52591918134707;3.25308835427803;592.892437659143;691.632259636904;99.7462620101854;0.0099009900990099;4;4
194;13.9400000000023;0.470000000000255;14.6300000000047;NA;NA;-414.45429299395;-475.180938030794;4.17063361367332;4.22925308223515;10.3629578679418;9.74318061818119;871.884029475398;990.767087911424;121.453290073687;0.0099009900990099;10;10
195;13.25;0.639999999999873;14.1199999999953;NA;NA;-371.072483031297;-460.514012094322;4.03189639292788;4.0029752422579;6.82859499360919;6.5039813050855;768.71920833864;946.338995936415;178.88305812605;0.0099009900990099;6;6
196;11.8899999999994;0.519999999999982;12.5400000000081;NA;NA;-331.898979446337;-376.274497913253;3.90465728465915;3.95091948109732;6.81022244249695;6.47488189397052;690.30070232819;777.746723956551;88.7510369338323;0.0099009900990099;6;6
197;11.4500000000044;0.380000000000109;12.0199999999895;NA;NA;-363.745157484013;-405.10011723065;4.1148840366342;4.11992264333347;8.2628352750712;8.0736034066094;761.321209645052;843.256348666688;82.7099194932724;0.0396039603960396;9;9
198;11.9499999999971;0.640000000000327;12.890000000014;NA;NA;-345.638938256287;-407.613712361907;4.00057382029982;4.02658117586833;7.13200086505733;6.72247720075789;719.582558112234;841.90683493823;123.949548211241;0.0099009900990099;7;7
199;10.8299999999945;0.5;11.5;NA;NA;-370.505590333267;-404.706298724828;4.12780755133651;4.28407947939131;7.17095500541142;6.62091839846166;770.371541298879;836.520918691314;68.4014167831231;0.227722772277228;9;9
200;7.69000000000233;0.480000000000018;8.35000000000582;NA;NA;-339.58321082204;-399.968440067309;3.80163208202341;3.79922890641651;4.42497476383112;4.10410906758693;695.983322426988;815.534346487643;120.770458490538;0.0099009900990099;5;5
201;7.71999999999389;0.239999999999782;7.94999999999709;NA;NA;-280.834092224747;-328.297674260771;3.92159087473742;4.18515834894395;4.41332726572513;4.04375793131042;578.843141832764;672.332085445154;94.9271640720485;0.0099009900990099;6;6
202;12.510000000002;0.460000000000036;13.0200000000041;NA;NA;-378.712876464732;-449.890839500313;4.12052324792148;4.11897166419283;7.82188323714533;7.66051617113255;788.990595451696;930.695332305052;142.355926071162;0.0099009900990099;8;8
203;11.5299999999988;0.360000000000127;12.1900000000023;NA;NA;-368.395074769187;-427.992646235382;3.89761895270363;3.89811610481105;6.68046496734771;6.6147424441393;762.787927225451;881.727303597316;119.195142932391;0.0099009900990099;6;6
204;9.80999999999767;0.289999999999964;10.2700000000041;NA;NA;-296.103211583145;-341.042163674147;3.97473917349666;3.99586619714694;5.8997495580871;5.57517759032479;615.620684594321;704.210464114324;89.8779041820034;0.0198019801980198;7;7
205;14.1900000000023;0.650000000000091;15.1300000000047;NA;NA;-459.608905698088;-512.627105915568;4.33557429966702;4.430225336557;12.1517866465678;11.7116269907609;971.205669510204;1075.35897584557;106.036400434959;0.0396039603960396;13;13
206;0.850000000005821;0.0599999999999454;0.919999999998254;NA;NA;NA;NA;NA;NA;NA;NA;NA;NA;NA;NA;NA;NA
207;13.2200000000012;0.680000000000291;15.25;NA;NA;-370.951164436028;-428.478832455627;4.09133314345073;4.09919854327112;8.14065789680799;8.01949994963887;774.7535715651;889.31998039754;115.055336039196;0.0198019801980198;8;8
208;9.1299999999901;0.389999999999873;9.72000000000116;NA;NA;-305.081409311132;-363.89154660225;3.89841331492122;3.893806540622;4.8450409123122;4.73873579636363;629.017838016683;746.224414333165;117.620274582237;0.0198019801980198;6;6
209;8.63999999999942;0.449999999999818;9.25999999999476;NA;NA;-326.087309733752;-391.535365454327;3.82694435676048;3.81251381058551;4.28569940847563;4.25697471126049;668.462211054874;799.249155685168;130.89611144115;0.0099009900990099;5;5
210;10.6500000000087;0.4699999999998;11.6999999999971;NA;NA;-270.434497575664;-317.161297572723;3.69475056846029;3.7097264369757;4.14445440917788;3.94237515274773;556.157387869857;648.865541846827;93.4535999941181;0.0099009900990099;4;4
211;6.86000000000058;0.240000000000236;7.27999999999884;NA;NA;-256.179146625444;-299.353450340579;3.58165631262263;3.56774319364599;2.81888976943805;2.62791725209587;522.351365779337;608.022968298868;86.3486074302701;0.0099009900990099;3;3
212;15.0900000000111;0.799999999999727;16.5900000000111;NA;NA;-392.580849701764;-445.98310316681;4.2503958256961;4.26558083086029;10.4254131220778;9.90681666293149;829.34653515539;933.953134040921;106.804506930091;0.0099009900990099;12;12
213;15.0799999999872;0.569999999999709;15.7299999999959;NA;NA;-408.610706112239;-454.229302159075;4.3503788329321;4.33249439236094;10.6113509375912;10.3582936032516;862.194286948255;952.358975091947;91.2371920936718;0.0198019801980198;12;12
214;0.940000000002328;0.0499999999997272;1.05999999999767;NA;NA;NA;NA;NA;NA;NA;NA;NA;NA;NA;NA;NA;NA
215;15.7599999999948;0.539999999999964;16.75;NA;NA;-419.459467376901;-461.097469000235;4.28832628583197;4.4836221894805;10.5823325037974;10.1018403929251;883.308432307926;964.568924950226;83.2760032466673;0.118811881188119;11;11
216;13.8300000000017;0.489999999999782;14.5399999999936;NA;NA;-405.537440967473;-455.116771200249;4.2873464160811;4.3150857565496;10.5736752075002;10.0796256535657;855.428064902216;952.514345629358;99.1586604655519;0.0297029702970297;11;11
217;11.75;0.389999999999873;12.3800000000047;NA;NA;-342.067262750795;-386.951105302858;3.97132983350739;4.01195157176648;7.08455043754806;6.78199804699948;712.250891189934;800.817840449558;89.7676851041263;0.0396039603960396;7;7
218;7.08000000000175;0.409999999999854;7.80999999999767;NA;NA;-284.87859795801;-344.41541153678;3.54540684198537;3.56706682383134;3.21983241885604;2.80598128464729;581.171625540026;698.778134527509;119.073627157539;0.0099009900990099;3;3
219;13.9600000000064;0.589999999999691;14.6000000000058;NA;NA;-355.510913387271;-396.00476714069;4.09548843095859;4.09337470307788;9.80670755260063;9.41419696923386;751.173866515835;830.55450045005;80.9877075068368;0.0594059405940594;9;9
220;8.43000000000757;0.360000000000127;8.88999999999942;NA;NA;-349.800745950057;-407.541100610462;3.80758456469633;3.80065492778837;4.66485972297447;4.4690588266731;717.330063771002;832.066641334673;115.48070932081;0.0099009900990099;5;5
221;4.68999999998778;0.230000000000018;5.03000000001339;NA;NA;-266.757990345842;-318.433579372478;3.3423045761076;3.34225030026443;1.9458494671362;1.93260620623208;540.019604775832;643.326519800527;103.351178053271;0.0099009900990099;2;2
222;9.58999999999651;0.470000000000255;10.25;NA;NA;-361.70882825982;-416.223723993668;4.02759877748243;4.01946531475867;5.0411661662155;4.68824060991286;743.035919307255;850.692261442053;109.029791467694;0.0099009900990099;6;6
223;6.60000000000582;0.309999999999945;6.93999999998778;NA;NA;-279.443528578774;-341.091242176456;3.54986339519282;3.551425631269;3.25739848701177;3.14804017569523;570.434659936376;693.342407716808;123.295427195365;0.0099009900990099;3;3
224;12.7599999999948;0.579999999999927;13.6500000000087;NA;NA;-345.818421636475;-422.954148930722;3.90480994106848;3.93492521467588;6.52695162004059;6.15176017839759;717.037206574232;869.848561643066;154.271454588495;0.0099009900990099;6;6
225;0.25;0.00999999999976353;0.289999999993597;NA;NA;NA;NA;NA;NA;NA;NA;NA;NA;NA;NA;NA;NA
226;0.25;0.0100000000002183;0.25;NA;NA;NA;NA;NA;NA;NA;NA;NA;NA;NA;NA;NA;NA
227;11.5899999999965;0.309999999999945;12;NA;NA;-354.415060842396;-407.024167461365;3.98246031335434;4.00991532359009;7.27494118458042;6.95125816611899;737.702088722074;841.635705259855;105.218213237937;0.0297029702970297;7;7
228;14.1100000000006;0.550000000000182;14.7200000000012;NA;NA;-436.469268509564;-515.250209078094;4.25216235178873;4.24699058027705;11.1049654740179;10.737679431985;920.003441762372;1076.00869648558;157.561881137061;0.0099009900990099;12;12
229;12.8600000000006;0.550000000000182;13.7700000000041;NA;NA;-387.536293069695;-473.285426398393;4.0590964276773;4.07546107434568;8.8494761287224;8.57286369209146;810.784231524334;981.16624168221;171.498266657396;0.0099009900990099;8;8
230;6.99000000000524;0.259999999999764;7.33000000000175;NA;NA;-283.30488185053;-332.068455631092;3.5725733917538;3.55797421604688;3.19951364362661;3.15809897998319;577.952162486273;675.332493473718;97.5271475611254;0.0198019801980198;3;3
231;0.639999999999418;0.0199999999999818;0.690000000002328;NA;NA;NA;NA;NA;NA;NA;NA;NA;NA;NA;NA;NA;NA
232;5.11000000000058;0.199999999999818;5.34999999999127;NA;NA;-280.244415585876;-325.176343243853;3.54512163086891;3.54542796353786;2.99634693333643;2.71094244492144;571.110996163752;659.963081603637;89.863855315954;0.0297029702970297;3;3
233;8.07999999998719;0.320000000000164;8.6299999999901;NA;NA;-268.733813330459;-314.056998030627;3.68924272032645;3.70349404928504;4.1536260425971;3.72212404863247;552.789852429527;641.844462989918;90.6463694003363;0.0099009900990099;4;4
234;14.0100000000093;0.549999999999727;14.8000000000029;NA;NA;-374.747402242091;-414.741199091257;4.16123307882634;4.29515650648634;8.54107304635054;8.15253660737832;784.464900467049;862.86169210925;79.9875936983323;0.0792079207920792;9;9
235;12.8300000000017;0.509999999999764;13.5800000000017;NA;NA;-367.123470208185;-423.525922668503;4.07589556701729;4.06645323408011;7.06935722799883;6.83012089121713;762.774999564007;874.614477481047;112.804904920636;0.0099009900990099;8;8
236;5.65999999998894;0.349999999999909;6.10999999998603;NA;NA;-296.335898064472;-375.632270933711;3.54654769562327;3.54419083818895;3.2143375441016;2.99673508590739;604.066746210844;761.888082875197;158.592745738478;0.0099009900990099;3;3
237;13.75;0.609999999999673;14.6600000000035;NA;NA;-380.489244935729;-444.024421710603;4.07967472806077;4.04790733103351;8.24136011909859;7.90759577645176;794.236111654022;919.959574871125;127.070353549748;0.0099009900990099;8;8
238;15.2300000000105;0.730000000000018;16.0799999999872;NA;NA;-419.16986481938;-469.742621129326;4.10571576888092;4.12103801406669;10.0843885526876;9.82756710258811;879.628691072792;979.722688185006;101.145512619891;0.0198019801980198;9;9
239;14.1999999999971;0.690000000000055;15.0999999999913;NA;NA;-416.145723192261;-480.587183819076;4.18016029009565;4.16530086887194;10.205207567795;9.95415502497368;874.612695461941;1002.45449558935;128.882921253629;0.0099009900990099;10;10
240;9.61000000000058;0.489999999999782;10.2400000000052;NA;NA;-308.429021307772;-357.428435426912;3.84530395319525;3.82238147300423;4.88187651850945;4.71244639753223;635.411376233904;732.766293560555;97.99882823828;0.0099009900990099;5;5
241;15.4199999999983;0.809999999999945;16.2200000000012;NA;NA;-412.356709356029;-457.279141807584;4.25987548037422;4.3843302161673;10.9707348471112;10.3549928910883;870.209328417227;957.500696145964;89.8448649031103;0.0198019801980198;10;10
242;10.5200000000041;0.519999999999982;11.2000000000116;NA;NA;-351.351060397022;-408.37455418;3.99993137184975;4.06584190145247;6.58360491852807;6.27177375880269;728.830390338975;841.63981752659;114.046987565955;0.0099009900990099;7;7
243;12.8499999999913;0.680000000000291;13.7200000000012;NA;NA;-344.550776130714;-392.713742735788;4.05014161024057;4.07833823959141;7.71092667371045;7.48549539261553;720.218634781952;815.634850642503;96.3259332101468;0.0297029702970297;8;8
244;4.97999999999593;0.170000000000073;5.15999999998894;NA;NA;NA;NA;NA;NA;NA;NA;NA;NA;NA;NA;NA;NA
245;8.61999999999534;0.450000000000273;9.09999999999127;NA;NA;-304.575965403677;-346.525507864739;3.80588174936669;3.80480262358944;4.65697859041983;4.53074254197952;626.850550818332;710.269881794921;83.8990849221252;0.0792079207920792;5;5
246;14.070000000007;0.470000000000255;14.8099999999977;NA;NA;-386.86045102982;-437.32474583903;4.34659695907748;4.32372686183196;9.69814434479283;9.53142212180628;814.401513306568;914.630756565683;100.92858961842;0.0198019801980198;11;11
247;13.5900000000111;0.700000000000273;14.5399999999936;NA;NA;-380.003944913907;-442.867215802695;4.17769504123154;4.19299775330743;8.18769458202219;7.92183404487938;793.962462478457;918.58647400983;125.726541777577;0.0099009900990099;10;10
248;6.23000000001048;0.2199999999998;6.55000000000291;NA;NA;-260.707035642195;-298.59728549693;3.69053000576461;3.7993132402412;3.07683110475622;2.95877129423082;532.764130330504;608.109121630571;75.780499709471;0.0297029702970297;4;4
249;16;0.610000000000127;16.8700000000099;NA;NA;-408.128387914726;-469.98005678325;4.20416885752792;4.21334599661754;11.2848580788893;10.9092153883249;863.593143299642;985.720780189259;123.703337737048;0.0099009900990099;11;11
250;9.36000000000058;0.510000000000218;9.94000000000233;NA;NA;-348.89212594722;-416.657749317273;3.82635129726157;3.88612046297766;4.78330723532014;4.56474836931098;715.962977759285;850.66360218829;135.531246740107;0.0099009900990099;5;5
