1;70.8600000000151;1.5;73.3300000000163;NA;NA;-3708.06474482764;-3807.37385793841;5.45092194458325;5.46719546835452;248.243739938626;246.721029830341;8731.40360810894;8921.95403291953;198.618226221525;0.0297029702970297;100;100
2;85.1000000000058;1.46999999999935;87.9899999999907;NA;NA;-3790.44446567646;-3872.42439143262;5.43064099809145;5.44977200121444;263.639094042544;261.836585100202;8977.73252181952;9132.14210889927;163.959851512322;0.0693069306930693;100;100
3;69.6000000000058;1.60000000000036;72.7700000000186;NA;NA;-3639.01496892942;-3777.15228311983;5.46714373858748;5.48628980405032;241.948206033173;240.346954594166;8559.94831968954;8827.73900976286;276.274628380817;0.0099009900990099;100;100
4;71.8500000000058;1.77000000000044;74.75;NA;NA;-3690.359114112;-3802.63890007326;5.44793473405593;5.46788862177825;247.696021503441;245.881518187357;8693.09036058054;8908.03611807179;224.55957192252;0.0099009900990099;100;100
5;72.1499999999942;1.67000000000007;75.1499999999942;NA;NA;-3649.85625258459;-3776.37116676701;5.44117137248001;5.4561191573019;244.584165499433;242.933252980206;8595.59703681747;8839.87980671106;253.029828364854;0.0099009900990099;100;100
6;82.1100000000151;1.78999999999996;85.5;NA;NA;-3771.76559881291;-3877.01101756744;5.40058724193511;5.40792918768557;264.616168099901;263.22640139712;8945.55163653893;9148.67904899117;210.490837509044;0.0297029702970297;100;100
7;78.3600000000151;1.86999999999989;82.0299999999988;NA;NA;-3724.69413157906;-3865.74596236611;5.42498718771072;5.43556572592989;260.24121102307;258.793486772183;8828.22879101314;9102.66195004679;282.1036615741;0.0099009900990099;100;100
8;79.8600000000151;1.65000000000055;82.6499999999942;NA;NA;-3731.65691050164;-3852.75361300097;5.43563075366161;5.4501169722595;256.026141545096;254.406414330367;8819.82157304194;9053.43314920975;242.193404998671;0.0099009900990099;100;100
9;75.3500000000058;1.79999999999927;78.7900000000081;NA;NA;-3720.29384829126;-3818.15863798719;5.44864899463251;5.46527310313322;252.238377970802;250.588434488849;8777.02667509513;8964.01433028273;195.729579391857;0.0099009900990099;100;100
10;78.1700000000128;1.64000000000033;81.0299999999988;NA;NA;-3749.26763681854;-3837.24341313522;5.44073288127515;5.45263948292739;255.164571836623;253.630156948847;8850.47815592686;9018.29989151282;175.951552633359;0.0495049504950495;100;100
11;76.1100000000151;1.92000000000007;79.640000000014;NA;NA;-3710.35910385673;-3788.57793209143;5.47390257978188;5.49758341553318;245.534152203044;243.738170443479;8721.63607041151;8868.55804553419;156.437656469386;0.108910891089109;100;100
12;71.7299999999814;1.39000000000033;74.0599999999977;NA;NA;-3710.27026102142;-3831.18821727196;5.46259051298726;5.48127159024171;250.968447256217;249.206821536362;8750.25100459604;8982.75326495226;241.83591250108;0.0099009900990099;100;100
13;70.4100000000035;1.65000000000055;73.4199999999837;NA;NA;-3664.25743189586;-3789.96387265713;5.43155961683687;5.44751874898006;244.819999205674;243.225699407075;8625.64891726143;8868.61469247356;251.412881522532;0.0099009900990099;100;100
14;79.4700000000012;1.54999999999927;82.5099999999802;NA;NA;-3737.02855046394;-3851.20537800776;5.42603628273261;5.43612806784367;257.15423061855;255.672665044117;8836.54182689544;9057.04567737038;228.353655087639;0.0099009900990099;100;100
15;78.5;1.94999999999982;81.7200000000012;NA;NA;-3723.13462765276;-3826.93690404717;5.43343520299344;5.45108200685051;251.140808927686;249.393756730016;8776.892964696;8975.24108048565;207.60455278883;0.0297029702970297;100;100
16;83.1100000000151;1.69999999999982;86.1300000000047;NA;NA;-3805.81483752621;-3886.80258864279;5.43270356572445;5.44599796587243;262.711312345133;261.159466319046;9003.55758363927;9157.3109131222;161.975502233161;0.138613861386139;100;100
17;70.9700000000012;1.63000000000011;74.2600000000093;NA;NA;-3739.3158381846;-3813.86165180436;5.48667346977789;5.4963636873727;245.333421366607;243.968570219507;8778.48600339053;8920.34621609463;149.091627239535;0.297029702970297;100;100
18;84.3399999999965;1.84999999999945;92.5099999999802;NA;NA;-3789.8622033722;-3865.74283440238;5.42081343557265;5.44099222567018;261.314317900372;259.437482787492;8964.2505954036;9106.06778939124;151.761262060365;0.297029702970297;100;100
19;75.6399999999849;1.84000000000015;78.6900000000023;NA;NA;-3633.34624328827;-3775.6180542783;5.45902383405059;5.47370565341394;241.105848032165;239.513808473296;8544.14778838166;8820.25627951872;284.543621980045;0.0099009900990099;100;100
20;74.5499999999884;1.8100000000004;77.7599999999802;NA;NA;-3678.5357291253;-3790.07311974706;5.46895984478939;5.48607502185636;245.243579425424;243.457429218972;8656.44977415474;8870.06096474013;223.074781243507;0.0099009900990099;100;100
21;77.3600000000151;1.63000000000011;79.8300000000163;NA;NA;-3736.74527160037;-3812.58533383222;5.48158739798328;5.4985135373595;248.439873373149;246.948542852342;8789.80383883669;8933.58242090274;151.680124463703;0.158415841584158;100;100
22;76.0299999999988;1.52999999999975;78.9599999999919;NA;NA;-3742.47963180197;-3865.75320007512;5.43639557411728;5.45065260692142;259.344135804393;257.485497925852;8859.04680224874;9095.74628544505;246.547136546307;0.0099009900990099;100;100
23;75.0299999999988;1.42999999999938;77.6800000000221;NA;NA;-3653.19382273385;-3768.8545464905;5.46327824496334;5.47846331466384;239.985210626786;238.508238108498;8577.90545464628;8801.40143301603;231.32144751331;0.0099009900990099;100;100
24;78.8800000000047;1.90999999999985;81.7000000000116;NA;NA;-3728.70304414702;-3818.60249340541;5.44135062521481;5.45928733224335;249.470868539789;247.676020698769;8779.18192352623;8949.47114855662;179.798898516783;0.0396039603960396;100;100
25;79.7799999999988;2.0600000000004;89.7600000000093;NA;NA;-3742.28975134893;-3840.54411429921;5.44353176321613;5.46236969419821;255.475147869544;253.790296322367;8838.1679153765;9025.74976306459;196.508725900555;0.0297029702970297;100;100
26;74.4499999999825;1.77999999999975;79.0799999999872;NA;NA;-3700.12081450046;-3823.39597501458;5.45497150748526;5.47594493888548;249.209340657671;247.340962217012;8720.63180651344;8957.28286560225;246.550321028236;0.0099009900990099;100;100
27;79.8800000000047;1.72000000000025;82.8600000000151;NA;NA;-3770.17578144658;-3869.77593207337;5.41515869481375;5.42986354366812;260.408111494993;258.865769473209;8920.07638241706;9111.10486615147;199.200301253584;0.0099009900990099;100;100
28;70.6600000000035;1.60999999999967;73.6700000000128;NA;NA;-3750.67318884959;-3832.18452517175;5.45300408112955;5.47537978177025;250.85847215189;249.002454522952;8830.47417724724;8983.66307945554;163.022672644314;0.128712871287129;100;100
29;72.75;1.49000000000069;75.7300000000105;NA;NA;-3754.01370699246;-3834.06439189247;5.4569806107689;5.47047221240357;253.043020277224;251.582114960642;8848.72964280351;9001.09067259379;160.101369800015;0.128712871287129;100;100
30;80.7099999999919;1.81999999999971;83.859999999986;NA;NA;-3730.9159321573;-3849.73173844242;5.43952515102717;5.45451394818016;256.737657164354;255.168489952918;8822.10945191535;9051.42711859823;237.631612570247;0.0099009900990099;100;100
31;71.429999999993;1.72000000000025;74.4100000000035;NA;NA;-3643.16883134289;-3731.44467659747;5.46639791836543;5.49354599849439;237.844050185712;236.048683385404;8546.51092431487;8713.55019172663;176.551690509163;0.0594059405940594;100;100
32;74.460000000021;1.97999999999956;78.109999999986;NA;NA;-3648.98684713757;-3814.61900975513;5.43718886196337;5.45185300566717;248.946645131177;247.262742310225;8616.97202751753;8939.31450119281;331.26432523511;0.0099009900990099;100;100
33;79.6000000000058;1.72000000000025;83.140000000014;NA;NA;-3744.05391056506;-3855.53614896915;5.4322705874678;5.4427197730038;257.023491083633;255.431316290518;8849.89984754934;9064.42847700057;222.96447680817;0.0099009900990099;100;100
34;80.1399999999849;1.65999999999985;82.679999999993;NA;NA;-3732.17810912319;-3826.55123170113;5.4269515207098;5.44419537448679;252.183770020459;250.520089856896;8800.50586650734;8980.43740616023;188.746245155877;0.0198019801980198;100;100
35;75.3899999999849;1.60999999999967;78.0599999999977;NA;NA;-3731.80444381459;-3830.69389971269;5.43595377881884;5.44952670547347;252.433340059208;250.883041287258;8801.0808371606;8990.64577405005;197.778911796207;0.0099009900990099;100;100
36;79.5599999999977;2.14000000000033;83.2099999999919;NA;NA;-3798.68202268262;-3896.89698729582;5.43883925076118;5.44842186716112;267.427477385103;265.930031721628;9014.27969308686;9202.77567994901;196.429929226403;0.0198019801980198;100;100
37;74.210000000021;1.69999999999982;76.9799999999814;NA;NA;-3660.22910799698;-3793.81226931008;5.42514053312481;5.442491384334;249.685917804889;248.042809834595;8643.37345048209;8901.83406561418;267.166322626212;0.0099009900990099;100;100
38;77.7799999999988;1.61999999999989;80.8300000000163;NA;NA;-3736.96237900575;-3805.16595570396;5.45304522812427;5.48715323930865;247.07536986384;245.228658900579;8783.00848100736;8909.63117363615;136.407153396434;0.485148514851485;100;100
39;77.0199999999895;1.55999999999949;80.1700000000128;NA;NA;-3699.17884404648;-3806.66191127604;5.45093642900273;5.46869974210952;248.560763057294;246.96065947905;8715.31149564185;8921.79977352409;214.966134459128;0.0198019801980198;100;100
40;70.1300000000047;1.71000000000004;72.9400000000023;NA;NA;-3588.20195059773;-3759.56669497964;5.45656642505624;5.47222485126298;239.968508336604;238.309016869466;8447.83321633992;8781.77019264376;342.729488763811;0.0099009900990099;100;100
41;82.0599999999977;1.56999999999971;85.0299999999988;NA;NA;-3787.16243539671;-3872.14902162052;5.40827920244793;5.41805841135659;261.547501204344;260.041303747621;8960.08653860165;9122.07939890686;169.973172447615;0.099009900990099;100;100
42;83.9800000000105;1.64000000000033;86.4500000000116;NA;NA;-3735.30594763744;-3864.02073515027;5.4270118927356;5.43886736002731;257.484478270133;255.869080365837;8834.84637811008;9083.71706236554;257.429575025671;0.0099009900990099;100;100
43;70.7200000000012;1.36999999999989;73.4200000000128;NA;NA;-3691.35461792909;-3793.11167465003;5.45331095066811;5.47022708644067;245.998618761913;244.508549035186;8686.08798979126;8881.70724092265;203.51411344188;0.0099009900990099;100;100
44;83.25;1.92000000000007;86.679999999993;NA;NA;-3742.8921213191;-3861.08295769323;5.43044617365531;5.44142606515582;258.189754990354;256.704467729986;8853.75550536838;9082.26765483071;236.381672748255;0.0099009900990099;100;100
45;81.75;1.77999999999975;84.6000000000058;NA;NA;-3750.42449522126;-3838.87875123495;5.42054085345312;5.42998274553446;257.003447791348;255.621248250918;8862.53482113813;9032.12000133642;176.908512027382;0.0396039603960396;100;100
46;78.859999999986;1.40000000000055;81.4200000000128;NA;NA;-3723.72574600281;-3823.33167673221;5.44998896953421;5.46757859090678;251.63063341133;249.856890129686;8780.67044696434;8970.48445359022;199.21186145881;0.0099009900990099;100;100
47;70.9199999999837;1.45000000000073;73.7699999999895;NA;NA;-3729.55982706986;-3815.66494831022;5.46563279728946;5.47829648677828;250.390204219848;248.986530108325;8785.76642157124;8950.53955312992;172.210242480735;0.0396039603960396;100;100
48;77.789999999979;1.54999999999927;80.4400000000023;NA;NA;-3727.45863744546;-3805.33272524721;5.44612432160158;5.4612135456103;249.692075168011;248.113337859475;8777.86513304302;8925.24865734747;155.748175603489;0.138613861386139;100;100
49;72.109999999986;1.69999999999982;75.2699999999895;NA;NA;-3644.53482799799;-3726.29422806151;5.49020347810935;5.50978630551873;233.294313594876;231.777081924016;8525.13696923261;8680.61699444886;163.51880012704;0.108910891089109;100;100
50;70.6600000000035;1.36999999999989;73.1199999999953;NA;NA;-3647.39280737609;-3778.36170644396;5.45563376970065;5.47510819094278;242.338554896436;240.631308540141;8578.77218874412;8831.66445386132;261.937798135739;0.0099009900990099;100;100
51;78.25;1.85999999999967;81.0800000000163;NA;NA;-3712.79532639481;-3822.52671667634;5.44473079399501;5.46172926470009;251.632507064263;249.976278537729;8758.81953495623;8969.50709115417;219.46278056305;0.0099009900990099;100;100
52;79.2600000000093;1.43000000000029;82.1900000000023;NA;NA;-3729.79625610834;-3807.92338856364;5.44519226949286;5.4640884430626;247.545967112706;246.017558445718;8771.16960878886;8919.32587951598;156.254264910596;0.099009900990099;100;100
53;73.3999999999942;1.71999999999935;76.2799999999988;NA;NA;-3636.41952652258;-3757.46352535434;5.49115288721748;5.50773372754437;237.374985960654;235.908919788198;8530.5270635446;8764.84737734608;242.08799766351;0.0099009900990099;100;100
54;83.3500000000058;1.71000000000004;86.4700000000012;NA;NA;-3713.28496866663;-3862.54287104128;5.42998688029071;5.44503053894962;260.97849321343;259.283247585643;8809.31682022152;9098.85067562055;298.515804749297;0.0099009900990099;100;100
55;87.6300000000047;1.64000000000033;90.7900000000081;NA;NA;-3741.79612905764;-3849.84051725072;5.42782948967747;5.43704177662971;258.054184145018;256.538989684544;8850.8452234812;9058.90601874374;216.088776386166;0.0099009900990099;100;100
56;82.2000000000116;1.68000000000029;84.9199999999837;NA;NA;-3737.91497866665;-3801.62176888732;5.46848490948419;5.48350392682135;248.887651191477;247.513506259419;8794.51572196045;8914.64864644412;127.413580441339;0.594059405940594;100;100
57;71.5499999999884;1.53999999999996;74.1600000000035;NA;NA;-3739.60404230155;-3816.18692707335;5.46470922407686;5.47820713966576;248.237796126954;246.85494276545;8794.45071085616;8940.2896844191;153.165769543592;0.168316831683168;100;100
58;76.9700000000012;1.72000000000025;79.7699999999895;NA;NA;-3709.16297875518;-3798.8756229142;5.4553623191463;5.4755672293045;246.954105392412;245.046731623305;8726.7671828513;8896.086599604;179.42528831805;0.0297029702970297;100;100
59;75.9400000000023;1.40000000000055;78.8099999999977;NA;NA;-3766.24126781973;-3852.25104923052;5.45425754594204;5.46083619405646;256.70974977586;255.433368818723;8892.6122610391;9057.86915246915;172.019562821581;0.0495049504950495;100;100
60;75.0800000000163;1.4399999999996;78.2200000000012;NA;NA;-3755.76158914435;-3843.23059237426;5.44606081254232;5.46774183767241;253.527066694275;251.723843674286;8854.79003864495;9020.17399726221;174.938006459829;0.0594059405940594;100;100
61;75.4199999999837;1.32999999999993;78.1399999999849;NA;NA;-3611.83091742941;-3782.32448698424;5.44490094180855;5.46351038823312;240.202646792526;238.595466811517;8496.33168985046;8828.80347935557;340.987139109664;0.0099009900990099;100;100
62;80.0599999999977;1.69999999999982;83.7299999999814;NA;NA;-3749.79447764911;-3842.09758206702;5.43908934416317;5.45160377199242;254.501317593789;253.070714650358;8848.01770611475;9025.04412653075;184.60620883582;0.0297029702970297;100;100
63;76.789999999979;1.52000000000044;79.9100000000035;NA;NA;-3690.88384318388;-3795.72757290825;5.44850182045662;5.46733858808089;245.818491251698;244.024937159867;8684.19206758527;8884.37670824141;209.687459448738;0.0297029702970297;100;100
64;72.5299999999988;2.08000000000084;75.7200000000012;NA;NA;-3665.06589605399;-3786.55848899817;5.45180772338197;5.47320573286661;242.5887698439;240.801861191596;8615.44408430144;8848.96166104486;242.985185888365;0.0099009900990099;100;100
65;70.3399999999965;1.46000000000004;73.070000000007;NA;NA;-3558.7741413807;-3739.81304130182;5.43554558927084;5.45443955771873;240.709863125318;239.083139354743;8391.69592337385;8745.162998972;362.077799842246;0.0099009900990099;99;99
66;78.9500000000116;1.75;81.8600000000151;NA;NA;-3754.63534085551;-3840.18975654205;5.44889409998881;5.46476426380881;256.334308461927;254.694228283018;8867.41119987693;9029.83036595556;171.108831373072;0.0693069306930693;100;100
67;76.4899999999907;1.38000000000011;78.9899999999907;NA;NA;-3709.71646263001;-3799.31523012932;5.45495284537367;5.47388162104662;247.066324819608;245.424423778556;8728.46872474095;8898.96694693962;179.197534998632;0.0198019801980198;100;100
68;69.4400000000023;1.75999999999931;72.429999999993;NA;NA;-3662.68731877843;-3767.75197511499;5.47089641748886;5.48679148253964;239.52239940767;237.902584704921;8594.44032601578;8795.98734631874;210.129312673122;0.0099009900990099;100;100
69;81.0599999999977;1.89000000000033;85.0799999999872;NA;NA;-3712.70434742261;-3825.2913497617;5.44155919831165;5.45765288761134;251.362625917085;249.749220087387;8757.20766104282;8973.83332959423;225.174004678184;0.0099009900990099;100;100
70;83.3300000000163;1.75;86.5299999999988;NA;NA;-3769.04672168935;-3858.19971659381;5.44417110768913;5.45608637668527;257.362554079273;255.790317263286;8901.68193315607;9071.65771333853;178.305989808924;0.0495049504950495;100;100
71;72.8099999999977;1.85000000000036;75.9400000000023;NA;NA;-3703.68945490132;-3777.5020333712;5.49146101620535;5.52440477661851;240.859505368591;238.921907203105;8683.5290099952;8820.88815692539;147.625156939768;0.237623762376238;100;100
72;82.9100000000035;1.94000000000051;86.4499999999825;NA;NA;-3824.30101936935;-3893.8732340411;5.42020071922232;5.43148584985358;267.138921688025;265.756307621627;9063.98882679928;9195.80772802355;139.144429343492;0.445544554455446;100;100
73;85.0200000000186;1.64999999999964;88.3099999999977;NA;NA;-3810.303723771;-3886.80154372407;5.41677516272003;5.42657857539384;263.412257307639;261.934126188602;9016.24918499669;9161.4132171248;152.995639906142;0.257425742574257;100;100
74;74.4200000000128;1.60000000000036;77.6999999999825;NA;NA;-3665.601524949;-3755.04240024536;5.45917886598914;5.48056251461622;239.687849544753;238.033650091591;8601.14534569151;8771.26262259381;178.881750592726;0.0495049504950495;100;100
75;80.5800000000163;1.65000000000055;84.2200000000012;NA;NA;-3724.00778663459;-3849.39315582807;5.45694424278961;5.47508741919893;253.897620293327;251.865583037132;8793.24574419454;9033.25010429752;250.770738386948;0.0099009900990099;100;100
76;76.3099999999977;1.92999999999938;79.7799999999988;NA;NA;-3692.44258380016;-3799.31259101129;5.48096498312842;5.51369236615596;245.137696716211;243.197860516254;8683.70248330741;8887.16462990318;213.740014422264;0.0099009900990099;100;100
77;69.9200000000128;1.63000000000011;72.5899999999965;NA;NA;-3740.3486871278;-3810.7370300531;5.4895293361257;5.49885996441384;246.024787009963;244.929996561065;8784.21477587176;8919.19091447424;140.776685850603;0.396039603960396;100;100
78;76.820000000007;1.72999999999956;80.2799999999988;NA;NA;-3593.29819614295;-3712.72401723999;5.47046669401557;5.48917012529925;234.227734981645;232.91123483015;8427.60926826636;8659.48567484471;238.851642194073;0.0099009900990099;100;100
79;77.7799999999988;1.55999999999949;80.3800000000047;NA;NA;-3723.26094146267;-3802.99280206988;5.47054451409839;5.49047893621952;247.192151972313;245.502452134818;8756.22435459463;8906.7355098158;159.463721214423;0.108910891089109;100;100
80;70.640000000014;1.32999999999993;73.2699999999895;NA;NA;-3736.00654980795;-3795.04264917548;5.47244509867109;5.49258348316388;243.767781708293;242.157801082708;8763.57217084584;8873.11418127255;118.072198735053;0.861386138613861;100;100
81;70.140000000014;1.4399999999996;72.2200000000012;NA;NA;-3625.18253015616;-3711.29172170895;5.48905845014372;5.51292709951422;232.568538857423;230.957484705585;8482.58698865331;8646.26949556776;172.218383105589;0.0297029702970297;100;100
82;72.8999999999942;1.84999999999945;76.5800000000163;NA;NA;-3720.52262681631;-3804.62911127572;5.43433800172622;5.45299149771799;249.915649991077;248.363155060605;8765.17768215249;8925.1650402197;168.212968918806;0.0396039603960396;100;100
83;72.1900000000023;1.52000000000044;75.5;NA;NA;-3720.08059294956;-3783.22074376368;5.47002935793922;5.48228795415073;244.872213115195;243.393659043342;8737.57188523242;8856.01833814436;126.280301628224;0.683168316831683;100;100
84;72.3899999999849;1.5;75.3000000000175;NA;NA;-3686.96718956077;-3772.9033717497;5.45585161337433;5.47205642983783;242.033847753389;240.623110018652;8656.30651796576;8820.70434610403;171.872364377863;0.0693069306930693;100;100
85;74.2799999999988;1.69999999999982;77.5299999999988;NA;NA;-3759.8796801076;-3845.71354238453;5.43811358688156;5.44935316304732;256.213618958429;254.786521267531;8877.26042708877;9041.36693516318;171.667724553849;0.108910891089109;100;100
86;80.2600000000093;1.89000000000033;84.5199999999895;NA;NA;-3738.10272892018;-3869.52207174696;5.41852322134172;5.42930937649014;260.34939269952;258.961828844716;8855.61916655046;9111.10609853492;262.838685653563;0.0099009900990099;100;100
87;75.0200000000186;1.55000000000018;77.4800000000105;NA;NA;-3609.85762125326;-3721.18322849142;5.48991386655185;5.51157814712673;233.244689046191;231.672325105793;8455.51962913504;8669.83996043943;222.65121447633;0.0198019801980198;100;100
88;78.4700000000012;1.73000000000047;81.8500000000058;NA;NA;-3683.50686845822;-3816.38088341833;5.43698047580404;5.44613489158795;253.38311242565;251.972600840522;8709.51788187125;8967.79257376428;265.748029920232;0.0099009900990099;100;100
89;74.9200000000128;1.73000000000047;78.25;NA;NA;-3663.2832748682;-3783.92391369908;5.46628490185774;5.48336277538148;244.277136294642;242.744127978518;8620.82434321692;8853.98325629431;241.281277661771;0.0099009900990099;100;100
90;81.039999999979;1.84000000000015;84.8800000000047;NA;NA;-3766.82062223427;-3878.41728386832;5.42813277455352;5.43876506979945;262.316307575276;260.764934520789;8923.47629242337;9138.4499488949;223.193323268109;0.0099009900990099;100;100
91;83.3399999999965;1.63999999999942;86.5599999999977;NA;NA;-3755.78428882912;-3861.95592755664;5.42010314070818;5.43136134232225;261.784241423423;260.345935509478;8898.58457028056;9103.30724653335;212.343277455045;0.0099009900990099;100;100
92;75.8699999999953;1.63999999999942;78.2999999999884;NA;NA;-3711.56795728045;-3782.68390854505;5.49421243809511;5.51176156071854;240.527385598801;239.025781360469;8697.52633880943;8831.80226552499;142.231902529192;0.267326732673267;100;100
93;74.5499999999884;1.76999999999953;77.109999999986;NA;NA;-3743.40349045063;-3828.37761967014;5.42619637693126;5.44290830872073;255.719028186529;253.979875648045;8841.68754889874;9002.42122524004;169.94825843902;0.099009900990099;100;100
94;75.2700000000186;1.98999999999978;78.2599999999802;NA;NA;-3624.182802232;-3764.58965478284;5.47719841743421;5.49984500831164;238.861734389718;237.220893538343;8513.93087998483;8786.05088950792;280.813705101666;0.0099009900990099;100;100
95;78.5599999999977;1.72000000000025;81.5200000000186;NA;NA;-3730.6492234447;-3822.09338112136;5.47543392812383;5.49248707794483;247.807901647483;246.248927594679;8774.26335575608;8948.89173181144;182.888315353328;0.0495049504950495;100;100
96;77.7000000000116;2.07999999999993;81.179999999993;NA;NA;-3753.89229781752;-3826.41336050096;5.46424252307875;5.48172633465376;250.872300425246;249.169891729164;8836.98566176398;8973.00788557145;145.04212536688;0.297029702970297;100;100
97;78.9500000000116;1.55000000000018;81.8500000000058;NA;NA;-3718.38614503995;-3812.87598603097;5.47218884554848;5.48375692591283;247.431470304027;246.026769189429;8747.74274622225;8929.27987589399;188.979681982031;0.0198019801980198;100;100
98;73.0299999999988;1.56999999999971;76.1199999999953;NA;NA;-3685.61298238927;-3770.67605395608;5.46572735984172;5.49235747830674;240.609309901284;238.712041308475;8646.05044998164;8806.12426198098;170.126143133621;0.0396039603960396;100;100
99;79.4100000000035;1.89000000000033;82.7300000000105;NA;NA;-3716.58252382951;-3818.92207923325;5.44915425266631;5.47137589591512;250.205647184736;248.47907272408;8758.83397334629;8954.36514470424;204.679110807482;0.0099009900990099;100;100
100;76.2999999999884;1.6200000000008;79.3299999999872;NA;NA;-3714.4414854591;-3810.05117034141;5.44130779216713;5.45863972385282;249.312483288108;247.685206617299;8749.8196308208;8932.41717234029;191.219369764623;0.0198019801980198;100;100
101;76.9199999999837;1.89000000000033;79.8600000000151;NA;NA;-3728.45234497589;-3812.14916866657;5.48221007113679;5.50105107869033;245.931023045719;244.269058944874;8759.92530032783;8918.51333445111;167.393647381368;0.0495049504950495;100;100
102;79.2000000000116;1.71000000000004;81.6700000000128;NA;NA;-3696.23745757723;-3803.86262869125;5.44338058094591;5.45845968263858;247.688374469978;245.997129314745;8704.8065311008;8911.09611975178;215.250342228041;0.0099009900990099;100;100
103;77.7200000000012;1.48000000000047;80.1600000000035;NA;NA;-3690.67621658131;-3823.93424307816;5.43465236311211;5.45330523344187;251.4665389527;249.51373812397;8713.70196360144;8969.87145805086;266.516052993693;0.0099009900990099;100;100
104;74.179999999993;1.63999999999942;76.9200000000128;NA;NA;-3674.97795120956;-3761.89785169964;5.46561160623393;5.48318364290092;240.193845715592;238.544930740764;8622.579126512;8787.68245264507;173.839800980158;0.0693069306930693;100;100
105;74.3600000000151;1.44999999999982;77.570000000007;NA;NA;-3680.35854273316;-3766.98840785362;5.47570335338299;5.49213723926723;242.477794187237;240.984194292568;8645.44139341083;8810.78755739115;173.259730240919;0.0198019801980198;100;100
106;77.4499999999825;1.85999999999967;80.2799999999988;NA;NA;-3656.79574435165;-3789.73448603578;5.4515872663971;5.46981046824899;243.977161397787;242.465058916554;8606.2599199783;8864.12580451023;265.877483368251;0.0099009900990099;100;100
107;75.609999999986;1.64999999999964;78.679999999993;NA;NA;-3692.17416612899;-3818.73994789793;5.47361520936454;5.49549024100688;245.521929575836;243.726976888355;8685.20143559802;8928.82277013968;253.131563537878;0.0099009900990099;100;100
108;78.5199999999895;1.96000000000004;82.3500000000058;NA;NA;-3736.93696521276;-3838.99133948911;5.46441963299235;5.47704039054898;251.817234703109;250.350635365766;8808.08155824911;9004.419798063;204.108748552704;0.0099009900990099;100;100
109;72.1399999999849;1.65000000000055;75.4200000000128;NA;NA;-3645.00876161094;-3769.63557823549;5.43536934516386;5.45103360808877;243.686961213111;242.060571942539;8581.14838181863;8821.78488855068;249.253633249083;0.0099009900990099;100;100
110;77.1600000000035;1.8100000000004;80.5299999999988;NA;NA;-3730.48582923594;-3823.65965471523;5.48527581290496;5.50504483362449;249.432104497156;247.644095683652;8782.54210950379;8959.41632231423;186.347650958567;0.0198019801980198;100;100
111;77.070000000007;1.81999999999971;80.4199999999837;NA;NA;-3683.52332057003;-3801.4053048601;5.47630094995266;5.49827271367104;246.052877322301;244.399485181265;8670.71287414593;8897.7166464315;235.76396858014;0.0099009900990099;100;100
112;73.0099999999802;1.72999999999956;76.25;NA;NA;-3748.40817975068;-3829.776649014;5.42458537817743;5.44305465081773;255.205607681644;253.426876606708;8848.97666272146;9002.28931950334;162.736938526631;0.0693069306930693;100;100
113;85.3000000000175;1.68000000000029;88.6199999999953;NA;NA;-3786.06729141753;-3881.83148618221;5.42002671190314;5.430967832254;263.230681849698;261.708362380215;8966.81427588759;9150.27693373437;191.528389529374;0.0495049504950495;100;100
114;83.1399999999849;1.84999999999945;86.5899999999965;NA;NA;-3801.24264544003;-3891.80636815487;5.45484895735002;5.46555332907316;259.470069826284;258.100616289525;8977.2400679401;9151.11171391328;181.127445429669;0.0198019801980198;100;100
115;75.25;1.82999999999993;78.4700000000012;NA;NA;-3672.48378372934;-3769.49932228689;5.48928394156546;5.50596056736395;239.696620620017;238.19710034141;8614.95633519258;8801.04247797406;194.031077115102;0.0099009900990099;100;100
116;76.179999999993;1.76999999999953;79.4800000000105;NA;NA;-3784.05130889109;-3871.60129691246;5.4309963940734;5.44924198340582;260.750216755655;259.046689531989;8949.64001954984;9115.71416771903;175.09997604273;0.0594059405940594;100;100
117;82.0599999999977;1.57999999999993;84.5899999999965;NA;NA;-3746.95539626928;-3845.59549082985;5.42202198634035;5.43794596622222;257.578118870141;255.795172601928;8858.64141299099;9046.47498693565;197.280189121141;0.0099009900990099;100;100
118;70.609999999986;1.30000000000018;72.8899999999849;NA;NA;-3663.49876923141;-3797.90863062648;5.45801217856097;5.47822572966635;244.212400824057;242.503197878347;8620.9123428753;8880.67616601524;268.81972279014;0.0099009900990099;100;100
119;78.0899999999965;1.72999999999956;81;NA;NA;-3685.47207746278;-3804.2604748472;5.43120099436673;5.44645166984311;249.294028182479;247.676181320392;8691.78303382151;8920.78796246453;237.576794768833;0.0198019801980198;100;100
120;74.2600000000093;1.72000000000025;77.3800000000047;NA;NA;-3745.12902279647;-3837.40685367397;5.44649395759188;5.45722153167225;254.684621330095;253.413280693579;8839.65799777888;9017.47769336065;184.555661755018;0.0198019801980198;100;100
121;73.2999999999884;1.35999999999967;75.9400000000023;NA;NA;-3740.82997369637;-3841.55761017116;5.43587319240023;5.44781364732591;254.371175424507;253.096934288549;8829.39916369365;9024.10310270341;201.455272949573;0.0198019801980198;100;100
122;82.5499999999884;2.01000000000022;85.5800000000163;NA;NA;-3772.34775874766;-3858.67549125987;5.4306099086024;5.44306209823101;257.610842217658;256.091185950477;8909.59951662819;9074.20336046104;172.655465024437;0.0792079207920792;100;100
123;78.2699999999895;1.69000000000051;81;NA;NA;-3744.57071542025;-3803.91051480419;5.4608154826803;5.48940295011755;247.003573298438;245.041491116661;8797.84475284703;8906.12861751661;118.679598767882;0.881188118811881;100;100
124;74.6499999999942;1.8100000000004;77.6100000000151;NA;NA;-3745.24281118284;-3845.14660037773;5.45367920836337;5.46712339561269;254.701303113335;253.079328915595;8839.97395993348;9031.18780426328;199.807578389782;0.0198019801980198;100;100
125;72.109999999986;1.4399999999996;74.5799999999872;NA;NA;-3678.65308291103;-3806.16562602608;5.4539161744505;5.46717307247712;246.834661653464;245.305293271776;8665.11454032662;8912.03654750017;255.025086230095;0.0099009900990099;100;100
126;74.8000000000175;1.57000000000062;77.320000000007;NA;NA;-3748.06770126811;-3836.10987892126;5.43828184738938;5.44525083963835;256.030692488841;254.899791008521;8852.66726691917;9022.75974727244;176.084355306297;0.0297029702970297;100;100
127;75.0800000000163;1.8100000000004;78.0599999999977;NA;NA;-3754.3336606367;-3842.0508101909;5.45400306276403;5.46686957182146;255.57936566928;254.164136362853;8862.80791293028;9030.74387802679;175.434299108398;0.0099009900990099;100;100
128;76.5699999999779;1.67000000000007;79.8399999999965;NA;NA;-3712.54892954477;-3858.44141871862;5.43777367888668;5.44569680754955;257.941989553787;256.40730969084;8791.75638190432;9075.41013928209;291.784978347707;0.0099009900990099;100;100
129;74.9800000000105;1.61000000000058;78.0400000000081;NA;NA;-3711.41090446735;-3824.79577299187;5.43252242279444;5.44713360963949;252.569637717834;251.090691144566;8761.01590671784;8979.94971545354;226.769737049034;0.0099009900990099;100;100
130;78.9700000000012;1.61999999999989;82.2399999999907;NA;NA;-3705.92906995458;-3832.79480716431;5.44625125236214;5.46282251716788;252.491057801024;250.856952702867;8749.6358963544;8994.70936335353;253.731474419458;0.0099009900990099;100;100
131;72.0500000000175;1.48999999999978;74.6100000000151;NA;NA;-3678.97975130865;-3784.80327001174;5.45858523362088;5.47274319685618;245.555716757745;243.944892035168;8658.99162117001;8862.1039979741;211.647037406188;0.0297029702970297;100;100
132;72.1199999999953;1.52999999999975;74.75;NA;NA;-3708.05341370625;-3785.61255844859;5.46740353545731;5.47926928136044;242.638071799364;241.289415974594;8701.6803370128;8849.65301991961;155.118289484685;0.148514851485149;100;100
133;85.140000000014;1.82000000000062;88.1300000000047;NA;NA;-3801.16678449347;-3865.08487832869;5.43302029775335;5.44246194144368;262.235765233186;260.852046284136;8991.74187805194;9112.24668358421;127.836187670438;0.683168316831683;100;100
134;72.3500000000058;1.66000000000076;75.109999999986;NA;NA;-3760.76959490328;-3826.2033549265;5.44496079951547;5.45929875911046;252.935022761347;251.463875910778;8861.66921351123;8984.74213065056;130.867520046443;0.623762376237624;100;100
135;75.1900000000023;1.59000000000015;77.7099999999919;NA;NA;-3702.26142162798;-3788.01021621205;5.46505886831665;5.48320477677647;243.665477350427;242.115871434019;8695.53987352994;8858.82715875988;171.497589168143;0.0693069306930693;100;100
136;86.6300000000047;1.72999999999956;91;NA;NA;-3787.53333809097;-3875.52708526556;5.41899906101571;5.43218031318566;262.826791154532;261.180592625887;8967.60642815009;9134.87184024617;175.987494349183;0.0693069306930693;100;100
137;87.2700000000186;1.72000000000025;90.7999999999884;NA;NA;-3828.94648013546;-3916.49599839663;5.3985218624785;5.40883425383668;276.327700916291;274.712207553936;9121.96481689399;9288.50445687904;175.099036522359;0.0396039603960396;100;100
138;74.6399999999849;1.71000000000004;77.890000000014;NA;NA;-3716.99635405767;-3791.62650129819;5.46671386328045;5.49776279462794;246.75413701389;244.94906342887;8741.3744375236;8881.07087928123;149.260294481044;0.247524752475248;100;100
139;74.6399999999849;1.75;77.9599999999919;NA;NA;-3733.09832314674;-3818.84902155466;5.45435045550339;5.46925697738886;247.592006458247;246.12081696521;8778.01767392969;8941.72424190508;171.50139681583;0.0396039603960396;100;100
140;75.4899999999907;1.42999999999938;78.429999999993;NA;NA;-3599.80682791118;-3745.69587511708;5.45823998099262;5.47314933288579;237.98333822143;236.645778752435;8460.52490967004;8745.21618951847;291.778094411803;0.0099009900990099;100;100
141;72.6399999999849;1.59000000000015;75.5;NA;NA;-3643.81692164182;-3719.28972125578;5.47082061365857;5.48623654317987;234.264416725723;232.897670801242;8528.84107078579;8672.54521634638;150.945599227921;0.108910891089109;100;100
142;80.5400000000081;1.8700000000008;83.6600000000035;NA;NA;-3757.07548665066;-3834.10894208002;5.46893781751326;5.48441379784002;252.739777845649;251.130063598278;8853.24652747842;8998.78466138511;154.066910858726;0.207920792079208;100;100
143;78.8999999999942;1.5;81.9599999999919;NA;NA;-3765.17619290543;-3858.25845571523;5.42823490572083;5.43932170717542;259.175898007192;257.847082086569;8903.54854721305;9082.67258436347;186.164525619599;0.0495049504950495;100;100
144;82.5599999999977;1.75;86.0299999999988;NA;NA;-3772.27224499003;-3869.54249700411;5.41330935272058;5.42896027907123;263.245967464606;261.783275189132;8939.30517107152;9126.09586721462;194.540504028165;0.0099009900990099;100;100
145;72.070000000007;1.36999999999989;74.6600000000035;NA;NA;-3690.9566111123;-3807.31152201855;5.44815170736375;5.46602598000382;247.183868538221;245.564655018996;8691.57180563119;8915.70252033462;232.70982181249;0.0099009900990099;100;100
146;78.2200000000012;1.39999999999964;80.5099999999802;NA;NA;-3749.84416398122;-3814.95472393799;5.4285749302358;5.44938889842787;251.423984555154;249.765258780491;8831.81239169771;8953.24505603302;130.221119913545;0.594059405940594;100;100
147;71.390000000014;1.63999999999942;74;NA;NA;-3578.41039839411;-3690.80572225332;5.485186533344;5.50902431081724;229.207853130819;227.588396586536;8371.23674558042;8587.4469985659;224.79064771842;0.0099009900990099;100;100
148;75.8399999999965;1.66000000000076;78.3099999999977;NA;NA;-3723.56016839503;-3827.22682967665;5.4548179440407;5.47578181602001;250.892308387704;249.154510742831;8776.42741145396;8974.55333057582;207.333322563229;0.0099009900990099;100;100
149;80.4700000000012;1.93000000000029;83.679999999993;NA;NA;-3782.05195514241;-3850.92766905154;5.44526388205319;5.45297719571052;258.750194122127;257.548172813842;8935.04455739976;9066.42729484537;137.751427818254;0.554455445544555;100;100
150;69.8099999999977;1.44999999999982;72.6700000000128;NA;NA;-3722.07371833851;-3791.69564613397;5.47065806527802;5.48393396321055;244.699816350988;243.38648481051;8740.64472324057;8872.93013152255;139.243855590926;0.316831683168317;100;100
151;76.1100000000151;1.81999999999971;79.3300000000163;NA;NA;-3669.33787380797;-3759.78295349451;5.50015608188124;5.51580249719418;237.14735201359;235.660021633071;8595.15768122042;8768.16749220861;180.890159373088;0.0693069306930693;100;100
152;75.2200000000012;1.64000000000033;77.9599999999919;NA;NA;-3761.83561843205;-3834.47766128269;5.4104758854253;5.42142750308907;257.681795526177;256.209776733762;8888.95116914373;9026.43603211327;145.284085701284;0.277227722772277;100;100
153;83.8299999999872;2.10999999999967;87.1699999999837;NA;NA;-3791.13627731378;-3874.06149092786;5.43961976323378;5.45585064779486;260.856716169661;259.199710239732;8964.37422408997;9121.44530802312;165.850427228165;0.0495049504950495;100;100
154;76.0100000000093;1.65999999999985;79;NA;NA;-3708.26957695656;-3768.64123126109;5.48163478059772;5.50227658715196;239.992138922592;238.427978011236;8688.09367140171;8800.54955909006;120.74330860906;0.861386138613861;100;100
155;73.5799999999872;1.5;76.8099999999977;NA;NA;-3752.07363724181;-3821.84803877234;5.44019213376211;5.45524694094714;252.408429717327;250.918122017852;8841.48724111805;8973.13992101348;139.548803061054;0.435643564356436;100;100
156;83.890000000014;2.09000000000015;87.3000000000175;NA;NA;-3799.30308513304;-3882.1645793654;5.43710905579665;5.4455372722129;261.193085099611;259.790959608851;8982.4900290716;9140.78411169856;165.722988464736;0.0594059405940594;100;100
157;77.75;1.77999999999975;80.6600000000035;NA;NA;-3687.50640517304;-3833.78445897769;5.43487990531826;5.44937112662079;251.203529593568;249.777932744599;8705.96883372985;8990.97167679656;292.556107609296;0.0099009900990099;100;100
158;80.3800000000047;2.01000000000022;83.3999999999942;NA;NA;-3697.8949683327;-3819.51351031871;5.45288401989668;5.46982198501253;248.815248669878;247.022173258902;8714.09208975498;8947.82889113749;243.237083972022;0.0198019801980198;100;100
159;85.0199999999895;1.47000000000025;88.3899999999849;NA;NA;-3787.80370855797;-3900.54217740227;5.39203723568501;5.40113072140056;272.440024960489;270.945191854053;9019.08113270687;9236.63797018756;225.476937688609;0.0099009900990099;100;100
160;73.8099999999977;1.77000000000044;76.5899999999965;NA;NA;-3693.91329886268;-3785.25773734754;5.47841514588461;5.50201610281762;244.04794812091;242.309390309617;8680.8700795248;8854.34752545019;182.688876969713;0.0396039603960396;100;100
161;83.3299999999872;1.78999999999996;86.3699999999953;NA;NA;-3767.20686808508;-3890.62319158583;5.40938909854374;5.42208826243631;265.038052193299;263.20007755756;8938.66945090199;9175.76392497168;246.832647001499;0.0099009900990099;100;100
162;73.1300000000047;1.53999999999996;75.9199999999837;NA;NA;-3737.58695984242;-3830.02343511059;5.43503521414901;5.45474782397292;253.167389065864;251.456821911142;8816.53509381614;8992.34491668997;184.872950536338;0.0198019801980198;100;100
163;68.4100000000035;1.25;70.6900000000023;NA;NA;-3630.61126932741;-3734.08564275259;5.47182972658269;5.48760876737516;235.034242695551;233.650685716887;8506.50854846213;8706.12677134482;206.94874685035;0.0099009900990099;100;100
164;74.75;1.85000000000036;77.4700000000012;NA;NA;-3716.19055041902;-3802.89438949865;5.46465381799931;5.48353676114013;245.433877548311;243.698462895398;8732.76767659148;8896.98057715705;173.407678159265;0.0198019801980198;100;100
165;77.5100000000093;1.68000000000029;80.109999999986;NA;NA;-3734.4916927413;-3811.86896759236;5.43710993691613;5.45683980704962;250.406996788888;248.832192465227;8795.7191252743;8942.12986187945;154.754549702123;0.148514851485149;100;100
166;81.3600000000151;1.47000000000025;84.6399999999849;NA;NA;-3743.34450995643;-3850.33295983173;5.43680655568057;5.44769770864091;259.052712016908;257.727852179325;8859.23250284342;9066.1898747083;213.976899750586;0.0099009900990099;100;100
167;78.640000000014;1.60000000000036;81.609999999986;NA;NA;-3648.59255676387;-3787.8815358148;5.42328240733163;5.43899864698991;244.718868713646;243.156763457399;8593.78334555524;8864.08477424956;278.577958101867;0.0099009900990099;100;100
168;79.4799999999814;2.14000000000033;83.2400000000198;NA;NA;-3708.02539548737;-3823.76593419665;5.45461238969738;5.46566894524114;251.786871223757;250.252359187416;8750.09754344837;8973.44828909561;231.481077418563;0.0099009900990099;100;100
169;73.929999999993;1.67000000000007;76.7200000000012;NA;NA;-3658.55799566853;-3792.38566871167;5.43761635412057;5.45228287752981;245.660935232785;244.054398206167;8618.70559076336;8877.84899382151;267.655346086285;0.0198019801980198;100;100
170;74.2300000000105;1.77999999999975;77.1199999999953;NA;NA;-3706.25981107406;-3821.47269930237;5.43869351491267;5.45158915119705;252.587045402739;251.039983381284;8750.8059513705;8973.03490225172;230.425776456623;0.0099009900990099;100;100
171;86.1399999999849;1.76999999999953;89.1699999999837;NA;NA;-3788.23958738134;-3872.7127929051;5.40793814694259;5.41507867558862;262.800372604544;261.635671539649;8968.87895286863;9131.65440803717;168.946411047516;0.0792079207920792;100;100
172;68.2099999999919;1.51000000000022;71.2900000000081;NA;NA;-3668.35723531945;-3747.71630683497;5.47167506445857;5.4945415991148;237.334467552456;235.706056623638;8594.18780175251;8744.27810687952;158.718143031037;0.099009900990099;100;100
173;72.3699999999953;1.58999999999924;75.2399999999907;NA;NA;-3669.4957881679;-3762.1499925874;5.5164684207741;5.543940122429;237.958561261458;236.060834857715;8599.77155398617;8775.02520606326;185.308408838997;0.0198019801980198;100;100
174;79.2099999999919;2.10000000000036;82.8500000000058;NA;NA;-3750.9689293151;-3845.99201233732;5.45434114624552;5.4711832552878;255.672264262234;254.099401130092;8856.57065651546;9038.28329451166;190.046166044433;0.0198019801980198;100;100
175;74.890000000014;1.77000000000044;77.7799999999988;NA;NA;-3663.99760081828;-3766.64685560054;5.51203620411059;5.5399958997362;236.36960099901;234.515354273476;8580.35636353364;8775.8304854704;205.298509564527;0.0297029702970297;100;100
176;70.8600000000151;1.22000000000025;73.4700000000012;NA;NA;-3723.71485617773;-3796.38116393301;5.4856836449955;5.50926920029909;243.265625029137;241.412324319616;8736.32819813149;8871.84143830736;145.332615510553;0.356435643564356;100;100
177;78.5;1.65999999999985;81.8899999999849;NA;NA;-3726.21925681145;-3822.97388453337;5.46340812677922;5.4805191766174;249.142375502227;247.487856781135;8772.47388848938;8957.21697865999;193.509255443849;0.0198019801980198;100;100
178;80.3299999999872;1.47000000000025;83.0100000000093;NA;NA;-3759.96335707775;-3855.72619512675;5.4555129903453;5.46753327573786;255.458213482591;253.957760411737;8873.42540307765;9057.00120261265;191.525676097998;0.0099009900990099;100;100
179;79.4400000000023;2.11999999999989;83.140000000014;NA;NA;-3796.91697591967;-3896.68123487185;5.42404205608119;5.43680585070361;264.884978261585;263.161563999258;8997.27863230039;9187.67595448892;199.528517904375;0.0297029702970297;100;100
180;83.9100000000035;1.76000000000022;86.6100000000151;NA;NA;-3781.51806327764;-3872.31021054352;5.42779485319054;5.44749168519584;260.556130258293;258.591387077024;8943.54519646335;9114.71965807698;181.58429453176;0.0297029702970297;100;100
181;81.7099999999919;1.8100000000004;85.1199999999953;NA;NA;-3752.99760289207;-3855.84323427389;5.43948699933476;5.45416734453335;255.59872571585;253.831387089746;8860.23837311197;9056.56571494036;205.691262763645;0.0198019801980198;100;100
182;74.140000000014;1.32000000000062;76.8500000000058;NA;NA;-3720.73911269046;-3830.22494177559;5.44992560849039;5.4726914579875;249.455404238;247.53923272929;8763.17212583439;8971.99129922275;218.971658170246;0.0099009900990099;100;100
183;71.8399999999965;1.82999999999993;75.3800000000047;NA;NA;-3674.48364040438;-3780.42214640848;5.44556766894323;5.46692162973816;244.065473839407;242.344108726283;8642.10361942686;8844.86029276204;211.877012008215;0.0198019801980198;100;100
184;76.1499999999942;1.61000000000058;78.7599999999802;NA;NA;-3753.39876029878;-3826.68950576801;5.43568219696696;5.44861793783472;254.358211908229;252.809646121619;8854.46805207503;8992.84475001305;146.581490938463;0.316831683168317;100;100
185;74.1499999999942;1.69000000000051;76.9200000000128;NA;NA;-3736.97492331449;-3838.29939051101;5.44993904628484;5.46238706857496;252.318640062961;250.853304475851;8810.81407917834;9005.6992005824;202.648934393057;0.0198019801980198;100;100
186;81.5799999999872;1.73999999999978;84.9700000000012;NA;NA;-3786.67607401555;-3846.32888726688;5.4492507438802;5.46296865780252;255.747359995146;254.281621052845;8928.38282694219;9039.92250335203;119.305626502667;0.920792079207921;100;100
187;82.3600000000151;2.03000000000065;86.1600000000035;NA;NA;-3753.34243418718;-3842.66835172441;5.4448000902372;5.45528615725725;255.835574755563;254.444881776574;8862.18293708255;9033.4664393949;178.65183507446;0.0495049504950495;100;100
188;74.570000000007;1.64000000000033;78.2799999999988;NA;NA;-3733.88769133611;-3844.99541755477;5.44487445792467;5.45658777127996;254.114200416982;252.444387594947;8814.15306382799;9027.52131799143;222.215452437315;0.0099009900990099;100;100
189;79.5599999999977;1.88999999999942;83.9400000000023;NA;NA;-3756.34565050238;-3849.2221832302;5.47623927055938;5.49848241078308;252.318562601796;250.555490314743;8849.55512314029;9025.96687207897;185.753065455655;0.0495049504950495;100;100
190;76.4700000000012;1.85999999999967;80.3699999999953;NA;NA;-3659.31351643521;-3755.07560189406;5.45275397802572;5.4746675807851;242.079971512466;240.317669294179;8601.24355002836;8783.43048449782;191.524170917712;0.0099009900990099;100;100
191;76.1199999999953;2.02999999999975;79.6900000000023;NA;NA;-3707.38665639401;-3792.91006440507;5.47456479478255;5.49603505772888;245.751150675539;244.070695416966;8716.84090226138;8878.98413300332;171.04681602214;0.0495049504950495;100;100
192;80.679999999993;1.85000000000036;84.109999999986;NA;NA;-3713.07168201832;-3819.70035290038;5.44350833439799;5.46609387978315;249.011531746721;247.032909897299;8745.48548716102;8948.25946241851;213.257341764117;0.0099009900990099;100;100
193;78.1699999999837;1.47000000000025;80.8899999999849;NA;NA;-3710.27977605136;-3789.13218580849;5.43203538205909;5.45291778566742;246.638288315949;245.046852570864;8727.32747834279;8876.60036621113;157.704819514267;0.207920792079208;100;100
194;73.789999999979;1.63000000000011;76.9700000000012;NA;NA;-3665.15041993448;-3816.42789189899;5.45667623857486;5.46778461354961;249.592865962099;247.987859651209;8652.72305616244;8946.77416728107;302.554943929028;0.0099009900990099;100;100
195;73.3600000000151;1.63999999999942;76.2200000000012;NA;NA;-3678.74717476635;-3800.5422821336;5.44112682173738;5.46043125785317;249.090679161363;247.39381676224;8677.25582077859;8911.85551999517;243.590214734491;0.0099009900990099;100;100
196;77.1399999999849;1.8700000000008;81.5899999999965;NA;NA;-3667.97138626637;-3749.91174112348;5.50053888551433;5.51545794730991;237.958157832715;236.543737090108;8596.72061268959;8753.10727241964;163.880709714214;0.0594059405940594;100;100
197;77.75;1.51000000000022;80.6300000000047;NA;NA;-3724.78103643319;-3819.11318789893;5.46128002611356;5.47318490892008;247.459062148971;246.007234955348;8760.67871935996;8941.65078105824;188.664302931478;0.0099009900990099;100;100
198;81.0899999999965;1.42000000000007;84.1399999999849;NA;NA;-3746.43432776044;-3837.20802608047;5.44910636374955;5.46293226270077;252.777186254405;251.295929806513;8832.16241131975;9005.86164119762;181.54739664005;0.0297029702970297;100;100
199;79.1499999999942;1.57000000000062;82.1399999999849;NA;NA;-3739.46714483616;-3833.73888888135;5.4334122073695;5.44140694942914;255.430881831868;254.13226561325;8832.28816683478;9013.95117406159;188.543488090398;0.0198019801980198;100;100
200;70.7200000000012;1.75;74.0500000000175;NA;NA;-3676.31443965336;-3775.89922508726;5.43061750155387;5.44042617882719;244.952122989777;243.70812235778;8650.46296651627;8843.04142723156;199.1695708678;0.0099009900990099;100;100
201;75;1.63999999999942;77.7799999999988;NA;NA;-3746.15786876553;-3829.37977879683;5.44077609285996;5.45355586766099;253.265384295346;251.771307357762;8834.19612148856;8992.7238477658;166.443820062602;0.128712871287129;100;100
202;68.7099999999919;1.52999999999975;71.8600000000151;NA;NA;-3700.57280781783;-3784.01049593893;5.46423850888029;5.47748759015878;243.774951736869;242.20712241531;8692.74267595253;8851.31119487252;166.875376242189;0.0594059405940594;100;100
203;74.4100000000035;1.64999999999964;77.6399999999849;NA;NA;-3724.10805868429;-3830.66487599231;5.45734402026653;5.47120592075455;249.446948741097;247.97297528292;8769.86521791595;8975.1692733607;213.113634616042;0.0099009900990099;100;100
204;73.8999999999942;2.0600000000004;77.8699999999953;NA;NA;-3720.79755911338;-3837.48722566101;5.42317894012329;5.43862787921816;254.922554769261;253.190212114271;8792.25571728553;9016.45654920705;233.379333095265;0.0198019801980198;100;100
205;74.5199999999895;1.51000000000022;77.3500000000058;NA;NA;-3759.33545319506;-3849.47978423021;5.44024466318977;5.44869776134886;254.531427361327;253.068529777366;8867.2591883109;9039.79695470661;180.28866207029;0.0693069306930693;100;100
206;73.429999999993;1.57999999999993;76.6000000000058;NA;NA;-3642.2016896363;-3745.17189535779;5.48725900679467;5.50783503668749;237.000586642187;235.422834989998;8540.10770336098;8737.68868582507;205.940411442978;0.0099009900990099;100;100
207;77.25;1.72000000000025;81.890000000014;NA;NA;-3768.11278933887;-3848.16231677908;5.46045389652943;5.48271546275882;256.777459360757;254.992458349582;8896.71405094693;9047.35560397052;160.09905488041;0.118811881188119;100;100
208;72.2300000000105;1.52999999999975;76.5899999999965;NA;NA;-3660.30206241628;-3813.00030365728;5.44083770643476;5.45904737081725;248.956886647897;247.162237859757;8639.65672088085;8935.5445845218;305.396482482;0.0099009900990099;100;100
209;78.3099999999977;1.82999999999993;83.0299999999988;NA;NA;-3690.96078940793;-3814.30194755047;5.46097325599494;5.47497906184189;248.149241112395;246.549102268372;8696.69501249738;8934.89928535628;246.682316285068;0.0099009900990099;100;100
210;73.4100000000035;1.80000000000018;77.8800000000047;NA;NA;-3699.52002412571;-3802.87466972234;5.47830573490716;5.49342197945666;246.134929898018;244.596228050035;8703.14102184417;8901.69778231432;206.709291193267;0.0099009900990099;100;100
211;77.6199999999953;1.67000000000007;81.9100000000035;NA;NA;-3724.12851601878;-3837.10940027436;5.44290597891528;5.45925428162464;253.749278254479;252.038005369053;8792.70123976229;9009.5961414257;225.961768511161;0.0099009900990099;100;100
212;70.2200000000012;1.5;74.6499999999942;NA;NA;-3700.78228825449;-3814.1579698705;5.43645595729649;5.45033011852207;250.125611573782;248.55340015159;8726.80944812879;8945.23073627873;226.751363232031;0.0099009900990099;100;100
213;76.929999999993;1.73999999999978;81.2200000000012;NA;NA;-3736.56807279709;-3814.07718097904;5.4641922154041;5.48253925520339;249.172046182168;247.662699055157;8793.32872513947;8940.34994140819;155.018216363907;0.138613861386139;100;100
214;78.7299999999814;1.92000000000007;83.1900000000023;NA;NA;-3790.90518522702;-3868.45972882806;5.44923668434758;5.46709469631964;258.159766257548;256.4072175251;8949.62274336039;9095.44627117763;155.109087202089;0.257425742574257;100;100
215;74.679999999993;1.61000000000058;78.6100000000151;NA;NA;-3663.0786875782;-3769.14978252172;5.42986872006297;5.44819247216612;244.783569857859;243.372391209485;8623.09841437991;8827.76373192699;212.142189887054;0.0099009900990099;100;100
216;68.3099999999977;1.58999999999924;72.4799999999814;NA;NA;-3653.51553026541;-3747.77060217015;5.48823502258482;5.51666318354661;237.141536964395;235.365875807386;8563.48218415916;8742.58431162337;188.510143809493;0.0099009900990099;100;100
217;66.3899999999849;1.44000000000051;69.7099999999919;NA;NA;-3597.63401082796;-3705.4105138828;5.48096598344073;5.50578920482465;229.698730186215;228.127859561428;8412.28479287557;8619.51482787335;215.553006109693;0.0198019801980198;100;100
218;73.6000000000058;1.75;77.8300000000163;NA;NA;-3703.55204175124;-3765.62206523102;5.48209709437939;5.50236011554311;238.329801261014;236.704604506089;8669.85100848965;8785.38024725854;124.140046959566;0.653465346534653;100;100
219;84.5800000000163;1.64999999999964;89.6300000000047;NA;NA;-3781.58739566291;-3853.59560609383;5.42112679151003;5.43480043218372;257.858058533243;256.174991447974;8929.38862095685;9064.48761825175;144.016420861843;0.346534653465347;100;100
220;73.5400000000081;1.46000000000004;77.8899999999849;NA;NA;-3662.71887559107;-3814.35518472492;5.44252738449297;5.45366027925865;249.168285213828;247.740948903684;8645.61040392355;8941.32054143132;303.272618267709;0.0099009900990099;100;100
221;72.6000000000058;1.80999999999949;77.1399999999849;NA;NA;-3708.14430931121;-3800.45484160314;5.45524361373471;5.47199362859862;249.020658251101;247.288559041526;8735.67909686346;8911.12295012464;184.621064583858;0.0297029702970297;100;100
222;68.4500000000116;1.51000000000022;72.4700000000012;NA;NA;-3672.02522475873;-3771.44042556809;5.45905444406724;5.48126986768874;241.847673140414;240.053598399691;8625.43617617655;8814.76100043961;198.830401618715;0.0099009900990099;100;100
223;82.4700000000012;1.79999999999927;87.1700000000128;NA;NA;-3713.41701985725;-3846.74840178215;5.44083054969254;5.4519005470343;255.526655569421;254.172820322431;8780.6953565339;9040.18507158312;266.662763849795;0.0099009900990099;100;100
224;79.25;2;85.2799999999988;NA;NA;-3718.37981435749;-3814.90482663493;5.47662262231223;5.50810204769931;249.422293932019;247.371424956291;8758.27810025925;8940.46197010351;193.050024554868;0.0396039603960396;100;100
225;75.6700000000128;1.67000000000007;83.3899999999849;NA;NA;-3727.35893282485;-3800.88069706657;5.43818591730635;5.45339984008363;248.353360456996;246.911653573552;8770.57278839956;8909.97769626498;147.043528483438;0.227722772277228;100;100
226;75.1700000000128;1.53000000000065;80.4400000000023;NA;NA;-3767.36644513025;-3833.09136031303;5.43734384622244;5.45842333133481;251.768239887825;249.967432407223;8868.6809280034;8990.58950882066;131.449830365544;0.594059405940594;100;100
227;75.1000000000058;1.69999999999982;80.2200000000012;NA;NA;-3654.09729761839;-3736.09556098964;5.47205111347126;5.49293464658705;237.728322588416;236.213630070716;8567.75469532731;8723.72590039831;163.996526742506;0.0693069306930693;100;100
228;79.3399999999965;1.72000000000025;85.7099999999919;NA;NA;-3686.34925240396;-3770.82863192951;5.42776021387827;5.44422417607246;244.032885815079;242.378419478213;8665.66218173078;8825.8550530569;168.95875905111;0.0891089108910891;100;100
229;75.7200000000012;1.73000000000047;80.9700000000012;NA;NA;-3707.54759314884;-3809.50386237615;5.4315797664695;5.44668384766963;250.685295115439;248.980363372663;8743.30543894603;8938.18470793913;203.912538454628;0.0099009900990099;100;100
230;85.3099999999977;2.22999999999956;91.2799999999988;NA;NA;-3785.07857522011;-3857.68233297182;5.45127913984603;5.47004867979266;254.617538734529;252.781758366789;8919.2016777451;9054.68264624495;145.207515503421;0.376237623762376;100;100
231;78.2000000000116;1.60000000000036;85.4800000000105;NA;NA;-3707.05582396888;-3789.04865567531;5.47037579562813;5.48749421009904;244.74155691311;243.020799593642;8710.83008924649;8865.69863427;163.985663412864;0.0792079207920792;100;100
232;75.4799999999814;1.58999999999924;80.0599999999977;NA;NA;-3704.92209088922;-3781.52907783864;5.46021251698279;5.48542355649661;243.956054544434;242.264784731337;8702.40078224575;8846.65387192234;153.213973898845;0.148514851485149;100;100
233;74.75;1.72000000000025;78.9199999999837;NA;NA;-3651.22118958196;-3776.00770531621;5.48144039481396;5.49519043965178;240.610593090907;239.131509619581;8577.27366311289;8819.0100409387;249.573031468506;0.0198019801980198;100;100
234;68.4799999999814;1.69000000000051;72.2799999999988;NA;NA;-3724.45226109023;-3794.57588557082;5.46766002327279;5.48507431509861;243.919629349109;242.626339728221;8741.2681304028;8874.66312050566;140.247248961181;0.336633663366337;100;100
235;79.7000000000116;1.72000000000025;83.9799999999814;NA;NA;-3699.59964786395;-3821.24210518258;5.44457964546059;5.45286553123621;251.724856126004;250.534794392774;8732.91747253211;8969.89706242093;243.284914637255;0.0099009900990099;100;100
236;72.5199999999895;1.56999999999971;76.75;NA;NA;-3688.32876242651;-3772.23590014465;5.46799831033085;5.49302557661093;242.504243331495;240.684866992692;8661.52196875787;8819.69661094198;167.814275436272;0.0693069306930693;100;100
237;69.9100000000035;1.64999999999964;73.6700000000128;NA;NA;-3662.1343995903;-3772.60279033477;5.45933986546138;5.47804645404482;242.833042588714;241.067173844883;8610.87532590008;8822.45597435653;220.936781488939;0.0099009900990099;100;100
238;77.2799999999988;1.57999999999993;81.1499999999942;NA;NA;-3690.84589161012;-3787.63868948314;5.44920517910775;5.46608105017823;243.990262662888;242.225228875388;8674.42962915563;8858.66351573282;193.58559574604;0.0297029702970297;100;100
239;72.6199999999953;1.78999999999996;76.5599999999977;NA;NA;-3728.27618507949;-3823.23327882333;5.43662774207795;5.44640873562844;252.358071977489;251.013194505636;8793.62552550588;8976.41412532858;189.914187487695;0.0099009900990099;100;100
240;71.5899999999965;1.60999999999967;75.75;NA;NA;-3638.85772683727;-3803.144058531;5.45759173270439;5.46702000916299;244.406539574758;243.171848888218;8572.65886680139;8894.68974708205;328.572663387466;0.0099009900990099;100;100
241;74.2200000000012;1.98000000000047;78.3899999999849;NA;NA;-3655.23261835721;-3765.20685213881;5.46804750039719;5.49101151585979;241.575336368564;239.852734472607;8590.40803672567;8801.22961274787;219.9484675632;0.0099009900990099;100;100
242;75.1;1.89;77.9299999999999;NA;NA;-3728.28449045204;-3798.47739495084;5.45095977066826;5.47310671242423;248.991448734013;247.386687708995;8775.80469785345;8907.68797364304;140.385808997598;0.425742574257426;100;100
243;75.34;1.95;79.67;NA;NA;-3653.62596762126;-3758.37603648501;5.47580595372149;5.50515914277339;238.476419532609;236.595388614234;8570.77569036434;8770.30952931001;209.500137727506;0.0198019801980198;100;100
244;69.82;1.62;72.5799999999999;NA;NA;-3625.72893533311;-3761.86669508124;5.43879894831487;5.45730910885726;241.503287848526;239.673793223926;8531.01893475252;8793.60121110724;272.275519496246;0.0099009900990099;100;100
245;71.3000000000001;1.95;74.47;NA;NA;-3675.42045484056;-3771.05379121325;5.4371707650089;5.45301729803158;242.364802208223;240.904121315657;8634.96655026092;8818.49407206624;191.266672745386;0.0495049504950495;100;100
246;81.7800000000001;1.53;86.0300000000002;NA;NA;-3740.96950266876;-3853.02456388071;5.42251820795547;5.43256082029588;258.943273836607;257.554975912008;8853.90265005682;9070.65712947687;224.110122423892;0.0099009900990099;100;100
247;75.34;1.68;79.53;NA;NA;-3727.90502217246;-3817.80483722528;5.43809441458977;5.45447414221589;249.817489313791;248.321036460459;8779.42238644361;8951.29333440821;179.799630105628;0.0495049504950495;100;100
248;72.5199999999999;1.59;76.03;NA;NA;-3656.10490816057;-3728.94242893761;5.4750323610473;5.49367627079122;236.32290866812;234.683628377502;8564.32358743058;8701.31320175224;145.675041554086;0.217821782178218;100;100
249;68.3300000000002;1.79;71.26;NA;NA;-3659.08934184134;-3767.87989979579;5.46150804750811;5.48049479900935;239.863920764879;238.159928730836;8589.05386067954;8797.60668600201;217.581115908897;0.0396039603960396;100;100
250;76.96;2.07;80.0999999999999;NA;NA;-3672.28182290948;-3764.94696308718;5.49647190575616;5.515093279501;240.219808523616;238.68469824159;8617.32442910847;8794.52120799706;185.330280355412;0.0297029702970297;100;100
