1;23.5;0.699999999999818;28.1199999999953;NA;NA;-1462.46175345355;-1480.57076465779;4.94886282055179;5.17894436691613;64.5628274517406;61.877929088748;3210.26785479332;3234.61959744351;36.2180224084877;0.772277227722772;69;69
2;17.3400000000256;0.640000000000327;19.7000000000116;NA;NA;-1150.82779894307;-1166.7959302576;4.60540144751731;4.84879732177438;45.1479626833425;42.6283867414444;2493.00104312994;2514.25887528785;31.9362626290631;0.455445544554455;48;48
3;17.6699999999837;0.640000000000327;19.2399999999907;NA;NA;-1176.14607927828;-1199.76689339913;4.51743562959811;5.15864244359258;44.7094355134503;39.255722756507;2541.77904426441;2565.90682564156;47.2416282417043;0.138613861386139;48;48
4;18.9099999999744;0.539999999999964;19.890000000014;NA;NA;-1330.06872384924;-1347.71141987702;4.72048845727788;4.98900850167938;57.9964867989693;55.0736388996138;2911.92071691671;2934.51699209388;35.2853920555458;0.594059405940594;59;59
5;17.6100000000442;0.609999999999673;18.5;NA;NA;-1258.90261732556;-1282.43162098223;4.59944861673118;5.1744756480555;51.1243262524023;45.9569923612452;2739.3170527695;2763.98600170377;47.0580073133319;0.138613861386139;58;58
6;21.6699999999837;0.75;22.8600000000442;NA;NA;-1377.22523877537;-1409.78871054196;5.26275544186557;6.10953310966278;58.2002670925918;50.2238461105216;3010.38105747226;3040.43238796072;65.1269435331869;0.495049504950495;66;66
7;23.9700000000303;0.739999999999782;25.0200000000186;NA;NA;-1478.53712195197;-1495.34561042582;4.94008860505789;5.13332732342666;72.827574475794;69.9548795509525;3283.41019952336;3304.15480429268;33.6169769477056;0.930693069306931;78;78
8;27.789999999979;1.10000000000036;29.4100000000326;NA;NA;-1537.39552623374;-1553.54631250712;5.46762467123184;5.55559817229481;76.2634247770311;74.6541762274184;3418.42982841336;3443.48021596025;32.3015725467521;0.96039603960396;82;82
9;26.0599999999977;0.840000000000146;27.25;NA;NA;-1598.34969546021;-1647.16315808685;5.53563852985702;6.83554989030505;70.440780448451;57.7938303621481;3514.52857246514;3555.09239067479;97.6269252532707;0.297029702970297;83;83
10;22.8499999999767;0.529999999999745;24.0300000000279;NA;NA;-1492.04200450748;-1542.62880987809;4.89247988065947;6.30663373251793;68.7085330676107;54.2330568488414;3291.9627892602;3328.27266673968;101.173610741229;0.287128712871287;78;78
11;22.4199999999837;0.859999999999673;23.710000000021;NA;NA;-1448.53246846306;-1459.35695444875;5.45139999439279;5.46995485604725;59.9225534022463;59.955013696514;3162.33205663472;3184.12472489866;21.6489719713663;0.861386138613861;70;70
12;20.8400000000256;0.3100000000004;21.4199999999837;NA;NA;-1357.05937475496;-1381.98768896138;5.72548612649169;6.41509850407499;48.909122198633;44.2439500806133;2928.43982566284;2957.85354559918;49.8566284128374;0.801980198019802;64;64
13;21.9099999999744;0.75;23.0100000000093;NA;NA;-1382.98871861223;-1408.03301387043;4.99713512063566;5.47367437976327;60.15022142205;55.2841832596546;3031.38060179036;3059.99858261212;50.0885905163905;0.396039603960396;68;68
14;27.789999999979;0.699999999999818;28.8999999999651;NA;NA;-1529.1556068582;-1560.27308498501;5.96018719419981;6.78987212235255;55.8263902224895;49.3436793328511;3306.23164344412;3339.67741123051;62.2349562536133;0.871287128712871;72;72
15;19.4000000000233;0.539999999999964;20.4400000000023;NA;NA;-1292.97833868951;-1323.93650916773;4.77941267823525;5.56404258953096;57.0338506199858;49.3761457362886;2835.4314351544;2863.85180748503;61.9163409564339;0.326732673267327;63;63
16;26.4400000000023;0.899999999999636;28;NA;NA;-1448.35857194449;-1477.41271401208;5.42205843966079;6.01923743970228;66.7014763572131;60.5959288852213;3196.44679201448;3227.11919773533;58.1082841351963;0.544554455445545;80;80
17;24.7199999999721;0.619999999999891;25.8300000000163;NA;NA;-1436.42177604628;-1462.58413438768;5.6618240990563;6.17568259773649;64.6622214270557;59.3649720963469;3163.00292150549;3191.55724348949;52.3247166827923;0.762376237623762;79;79
18;16.0599999999977;0.679999999999382;17.1599999999744;NA;NA;-1132.33749433897;-1143.83863296375;4.40397183779973;4.44952562188565;44.1427997247808;43.2377925194674;2450.33591124012;2469.53180389896;23.0022772495695;0.762376237623762;45;45
19;23.070000000007;0.659999999999854;24.210000000021;NA;NA;-1295.68301609412;-1309.89588981714;6.9638171894009;7.19189930219616;34.7208485631209;33.4867424765827;2739.571901691;2762.72986988672;28.425747446031;0.831683168316832;51;51
20;18.1600000000326;0.390000000000327;18.9199999999837;NA;NA;-1187.20207423249;-1202.2283969609;6.17651624692982;6.48719661281482;34.0597209297694;32.272497975947;2519.10671078064;2541.56634802165;30.0526454568039;0.98019801980198;49;49
21;17.1599999999744;0.390000000000327;17.8600000000442;NA;NA;-1113.53952068774;-1129.55066332224;4.77660009169591;5.08060352830179;42.4743029977972;39.9406878477146;2408.79289975411;2429.97585507361;32.0222852689963;0.564356435643564;52;52
22;28.25;0.860000000000582;29.679999999993;NA;NA;-1577.24044183404;-1598.98323928322;6.77456425621753;7.29525573463098;51.2184124051702;48.4752944747698;3382.9830799358;3414.23072285004;43.4855948983713;0.891089108910891;75;75
23;29.7800000000279;0.970000000000255;31.2299999999814;NA;NA;-1411.52164936137;-1458.6859608308;5.24731118900567;6.51632218363261;67.6562533349164;53.8801245013481;3127.06333115747;3159.4875634693;94.3286229388691;0.485148514851485;80;80
24;22.5800000000163;0.770000000000437;23.8099999999977;NA;NA;-1455.32060778988;-1479.81165063635;7.01044721588527;7.65965147032729;47.402419068428;43.3438098814976;3121.15147889325;3152.10961337405;48.9820856929468;0.940594059405941;72;72
25;24.359999999986;0.8100000000004;25.5999999999767;NA;NA;-1529.51898442754;-1549.37069100531;5.0484365270899;5.38132967518406;71.5993506109716;68.2800720745961;3380.32638062252;3405.13516526446;39.7034131555483;0.722772277227723;79;79
26;21.429999999993;0.6899999999996;22.5800000000163;NA;NA;-1449.3014334789;-1467.52407111266;4.73314640679789;4.93942408882051;67.9983546911671;65.4287959057461;3197.10059791613;3222.26607868722;36.4452752675297;0.148514851485149;65;65
27;26.320000000007;0.609999999999673;27.5100000000093;NA;NA;-1557.92859540109;-1581.879161616;6.73751682462448;7.25207413930165;55.3285574649822;51.4948913654905;3365.83125337372;3396.41190731394;47.9011324298135;0.910891089108911;84;84
28;21.1300000000047;0.640000000000327;22.289999999979;NA;NA;-1386.96568300961;-1408.00749925791;5.38518486565418;5.71628801669301;56.6534128322004;53.2090797242577;3023.48576327331;3050.39734470141;42.0836324966067;0.861386138613861;67;67
29;18.75;0.549999999999272;19.5200000000186;NA;NA;-1260.90704011214;-1307.98990557994;4.99299287524372;6.76243672386159;47.704107289518;35.4834852215256;2728.50675105276;2769.72289005723;94.1657309356015;0.118811881188119;58;58
30;16.6699999999837;0.389999999999418;17.3300000000163;NA;NA;-1223.99053018033;-1235.71021316518;4.63345322462122;4.67453681936684;49.0146208950746;48.1905717198565;2658.14257226518;2678.04863699975;23.4393659696902;0.841584158415842;53;53
31;25.1699999999837;0.8700000000008;26.7199999999721;NA;NA;-1542.95173252352;-1581.29841558608;5.26304446480697;6.10081021980843;72.3555606609702;63.0302438948682;3410.12435531607;3445.03154113485;76.6933661251287;0.722772277227723;78;78
32;23.0900000000256;0.880000000000109;24.2000000000116;NA;NA;-1444.67491750552;-1487.77257027582;5.47695427114254;6.7022565802736;60.0563735908358;49.2125736104884;3154.33891113631;3192.68769570553;86.1953055406075;0.613861386138614;68;68
33;22.9700000000303;0.679999999999382;24.2000000000116;NA;NA;-1432.51347492628;-1450.24475957362;5.7001125098298;6.04271696681948;57.4707537404342;54.5580753675791;3122.17913654628;3144.60896198487;35.4625692946724;0.910891089108911;77;77
34;18.9700000000303;0.719999999999345;20.2200000000303;NA;NA;-1353.32800100971;-1385.39547984746;4.70096960706339;5.65359953333306;52.9706363268956;44.9298875075781;2935.23811984103;2964.67514822136;64.1349576755065;0.158415841584158;56;56
35;17.2399999999907;0.670000000000073;18.4200000000419;NA;NA;-1158.69715793746;-1176.07649840482;4.91384737210454;5.23662877983972;43.7390408352948;40.6642928877517;2504.09432023763;2525.72844598645;34.7586809347104;0.623762376237624;51;51
36;19.9500000000116;0.630000000000109;20.9100000000326;NA;NA;-1336.95366689603;-1339.468749943;6.48529462465736;6.13013858243062;43.0641696610906;45.0882250000568;2862.94950970679;2876.8648308719;5.03016609393126;1;65;65
37;35.8400000000256;0.850000000000364;37.320000000007;NA;NA;-1713.30664133359;-1732.88807882898;5.17319110963535;5.35334220924512;99.6227811789113;96.6843717112843;3885.39314439752;3911.02414371376;39.1628749907809;0.900990099009901;100;100
38;16.7000000000116;0.420000000000073;17.4699999999721;NA;NA;-1147.38113180541;-1164.56099275262;5.60727514135346;6.06379870572972;35.3677543643648;32.6695292586896;2444.2850649048;2467.23761143361;34.3597218944296;0.871287128712871;47;47
39;25.7000000000116;0.760000000000218;27.1600000000326;NA;NA;-1515.06610325714;-1544.68821418623;6.14954456320718;6.83638604394223;60.6091289274076;54.5657862359192;3300.12270135486;3332.44614225743;59.2442218581978;0.920792079207921;74;74
40;27.6900000000023;1;29.6699999999837;NA;NA;-1411.48552206712;-1429.50299578873;6.29989822853754;6.60420737374317;50.2595176758728;48.0025328099575;3046.16944851702;3072.18131089927;36.0349474432178;0.940594059405941;72;72
41;25.3800000000047;0.840000000000146;26.5499999999884;NA;NA;-1397.04939912789;-1423.10240231575;6.00318878408353;6.68179031527553;50.2863547183238;45.6155211622456;3016.34629981388;3047.80891110068;52.1060063757218;0.772277227722772;69;69
42;27.2200000000303;0.819999999999709;28.4199999999837;NA;NA;-1552.78099232235;-1601.71807992443;5.2697238033702;6.50059659518;72.4345231939233;59.7419530221987;3431.053642922;3471.89250497948;97.874175204161;0.455445544554455;80;80
43;18.7299999999814;0.659999999999854;19.6300000000047;NA;NA;-1315.95208764787;-1339.12130603302;4.77363055775472;5.25301472226967;55.8514714461132;51.2895842819617;2874.37517392873;2900.90884445558;46.3384367702965;0.405940594059406;59;59
44;22.7799999999697;0.699999999999818;24.0200000000186;NA;NA;-1438.01969542322;-1469.37422627168;5.43264134746167;6.12455911888312;62.9350906243875;55.6624115907751;3155.52897722964;3185.94066658888;62.7090616969276;0.683168316831683;72;72
45;27.1399999999558;0.839999999999236;28.6000000000349;NA;NA;-1629.00987732486;-1668.73716210043;4.93655639490764;5.78662192806116;80.6323469282909;70.5175023952246;3623.26483296523;3656.90159707765;79.4545695511488;0.099009900990099;86;86
46;19.5500000000466;0.75;20.890000000014;NA;NA;-1248.92644564844;-1271.0149804453;4.89953464123008;5.27016888170597;57.7822131577024;53.5061585447255;2750.13883333758;2775.64599730987;44.1770695937303;0.514851485148515;62;62
47;24.8400000000256;0.800000000000182;26.2199999999721;NA;NA;-1482.75805337479;-1497.18260643206;5.14038261799754;5.31523702030536;71.0671312016012;69.2885829446256;3285.7406711132;3306.57573710597;28.8491061145473;0.831683168316832;82;82
48;16.5299999999697;0.559999999999491;17.3999999999651;NA;NA;-1111.44758611933;-1134.05366006632;4.55887211941245;5.23934800910957;38.2929941695983;33.3010085603329;2381.21242215728;2405.78587489487;45.2121478939903;0.366336633663366;39;39
49;27.179999999993;0.720000000000255;28.3099999999977;NA;NA;-1398.50718180696;-1445.77903069985;4.97424235905089;6.29153675914955;63.4862591293545;50.4892073438043;3077.6006688612;3114.7020981998;94.5436977857789;0.108910891089109;69;69
50;22.3899999999558;0.569999999999709;23.5599999999977;NA;NA;-1468.29287095105;-1538.74099379416;5.73144733607782;8.62630534530187;54.558307440209;37.1762734483008;3178.87471978311;3242.57877518726;140.896245686223;0.465346534653465;72;72
51;22.570000000007;0.8100000000004;23.7800000000279;NA;NA;-1183.66682316309;-1219.89683246964;5.31662668040208;6.78956717929461;42.8016075764313;33.4472067826667;2550.85542811172;2583.2062919894;72.4600186131051;0.594059405940594;53;53
52;21.0899999999674;0.579999999999927;22.039999999979;NA;NA;-1395.37277650945;-1441.47083549939;5.04095871104607;6.47119469027281;59.1249659567463;46.3731638355177;3049.83272861554;3086.15011006012;92.1961179798855;0.534653465346535;64;64
53;20.070000000007;0.6899999999996;21.1599999999744;NA;NA;-1311.26408187802;-1346.33853934077;4.70581108927809;5.72277782430449;57.8765547653615;48.3546336986084;2873.79076558263;2902.60165215936;70.148914925503;0.475247524752475;59;59
54;23.7799999999697;0.8100000000004;25.0499999999884;NA;NA;-1500.7289852478;-1521.35120987227;5.20908499450976;5.53740661262236;67.0071883281436;63.2964511282589;3299.49353535707;3324.2333127191;41.2444492489449;0.881188118811881;73;73
55;18.8800000000047;0.639999999999418;19.7700000000186;NA;NA;-1315.67645787124;-1335.13090185899;5.0357182002678;5.47696837051292;51.3384219762869;47.5850965450318;2852.89160273387;2875.60391208693;38.9088879755063;0.574257425742574;56;56
56;27.5200000000186;0.710000000000036;28.7800000000279;NA;NA;-1484.83362997257;-1494.75226399147;6.08812306874127;6.1010392944317;54.9601542321302;55.6194138419291;3212.57126505266;3235.32222214144;19.8372680378075;0.96039603960396;69;69
57;23.1900000000023;0.949999999999818;24.5999999999767;NA;NA;-1444.22402174286;-1470.75571030676;5.37858174835565;5.88428214131994;63.3478867205794;58.0720121567045;3171.48334564995;3200.97436971799;53.0633771277962;0.712871287128713;76;76
58;16.9700000000303;0.470000000000255;17.9400000000023;NA;NA;-1025.18914015932;-1045.10812170821;5.6040206829151;6.42320940320176;29.7919141799998;26.0662600202348;2175.00337333155;2199.25623527103;39.8379630977793;0.98019801980198;43;43
59;18.3500000000349;0.5;19.1699999999837;NA;NA;-1238.58741293384;-1265.84400115214;4.94468424043523;5.67375116143833;48.2618453654622;42.2288597309391;2684.55969717688;2713.14866910054;54.5131764365951;0.504950495049505;54;54
60;29.5800000000163;0.779999999999745;35.9300000000512;NA;NA;-1381.95246131483;-1410.66792083932;5.37843245215549;6.1346174936796;52.9476424377186;46.7870073825347;2995.92290203494;3026.3577541856;57.4309190489862;0.603960396039604;64;64
61;24.4800000000396;0.800000000000182;25.8800000000047;NA;NA;-1433.5458318941;-1448.12429143194;4.86535315309989;4.94558329831853;71.4471436004482;70.0056829038109;3185.36136996951;3208.09713279917;29.1569190756791;0.772277227722772;74;74
62;17.7099999999627;0.430000000000291;18.5899999999674;NA;NA;-1172.11549254196;-1221.13878768591;5.4420358608544;8.06587638065783;38.0350965126205;26.2490833432875;2505.0303991339;2553.24974602345;98.0465902879037;0.306930693069307;47;47
63;18.9400000000023;0.509999999999309;19.7799999999697;NA;NA;-1346.50650378733;-1371.90565281928;5.01694250207637;5.59957601725688;54.1673952875236;48.8132221093949;2928.17283575189;2955.72677366303;50.7982980638985;0.544554455445545;59;59
64;25.140000000014;0.770000000000437;26.8600000000442;NA;NA;-1566.41845844941;-1603.9850201126;5.02636597437642;5.79905586937717;76.7402532965952;67.3912844649042;3479.08935393194;3512.03987943435;75.1331233263809;0.396039603960396;83;83
65;23.0800000000163;0.579999999999927;24.1999999999534;NA;NA;-1451.03182208581;-1484.70976015683;4.84069584817873;5.57233111081516;71.1117243631514;62.7102125800136;3219.78739841968;3249.60572517725;67.3558761420586;0.227722772277228;76;76
66;15.0200000000186;0.559999999999491;15.9000000000233;NA;NA;-1042.34609042418;-1056.05952918691;4.2994521872945;4.49013319363435;37.6781939223869;35.9489237438017;2239.97826687277;2260.27816802924;27.4268775254691;0.306930693069307;38;38
67;21.1100000000442;0.539999999999964;22.2399999999907;NA;NA;-1310.42083590482;-1332.56862042662;4.76575089332903;5.1567882421232;62.1430868031869;57.953294351574;2893.63607234692;2919.53937961193;44.2955690435938;0.198019801980198;65;65
68;21.6699999999837;0.739999999999782;23.0799999999581;NA;NA;-1353.65530224294;-1385.42201818027;5.00919452136777;5.85772035496324;58.1830107385884;50.5830785573614;2962.72114735375;2992.89255860546;63.5334318746668;0.544554455445545;65;65
69;28.1600000000326;1.03999999999996;29.6100000000442;NA;NA;-1529.88667021682;-1553.22695696489;6.78866568962871;7.37737100941039;49.9141614118714;45.8535882110059;3280.73498306452;3309.4400782774;46.6805734961354;0.98019801980198;70;70
70;26.359999999986;1.05000000000018;28;NA;NA;-1410.93709813673;-1454.30326856841;5.26900269480026;6.69995362288169;54.2416203629395;42.648965830477;3060.3969737254;3096.15163105679;86.7323408633656;0.247524752475248;66;66
71;23.25;0.739999999999782;24.5;NA;NA;-1479.40259108413;-1518.95601693951;7.28357707698855;8.81817159086655;45.5154987276836;38.0335485231821;3161.24969165619;3207.078214413;79.1068517107788;0.851485148514851;73;73
72;19.0599999999977;0.590000000000146;19.8399999999674;NA;NA;-1292.78661657387;-1322.66922087789;5.21174538695374;6.13485206378796;47.9727926130364;40.8296956725375;2793.43006551881;2822.245616571;59.7652086080475;0.702970297029703;58;58
73;24.890000000014;0.860000000000582;26.2999999999884;NA;NA;-1401.63443520518;-1417.32466050927;5.70307568152317;5.93150268097073;52.6052282284865;50.6511032447082;3034.59575669426;3057.38311374255;31.3804506081851;0.97029702970297;66;66
74;33.9400000000023;1.01000000000022;35.5499999999884;NA;NA;-1766.9434006081;-1835.76996083447;5.8293155040947;7.588439500023;81.0390570257209;62.8904628557863;3905.85125780549;3960.20340936694;137.653120452743;0.425742574257426;97;97
75;22.4400000000023;0.75;23.640000000014;NA;NA;-1458.89989562176;-1476.62872906029;4.79021260663282;4.99401632264588;70.584651016485;67.8138064807394;3231.26044923065;3254.41302231116;35.4576668770646;0.613861386138614;72;72
76;29.859999999986;1.30000000000018;31.609999999986;NA;NA;-1557.10616519759;-1588.58891410815;5.5344852015541;6.23602185190905;67.3245548061506;60.2325476509871;3415.88958777274;3447.07623055305;62.9654978211152;0.851485148514851;78;78
77;19.9599999999627;0.5;20.75;NA;NA;-1306.88925902301;-1331.55122378616;4.81527540215956;5.35696259697711;58.0237952960459;51.9875137246949;2867.58344475767;2890.50375842239;49.3239295263043;0.495049504950495;63;63
78;22.8699999999953;0.640000000000327;23.8699999999953;NA;NA;-1289.14107248458;-1306.94227420508;5.41083816351271;5.8062351371225;45.4554182073955;42.5145759228066;2774.02461624488;2796.96301264075;35.6024034409875;0.881188118811881;55;55
79;19.0499999999884;0.539999999999964;20.2399999999907;NA;NA;-1292.33106877937;-1315.18459411675;4.6636157283404;5.15168798784095;53.4328142168169;48.6918060838108;2814.26706078806;2839.6016339064;45.7070506747559;0.316831683168317;54;54
80;25.1300000000047;1.02999999999975;26.5500000000466;NA;NA;-1535.06125649719;-1547.28405151235;6.51173754139479;6.56340247700892;55.0986683843711;55.6608352572988;3316.30070554885;3343.25803005025;24.4455900303269;0.97029702970297;76;76
81;25.6600000000326;0.859999999999673;26.8499999999767;NA;NA;-1473.67278124568;-1486.25767021353;5.55092466660155;5.6149901199651;61.2355234509075;61.1097931169812;3219.70983081291;3244.32038350687;25.1697779357087;0.98019801980198;73;73
82;28.4800000000396;0.75;29.9199999999837;NA;NA;-1503.63097233383;-1507.92479015705;7.70513703552795;7.42984000870301;40.3026289374794;41.9722128709182;3185.38498893584;3201.3515817552;8.58763564645096;0.98019801980198;69;69
83;25.0300000000279;1;26.2699999999604;NA;NA;-1358.1314404937;-1376.61557544695;5.47902670492676;5.72239964523783;55.3388467135292;52.6688061146968;2960.02670466444;2985.2336288907;36.968269906507;0.940594059405941;67;67
84;17.75;0.530000000000655;18.6300000000047;NA;NA;-1231.89457882348;-1244.99826853452;5.03058294731625;5.12078831921348;46.6849735124019;45.4164922658232;2663.51713589495;2684.29769002908;26.2073794220883;0.920792079207921;52;52
85;21.8099999999977;0.660000000000764;22.8800000000047;NA;NA;-1417.67685305377;-1447.73142789382;5.05572256348292;5.80400776618471;59.6641812943353;52.6814775518954;3098.6122968888;3127.91139090068;60.1091496801105;0.504950495049505;68;68
86;20.4500000000116;0.639999999999418;21.359999999986;NA;NA;-1407.33971302304;-1419.61834090611;5.22623528398762;5.28186147237542;56.3599441316505;55.4707335989271;3059.35788451222;3080.05476273982;24.5572557661362;0.98019801980198;59;59
87;18.5300000000279;0.609999999999673;19.4100000000326;NA;NA;-1322.23780700053;-1340.21826001509;4.74294825023528;5.02294428791437;55.5708134434271;52.5120105090926;2885.72817694338;2908.40973718437;35.9609060291286;0.554455445544555;59;59
88;23.2299999999814;0.889999999999418;24.609999999986;NA;NA;-1301.26332642418;-1309.05270267123;6.88529741267902;6.79904292078483;36.0351872003007;36.3752274273659;2757.70323847094;2774.74628976601;15.5787524941002;0.920792079207921;55;55
89;18.7299999999814;0.730000000000473;19.8099999999977;NA;NA;-1261.60723175637;-1286.62958855508;6.28709690261859;7.04717771235639;40.6980764768875;36.158338032633;2699.89921308667;2730.23531587028;50.0447135974268;0.792079207920792;59;59
90;25.2999999999884;0.639999999999418;26.3099999999977;NA;NA;-1514.97103064171;-1519.98502416399;6.94338330443133;6.68450334349277;42.8909443892643;44.9999831361082;3218.22381658475;3237.51001705661;10.0279870445656;0.97029702970297;65;65
91;17.1300000000047;0.520000000000437;17.9499999999534;NA;NA;-1124.59761699522;-1137.92023560656;4.75706591747304;4.818072331519;46.745205718988;45.4206177073868;2447.79201807618;2468.8097494339;26.6452372226854;0.792079207920792;49;49
92;26.7300000000396;1;28.25;NA;NA;-1452.02492026198;-1483.06179487049;4.96329756719066;5.58275628204467;75.2902671846533;68.0793082215965;3240.93522279564;3270.74362407788;62.0737492170128;0.504950495049505;77;77
93;18.3099999999977;0.589999999999236;19.1900000000023;NA;NA;-1165.98740372239;-1202.76778796327;4.99501222244202;6.49509813267701;45.309028887681;35.2897891149887;2525.81620983334;2556.51259706294;73.5607684817487;0.514851485148515;52;52
94;24.820000000007;0.659999999999854;25.8099999999977;NA;NA;-1475.10196482419;-1496.66007949918;5.8459311159357;6.20517875214512;58.2895909426927;55.3793995934853;3209.06323216771;3239.25553992772;43.1162293499633;0.861386138613861;72;72
95;22.3800000000047;0.670000000000073;23.390000000014;NA;NA;-1422.17535459146;-1449.9422320528;6.27558669950013;7.01558647810768;52.5271099795087;47.0460766151252;3077.6193053894;3108.81223974972;55.5337549226824;0.97029702970297;72;72
96;23.4400000000023;0.699999999999818;24.8600000000442;NA;NA;-1486.82457389992;-1531.24007842765;5.00856099226364;6.10771988766405;70.2198254465937;58.2304318926911;3285.48964529115;3321.07673887558;88.8310090554432;0.405940594059406;72;72
97;19.609999999986;0.579999999999927;20.5599999999977;NA;NA;-1289.90063538512;-1307.67866735402;5.17963577395057;5.44190375986102;50.9325520702202;48.2894015850731;2800.48216844668;2824.58597252222;35.5560639378064;0.752475247524752;58;58
98;19.5599999999977;0.909999999999854;21.0599999999977;NA;NA;-1210.17295304994;-1243.12377105843;6.10754845147154;7.56935555409217;37.7952049052061;30.5681730791414;2582.40157970436;2617.31564696304;65.901636016978;0.732673267326733;53;53
99;25.429999999993;0.639999999999418;26.25;NA;NA;-1424.70804141816;-1452.14990395457;6.16335661619398;6.73291588991873;59.9340255302155;54.6254562880081;3117.97682560858;3149.07317304185;54.8837250728093;0.940594059405941;78;78
100;24.1199999999953;0.600000000000364;25.4199999999837;NA;NA;-1439.59853669603;-1490.32048363744;7.40661960305311;9.54964820623943;45.7206944886952;35.774838932265;3082.23893549191;3139.51409889201;101.443893882806;0.881188118811881;72;72
101;29.2999999999884;1;30.6699999999837;NA;NA;-1492.0927701549;-1523.07107398418;6.81479795845744;7.58105186612322;52.8147657554952;47.2775485182376;3219.80959431265;3257.06285330207;61.9566076585643;0.881188118811881;75;75
102;19.859999999986;0.890000000000327;21.0499999999884;NA;NA;-1387.76802509236;-1399.38752197335;4.9137834685738;4.99027756221774;60.6331560240653;59.7229704750291;3041.70218870714;3060.94566930748;23.2389937619719;1;65;65
103;20.6100000000442;0.719999999999345;21.6699999999837;NA;NA;-1358.78240207202;-1397.97097610635;5.1203695193142;6.27961030216404;56.5396371318912;46.258570606347;2964.42547002973;2997.91391599034;78.3771480686587;0.415841584158416;62;62
104;23.7900000000373;1;25.3400000000256;NA;NA;-1470.9062454439;-1483.83062863645;5.43636275717562;5.5673811427127;60.81341767524;60.2904716399772;3211.45462577001;3234.98468863922;25.8487663850951;0.98019801980198;71;71
105;25.6600000000326;0.589999999999236;26.75;NA;NA;-1565.6481910908;-1626.96269831105;6.23268614670917;8.2419078209264;61.3750689758515;46.8751143331754;3407.47251107633;3464.85448939635;122.629014440487;0.485148514851485;81;81
106;20.4900000000489;0.5;21.3699999999953;NA;NA;-1340.20768178545;-1363.33279778026;5.0196215949838;5.41584841949514;60.0969350712814;55.4271306828074;2944.68637490198;2970.40155086926;46.2502319896353;0.564356435643564;66;66
107;22.429999999993;0.649999999999636;23.3000000000466;NA;NA;-1525.1707239149;-1584.39328531051;9.15906231089109;12.6711747627846;35.8838651356036;26.2892784766704;3209.19331591753;3285.1648086095;118.445122791222;0.831683168316832;70;70
108;19.9500000000116;0.529999999999745;20.710000000021;NA;NA;-1226.79882485433;-1281.9072022641;5.6045530261877;8.25272701755667;43.2185455966389;29.7680408399578;2639.31107299071;2691.72997161795;110.216754819539;0.287128712871287;54;54
109;26.140000000014;0.819999999999709;27.2700000000186;NA;NA;-1429.71437363894;-1461.32644649161;5.59737038862771;6.44389420492513;54.9277284548893;47.799613043771;3100.54932122331;3132.48261752663;63.2241457053578;0.683168316831683;65;65
110;22.2999999999884;0.800000000000182;23.359999999986;NA;NA;-1456.92203507101;-1488.60546595647;6.07661987966408;7.02966825470673;52.4141326259523;45.7222142804415;3145.8726671275;3179.61552584698;63.3668617709218;0.891089108910891;70;70
111;26.1199999999953;0.680000000000291;27.1800000000512;NA;NA;-1349.60333343297;-1388.38937089831;6.99324025760806;8.69875470143489;38.8995140117695;31.2980545075952;2869.35907162511;2913.68120379499;77.5720749306852;0.792079207920792;63;63
112;29.7600000000093;0.859999999999673;30.8800000000047;NA;NA;-1466.75757051539;-1513.02701520156;5.21275781094815;6.39147930872152;68.5470219662411;55.4595252263191;3240.22795481383;3274.20699963953;92.5388893723366;0.485148514851485;77;77
113;17.5299999999697;0.470000000000255;18.2999999999884;NA;NA;-1185.49602979626;-1196.29426835249;4.77850888119087;4.73916323752084;47.774053758954;47.4476257671815;2574.91550818409;2595.1186280961;21.5964771124491;0.891089108910891;51;51
114;16.2800000000279;0.5;17.179999999993;NA;NA;-1182.54398922317;-1194.7159784361;4.68516934564872;4.6762657712567;43.0047832756302;42.1746985495516;2545.96249903226;2566.81521054688;24.343978425858;0.920792079207921;45;45
115;21.0100000000093;0.739999999999782;21.9400000000023;NA;NA;-1453.16699711196;-1468.61816811528;5.02407358984193;5.16765689202002;63.2657920732856;61.5609317240084;3185.01546844357;3208.40801756047;30.9023420066301;0.910891089108911;67;67
116;26.2999999999884;0.760000000000218;27.5800000000163;NA;NA;-1514.58830311771;-1539.83380185465;5.32917663014192;5.82184267879456;70.5497892498151;65.7348013558719;3346.63723014151;3375.4616985277;50.4909974738794;0.693069306930693;81;81
117;29.5800000000163;0.779999999999745;31.1300000000047;NA;NA;-1677.38970535212;-1738.3134894104;5.60040191574913;7.24517923377576;73.5641788641937;57.9931047889324;3688.85299546304;3739.98836893292;121.847568116545;0.217821782178218;88;88
118;19.640000000014;0.550000000000182;20.3800000000047;NA;NA;-1305.12533741022;-1328.43933324256;5.31612641457279;5.81161435350766;52.5383155230171;48.0262177238398;2839.64096121845;2866.56844676478;46.6279916646804;0.772277227722772;62;62
119;24.0499999999884;0.800000000000182;25.1000000000349;NA;NA;-1360.32924838142;-1383.01786600023;5.98693602446022;6.52615571361285;47.7229962324559;43.7301246141346;2929.02436583488;2956.9681155304;45.377235237625;0.801980198019802;62;62
120;21.7600000000093;0.869999999999891;23.2700000000186;NA;NA;-1503.82438213756;-1515.58200271932;6.50359263877548;6.53223795905752;49.8689959460394;49.4807848700303;3228.41046694431;3250.2071626166;23.5152411635186;0.99009900990099;70;70
121;23.6199999999953;0.669999999999163;24.8600000000442;NA;NA;-1459.53696445259;-1490.10589623935;4.68814915483389;5.36307629854877;72.3966350072437;64.4492927842898;3242.53860193099;3268.16812380722;61.1378635735277;0.227722772277228;76;76
122;25.4500000000116;0.809999999999491;26.7200000000303;NA;NA;-1533.09158800421;-1574.63759983065;6.91612995811499;8.42080679121267;52.28112282623;43.9181706356696;3301.75902518656;3347.16804860097;83.0920236528686;0.95049504950495;82;82
123;20.429999999993;0.640000000000327;21.5;NA;NA;-1422.7795010184;-1461.744295223;5.13869537115745;6.32300623201384;56.7321277482431;46.536362058257;3092.79886429334;3126.29508126302;77.9295884092076;0.594059405940594;61;61
124;22.9199999999837;0.5600000000004;23.8500000000349;NA;NA;-1470.69781924717;-1508.6694719301;5.012335109187;5.97473972310848;66.9325544819184;57.0984002063755;3238.63763468642;3270.90826581552;75.9433053658572;0.287128712871287;72;72
125;28.2800000000279;0.739999999999782;29.3399999999674;NA;NA;-1481.51793290896;-1504.13409451593;6.85119130101157;7.38871291706138;48.5572873748392;45.4554054445523;3179.34001468881;3210.75463994016;45.2323232139447;1;74;74
126;20.1100000000442;0.559999999999491;20.8499999999767;NA;NA;-1335.21020970301;-1377.43781108803;4.88908348628726;6.1760012789954;58.1491069336659;46.5022265985286;2925.68213207225;2959.01010730021;84.4552027700311;0.415841584158416;65;65
127;29.640000000014;0.800000000000182;30.7699999999604;NA;NA;-1730.3041757071;-1741.10786889753;6.33315023915076;6.29798843755728;71.0860650097947;71.540968956496;3783.02198245059;3806.69260349224;21.6073863808469;0.940594059405941;87;87
128;25.7000000000116;0.699999999999818;27.1999999999534;NA;NA;-1531.03247282522;-1560.78184857852;6.40995255934647;7.20283638799295;57.1714172420957;50.9483872693925;3318.24660780392;3349.86033845671;59.4987515066041;0.930693069306931;78;78
129;20.7399999999907;0.649999999999636;21.9200000000419;NA;NA;-1281.36365218636;-1314.11527120217;5.03328112716691;5.90818218045596;58.7223950006412;50.3697000290624;2820.05040331738;2848.95190951222;65.5032380316065;0.623762376237624;64;64
130;24.1900000000023;0.800000000000182;25.3500000000349;NA;NA;-1365.06760694391;-1424.18669938367;5.44572212363915;7.6393102007359;54.9789951208887;39.55018401261;2971.90053229101;3022.29187089817;118.23818487952;0.465346534653465;66;66
131;20.5100000000093;0.610000000000582;21.5099999999511;NA;NA;-1324.72316241788;-1347.73916515853;5.74338109574942;6.35225543560025;47.4482286008519;43.105074247451;2857.36572633279;2884.36591375899;46.0320054812942;0.782178217821782;64;64
132;25.0199999999604;0.699999999999818;26.140000000014;NA;NA;-1582.85152970874;-1614.25665678208;6.88507921386692;7.81429269166412;52.6831864662675;46.6532192604638;3400.38651116024;3436.33556702576;62.8102541466819;0.891089108910891;74;74
133;15.7299999999814;0.449999999999818;16.640000000014;NA;NA;-1063.67285792997;-1081.68746352947;4.39418835393216;4.90755842079761;36.8235130855071;33.389916680104;2279.10933893847;2300.98740085784;36.0292111989929;0.297029702970297;38;38
134;15.7399999999907;0.420000000000073;16.4799999999814;NA;NA;-1000.7350045733;-1028.52975950316;4.7779521987472;5.96880912205421;33.3353307251854;26.7288387590787;2138.85751358236;2167.2191716538;55.5895098597105;0.574257425742574;38;38
135;21.7800000000279;0.630000000000109;22.9699999999721;NA;NA;-1424.09154749887;-1473.05531242648;4.81933615215962;6.27044816225495;63.7931154587907;50.1993384608238;3132.35703240526;3169.72948345661;97.9275298552297;0.128712871287129;74;74
136;26.2999999999884;0.850000000000364;27.640000000014;NA;NA;-1459.74027338772;-1500.05241692731;4.76498666290437;5.88100432352187;65.316613857832;53.3549487034623;3206.20602886974;3234.3212527035;80.6242870791757;0.386138613861386;65;65
137;25.5300000000279;0.960000000000036;27.070000000007;NA;NA;-1385.83241721549;-1399.142971169;6.13253129123462;6.27053862730094;47.971664804785;48.14715847103;2982.24982813499;3009.64131440498;26.6211079070154;0.99009900990099;65;65
138;16.2700000000186;0.579999999999927;16.929999999993;NA;NA;-1142.35470236914;-1158.47255028651;4.46173574815239;4.67248508655245;45.9755930116738;43.7678457831734;2480.50090862345;2503.33469962672;32.2356958347482;0.0693069306930693;50;50
139;22.6699999999837;0.780000000000655;23.7399999999907;NA;NA;-1458.19537904379;-1467.2192257374;5.44040597168298;5.39324766795534;62.6087754965937;62.8716580538913;3193.54933364056;3212.76076413236;18.0476933872096;0.930693069306931;70;70
140;24;0.420000000000073;24.710000000021;NA;NA;-1484.43890390248;-1546.51239639036;5.04437534303878;6.93156311274;67.2602560803504;49.7556020221219;3268.9479488767;3315.00091044598;124.146984975758;0.435643564356436;75;75
141;23.640000000014;0.6899999999996;24.8699999999953;NA;NA;-1551.20584006739;-1566.29111162869;5.06235040869101;5.16510519131964;72.9028954748072;71.3797756642978;3426.16747201881;3449.57396472648;30.1705431225996;0.96039603960396;72;72
142;24.5899999999674;0.550000000000182;25.5;NA;NA;-1511.03310822361;-1584.58101339292;5.25018961990495;7.81823441327657;64.4352106012576;44.3068667622766;3309.95962926122;3367.12297025544;147.095810338631;0.277227722772277;76;76
143;17.3699999999953;0.5600000000004;18.2999999999884;NA;NA;-1195.72644526323;-1227.30103864397;4.66310378978877;5.65691269315275;49.158293414508;41.533987782272;2604.86643517782;2634.91581359647;63.1491867614782;0.168316831683168;59;59
144;17.8399999999674;0.6899999999996;18.7200000000303;NA;NA;-1272.16165695451;-1297.12702817187;4.88723491327459;5.60590656219744;47.477313924713;41.8076920564439;2747.89326698369;2773.51419569338;49.9307424347262;0.554455445544555;53;53
145;26.3300000000163;0.829999999999927;27.8099999999977;NA;NA;-1450.81138405197;-1513.4723075465;5.6088087643663;7.45096882800665;67.3233178031215;51.0957832782815;3205.78907982627;3257.79503143416;125.321846989061;0.524752475247525;84;84
146;19.3300000000163;0.609999999999673;20.25;NA;NA;-1290.97072264733;-1321.84299914326;4.57332813007017;5.34116134962831;58.9221938263878;51.4719354259864;2839.20471653739;2868.42030678665;61.7445529918609;0.0099009900990099;62;62
147;21.8099999999977;0.550000000000182;22.8300000000163;NA;NA;-1319.0155816874;-1336.23220812162;4.81409704206173;5.0436464868458;64.2841482373079;61.6727591938925;2923.0622573738;2945.91680699562;34.4332528684449;0.603960396039604;71;71
148;26.5200000000186;0.680000000000291;27.8800000000047;NA;NA;-1586.59906664314;-1649.94828268794;4.96825871973184;6.6427771153243;76.5455155791357;58.3104374391581;3518.57191268724;3562.99357379651;126.698432089594;0.178217821782178;83;83
149;20.640000000014;0.639999999999418;21.8800000000047;NA;NA;-1293.31975316179;-1329.83434296215;5.06139223991992;6.14576152048202;56.4256855585112;46.99907418678;2836.02062987741;2867.38759639345;73.0291796007182;0.514851485148515;69;69
150;24.0999999999767;0.960000000000036;25.4000000000233;NA;NA;-1529.55607544688;-1550.1032639385;4.82583215914315;5.09457965640179;76.7015084909315;73.2529702173216;3403.29552173348;3428.9152418184;41.0943769832338;0.495049504950495;79;79
151;25.609999999986;0.780000000000655;26.8400000000256;NA;NA;-1466.72879633915;-1481.68276060789;7.1061324354768;7.30050488533035;48.9873510892152;47.9171790093354;3151.00640937339;3176.16179129502;29.9079285374751;0.99009900990099;72;72
152;25.0299999999697;0.510000000000218;25.9199999999837;NA;NA;-1527.21801152453;-1598.86713958851;5.22976791355019;7.40330697570096;69.2012300076589;49.6990698109171;3363.16548768162;3419.45818804053;143.298256127965;0.405940594059406;75;75
153;29.0300000000279;0.910000000000764;30.3300000000163;NA;NA;-1407.70910154972;-1467.11350464806;6.33577688543164;8.69294037472154;51.5785822981834;37.0838014356642;3045.86882081872;3099.91564530443;118.808806196695;0.504950495049505;76;76
154;19.7800000000279;0.520000000000437;20.7099999999627;NA;NA;-1278.63369603883;-1295.42997136906;4.88315839492677;5.09721195600577;51.0107341321284;48.715080374345;2777.39202051519;2801.07822618668;33.592550660459;0.881188118811881;56;56
155;17.9400000000023;0.739999999999782;19.1900000000023;NA;NA;-1189.81122768652;-1209.40552874836;5.01328781220148;5.50548165560054;42.8322336412951;39.0459930265378;2562.86761511912;2585.85789632171;39.1886021236605;0.653465346534653;52;52
156;16.75;0.579999999999927;17.7000000000116;NA;NA;-1122.49941343817;-1140.10463344232;4.92488030741514;5.32978007524734;38.9303163130352;35.9115185643246;2407.39352314097;2430.01129013978;35.2104400083085;0.891089108910891;42;42
157;28.2700000000186;0.659999999999854;29.2700000000186;NA;NA;-1424.18952348319;-1470.0511353642;6.44205993914249;8.12002937203923;48.2250996312457;38.3327602033087;3061.16453222391;3109.23940146512;91.723223762016;0.683168316831683;68;68
158;32.4100000000326;0.789999999999964;33.640000000014;NA;NA;-1604.48947417305;-1617.5360367344;7.19076975939722;7.29462384845986;53.8775597327147;53.6328392373537;3452.71621845513;3477.70224990515;26.0931251226921;0.95049504950495;85;85
159;19.9699999999721;0.469999999999345;20.7200000000303;NA;NA;-1317.75961264449;-1351.24893811051;4.69787831916652;5.74878743990866;52.4705784239438;43.7287348280947;2861.47074207203;2890.80481428411;66.9786509320406;0.188118811881188;55;55
160;15.6800000000512;0.580000000000837;16.5200000000186;NA;NA;-1096.20481187079;-1108.96041061069;4.82545848071687;5.03308749584457;37.3666312264512;35.5191994046523;2349.57054850842;2367.3116023058;25.5111974797992;0.96039603960396;45;45
161;29.0899999999674;0.869999999999891;30.4699999999721;NA;NA;-1603.38850898648;-1652.41990800389;5.47579154257977;6.66330880747599;74.3585801840294;61.9802701464866;3542.28333306855;3584.49512940958;98.0627980348281;0.603960396039604;83;83
162;16.1199999999953;0.619999999999891;17.0300000000279;NA;NA;-1071.66171925344;-1098.04441442963;4.45147898391572;5.32413331209381;41.3956499809659;35.2564494843249;2319.19266049255;2345.87568674496;52.7653903523797;0.0594059405940594;49;49
163;17.5200000000186;0.550000000000182;18.2799999999697;NA;NA;-1174.85632001071;-1197.79835537037;4.58975931078449;5.16272068642034;47.7999186988147;43.1699392283634;2554.66583560281;2580.69779958689;45.884070719329;0.188118811881188;53;53
164;19.6399999999558;0.4399999999996;20.3600000000442;NA;NA;-1289.06465915576;-1311.34531071003;5.61903946576313;6.08265304638983;48.9279348849416;44.898723485884;2791.35833618181;2818.36024726956;44.5613031085454;0.891089108910891;61;61
165;21.5499999999884;0.839999999999236;22.7700000000186;NA;NA;-1214.23570383085;-1228.23873226813;6.01464310582612;6.19599195468402;35.8039827871382;34.5654573232386;2580.58445817928;2603.32864551329;28.0060568745484;1;49;49
166;18.7299999999814;0.610000000000582;19.6699999999837;NA;NA;-1183.82758104408;-1197.37962846253;6.00886975573925;6.14818203345423;37.9964921483568;36.8581642223429;2531.61994045072;2553.81185325344;27.104094836895;0.96039603960396;56;56
167;19.9199999999837;0.5;20.890000000014;NA;NA;-1367.77328085747;-1390.52427003272;5.09143277380307;5.54669597831327;54.4386781682062;49.9282699050193;2973.66963953612;2999.44240450378;45.501978350499;0.811881188118812;63;63
168;22.6300000000047;0.579999999999927;23.5599999999977;NA;NA;-1468.08683652719;-1501.95410196555;5.94706977916938;7.02621417714689;50.9756249646821;44.3582048951213;3160.33452163464;3198.96952701789;67.734530876714;0.841584158415842;66;66
169;22.1300000000047;0.760000000000218;23.210000000021;NA;NA;-1434.46820702635;-1458.28254408109;4.92962711208579;5.29696391546686;69.3277400326399;64.6406373211281;3176.81523323559;3203.62886783089;47.6286741094941;0.584158415841584;72;72
170;25.6700000000419;0.699999999999818;26.6700000000419;NA;NA;-1376.4246360155;-1400.6229158343;6.95534015862812;7.78581648334715;40.1624526481101;35.8906620341263;2928.84220924885;2958.51966863822;48.3965596376001;0.95049504950495;64;64
171;18.1600000000326;0.610000000000582;18.9799999999814;NA;NA;-1202.0592120129;-1235.90957821986;5.24445635118912;6.36498042206068;43.9403649697155;36.1146105456143;2594.50352729686;2628.29677930562;67.7007324139186;0.603960396039604;58;58
172;30.3099999999977;0.949999999999818;31.9500000000116;NA;NA;-1607.92263447784;-1614.16607842025;7.74201303819431;7.58521699335455;45.49105938416;46.6555603986362;3418.49054453227;3436.1648391775;12.4868878848138;0.99009900990099;74;74
173;21.2799999999697;0.699999999999818;22.359999999986;NA;NA;-1383.61639531139;-1447.73077293987;5.31484701258446;7.78228465812084;55.9563983876322;39.10103757773;3013.71688706187;3067.69893418363;128.228755256964;0.148514851485149;67;67
174;16.5800000000163;0.5;17.3600000000442;NA;NA;-1168.52066898384;-1188.57700977404;4.43478573473635;4.98655148919537;41.8210183243429;37.5114851810289;2512.46712334658;2534.50269282945;40.1126815804096;0.376237623762376;44;44
175;24.6900000000023;0.639999999999418;25.75;NA;NA;-1402.9745407397;-1405.90619923837;7.40129164981814;7.03075681891381;36.4148340721004;38.5363148514962;2964.64573040527;2979.75450736501;5.86331699735183;0.940594059405941;61;61
176;16.8300000000163;0.339999999999236;17.5599999999977;NA;NA;-1075.03023626987;-1089.10791322817;4.7086057746861;4.84035610690008;39.460921280414;37.878577188693;2316.88778735035;2338.35353019447;28.1553539166093;0.792079207920792;47;47
177;22.7800000000279;0.789999999999964;24.0299999999697;NA;NA;-1284.75327027038;-1293.87005798894;5.77272918460062;5.71860564730136;49.2971142402933;50.1388907791842;2786.6569471198;2808.59849046713;18.2335754371225;0.97029702970297;67;67
178;19.570000000007;0.609999999999673;20.5800000000163;NA;NA;-1256.90329585994;-1272.74856747759;4.70151113026033;4.92773702535983;50.8716714543608;48.5957642569777;2732.87281267004;2754.76272670031;31.6905432352896;0.841584158415842;55;55
179;31.3999999999651;0.710000000000036;32.5299999999697;NA;NA;-1774.87747444543;-1783.42774316281;5.42021311023065;5.35503393071825;87.5705527249053;88.9755456514508;3947.43502797019;3970.91599445043;17.1005374347592;1;88;88
180;17.6900000000023;0.640000000000327;18.6900000000023;NA;NA;-1111.13884492815;-1139.01381923685;4.37120724119526;5.4242404200904;42.9924689083539;35.8382309608261;2404.03518340524;2429.53945433506;55.7499486174002;0.158415841584158;47;47
181;31.5499999999884;0.890000000000327;33.2200000000303;NA;NA;-1656.96148846313;-1667.62672415333;7.38640826375219;7.38911515269637;49.4317109369663;49.6315342372425;3534.78147696197;3557.00474920915;21.3304713803914;0.930693069306931;76;76
182;16.1900000000023;0.320000000000618;16.9500000000116;NA;NA;-1155.77765305357;-1172.60571680288;4.42310388670902;4.77720878347955;39.7057412422658;36.821221175467;2477.18462535417;2498.80820843804;33.6561274986234;0.0693069306930693;42;42
183;18.1999999999534;0.410000000000764;18.8300000000163;NA;NA;-1259.28429336428;-1274.35061379778;4.96224541140806;5.14818714183464;47.2433583303131;45.3715303762178;2721.57694070578;2743.66619250563;30.1326408670052;0.871287128712871;54;54
184;19.140000000014;0.819999999999709;20.2800000000279;NA;NA;-1221.7054206828;-1236.44287043405;4.7051153794583;4.87006429822956;54.8327734841299;52.9545885476261;2680.51382537463;2701.86724524607;29.4748995024975;0.594059405940594;57;57
185;22.5800000000163;0.880000000000109;23.9000000000233;NA;NA;-1440.22466941017;-1460.38151003703;5.85212134488263;6.13951925975707;56.4959091376734;53.7651795872014;3129.72843897456;3157.99321588289;40.3136812537336;0.940594059405941;68;68
186;20.7799999999697;0.480000000000473;21.640000000014;NA;NA;-1363.17361010768;-1413.89222741712;4.73104701940323;6.30556224420862;59.384794329876;45.1034303883314;2985.63027570369;3024.7129005089;101.437234618883;0.0792079207920792;62;62
187;24.3000000000466;1.00999999999931;25.4300000000512;NA;NA;-1485.84448182416;-1527.51992131748;5.20150573163978;6.26764738914647;66.3075666452279;55.9400098682675;3268.38136191007;3305.34273454175;83.3508789866432;0.356435643564356;77;77
188;23.9500000000116;0.690000000000509;24.9099999999744;NA;NA;-1277.64051616747;-1304.24682008289;6.47272541144532;7.35517247086229;39.6770207844618;34.8113896386385;2728.19436280321;2760.20244293464;53.2126078308434;0.811881188118812;61;61
189;21.6599999999744;0.659999999999854;22.5100000000093;NA;NA;-1228.53995222679;-1242.21664251154;5.74822455663779;5.93741229149828;41.0034548194689;39.8962028890861;2632.50116992992;2655.11749759293;27.3533805695024;1;52;52
190;24.1300000000047;0.699999999999818;25.0400000000373;NA;NA;-1520.79630622796;-1556.36175655189;4.87717712890532;5.60901135695548;74.8368801618847;65.6839178192433;3375.46456739939;3405.76109034135;71.13090064786;0.316831683168317;75;75
191;14.9700000000303;0.409999999999854;15.4500000000116;NA;NA;-1018.99658004055;-1038.68473713405;4.50388253822984;5.09574378054506;38.1423362163058;33.9998375779631;2197.98805152631;2219.98790989805;39.3763141870072;0.435643564356436;44;44
192;20.8500000000349;0.520000000000437;21.75;NA;NA;-1383.68667885066;-1417.55230741973;5.06279986267332;5.95687156179494;58.1721243138946;49.863739848517;3023.61757485276;3054.75096835374;67.7312571381435;0.534653465346535;67;67
193;21.4400000000023;0.4399999999996;22.2000000000116;NA;NA;-1426.34248481864;-1465.54773295894;4.87990566329572;5.88111995490878;63.3022080322685;52.8974509489554;3130.07693126836;3162.89350488256;78.4104962805905;0.217821782178218;64;64
194;16.9400000000023;0.550000000000182;17.6900000000023;NA;NA;-1116.6317236471;-1129.85171931412;5.04946069347888;5.10147456168034;40.802237049023;39.8763992107548;2407.42771083502;2429.915765292;26.4399913340303;0.871287128712871;51;51
195;17.4799999999814;0.480000000000473;18.2199999999721;NA;NA;-1270.5138614602;-1285.44912655854;4.69544894208767;4.86810858425907;51.4670043195485;49.6146020490763;2761.70439537999;2783.63232284489;29.8705301966706;0.821782178217822;53;53
196;16.0900000000256;0.600000000000364;17.210000000021;NA;NA;-1119.32129537567;-1134.80525374095;4.40387678885906;4.56974760308268;44.6967970097366;42.6278392230005;2426.63357954546;2448.89963291841;30.967916730559;0.0396039603960396;45;45
197;29.0199999999604;0.980000000000473;30.5500000000466;NA;NA;-1489.23147507461;-1485.82631772554;7.31957248928202;6.72032818339991;46.9925206018764;51.0322959747758;3188.11205213117;3199.32450506263;-6.81031469814843;1;75;75
198;28.25;0.909999999999854;29.6499999999651;NA;NA;-1464.32747331509;-1485.8374557542;5.98789953865118;6.41477954280274;56.6085189901326;52.6328225732385;3180.43915596866;3205.77595942955;43.019964878205;0.920792079207921;73;73
199;20.4899999999907;0.449999999999818;21.289999999979;NA;NA;-1283.35789672201;-1313.65396509284;6.50033440448695;7.56044331748125;42.1225684352785;36.1016427505574;2749.93874611162;2784.34131695722;60.5921367416631;0.891089108910891;60;60
200;23.0800000000163;0.710000000000036;24.2800000000279;NA;NA;-1323.35391733916;-1345.43505069832;5.17914561324095;5.74334602210628;49.6242880843269;44.9495746549883;2860.40250888867;2884.43428302215;44.1622667183124;0.940594059405941;55;55
201;19.7299999999814;0.530000000000655;20.4199999999837;NA;NA;-1298.49367952588;-1322.31201339476;4.71663635309381;5.25095947865021;55.1026381647865;50.0123996252754;2838.44858713065;2863.77969401143;47.6366677377564;0.306930693069307;64;64
202;27.8000000000466;0.980000000000473;29.1699999999837;NA;NA;-1528.18331132245;-1600.47275046088;5.57108890459815;7.7839775357522;68.9201279145942;49.9087702135858;3367.33461175006;3426.13414147772;144.57887827686;0.475247524752475;83;83
203;23.0800000000163;1.01000000000022;24.359999999986;NA;NA;-1446.08913675985;-1512.04131525559;5.69915880137408;8.2542182915111;56.1567284169362;39.1539971835913;3141.17299733552;3197.68851870736;131.904356991477;0.356435643564356;71;71
204;26.1699999999837;0.909999999999854;27.4799999999814;NA;NA;-1583.32962041014;-1632.75198576317;5.33431045730046;6.56834152914728;73.489566614746;60.2522300026584;3498.24456200129;3537.36235847312;98.8447307060551;0.465346534653465;83;83
205;23.4699999999721;0.690000000000509;24.710000000021;NA;NA;-1515.88141896714;-1563.54690526556;5.63899320655993;7.14654405939437;59.6155426715954;47.6017941266386;3296.51058355583;3338.48948215978;95.3309725968388;0.653465346534653;72;72
206;30.7900000000373;0.890000000000327;32.2800000000279;NA;NA;-1575.6743065867;-1601.77516673695;6.74040721242541;7.43926810824208;51.6501364407082;47.6714195684828;3382.4565187482;3416.85551892868;52.2017203005084;0.831683168316832;77;77
207;22.3400000000256;0.829999999999927;23.4699999999721;NA;NA;-1490.37799606991;-1498.3252439256;6.32889668635231;6.23937110150958;53.3621718114828;54.0821907606633;3216.98140000599;3236.0632991563;15.8944957113663;0.891089108910891;70;70
208;23.0100000000093;0.840000000000146;24.2700000000186;NA;NA;-1474.66887555726;-1521.98900831682;5.80903254752029;7.42479061921637;54.6720045015355;42.7668920475467;3190.56916580969;3232.68003999654;94.6402655191182;0.584158415841584;68;68
209;24.609999999986;0.639999999999418;25.5599999999977;NA;NA;-1321.06608540839;-1345.66285063898;5.37094421996794;5.97595582148465;50.3150099671115;45.0769551935052;2860.13737799417;2886.63543017017;49.1935304611711;0.821782178217822;58;58
210;15.8800000000047;0.520000000000437;16.679999999993;NA;NA;-1097.14349564974;-1114.71810704077;4.53241103803663;4.92888862608568;35.9348929475934;32.9909601325348;2343.30988425903;2366.25054458848;35.1492227820627;0.386138613861386;40;40
211;26.4899999999907;0.720000000000255;27.539999999979;NA;NA;-1439.57817038858;-1461.52547658243;6.75738142032337;7.30297065511798;45.844992972837;42.4576775015399;3081.43998873114;3110.38861714388;43.8946123877172;0.752475247524752;68;68
212;30.6000000000349;0.539999999999964;31.5800000000163;NA;NA;-1693.76612974469;-1711.97464359124;5.06883923594506;5.24712774940587;87.6700350311786;84.8937385647666;3786.64921097018;3810.42717696235;36.4170276930963;0.782178217821782;90;90
213;14.8099999999977;0.639999999999418;15.7399999999907;NA;NA;-1074.21099697652;-1085.1115777823;4.4535519860643;4.4918921393346;33.6951547029464;32.9371927074793;2286.84317372126;2305.53059406775;21.8011616115677;0.801980198019802;37;37
214;19.5800000000163;0.520000000000437;20.5499999999884;NA;NA;-1191.47082335317;-1214.39180737357;5.49021409465061;6.12980650028234;42.4416224459505;37.8827773711318;2564.51569092085;2590.85397626817;45.841968040806;0.683168316831683;52;52
215;15.2600000000093;0.610000000000582;16.1900000000023;NA;NA;-1099.43921452144;-1110.76268238664;4.65102095416912;4.66809199936378;39.8774549459101;39.1728894325626;2364.74356373707;2384.45995001464;22.6469357304004;0.910891089108911;41;41
216;26.6900000000023;0.800000000000182;27.9500000000116;NA;NA;-1597.54911666348;-1617.23195476014;4.89242538376195;5.13494513665358;83.8857407694946;80.8083463185856;3574.09346423;3599.55549232052;39.3656761933235;0.277227722772277;84;84
217;19.0500000000466;0.720000000000255;20.0599999999977;NA;NA;-1320.86034828588;-1327.21354386657;5.59322647923505;5.38561337925586;46.073034337738;47.4353658033935;2840.12277834982;2858.69571168154;12.7063911613859;1;55;55
218;22.5200000000186;0.769999999999527;23.5;NA;NA;-1434.43929752232;-1494.83568279289;5.46348888701301;7.41875955180857;60.4958708953028;44.6599786170437;3136.68369538702;3187.37361993509;120.792770541142;0.386138613861386;70;70
219;22;0.75;23.1699999999837;NA;NA;-1383.9560868882;-1411.02709519917;4.95798696327131;5.52893471773242;62.2214552355885;56.1150823645103;3040.56824786691;3067.95197592655;54.14201662195;0.415841584158416;64;64
220;21.7299999999814;0.649999999999636;22.8699999999953;NA;NA;-1383.85237926553;-1392.34583618661;5.40384620735728;5.35054855417224;50.9923011949471;51.3243586730337;2988.64453760936;3007.07019228357;16.9869138421541;0.910891089108911;58;58
221;16.1600000000326;0.579999999999927;17.1600000000326;NA;NA;-1079.86420310286;-1088.87287636879;5.3397580483504;5.19302384965918;34.3253693135763;34.7238290031518;2303.31778141541;2323.00195860391;18.0173465318567;0.97029702970297;43;43
222;26.6100000000442;0.930000000000291;28.2199999999721;NA;NA;-1507.8469073965;-1557.89869717811;5.29295396018809;6.5255065402765;72.6161675244711;59.1952025915469;3342.89825119153;3382.52770472322;100.103579563232;0.415841584158416;82;82
223;21.0799999999581;0.690000000000509;22.3099999999977;NA;NA;-1344.18098209622;-1392.82748798319;4.76926969741353;6.23194541272022;60.9514292204464;47.4445983553242;2957.74523797552;2995.34294213459;97.2930117739434;0.188118811881188;69;69
224;21.640000000014;0.609999999999673;22.5699999999488;NA;NA;-1473.24739504999;-1491.86780196132;4.93817043515975;5.16304639794849;68.0071473219282;65.0332641297292;3246.56537480647;3270.68440800058;37.240813822661;0.732673267326733;68;68
225;30.8199999999488;0.75;32.1300000000047;NA;NA;-1625.85727772783;-1641.34378650058;7.09546563328727;7.32847222390699;52.6830086947702;51.5557721620077;3487.44403533426;3513.37324676178;30.9730175454943;1;77;77
226;18.5900000000256;0.670000000000073;19.7399999999907;NA;NA;-1197.20178648998;-1214.61492897008;4.72801415304108;5.01579378006868;48.4277948173376;45.5990679196927;2602.50154188127;2625.1725692214;34.8262849602002;0.613861386138614;54;54
227;23.2799999999697;0.670000000000073;24.609999999986;NA;NA;-1400.88376073443;-1473.797942029;5.48217540220364;8.4722573693756;55.1402205067224;36.392381641848;3046.64072765014;3109.21147230407;145.828362589135;0.346534653465347;72;72
228;25.6199999999953;0.969999999999345;27.1699999999837;NA;NA;-1571.1780147261;-1645.56694876958;5.23433642564539;7.45082573110661;71.4581061603766;50.8013285246145;3462.09445395808;3518.44382244554;148.777868086978;0.336633663366337;77;77
229;19.8399999999674;0.529999999999745;20.7700000000186;NA;NA;-1374.48607408178;-1395.46168946507;4.63464342740326;4.98736765897941;61.3557564413448;57.2003254992029;3016.86072437954;3040.66871084078;41.95123076658;0.287128712871287;62;62
230;25.6699999999837;0.670000000000073;26.7000000000116;NA;NA;-1404.64749495498;-1418.45185456178;8.92259243077159;9.16686563056004;30.3684638519103;29.445061580905;2941.39043949005;2964.98258286608;27.6087192136029;0.98019801980198;60;60
231;43.2299999999814;1;44.9700000000303;NA;NA;-1810.32509107891;-1825.81287959107;6.66717994804754;6.79302624243891;73.9448407342034;73.0779838577421;3959.66947017299;3986.67071716763;30.9755770243128;1;96;96
232;30.0799999999581;1.19000000000051;31.75;NA;NA;-1664.33225209737;-1693.76572109344;5.68050389935043;6.24186896114852;68.7165848183018;62.6425871897918;3636.57936384775;3668.22908590488;58.8669379921339;0.742574257425743;78;78
233;22.1199999999953;0.799999999999272;23.3999999999651;NA;NA;-1371.35426967428;-1376.90731685333;6.60017054539814;6.36346911374583;37.5150660256102;38.8326883701851;2903.56305278075;2920.31875737754;11.1060943580892;1;53;53
234;20.1900000000023;0.579999999999927;21.1500000000233;NA;NA;-1375.06081954361;-1428.30692650295;5.26694898960772;7.37537266513399;51.647244051828;37.5221972852485;2975.2014661998;3020.13641520443;106.492213918676;0.267326732673267;61;61
235;23.179999999993;0.779999999999745;24.4799999999814;NA;NA;-1435.52786812922;-1479.80907045999;5.5601710523775;6.86273527951362;58.720308455747;48.318152032262;3131.41718177863;3173.85720469235;88.5624046615417;0.712871287128713;71;71
236;23.359999999986;0.829999999999927;24.609999999986;NA;NA;-1484.56077773813;-1508.60379579881;5.91494449156843;6.46360168783239;57.9295251450834;53.5067472926216;3226.3818352589;3254.82667693076;48.0860361213408;0.772277227722772;72;72
237;15.9400000000023;0.640000000000327;16.8699999999953;NA;NA;-1061.29396846032;-1073.96864338974;4.66855325245855;4.72934470971868;36.9781622266188;36.0433990196168;2276.83937877717;2298.28943879053;25.34934985883;0.871287128712871;42;42
238;21.2900000000373;0.5600000000004;22.3000000000466;NA;NA;-1350.02499892972;-1383.01128269496;5.58666004842681;6.52789107867016;53.220380607822;45.725523935409;2934.08196288348;2967.09655426675;65.9725675304826;0.752475247524752;66;66
239;26.070000000007;0.829999999999927;27.5799999999581;NA;NA;-1473.73165077078;-1502.04377709596;5.79561438031252;6.36656559497615;64.5881461190024;58.9266189158895;3237.29027215655;3268.50950272578;56.6242526503675;0.831683168316832;79;79
240;21.1900000000023;0.840000000000146;22.5;NA;NA;-1415.43377076782;-1447.40754154781;4.89387247577145;5.6276204632504;61.6896987887716;53.9910601182005;3103.06340204257;3133.04194036843;63.9475415599845;0.534653465346535;68;68
241;22.5599999999977;0.630000000000109;23.3800000000047;NA;NA;-1381.84786136199;-1409.35327622197;5.30837673801997;5.838271848512;62.3963196323605;56.5777598078474;3039.00943389883;3068.34680549789;55.0108297199572;0.584158415841584;68;68
242;16.1699999999837;0.420000000000073;17.0300000000279;NA;NA;-1054.98094673422;-1080.20436456341;4.5084267348699;5.29822744779025;42.2558476995801;36.1975446589003;2288.15082234649;2313.05036482754;50.4468356583716;0.237623762376238;46;46
243;16.6199999999953;0.659999999999854;17.679999999993;NA;NA;-1215.27879478445;-1230.49964452698;4.52776660197977;4.67516714380173;47.9744706839992;46.130990861218;2634.3769000097;2656.98658423887;30.4416994850662;0.237623762376238;49;49
244;17.1699999999837;0.659999999999854;18.4099999999744;NA;NA;-1203.29868313563;-1220.00343049302;4.74506847641984;4.96131335936035;45.5799857531769;43.2567411228416;2601.59797820554;2625.06815159096;33.4094947147787;0.277227722772277;52;52
245;26.179999999993;0.859999999999673;27.5599999999977;NA;NA;-1512.20865577719;-1527.53005344268;7.14953488477018;7.35118731674983;47.3621290292733;47.3843489810128;3235.39748697701;3266.13926369697;30.6427953309903;0.752475247524752;74;74
246;24.640000000014;0.639999999999418;26.0500000000466;NA;NA;-1488.82197514357;-1526.21695935689;5.76746454499357;6.74527045134348;61.5992564032034;53.0495938757083;3255.20679422525;3291.47245595719;74.7899684266495;0.594059405940594;82;82
247;32.7000000000116;1.0600000000004;34.289999999979;NA;NA;-1638.17382655724;-1674.32658215879;5.45978667043815;6.22983173015815;72.2208920905665;63.4378067096357;3599.96510166614;3632.91413859827;72.3055112030961;0.702970297029703;78;78
248;21.6900000000023;0.770000000000437;22.7400000000489;NA;NA;-1382.1233171598;-1397.64560714879;4.85699742159417;5.03464324230039;67.8610261534394;65.7843359136001;3063.67248290358;3085.55400165841;31.0445799779873;0.920792079207921;68;68
249;14.2200000000303;0.5600000000004;15.0200000000186;NA;NA;-1027.53919585196;-1039.46639354741;4.48102152293975;4.54777760777167;35.8210274818236;34.802933311934;2202.71039249684;2222.36883679803;23.8543953908934;0.900990099009901;38;38
250;18.1900000000023;0.539999999999964;19.2700000000186;NA;NA;-1253.00909433942;-1271.60559516748;4.74201626008301;5.00935844589357;51.8626568773904;48.8288697359273;2728.39131289559;2752.57625122688;37.1930016561269;0.524752475247525;53;53
