1;25.0899999999674;1.07999999999993;26.4000000000233;NA;NA;-1472.31525920592;-1493.24279074631;5.34276282910034;5.67117205540754;59.7114705606911;56.3733998600233;3208.53362335569;3235.63562116849;41.8550630807745;0.891089108910891;69;69
2;20.0299999999697;0.529999999999745;20.859999999986;NA;NA;-1179.31648052791;-1197.10002569946;6.17301267975727;6.66072968801122;34.6211273302671;31.6635549879528;2505.36372430899;2528.39607414453;35.5670903431119;0.98019801980198;48;48
3;16.1000000000349;0.340000000000146;16.7200000000303;NA;NA;-1173.6461955246;-1187.1019677688;4.38453320786735;4.49134954769955;45.5625532481774;44.120700647415;2540.39494805414;2561.19565361491;26.9115444884101;0.0891089108910891;48;48
4;18.5499999999884;0.449999999999818;19.1699999999837;NA;NA;-1323.8145248326;-1341.85106731794;4.57125299796894;4.83164331686148;59.5625889028531;56.7331917421683;2906.21132222671;2930.00099303986;36.0730849706883;0.158415841584158;59;59
5;18.75;0.5;19.5599999999977;NA;NA;-1281.4405942877;-1315.06476205993;5.67234406272865;7.02911326409401;43.1313727600014;35.3266243465374;2749.76108506225;2783.19295518304;67.2483355444601;0.792079207920792;58;58
6;20.25;0.619999999999891;21.0499999999884;NA;NA;-1362.02047364469;-1384.25697474841;4.73598442687113;5.15401876788903;63.3182896632787;58.7642231189941;3002.4775834543;3026.92447667799;44.4730022074436;0.257425742574257;66;66
7;27.9400000000023;0.980000000000473;29.4599999999627;NA;NA;-1512.28692042141;-1533.34062076757;6.00561356796165;6.35661213580913;61.7081676988319;57.6807390561658;3301.0844073483;3325.14514392673;42.1074006923122;0.801980198019802;78;78
8;32.2999999999884;1.02999999999975;33.960000000021;NA;NA;-1587.38624213901;-1598.02314086243;7.01566955533772;7.00153103594881;60.2548022845199;59.8866813175112;3446.27729228331;3465.89235700378;21.2737974468459;0.98019801980198;82;82
9;26.359999999986;0.670000000000073;27.359999999986;NA;NA;-1632.4009001957;-1651.5373420931;6.72222809569459;7.10240813599251;58.9597445161263;56.2125987543721;3530.82848584756;3556.70623313928;38.2728837948039;0.821782178217822;83;83
10;23.9500000000116;0.590000000000146;25;NA;NA;-1493.8414074442;-1560.46622479916;4.93850391768413;7.06884487753078;68.1777629305769;48.8966595246797;3293.18324625782;3340.03542299046;133.249634709928;0.138613861386139;78;78
11;27.6900000000023;0.920000000000073;28.9799999999814;NA;NA;-1512.73497449861;-1534.37361937825;8.26035360417399;8.93487217496926;39.3455974724453;36.1127939822918;3199.64632704086;3228.61253655192;43.277289759264;0.95049504950495;70;70
12;21.0599999999977;0.470000000000255;21.6900000000023;NA;NA;-1332.69201833787;-1383.97900869893;4.82526440018281;6.6049387444537;57.3068642970769;42.6744564210664;2916.50424237518;2954.9586220552;102.573980722111;0.168316831683168;64;64
13;25.25;1.0600000000004;26.5200000000186;NA;NA;-1437.88721012655;-1461.90241282343;7.37266687784512;8.04354401928353;42.2615946086181;38.7367203513819;3062.2469000471;3094.72436547739;48.0304053937743;0.871287128712871;68;68
14;21.390000000014;0.669999999999163;22.1900000000023;NA;NA;-1491.31225492123;-1508.42064187956;4.71234518986234;4.92618055470718;69.2955938498867;66.5587570659232;3290.36057045884;3312.42327622115;34.2167739166466;0.336633663366337;72;72
15;19.8500000000349;0.5;20.640000000014;NA;NA;-1299.14945246223;-1334.04893105237;5.07003830236098;6.13013462121381;54.2636191467473;45.3641122310727;2835.65624789695;2866.52740504316;69.7989571802868;0.702970297029703;63;63
16;23.2199999999721;0.619999999999891;23.9799999999814;NA;NA;-1427.44210922769;-1444.56777421959;4.83272854839965;5.00255485346035;73.5444771518476;71.1739288369079;3185.36356407356;3208.96260191772;34.2513299837915;0.485148514851485;80;80
17;24.8699999999953;0.739999999999782;25.7800000000279;NA;NA;-1416.52663387275;-1440.79924167747;5.07800263173425;5.51304248747639;71.2646608917503;66.2687304574379;3152.83982331724;3178.96675522935;48.5452156094379;0.613861386138614;79;79
18;16.5500000000466;0.369999999999891;17.0299999999697;NA;NA;-1135.93171001102;-1146.84966690144;4.60605461870895;4.67118030472126;42.9373068339765;41.9909483754566;2452.45414033959;2470.30974961826;21.8359137808411;0.98019801980198;45;45
19;19.9199999999837;0.569999999999709;20.7799999999697;NA;NA;-1265.5262625537;-1275.90318124765;5.35507757252808;5.33074749144201;45.2902188861136;45.1695141586456;2724.37372973707;2744.61233924812;20.7538373878992;0.841584158415842;51;51
20;16.9099999999744;0.399999999999636;17.5;NA;NA;-1166.70614138311;-1181.59932178657;4.99336000167417;5.18990570155663;41.292568313038;39.4955344045882;2508.84356277616;2530.99523357323;29.7863608069279;0.792079207920792;49;49
21;17.1900000000023;0.470000000000255;17.9099999999744;NA;NA;-1107.73926761647;-1141.4565829729;4.53571706083284;5.75556627893411;44.4125888649127;35.6544396125146;2405.48478168378;2435.45023737587;67.4346307128508;0.108910891089109;52;52
22;28.4799999999814;0.850000000000364;29.5;NA;NA;-1567.59843282745;-1593.36577427153;6.41386225791972;7.06861837756395;53.9498564314696;48.9954899487553;3375.88493277809;3405.31655605833;51.5346828881743;0.811881188118812;75;75
23;31.6300000000047;0.980000000000473;33.0800000000163;NA;NA;-1464.8427975194;-1499.02226916234;7.0974815857901;8.26209563780951;49.8239356982889;42.6074082012756;3153.57435328906;3189.50512008625;68.358943285883;0.871287128712871;80;80
24;22.7199999999721;0.550000000000182;23.4400000000023;NA;NA;-1435.99667354638;-1458.5737911738;6.19396454507824;6.71763693240714;53.1058888992596;48.979637653189;3107.83225311024;3134.66214430461;45.1542352548322;0.98019801980198;72;72
25;30.070000000007;1.22000000000025;31.7000000000116;NA;NA;-1630.33851348407;-1691.04061303411;9.04763478437387;12.1400765744087;41.1434846697404;31.3852370301876;3445.30055680912;3522.91648326437;121.404199100072;0.821782178217822;79;79
26;21.25;0.610000000000582;22.140000000014;NA;NA;-1449.46682553644;-1463.66057269764;4.80706672074059;4.90503703511373;67.4560196392245;65.965976218315;3195.05065115678;3216.89718456636;28.3874943223964;0.811881188118812;65;65
27;24.8699999999953;0.840000000000146;25.9400000000023;NA;NA;-1516.65444109359;-1555.35380643135;5.31705669829036;6.26188468794454;68.6345988826696;59.1523545230055;3343.39955329364;3377.95756565871;77.3987306755234;0.485148514851485;84;84
28;27.2700000000186;0.720000000000255;28.1100000000442;NA;NA;-1556.32651744782;-1591.4306649385;17.3079903984945;20.6013305955555;17.9328939256294;15.01436248081;3191.64620248975;3248.99856666008;70.208294981353;0.96039603960396;67;67
29;18.2800000000279;0.75;19.3999999999651;NA;NA;-1261.63654297061;-1302.5826771056;5.02804416831192;6.42215856167273;47.4665472762619;37.2784379317059;2728.93645517678;2766.68561605479;81.892268269969;0.188118811881188;58;58
30;16.9500000000116;0.539999999999964;17.5800000000163;NA;NA;-1219.64673763315;-1232.64117275408;4.48839768453722;4.59156155540912;50.3080043704945;48.9692454862113;2655.00066765764;2675.24929986319;25.988870241848;0.534653465346535;53;53
31;29.4200000000419;0.920000000000073;30.5899999999674;NA;NA;-1528.15213489176;-1566.06103362329;4.8583479021163;5.68086587803795;77.2910579738885;67.522006383497;3402.64082494544;3434.68409319766;75.817797463068;0.0891089108910891;78;78
32;26.5;0.619999999999891;27.3499999999767;NA;NA;-1441.06819075058;-1483.40557566248;5.31363034563879;6.52593491435877;60.74811506921;49.7090220127805;3150.17765549175;3186.14420509875;84.6747698237955;0.643564356435644;68;68
33;24.3099999999977;0.710000000000036;25.179999999993;NA;NA;-1460.27667280976;-1498.47150155514;6.85841935048752;8.35168147218128;48.6983357901848;40.6922623400266;3138.45345518395;3179.02003466469;76.389657490769;0.712871287128713;77;77
34;18.3300000000163;0.390000000000327;18.929999999993;NA;NA;-1346.95772238815;-1363.15108095717;4.48079510213725;4.67515118536792;55.0523897512977;52.8811046876948;2931.48087183353;2954.49792735056;32.3867171380398;0.0297029702970297;56;56
35;16.2799999999697;0.630000000000109;17.1700000000419;NA;NA;-1151.84816828768;-1167.04141054821;4.52498753853848;4.74183018729365;46.4486949127039;44.0300502897445;2501.96249370256;2522.02499870705;30.3864845210683;0.158415841584158;51;51
36;20.0400000000373;0.710000000000036;20.8600000000442;NA;NA;-1299.95510893004;-1325.24587269909;4.93297013762528;5.57924740396837;55.3315317389377;49.3028410149293;2842.80339887212;2866.92030811261;50.5815275380851;0.663366336633663;65;65
37;36.8000000000466;0.800000000000182;37.820000000007;NA;NA;-1696.22118416275;-1717.52770786766;4.83487446932818;5.05080145212079;104.683708068698;100.915305346818;3874.52865968215;3899.78757122837;42.6130474098072;0.445544554455446;100;100
38;16.8300000000163;0.670000000000073;17.609999999986;NA;NA;-1135.19746806224;-1143.82735067417;4.9277052886072;4.8745957564674;39.678838076632;39.7818051896622;2438.14352881674;2455.83860387178;17.2597652238601;0.97029702970297;47;47
39;24.789999999979;0.780000000000655;25.7200000000303;NA;NA;-1496.90067835472;-1531.26323795469;5.60409574988405;6.42258638606631;66.6835683717874;58.2135854469923;3290.85115664962;3321.8457405057;68.7251191999503;0.762376237623762;74;74
40;29.4099999999744;0.840000000000146;30.4699999999721;NA;NA;-1475.39363793007;-1498.54499319953;9.5554339085439;10.4149826536103;34.0173581822862;30.8969677030577;3101.85557931202;3134.30089112884;46.3027105389201;0.871287128712871;72;72
41;21.210000000021;0.549999999999272;21.9199999999837;NA;NA;-1360.3091365204;-1380.72124687377;4.66744587267478;5.00963941453384;64.0035154417432;60.1712936663286;3003.49066412067;3027.37785052111;40.8242207067319;0.118811881188119;69;69
42;30.0100000000093;1.01000000000022;31.2299999999814;NA;NA;-1545.95311818762;-1600.58395306613;5.09326025109231;6.51553219031826;74.5300714261265;58.5135507577025;3426.81444685753;3464.10430479988;109.261669757017;0.336633663366337;80;80
43;17.960000000021;0.449999999999818;18.8099999999977;NA;NA;-1310.49494743131;-1324.70389430038;4.58717637402561;4.69745731783804;57.6715446991832;56.1123324976523;2871.36247545631;2893.01127735501;28.4178937381307;0.425742574257426;59;59
44;24.3400000000256;0.649999999999636;25.2700000000186;NA;NA;-1451.62551908765;-1544.9233589812;5.99362242716161;9.87870341902955;57.6461574300468;35.6079396880497;3159.25290512839;3247.97866369625;186.595679787094;0.326732673267327;72;72
45;27;0.760000000000218;28.0400000000373;NA;NA;-1649.64452567395;-1700.64094145598;5.54003217678327;6.87527435489443;72.8873914769254;59.4644721205879;3629.451350008;3670.64159528633;101.99283156406;0.772277227722772;86;86
46;19.9400000000023;0.550000000000182;20.789999999979;NA;NA;-1240.98704545965;-1256.63819159039;4.6590514621588;4.79151766693556;59.8883391370727;57.7905916857277;2743.45569971843;2765.59890715078;31.3022922614819;0.445544554455446;62;62
47;24.4499999999534;0.699999999999818;25.289999999979;NA;NA;-1479.4209547192;-1491.45168838269;5.11550450832874;5.21133067735651;71.7240998058159;70.347462067134;3282.02673801318;3299.88515179485;24.0614673269879;0.831683168316832;82;82
48;20.7200000000303;0.670000000000073;21.6000000000349;NA;NA;-1139.49762762051;-1151.44518443343;6.32940419481256;6.4855565219695;28.2893271065461;27.4188290533182;2395.95368501856;2416.24984116315;23.8951136258524;0.99009900990099;39;39
49;21.570000000007;0.550000000000182;22.4400000000023;NA;NA;-1388.8896545256;-1407.3984940097;4.70210029133487;4.92557490222319;66.2712907917934;63.4687090131315;3070.67444702665;3095.30572810007;37.0176789682055;0.247524752475248;69;69
50;22.7799999999697;0.8100000000004;23.890000000014;NA;NA;-1443.30954027335;-1491.38312271575;4.86874015296271;6.33019835043044;63.3470557092851;50.124805860646;3167.93817015363;3205.36640566868;96.1471648847978;0.237623762376238;72;72
51;18.4799999999814;0.529999999999745;19.3299999999581;NA;NA;-1206.89693823515;-1229.11741005622;6.68227723347723;7.5098074842321;34.8902408928669;31.1470274015551;2563.3938456806;2591.78489661014;44.4409436421502;0.930693069306931;53;53
52;23.8299999999581;0.75;24.859999999986;NA;NA;-1386.00885096561;-1420.95980217089;4.72954889565666;5.63242012988599;62.1561337470631;52.0323543288881;3044.38753551921;3069.92676687576;69.9019024105546;0.386138613861386;64;64
53;20.3699999999953;0.609999999999673;21.0100000000093;NA;NA;-1309.20825980398;-1387.11582743893;4.67770012153612;7.90678213716761;58.1781208014961;35.7687593581235;2870.98832629597;2929.51649477317;155.815135269907;0.0594059405940594;59;59
54;30.5999999999767;0.710000000000036;31.6699999999837;NA;NA;-1519.22023545823;-1618.40270903622;5.84680645705363;9.93760105259692;58.733657150022;34.3782485805541;3299.67690124336;3389.71350137355;198.364947155974;0.455445544554455;73;73
55;19.9199999999837;0.460000000000036;20.6000000000349;NA;NA;-1337.46597900738;-1350.84096098534;6.07332856425669;6.3101005194675;44.026447910515;42.5361743859218;2864.91756893782;2885.23661376558;26.7499639559146;0.712871287128713;56;56
56;27.3699999999953;0.910000000000764;28.5799999999581;NA;NA;-1467.41662693683;-1496.52383086151;5.54107252225373;6.24441806481426;61.0291320718253;53.9162682905574;3204.55994615824;3231.33806849505;58.2144078493507;0.792079207920792;69;69
57;22.6599999999744;0.680000000000291;23.4500000000116;NA;NA;-1430.00798804009;-1449.84915273359;4.97639856944385;5.23481524160397;67.7606719516853;64.421960354827;3162.76738979807;3187.53251681929;39.6823293870048;0.584158415841584;76;76
58;16.5199999999604;0.399999999999636;16.9799999999814;NA;NA;-1010.65785586245;-1039.46658618151;4.71840546036691;6.07493635583243;34.7637305246795;27.6025624068499;2166.73883304356;2194.39980154851;57.6174606381237;0.435643564356436;43;43
59;23.0200000000186;0.700000000000728;23.8800000000047;NA;NA;-1272.54428351514;-1289.23288998009;6.68847777774992;7.07808117889704;35.7440731787063;33.5949509542978;2698.683605929;2722.8258749283;33.3772129298886;0.930693069306931;54;54
60;19.1900000000023;0.589999999999236;19.9599999999627;NA;NA;-1359.06791221077;-1374.27827778638;4.57709840971128;4.73570219905391;61.1706354104767;59.1046566076676;2986.18717805018;3007.55473506082;30.4207311512191;0.108910891089109;64;64
61;24.0099999999511;0.75;25.0800000000163;NA;NA;-1450.73512082873;-1475.0411589264;5.43341031684627;5.88551130202206;65.3294423525134;60.4208644153791;3192.48792794594;3219.23416627719;48.6120761953421;0.712871287128713;74;74
62;17.4000000000233;0.539999999999964;18.1900000000023;NA;NA;-1156.10040816773;-1191.1113262449;4.58762370197602;5.81285304309966;44.0603253416655;35.5067743012457;2498.47284263204;2532.33318265635;70.0218361543371;0.0396039603960396;47;47
63;19.6300000000047;0.579999999999927;20.5;NA;NA;-1375.61202593261;-1377.69984924491;6.30949066714418;5.89683723603763;44.3187473044948;47.5739007569876;2943.62741454926;2961.93483403308;4.17564662460427;0.98019801980198;59;59
64;25.2799999999697;0.800000000000182;26.289999999979;NA;NA;-1553.33893854838;-1605.98192210127;4.74396388540239;5.93925935254787;80.2809702267184;65.2893950292569;3468.90604802746;3506.54994693439;105.285967105796;0.0396039603960396;83;83
65;28;0.8799999999992;29.2199999999721;NA;NA;-1488.53107955826;-1527.01011918926;6.14469888920936;7.29117773739361;57.6111422900085;49.2110190415992;3234.46596388751;3273.89269767121;76.9580792619931;0.811881188118812;76;76
66;16.5;0.449999999999818;17.0599999999977;NA;NA;-1054.94218876513;-1082.96425187984;5.14720807267272;6.51698016927645;33.0448783141355;26.3088744418948;2246.07481773886;2274.35732463695;56.0441262294316;0.683168316831683;38;38
67;25.8500000000349;0.829999999999927;26.9400000000023;NA;NA;-1316.29130328605;-1393.78536591884;4.83318324125184;7.8728905443547;61.1349296108658;38.6607741655654;2900.95142011209;2957.28297587545;154.988125265596;0.0495049504950495;65;65
68;22.859999999986;0.670000000000073;23.75;NA;NA;-1361.3529881077;-1373.83244568996;5.25155001725301;5.37158249574191;55.3747772943747;54.5088041580476;2965.78899564677;2986.94648035847;24.9589151645127;0.910891089108911;65;65
69;29.5199999999604;0.890000000000327;30.6500000000233;NA;NA;-1569.77305495831;-1595.93108759881;8.69903533688682;9.66031376284871;40.8499491684574;36.3897002327691;3320.38200126154;3352.95329064137;52.3160652810034;0.891089108910891;70;70
70;21.3600000000442;0.650000000000546;22.2799999999697;NA;NA;-1396.86975220131;-1416.56512689738;4.7880507716387;5.15521705360867;59.5864864305727;56.1741592740682;3055.76586251883;3080.15120194167;39.3907493921279;0.405940594059406;66;66
71;22.4499999999534;0.719999999999345;23.2599999999511;NA;NA;-1422.47454687442;-1479.02974517227;5.05908223009835;6.84896975690944;63.9616185526482;48.1182654650683;3129.43852824711;3172.08062428328;113.110396595695;0.405940594059406;73;73
72;21.3300000000163;0.8100000000004;22.2700000000186;NA;NA;-1295.02861562617;-1314.98545204635;5.30127140463593;5.8006439164443;47.1691609319027;43.3210275678407;2794.43208297283;2817.67253818235;39.9136728403437;0.683168316831683;58;58
73;19.4400000000023;0.699999999999818;20.3800000000047;NA;NA;-1373.17649104309;-1388.45339972145;4.66603034181573;4.83402151156835;63.2397044617367;61.1641638006046;3024.44404670635;3045.87085569025;30.5538173567229;0.425742574257426;66;66
74;33.1699999999837;1;34.2999999999884;NA;NA;-1737.63504155379;-1819.5544638482;5.14484490989616;7.1300847161661;90.2930749583501;66.1480371871718;3889.70993215467;3942.7244880177;163.838844588817;0.386138613861386;97;97
75;23.3500000000349;0.75;24.359999999986;NA;NA;-1461.65856387928;-1506.90835612225;4.9276239679231;6.03981043966642;69.1931829814698;56.8335094410234;3230.59839009037;3266.20967599153;90.4995844859332;0.366336633663366;72;72
76;32.7600000000093;1.18000000000029;34.2999999999884;NA;NA;-1538.78564394817;-1654.51347790709;4.9736696659458;9.03915561975667;74.5903492688582;42.8275018919573;3411.80613072677;3500.93440099966;231.455667917855;0.0198019801980198;78;78
77;20.8800000000047;0.5;21.7099999999627;NA;NA;-1335.53281653833;-1352.59121918511;6.00991635114335;6.38088254729785;48.3375156674574;45.2982292053069;2882.50129595959;2903.32379890965;34.1168052935445;0.643564356435644;63;63
78;17.75;0.579999999999927;18.4099999999744;NA;NA;-1268.39914984967;-1281.19042545434;4.60688661124971;4.72580307089;53.4136280160954;52.0492948926644;2766.81082537821;2786.51821477505;25.5825512093515;0.871287128712871;55;55
79;19.140000000014;0.509999999999309;19.859999999986;NA;NA;-1287.02756329369;-1313.99896415332;4.54020364624726;5.21982641877089;54.7518259736458;48.1321890841032;2809.32794505306;2834.82565657622;53.942801719264;0.277227722772277;54;54
80;23.9100000000326;0.649999999999636;24.8699999999953;NA;NA;-1486.2853499092;-1507.00791609768;4.85822358141169;5.15326479083224;72.524720370438;68.6265901717494;3296.60765206854;3320.63612675132;41.4451323769558;0.326732673267327;76;76
81;26.4000000000233;0.789999999999964;27.3299999999581;NA;NA;-1458.64959756772;-1498.12346311585;5.09474038490271;6.10713634948034;66.4966043682208;55.5594979527396;3213.06377709641;3243.36528426031;78.9477310962561;0.435643564356436;73;73
82;26.929999999993;0.950000000000728;28.3299999999581;NA;NA;-1491.50515532292;-1493.18182983058;7.14160286647432;6.7749296979373;43.3485727740399;46.9691311001372;3174.5953250917;3193.9502325164;3.35334901531542;0.95049504950495;69;69
83;26.109999999986;1.13999999999942;27.4799999999814;NA;NA;-1370.6285197752;-1382.26085068725;5.95632864921022;5.94644156465055;50.6588599235558;51.1850721053507;2964.40584245212;2989.98843284029;23.264661824107;0.900990099009901;67;67
84;22.25;0.780000000000655;23.1199999999953;NA;NA;-1242.59573797868;-1261.35815259442;5.54294452963672;6.01243319405034;42.5246113312275;39.5180195533472;2667.12056379782;2691.7825711825;37.5248292314859;0.920792079207921;52;52
85;24.75;0.739999999999782;25.6199999999953;NA;NA;-1415.22859440837;-1456.95045531396;4.89341707500756;6.15504234824898;61.1522715493469;50.0983629704733;3100.28173818474;3134.95186867244;83.443721811168;0.168316831683168;68;68
86;19.5800000000163;0.570000000000618;20.3300000000163;NA;NA;-1395.66316324663;-1408.66438955308;4.85502390290536;4.94924764378121;60.1611566858243;58.7596519571764;3052.50719358289;3072.4252182954;26.0024526128936;0.851485148514851;59;59
87;18.4199999999837;0.570000000000618;19.1199999999953;NA;NA;-1312.40879495079;-1325.34156683469;4.47338429739859;4.54465253382741;58.3542417962501;57.0535183299246;2878.15400014206;2898.37264312715;25.8655437678144;0.158415841584158;59;59
88;20.9699999999721;0.529999999999745;21.8500000000349;NA;NA;-1260.77643760965;-1272.77643822056;4.98541501306953;5.10234172872459;50.1354117959969;48.7653452967167;2737.44857677458;2755.54872682447;24.0000012218106;0.920792079207921;55;55
89;20.0599999999977;0.570000000000618;20.8699999999953;NA;NA;-1280.91970786163;-1289.4968009137;7.44258327096558;7.31195748794301;35.1294842886279;35.2574892490553;2714.34893635682;2732.05883728423;17.1541861041219;1;59;59
90;20.2999999999884;0.609999999999673;21.1600000000326;NA;NA;-1459.0585020437;-1479.07264474836;4.76866082791764;5.06006943266997;62.4968491269018;59.248645211315;3192.46434294807;3218.23373190473;40.0282854093211;0.495049504950495;65;65
91;17.0299999999697;0.610000000000582;17.7599999999511;NA;NA;-1125.38728128959;-1138.00991543959;4.81226276706952;4.87969188056645;46.3091688037509;45.0766301550396;2447.51884590519;2467.52767962048;25.2452682999865;0.772277227722772;49;49
92;25.890000000014;0.899999999999636;27.0199999999604;NA;NA;-1476.14643995734;-1520.18874068835;5.74362601521653;6.95493582721542;66.3006260099755;55.0371651058116;3248.95422238864;3286.64060540504;88.0846014620242;0.613861386138614;77;77
93;18.039999999979;0.619999999999891;18.9099999999744;NA;NA;-1174.00260643985;-1198.61153601947;5.37620110878123;6.207346217959;42.79241317879;36.9414406945222;2531.08001244623;2555.26620044567;49.2178591592528;0.594059405940594;52;52
94;29.0499999999884;0.970000000000255;30.5599999999977;NA;NA;-1460.77237396769;-1510.36902514313;5.30200497063793;6.79174749146247;62.8062260086725;50.2045892823344;3200.46205710745;3243.69252216908;99.1933023508673;0.425742574257426;72;72
95;22.7000000000116;0.779999999999745;23.8099999999977;NA;NA;-1401.941930871;-1440.59260845649;5.48819374066927;6.60445446922645;59.1539375505354;49.6184222408468;3066.58165680214;3101.53656894088;77.3013551709973;0.782178217821782;72;72
96;24.710000000021;0.720000000000255;25.5499999999884;NA;NA;-1532.88378630892;-1604.43893643616;6.60781933062389;9.52036884251798;54.9224691980674;38.4443053404883;3309.67376305977;3379.60588631922;143.110300254471;0.554455445544555;72;72
97;18.8899999999558;0.470000000000255;19.5100000000093;NA;NA;-1276.6984962797;-1289.39222149191;4.66858560897419;4.71223371147608;55.2028504730094;54.1359447662925;2792.58026733201;2813.34502167065;25.3874504244322;0.920792079207921;58;58
98;17.640000000014;0.429999999999382;18.2999999999884;NA;NA;-1176.56084923573;-1194.68688481852;4.53099218744534;4.82947188658689;49.1622647187238;46.0659451006618;2563.91626738295;2586.89215278215;36.2520711655802;0.168316831683168;53;53
99;25.4099999999744;0.840000000000146;26.5900000000256;NA;NA;-1400.69016460289;-1412.64829790445;5.40480322153121;5.41392348302669;67.9137585789215;67.5960821594969;3105.69777304603;3128.19055083111;23.9162666031134;0.891089108910891;78;78
100;26.5899999999674;0.829999999999927;27.7600000000093;NA;NA;-1437.07955360327;-1462.13325648984;7.36928893655181;8.12860324835461;45.2551783359076;41.6805788021648;3075.13365017318;3109.36655198901;50.1074057731539;0.930693069306931;72;72
101;24.4400000000023;0.800000000000182;25.3299999999581;NA;NA;-1433.96204415876;-1453.68238258779;4.9317132749375;5.1441582658799;72.4420518721302;69.0992783421336;3191.11192600323;3215.63938987088;39.4406768580748;0.693069306930693;75;75
102;24.0899999999674;0.930000000000291;25.2199999999721;NA;NA;-1398.24301975832;-1422.93691624041;5.33866652233228;5.87562756016586;57.0032606946133;51.0667859206966;3046.71774073717;3070.04572301986;49.3877929641931;0.722772277227723;65;65
103;19.5;0.539999999999964;20.2800000000279;NA;NA;-1348.8941730138;-1365.80869817246;4.82021686179326;5.04000879201602;59.9034344665682;57.2162513571048;2959.3358633341;2981.43226297643;33.8290503173234;0.603960396039604;62;62
104;22.1199999999953;0.989999999999782;23.3699999999953;NA;NA;-1452.96390889116;-1483.84065485972;4.88073490975133;5.58745169840974;67.0484598093993;59.0820987661343;3203.21566205572;3229.64690635302;61.7534919371146;0.702970297029703;71;71
105;26.140000000014;0.850000000000364;27.3800000000047;NA;NA;-1589.04132470108;-1615.17006377069;7.11080867184762;7.77272483822407;53.955344243132;49.7688411794615;3420.8714291934;3454.29044036186;52.2574781392268;0.801980198019802;81;81
106;20.5200000000186;0.800000000000182;21.539999999979;NA;NA;-1343.80211664657;-1353.37539071565;5.21101909127178;5.12256660931052;58.5193848069444;58.8525735677118;2944.93810542923;2965.54982197686;19.1465481381656;0.940594059405941;66;66
107;23.1699999999837;0.869999999999891;24.25;NA;NA;-1556.30696169541;-1628.23752613043;11.2997954206859;16.9935788888215;29.9423999348086;20.2246880353264;3245.16391895847;3346.00636288647;143.86112887004;0.841584158415842;70;70
108;19.0300000000279;0.719999999999345;20;NA;NA;-1296.82510348543;-1323.26717267334;10.3198003519501;11.9991966727072;24.8320168865875;21.6150490443144;2700.3552984852;2739.4158779622;52.8841383758208;0.792079207920792;54;54
109;21.0300000000279;0.699999999999818;21.8800000000047;NA;NA;-1411.54002020506;-1427.70522536331;4.98056739690094;5.18738520876016;61.8327041375373;59.6607872474213;3094.5119297242;3117.30810547762;32.3304103165037;0.752475247524752;65;65
110;21.0800000000163;0.859999999999673;22.1600000000326;NA;NA;-1424.48254489644;-1443.42191583637;4.88755759661464;5.18403568470102;63.5537286555163;60.3366340266041;3130.30681490299;3153.94401703549;37.8787418798661;0.554455445544555;70;70
111;20.2399999999907;0.489999999999782;20.7900000000373;NA;NA;-1305.89006788411;-1321.68453008732;5.01057701870132;5.24861084720527;55.0146434053664;52.8217614459048;2852.42257334621;2874.41949774351;31.5889244064165;0.900990099009901;63;63
112;25.9500000000116;0.8100000000004;27.0800000000163;NA;NA;-1471.68848504088;-1582.59863193836;5.42036942026339;9.81145526823899;67.0559542472629;38.1503321334559;3243.41801954142;3335.9004597234;221.820293794957;0.128712871287129;77;77
113;16.4400000000023;0.649999999999636;17.25;NA;NA;-1176.20832485216;-1190.08307771175;4.4380146290505;4.5193835889054;50.6590261193668;49.2531942726129;2568.65459678485;2590.40331220526;27.7495057191795;0.0198019801980198;51;51
114;15.7299999999814;0.440000000000509;16.3300000000163;NA;NA;-1178.27143805407;-1189.4254580698;4.49283777218034;4.47267758524402;44.4025706537113;43.7625634752312;2543.29637346441;2562.91259684755;22.3080400314616;0.554455445544555;45;45
115;27.0299999999697;0.779999999999745;28.070000000007;NA;NA;-1511.27200133227;-1538.91206958522;7.45603378351119;8.36644088659934;43.2569761082906;38.6337771269845;3213.08801510934;3248.00327724161;55.2801365059049;0.95049504950495;67;67
116;26.75;0.579999999999927;27.5;NA;NA;-1494.43855107282;-1594.51625770923;4.78766675824138;7.92745773890997;77.3878977817039;48.8550802035788;3337.10791295029;3408.87107776329;200.155413272819;0.099009900990099;81;81
117;30.2399999999907;1;31.640000000014;NA;NA;-1659.04082727788;-1700.43448475835;5.14191147927294;6.03341227324633;79.5711156855997;69.1390186904462;3679.43426218045;3714.84678014738;82.7873149609459;0.316831683168317;88;88
118;19.2999999999884;0.389999999999418;19.8999999999651;NA;NA;-1283.9232902744;-1299.68170423974;4.54497250554655;4.72618402164854;59.8519216924327;57.4822194431445;2829.16918523878;2850.33953227772;31.5168279306672;0.316831683168317;62;62
119;25.429999999993;0.590000000000146;26.4199999999837;NA;NA;-1390.83403059124;-1415.21141838737;7.47350728120282;8.31024906191776;38.9186073601178;35.5484114411339;2951.59262765699;2985.63261463492;48.7547755922478;0.891089108910891;62;62
120;23.5599999999977;0.639999999999418;24.4400000000023;NA;NA;-1478.91501415549;-1504.70166388962;5.43881649770437;6.07419316229317;58.6723338064122;53.6664256741463;3217.56263501303;3246.97561659801;51.573299468268;0.663366336633663;70;70
121;23.140000000014;0.729999999999563;24.0499999999884;NA;NA;-1461.90998739643;-1477.95588651018;4.82545184972259;5.069413164702;71.3061311985416;68.3010766859852;3242.41232940388;3261.07768902367;32.091798227485;0.772277227722772;76;76
122;25.2599999999511;0.829999999999927;26.5;NA;NA;-1583.28189406757;-1574.85663475864;9.34749260400969;8.42898604492736;39.6537661058898;43.9801903118801;3345.24146601431;3347.88557568931;-16.8505186178686;0.99009900990099;82;82
123;20.539999999979;0.680000000000291;21.3600000000442;NA;NA;-1409.84317144169;-1435.41042678326;4.68998760832158;5.30085925454717;60.785491012949;55.2155184751181;3084.59085152316;3111.45129920734;51.1345106831359;0.0792079207920792;61;61
124;26.0199999999604;0.600000000000364;26.8099999999977;NA;NA;-1508.89849535907;-1571.9769649906;6.45128348394505;9.04643079543835;53.5421409895452;38.8022973128379;3255.57325656243;3316.27175647657;126.156939263073;0.504950495049505;72;72
125;27.5900000000256;0.9399999999996;28.7199999999721;NA;NA;-1474.72185892328;-1485.63195393645;6.63296233406808;6.66364654009448;50.7465070879149;50.4410722048209;3175.50000346827;3195.95959787664;21.8201900263507;0.97029702970297;74;74
126;20.429999999993;0.520000000000437;21.0299999999697;NA;NA;-1342.42123662175;-1353.15078019358;5.20317742673676;5.20707931403555;55.6237257496308;55.2220519509019;2929.0183213081;2948.71414935452;21.4590871436517;0.871287128712871;65;65
127;30.7700000000186;0.969999999999345;32.1600000000326;NA;NA;-1745.94374064543;-1793.77936155859;6.90080819881303;8.20746236246476;66.9286703363354;56.4185509198137;3795.44508601412;3843.44726973123;95.6712418263137;0.742574257425743;87;87
128;27.7000000000116;0.659999999999854;28.4800000000396;NA;NA;-1585.97498136253;-1637.36164728066;8.81613664117664;11.3052548058566;42.2585951862032;33.3852738027006;3361.30817137729;3424.32068687379;102.773331836271;0.633663366336634;78;78
129;27.2299999999814;0.670000000000073;28.0799999999581;NA;NA;-1365.00381531279;-1383.32938848986;9.07648462328982;9.66315102491901;33.4000503325488;31.0109959046437;2876.36754078225;2902.54978700163;36.6511463541483;0.841584158415842;64;64
130;22.0099999999511;0.609999999999673;22.710000000021;NA;NA;-1374.3194564687;-1406.78548141349;5.89078508174971;6.80800904229204;51.2654837521171;44.2973914687231;2974.07439016232;3008.36486419456;64.9320498895913;0.95049504950495;66;66
131;19.9699999999721;0.5;20.6999999999534;NA;NA;-1305.81078316565;-1333.27904107263;4.9294205671038;5.71404349659921;54.7525563202879;48.6272998794017;2851.54872644329;2879.64420538908;54.9365158139594;0.227722772277228;64;64
132;24.0999999999767;0.919999999999163;25.2700000000186;NA;NA;-1562.83961581036;-1584.83378129511;6.17120830532009;6.61191765289492;58.872684353116;54.9164699421194;3387.93452983048;3414.29943829873;43.9883309695028;0.861386138613861;74;74
133;15.6300000000047;0.489999999999782;16.320000000007;NA;NA;-1058.80901699455;-1071.12327101531;4.22112391284882;4.34591677490668;38.0125783292813;36.6803393738369;2274.28224460943;2293.42009209895;24.6285080415237;0.306930693069307;38;38
134;15.6399999999558;0.470000000000255;16.3499999999767;NA;NA;-993.368172625334;-1013.99488083215;4.3919141700933;5.04783484422843;35.8720852810807;31.3767883528036;2134.57877454299;2157.3053723159;41.2534164136277;0.148514851485149;38;38
135;21.3099999999977;0.529999999999745;21.859999999986;NA;NA;-1431.72491473427;-1448.40341818538;5.11303370522933;5.35769758855209;60.8356727360245;58.5122078185444;3134.44949035513;3157.45634945097;33.3570069022253;0.782178217821782;74;74
136;26.5;0.740000000000691;27.570000000007;NA;NA;-1499.73749152862;-1533.14633578495;6.34429075649111;7.45230619571524;52.1947317511333;43.0738820538528;3228.598306209;3255.37748273979;66.8176885126591;0.643564356435644;65;65
137;19.8800000000047;0.829999999999927;21.1199999999953;NA;NA;-1345.58139132722;-1364.72018037846;4.66753373225916;4.97870491813155;62.3682077754913;59.2081368259248;2964.94541444715;2989.35098031643;38.2775781024748;0.108910891089109;65;65
138;16.2699999999604;0.579999999999927;17.0300000000279;NA;NA;-1140.21877912535;-1153.2659690762;4.3620951699947;4.46466711959297;46.5682828075375;45.2374897115085;2478.75308888285;2499.18015783621;26.0943799017027;0.198019801980198;50;50
139;21.8600000000442;0.730000000000473;22.7000000000116;NA;NA;-1439.76901444784;-1449.16097385776;4.90336047727958;4.87178506670843;67.9085804951421;67.8376622036357;3180.15795459415;3198.62793000113;18.7839188198477;0.920792079207921;70;70
140;23.1999999999534;0.710000000000036;24.0599999999977;NA;NA;-1480.9417490674;-1515.0148718904;4.97984490739309;5.7469583632619;68.0550123652581;59.3742392349199;3265.49930858735;3294.91776802451;68.1462456460067;0.584158415841584;75;75
141;22.9400000000023;0.940000000000509;24.140000000014;NA;NA;-1536.33351093437;-1552.23256056923;4.70882334105589;4.82413535206041;77.2678622396984;75.265918468373;3415.80727389405;3438.7149047294;31.7980992697103;0.326732673267327;72;72
142;23.2299999999814;0.590000000000146;24.1300000000047;NA;NA;-1495.74616732761;-1531.01243197389;4.80722030819101;5.64929894561651;69.4417972927369;60.0400541268492;3301.75493530473;3330.28092964269;70.5325292925481;0.336633663366337;76;76
143;17.7400000000489;0.590000000000146;18.609999999986;NA;NA;-1201.46603220958;-1232.9376082006;4.85375483252216;5.9083512577545;47.7704486357288;40.1346343541174;2610.3204838456;2640.11386436595;62.9431519820491;0.366336633663366;59;59
144;18.289999999979;0.829999999999927;19.320000000007;NA;NA;-1314.63899491534;-1323.82510369111;7.24060192794868;7.26257771630806;33.5719252958918;33.3684577141218;2773.22537632244;2790.725179606;18.3722175515372;0.99009900990099;53;53
145;24.5400000000373;0.579999999999927;25.3399999999674;NA;NA;-1422.2032470809;-1450.1640692666;4.82422045526256;5.30779864470399;76.6213723476236;69.9869152863998;3190.58135580833;3216.5285663514;55.9216443713867;0.465346534653465;84;84
146;19.9799999999814;0.529999999999745;20.7900000000373;NA;NA;-1287.27959681896;-1309.33423999956;4.51232820690936;4.85306848693802;59.693121506067;55.694400245883;2835.18845253126;2861.83871292316;44.109286361198;0.0198019801980198;62;62
147;24.3399999999674;0.680000000000291;25.2000000000116;NA;NA;-1359.86128802484;-1417.18233043537;6.36625671922976;8.74805655610108;50.3356469632911;36.9332330434905;2942.90706109771;2998.12384735703;114.642084821049;0.782178217821782;71;71
148;25.179999999993;0.759999999999309;26.359999999986;NA;NA;-1579.58321252735;-1610.8476889018;4.78405618043038;5.39171981524306;78.8961411261824;71.0172515441034;3515.14623961001;3542.12560004306;62.5289527489035;0.0594059405940594;83;83
149;21.8099999999977;0.670000000000073;22.8800000000047;NA;NA;-1301.47169974488;-1369.9802656618;5.41693689417991;8.34458232398524;54.01700078364;36.0485629390345;2841.67900745084;2899.28214238166;137.017131833846;0.326732673267327;69;69
150;28.5800000000163;1.16000000000076;30;NA;NA;-1531.04191931702;-1549.6200174102;4.87698766271567;5.11512511962118;76.3481640392923;72.9716123159846;3404.68164372902;3426.6862089135;37.1561961863667;0.663366336633663;79;79
151;22.8400000000256;0.659999999999854;23.890000000014;NA;NA;-1416.43031789991;-1426.09951764806;5.21961796571504;5.19014073152808;65.6764995870923;65.8843980534094;3124.52459500892;3144.78625457819;19.338399496316;0.99009900990099;72;72
152;23.0900000000256;0.680000000000291;24.0100000000093;NA;NA;-1506.04939313819;-1528.99434245137;4.65040155396138;4.98394422778653;76.7478779109493;72.3362301883913;3354.49633118289;3380.70441722611;45.889898626353;0.0198019801980198;75;75
153;28.9900000000489;0.740000000000691;30;NA;NA;-1383.41090752227;-1433.66982742591;5.43929304409046;7.01178926653513;60.0969591414774;46.1224324707455;3035.3321295999;3073.41245832966;100.517839807266;0.405940594059406;76;76
154;18.2200000000303;0.670000000000073;19.1600000000326;NA;NA;-1268.24025173635;-1286.54380024662;4.50327628241095;4.7998079107699;54.2948936459037;51.3963998941408;2770.77713717536;2794.87647732885;36.6070970205587;0.0792079207920792;56;56
155;16.4099999999744;0.559999999999491;17.1300000000047;NA;NA;-1180.9445724304;-1193.06320446189;4.66603195080791;4.75121170572604;45.7985776309327;44.7417832439047;2557.82493808621;2577.54101705546;24.2372640629701;0.732673267326733;52;52
156;15.820000000007;0.649999999999636;16.6399999999558;NA;NA;-1109.99636650818;-1122.14672475976;4.34732701695478;4.451058783695;42.917803516233;41.6906100584453;2399.02091275993;2418.2024900495;24.3007165031609;0.633663366336634;42;42
157;22.1699999999837;0.569999999999709;22.8399999999674;NA;NA;-1376.87988069194;-1408.6782661107;4.73615580521067;5.40139575447766;65.4266405641338;57.9841947894157;3042.4442756236;3073.20245311896;63.5967708375333;0.0495049504950495;68;68
158;33.5200000000186;0.769999999999527;34.5499999999884;NA;NA;-1574.38242272157;-1593.83934944289;6.14493737314261;6.426428759814;63.6989524668006;60.4405777090576;3436.9332194394;3461.10647638168;38.9138534426484;0.831683168316832;85;85
159;18.0200000000186;0.550000000000182;18.6199999999953;NA;NA;-1315.80160411853;-1331.27989837907;4.6212936613317;4.91053094129411;53.1382292873471;50.6210620463287;2860.42979767605;2880.54683052253;30.9565885210745;0.772277227722772;55;55
160;17.0799999999581;0.75;17.9400000000023;NA;NA;-1141.78550330379;-1174.20833893086;8.17810073329064;10.9967526115731;23.2486083074278;17.5861521698329;2381.35270812074;2422.38256259325;64.8456712541433;0.881188118811881;45;45
161;27.4400000000023;0.779999999999745;28.390000000014;NA;NA;-1577.24697569078;-1611.53525034577;4.81657410422778;5.41100565742064;82.91068065648;75.0125825017601;3528.58738996362;3561.52767777431;68.5765493099689;0.128712871287129;83;83
162;16.5800000000163;0.619999999999891;17.5800000000163;NA;NA;-1082.86577061584;-1111.3073970779;5.05596905657088;6.22620231534405;37.8318993539721;31.3058301168362;2326.46018563472;2355.61746445559;56.8832529241299;0.534653465346535;49;49
163;19.2400000000489;0.639999999999418;20;NA;NA;-1171.21768987289;-1216.87257130123;4.45635148576816;6.20021385312305;48.76082449002;36.2831812374209;2551.50868092403;2589.31766537858;91.3097628566766;0.0099009900990099;53;53
164;19.8099999999977;0.470000000000255;20.4699999999721;NA;NA;-1285.43537926537;-1298.72725539334;5.49853471744302;5.59045964661479;50.2314969382434;48.9836127187269;2789.78072854038;2810.92617388291;26.5837522559273;0.930693069306931;61;61
165;16.9499999999534;0.630000000000109;17.7300000000396;NA;NA;-1184.5134048966;-1200.05365136483;4.59934186106339;4.78868176933282;46.6159431626546;44.4985048633589;2567.07442252338;2589.15898891995;31.0804929364635;0.435643564356436;49;49
166;19.1199999999953;0.579999999999927;19.8299999999581;NA;NA;-1155.74351861936;-1196.93190734298;4.63303892891191;6.1568728402673;47.7573951977734;36.7829743808471;2517.57265925358;2552.59194722839;82.3767774472344;0.0198019801980198;56;56
167;19.640000000014;0.650000000000546;20.4199999999837;NA;NA;-1365.78531007337;-1379.43151685626;5.03104218724107;5.14416000986184;55.5423064411663;54.0755484398752;2974.5211362888;2995.39772674062;27.2924135657968;0.891089108910891;63;63
168;28.679999999993;1.07999999999993;29.960000000021;NA;NA;-1569.93086487768;-1590.62295630282;11.8603666261782;12.8428143138825;25.6144011274271;23.6457865047967;3252.49881653119;3285.22618890309;41.3841828502773;0.930693069306931;66;66
169;30.4400000000023;1.02000000000044;31.7800000000279;NA;NA;-1564.77294039342;-1570.45958823488;10.769366505452;10.4883663383214;32.0512966647527;32.7979983232829;3271.88306595658;3286.57240258937;11.3732956829199;0.96039603960396;72;72
170;23.8899999999558;0.670000000000073;24.7800000000279;NA;NA;-1351.04840083568;-1372.89241633149;5.80466393027376;6.39775440278012;47.8520130895828;44.0968830405595;2911.78559755267;2939.01854865282;43.6880309916291;0.910891089108911;64;64
171;17.5;0.590000000000146;18.1900000000023;NA;NA;-1191.42773938467;-1210.68865781092;4.81006975505306;5.10404439987147;47.3834034017737;44.0782900755629;2588.15860167691;2612.36002170157;38.521836852487;0.544554455445545;58;58
172;30.8899999999558;1.07999999999993;32.1999999999534;NA;NA;-1651.20791831976;-1643.21272633322;10.0852417961986;8.93138389961396;35.4856920403487;39.4967846317662;3460.49102635574;3462.36852619444;-15.99038397308;1;74;74
173;25.0199999999604;0.829999999999927;26.0599999999977;NA;NA;-1377.88415210858;-1431.7533362799;5.1408522321198;6.9533442213476;57.9038274065952;43.7177583116153;3010.8306918964;3056.08039900183;107.738368342639;0.0891089108910891;67;67
174;16.3800000000047;0.479999999999563;17.1300000000047;NA;NA;-1167.98700249442;-1183.61199541956;4.42045109204884;4.74285320395317;41.9684312511157;39.2732551043147;2512.01814041015;2531.96272502365;31.2499858502701;0.514851485148515;44;44
175;24.9499999999534;0.930000000000291;26.0299999999697;NA;NA;-1383.49144996252;-1401.54965544641;6.44157396501489;6.88593976541666;41.9221876814009;39.1228771079952;2949.68071718016;2973.59767101398;36.1164109677666;0.95049504950495;61;61
176;15.789999999979;0.539999999999964;16.640000000014;NA;NA;-1074.37869128958;-1087.06503788657;4.63224810358632;4.71889783093845;39.8707895881467;38.5765290387564;2317.31748078627;2337.21848185767;25.372693193985;0.920792079207921;47;47
177;21.0599999999977;0.639999999999418;22;NA;NA;-1261.86590937849;-1293.39619399322;4.93120078499407;5.76511670149331;57.7408086281146;49.7517622679153;2778.07611989966;2805.94548793952;63.0605692294457;0.475247524752475;67;67
178;17.4500000000116;0.5600000000004;18.1199999999953;NA;NA;-1249.90014664247;-1266.62591587143;4.46794807392406;4.73934835360906;52.9510412081946;50.5363035039219;2727.82080374254;2750.87387389114;33.4515384579317;0.0891089108910891;55;55
179;28.570000000007;0.829999999999927;29.6300000000047;NA;NA;-1751.38139657647;-1772.23560670061;4.86312078398638;5.11857421568568;95.937917763668;92.4822327392904;3938.44119800228;3964.4564765379;41.7084202482838;0.168316831683168;88;88
180;19.140000000014;0.529999999999745;19.929999999993;NA;NA;-1113.15325829825;-1139.42444712327;4.56786425798271;5.49495460164201;41.9773761070819;35.1440886020326;2403.77254403606;2427.42611299115;52.5423776500406;0.277227722772277;47;47
181;24.7599999999511;0.640000000000327;25.5299999999697;NA;NA;-1595.30066727093;-1606.1150612292;5.25191777758596;5.27259793650447;70.1613932035297;70.4378610195989;3504.07905500974;3526.94308779252;21.6287879165252;1;76;76
182;16;0.600000000000364;16.7799999999697;NA;NA;-1150.96239835283;-1171.42439641854;4.25263604593093;4.73915003785954;40.9566829394331;36.903410061278;2472.77231904467;2496.78841202336;40.9239961314206;0.0099009900990099;42;42
183;20.0100000000093;0.449999999999818;20.5400000000373;NA;NA;-1278.15639057421;-1338.39344653076;5.86697528009786;9.28953660692779;40.987045306243;27.1625123385753;2732.43727559765;2793.50630325219;120.474111913109;0.366336633663366;54;54
184;19.6500000000233;0.479999999999563;20.2999999999884;NA;NA;-1229.34722580365;-1249.13891175909;5.04492418836777;5.45767414214624;52.0267290023294;48.2016298541092;2683.66378857238;2706.70700822495;39.5833719108932;0.663366336633663;57;57
185;20.75;0.5600000000004;21.3999999999651;NA;NA;-1408.71971012223;-1422.53179515623;4.81847419908908;4.86585787956115;67.0709833101191;65.7645791230328;3113.37933202219;3135.23920401684;27.6241700680052;0.96039603960396;68;68
186;20.0899999999674;0.670000000000073;21.0200000000186;NA;NA;-1364.55601101065;-1408.93458430308;4.79259206773317;6.11863425784759;58.8915111960701;46.7237669615842;2986.24132822755;3021.87225051343;88.7571465848569;0.277227722772277;62;62
187;27.7799999999697;0.949999999999818;29;NA;NA;-1467.54639163687;-1539.0405427532;4.69840724207082;6.78716759971071;71.909683380716;50.9132886942666;3256.85178454456;3305.8919748264;142.988302232663;0.0198019801980198;77;77
188;21;0.470000000000255;21.7700000000186;NA;NA;-1287.99729055878;-1305.55901752282;7.12391958445739;7.5772196988909;37.4214926815376;35.2447470684831;2739.07827043509;2764.71541903849;35.1234539280799;0.95049504950495;61;61
189;23.8499999999767;0.890000000000327;25.140000000014;NA;NA;-1282.68191245111;-1288.70718479445;9.28543308358727;9.05359194753374;25.5323418338839;26.3905432453914;2674.59646724405;2690.3185751759;12.050544686686;1;52;52
190;23.3999999999651;0.559999999999491;24.1600000000326;NA;NA;-1521.15261645927;-1535.63054841875;4.88457283660815;4.99624579085612;74.7111430171046;73.3686888958816;3375.61623307279;3398.58296728853;28.9558639189695;0.752475247524752;75;75
191;14.3300000000163;0.359999999999673;14.9000000000233;NA;NA;-1015.9671075564;-1027.77419981734;4.42593189413345;4.52150469202111;38.8847515356954;37.74620206679;2195.0433011831;2213.88163512128;23.6141845218797;0.742574257425743;44;44
192;19.5;0.710000000000036;20.3300000000163;NA;NA;-1396.79456725577;-1445.35951279083;5.55552479819174;7.35831282954978;53.5881891093352;41.4450242728989;3029.64143153251;3073.28151448657;97.1298910701157;0.613861386138614;67;67
193;19.0299999999697;0.590000000000146;19.7999999999884;NA;NA;-1418.89971666126;-1435.53138772284;4.67114693767397;4.8559934827913;65.5433376156354;63.0996867778165;3125.01208447966;3147.56728354565;33.263342123154;0.514851485148515;64;64
194;17.390000000014;0.5;17.9599999999627;NA;NA;-1127.59530065137;-1167.61524327491;5.62936905620098;7.58955623534117;37.2871343431022;28.1524177486364;2414.35065629216;2455.3990228532;80.0398852470785;0.534653465346535;51;51
195;17.859999999986;0.510000000000218;18.539999999979;NA;NA;-1269.24562850027;-1309.03506240603;4.72151426956647;6.07631464122469;51.5389548794445;40.6936320285074;2759.47643410984;2792.55347438861;79.5788678115196;0.346534653465347;53;53
196;14.390000000014;0.5;14.960000000021;NA;NA;-1113.61624788825;-1126.50012133771;4.26735408439373;4.31376689551718;46.0152756242538;44.7536202021723;2420.76889531656;2441.23022506299;25.7677468989355;0.0099009900990099;45;45
197;26.960000000021;0.770000000000437;27.9500000000116;NA;NA;-1482.3590815703;-1485.69175221655;7.11961077439432;6.85544231250086;48.9469846660377;50.7855721303366;3183.08677262416;3197.95465776551;6.66534129248794;1;75;75
198;20.6900000000023;0.5;21.2200000000303;NA;NA;-1429.23496355432;-1440.88209787026;4.87653675352668;4.92611098983405;69.6221055419433;68.6611782710153;3168.1361594899;3187.15640157139;23.2942686318866;0.98019801980198;73;73
199;19.140000000014;0.479999999999563;19.7699999999604;NA;NA;-1324.2469685375;-1344.35937857237;8.94036644792818;9.68927934709978;31.7860614185152;29.1374872262209;2786.75559212395;2815.4597570699;40.22482006974;0.861386138613861;60;60
200;21.0899999999674;0.579999999999927;21.7200000000303;NA;NA;-1327.73464785549;-1341.73293761556;5.48626602833791;5.70937572597049;47.1190585855561;45.4106278924846;2858.3758211694;2879.01546813775;27.9965795201401;0.97029702970297;55;55
201;19.1500000000233;0.590000000000146;19.8899999999558;NA;NA;-1365.67255905837;-1411.3481301361;8.13462320255173;10.8679330630494;34.3084351663623;26.3891591712873;2881.68559480973;2938.33425862743;91.3511421554595;0.623762376237624;64;64
202;24.859999999986;0.590000000000146;25.7200000000303;NA;NA;-1528.04673720804;-1584.76389913521;5.6113530962491;7.20957191186511;68.7977867451939;53.8201828620844;3366.50945950465;3412.36475380587;113.434323854327;0.732673267326733;83;83
203;20.640000000014;0.779999999999745;21.4699999999721;NA;NA;-1429.47817677704;-1478.81643836849;5.04893228800331;6.58060865627148;61.9550513522196;48.840770131111;3133.66040657347;3174.18918997977;98.6765231828931;0.0396039603960396;71;71
204;24.9400000000023;0.659999999999854;25.6199999999953;NA;NA;-1589.20284891916;-1610.33473425333;5.55105311622648;5.85270727385428;70.9375501403601;67.4632541829205;3498.47630691395;3525.06403547191;42.2637706683313;0.762376237623762;83;83
205;20.2200000000303;0.449999999999818;20.929999999993;NA;NA;-1485.57077994097;-1505.34379494131;4.72985896703893;5.04545291503185;69.5456572888256;65.5922489027026;3279.98813176357;3301.97739869806;39.5460300006753;0.712871287128713;72;72
206;27.2799999999697;1.03999999999996;28.4500000000116;NA;NA;-1638.32658640089;-1650.41429207619;9.82498506453048;9.93799355480188;36.7816271159045;36.2101079423106;3441.23211474026;3462.8502705189;24.175411350599;0.910891089108911;77;77
207;21.0599999999977;0.5600000000004;21.640000000014;NA;NA;-1466.73591643712;-1508.65681840036;5.52193834624226;6.73720374182731;61.3374788303098;50.7491911318513;3205.00259075568;3241.97181631319;83.841803926487;0.663366336633663;70;70
208;25.5800000000163;0.800000000000182;26.5900000000256;NA;NA;-1467.78894117551;-1521.25822521645;5.58768998299097;7.4631568899949;56.9329946419489;42.0129153302979;3186.7855518983;3227.89167296222;106.938568081892;0.435643564356436;68;68
209;18.5800000000163;0.4399999999996;19.0299999999697;NA;NA;-1330.70575380933;-1337.5435585087;5.83485219752329;5.61938672075666;47.4630255405309;48.7210988545734;2867.0596178544;2886.18621560932;13.6756093987351;0.881188118811881;58;58
210;18.9099999999744;0.920000000000073;19.960000000021;NA;NA;-1153.75879242464;-1190.79197639616;9.29770286189698;13.0617730138969;18.1297157791353;13.7678313029556;2382.70196616582;2438.67949092395;74.0663679430404;0.673267326732673;40;40
211;25.9199999999837;0.789999999999964;26.9700000000303;NA;NA;-1437.75730751717;-1451.66816340885;6.71165646018476;6.87686698077701;46.0743055126221;44.9568978440461;3078.81006763832;3101.70139804755;27.8217117833733;0.930693069306931;68;68
212;30.5300000000279;0.920000000000073;31.570000000007;NA;NA;-1700.77952724759;-1715.27616217409;5.29881040888286;5.38799186643082;84.6130987014511;83.0601093680635;3786.75933412388;3808.6826356781;28.9932698530029;0.841584158415842;90;90
213;14.2800000000279;0.440000000000509;14.8099999999977;NA;NA;-1097.27951667536;-1101.42419530179;6.16047898447011;5.66141549357583;25.6242253683293;27.16948805317;2299.82447989342;2314.46184432337;8.28935725286237;1;37;37
214;17.0799999999581;0.559999999999491;17.7299999999814;NA;NA;-1176.99882868158;-1193.5123028671;4.84452399717372;5.08444194960011;47.2751831111132;44.7221265367114;2556.25067441965;2578.35511840451;33.0269483710363;0.831683168316832;52;52
215;14.6599999999744;0.329999999999927;15.1199999999953;NA;NA;-1092.62850057654;-1103.74212240459;4.38507212729951;4.41622237642149;42.0144170911628;41.1395264576649;2360.01055449232;2378.59880330874;22.2272436561011;0.465346534653465;41;41
216;32.1600000000326;1;33.3399999999674;NA;NA;-1666.64222262289;-1707.42864563023;6.92175975350993;8.14399845309965;59.9013135736784;51.8167181071893;3603.91819015882;3648.96488646709;81.5728460146784;0.752475247524752;84;84
217;16.3699999999953;0.510000000000218;17.0500000000466;NA;NA;-1293.93240402155;-1308.80891575553;4.54187010744245;4.65726832003067;55.4806526085607;53.7953927719676;2826.77846185747;2849.27433231341;29.7530234679584;0.108910891089109;55;55
218;20.7199999999721;0.5600000000004;21.3999999999651;NA;NA;-1418.37869653538;-1445.88467184141;4.99028469030899;5.53276837161506;65.6895960016216;59.3704464717428;3127.55424562141;3154.59237836983;55.01195061207;0.603960396039604;70;70
219;20.0100000000093;0.660000000000764;20.890000000014;NA;NA;-1379.65615246555;-1407.42806297879;4.806388997131;5.42537900076604;63.4337374794818;56.7238853864057;3037.28063210309;3063.42170254299;55.5438210264797;0.287128712871287;64;64
220;18;0.520000000000437;18.5999999999767;NA;NA;-1365.48448813002;-1375.10186337485;4.73551650837664;4.74455902670593;56.6280444044813;56.4256525492171;2976.32734070276;2994.68516642648;19.2347504896438;0.96039603960396;58;58
221;14.1300000000047;0.409999999999854;14.640000000014;NA;NA;-1063.57773878883;-1075.91464576582;4.45644021520034;4.52491766497349;40.1873891141935;39.0347461467146;2295.26676697122;2315.11886197942;24.6738139539793;0.712871287128713;43;43
222;26.3800000000047;0.659999999999854;27.1599999999744;NA;NA;-1575.21081502681;-1645.56057933904;7.66654522966818;10.6327742746371;51.9033509607015;37.4571517697868;3384.29526009018;3459.90101379502;140.699528624471;0.514851485148515;82;82
223;19.140000000014;0.719999999999345;20;NA;NA;-1339.09935886312;-1356.80776549549;4.59802548394907;4.8435184037553;62.5393420584686;59.5860278289193;2954.59999197723;2976.96422442734;35.4168132647292;0.366336633663366;69;69
224;20.6399999999558;0.519999999999527;21.2400000000489;NA;NA;-1464.23808763572;-1492.25239598472;4.61963249296973;5.2034298133234;71.0723781587619;64.6111789111941;3242.07159737649;3269.59121299927;56.0286166979918;0.0099009900990099;68;68
225;26.8300000000163;1.14000000000033;27.9899999999907;NA;NA;-1560.79935370687;-1585.74365055918;4.99159635497179;5.46407279492928;74.8171321915505;69.7580246720128;3456.36705292918;3483.6187317389;49.8885937046166;0.653465346534653;77;77
226;18.6300000000047;0.430000000000291;19.2600000000093;NA;NA;-1215.22536301621;-1262.95870097439;5.6142128744718;7.95038629028978;41.6689161337015;30.0784277601423;2609.50527201058;2655.16672557045;95.4666759163542;0.663366336633663;54;54
227;20.7699999999604;0.5600000000004;21.4400000000023;NA;NA;-1379.33507217244;-1446.49796521335;4.71623709523853;6.96362757561102;62.7622146387404;43.9112153242529;3037.39200262529;3088.0020436586;134.325786081819;0.0198019801980198;72;72
228;27.710000000021;0.949999999999818;28.8800000000047;NA;NA;-1620.56182848737;-1658.76706326573;6.89422148981975;8.09006596435525;54.8519576084496;47.2517483916497;3486.55807231493;3528.96149842383;76.4104695567216;0.722772277227723;77;77
229;19.070000000007;0.739999999999782;19.8399999999674;NA;NA;-1416.47867800819;-1464.4807258687;6.38995793333207;8.38232330288973;46.6596559315348;35.7149681683268;3036.68051940328;3084.89844163269;96.0040957210094;0.693069306930693;62;62
230;23.8500000000349;0.640000000000327;24.7299999999814;NA;NA;-1409.84309833151;-1418.79019883418;9.31500521096045;9.27552659162481;29.9466838818918;30.223586095893;2949.94700570827;2969.04566416087;17.8942010053383;0.99009900990099;60;60
231;30.5500000000466;1.06999999999971;31.75;NA;NA;-1744.98424374929;-1762.56622569697;5.08550940868088;5.22869210813711;96.7965399184474;94.4844920173118;3933.75731332676;3958.32109436261;35.163963895367;0.801980198019802;96;96
232;33.0099999999511;1.07999999999993;34.3400000000256;NA;NA;-1757.23171062273;-1804.37266423161;9.36380554159724;11.3515969783028;43.3026990964898;35.0684392267227;3708.50019635803;3765.88488321988;94.281907217749;0.623762376237624;78;78
233;16.8399999999674;0.489999999999782;17.5;NA;NA;-1328.81143236879;-1345.56155395452;4.65360756135496;4.94534947202527;53.0015430901397;50.0795245556496;2884.8792267309;2905.85064030403;33.500243171467;0.722772277227723;53;53
234;18.9599999999627;0.789999999999964;19.9900000000489;NA;NA;-1387.23325466984;-1465.3095276206;5.85533565555869;9.96460057040316;47.3308113353145;28.5022308369141;2980.73522760392;3054.8324049924;156.152545901517;0.326732673267327;61;61
235;20.4199999999837;0.699999999999818;21.3099999999977;NA;NA;-1421.50987070003;-1459.02800648106;5.13015493289276;6.07511400238797;63.6859144029169;54.1313748398948;3125.39831142606;3158.07047085504;75.0362715620577;0.475247524752475;71;71
236;21.6900000000023;0.760000000000218;22.609999999986;NA;NA;-1484.20491899435;-1501.56973521083;5.99495467415425;6.27791480521871;57.5957451511571;54.9881168416958;3224.18782813735;3247.33719667585;34.7296324329695;0.910891089108911;72;72
237;14.679999999993;0.490000000000691;15.25;NA;NA;-1059.48859410778;-1081.14524163575;4.60984271403524;5.30154270432977;37.7257307657315;32.8808524503614;2276.34705235434;2299.45032558213;43.3132950559507;0.475247524752475;42;42
238;19.1599999999744;0.570000000000618;19.789999999979;NA;NA;-1325.34357762623;-1341.31211357081;4.72065060485354;4.88563806031873;61.983581982752;59.9270400460719;2923.25453122724;2946.14813997129;31.9370718891619;0.455445544554455;66;66
239;25.0100000000093;0.710000000000036;25.9000000000233;NA;NA;-1532.18279589976;-1526.33380586341;8.04956023542439;7.36108158855195;47.6173624041919;51.8067929608799;3278.03941158768;3285.14070103743;-11.6979800727008;0.98019801980198;79;79
240;19.5500000000466;0.420000000000073;20;NA;NA;-1409.04151998229;-1440.24017296548;4.68125606456477;5.3850033076378;63.9941909512152;56.4266617002801;3100.44710098964;3129.45390292029;62.3973059663776;0.0693069306930693;68;68
241;22.1500000000233;0.520000000000437;22.9199999999837;NA;NA;-1471.47483992497;-1521.30375623429;9.47499470941727;12.1507371817339;37.0100795390367;28.9399714188475;3106.25069517913;3170.300475444;99.6578326186414;0.861386138613861;68;68
242;15.2600000000093;0.659999999999854;16.0100000000093;NA;NA;-1065.23700062464;-1082.93543456127;4.99617622225851;5.39650125313622;39.097802928978;35.891104520964;2295.34575284519;2317.22027563094;35.3968678732617;0.772277227722772;46;46
243;16.3099999999977;0.659999999999854;17.0299999999697;NA;NA;-1253.62635372584;-1264.18969530179;6.51809411026631;6.57699973213406;35.3535186563844;35.2313552227295;2657.45196325303;2678.05963563829;21.1266831518974;0.881188118811881;49;49
244;15.2399999999907;0.609999999999673;15.9599999999627;NA;NA;-1193.2637352015;-1206.06022067654;4.40420296084497;4.46747470047589;48.4419305408211;47.2106060716912;2593.77207442484;2614.09718447056;25.5929709500697;0.0594059405940594;52;52
245;23.5299999999697;0.719999999999345;24.4100000000326;NA;NA;-1493.06026362176;-1548.92789553209;6.47182873783054;8.51884383102864;52.6035710392581;41.0553927545857;3220.44932270075;3280.7418678293;111.735263820644;0.663366336633663;74;74
246;24.140000000014;0.579999999999927;24.8800000000047;NA;NA;-1515.24299604789;-1544.84919988841;6.77189597305096;7.54273463419443;53.1226325143578;47.5581822241862;3269.85363740712;3303.99293970225;59.2124076810555;0.920792079207921;82;82
247;31.0799999999581;0.769999999999527;32.0299999999697;NA;NA;-1683.61797854199;-1700.23312301671;6.9762881451327;7.20842286956921;56.613131359077;54.4536591025485;3620.91597396842;3644.46979837073;33.2302889494295;0.940594059405941;78;78
248;19.4700000000303;0.590000000000146;20.25;NA;NA;-1380.48120407289;-1392.96224076036;4.80605054601137;4.91206509128723;68.3246867519057;67.2139137585916;3062.43408444591;3082.49505088274;24.9620733749316;0.95049504950495;68;68
249;12.8500000000349;0.390000000000327;13.4400000000023;NA;NA;-1021.77608591338;-1035.02168235542;4.20989642223418;4.31831669733067;37.5293548235404;36.1284322082583;2198.22483563792;2218.9422966335;26.4911928840665;0.0396039603960396;38;38
250;20.75;0.670000000000073;21.640000000014;NA;NA;-1264.7171861168;-1292.28882487648;5.17392342843396;5.97034249346325;47.5319922164845;41.1114904357157;2733.23877111765;2760.85266379651;55.1432775193653;0.653465346534653;53;53
