1;11.8499999999985;0.529999999999973;12.6500000000015;NA;NA;-421.622243023584;-430.748023817264;3.83959160624581;3.82711117721427;20.1029645800783;19.6004007146249;918.011266365928;934.393696563496;18.2515615873606;0.287128712871287;17;17
2;13.5;0.550000000000182;14.260000000002;NA;NA;-445.874675267609;-457.635986444436;3.99190731996928;4.23304012369391;22.3237561013844;20.9156911424572;977.653537467799;995.757776154494;23.5226223536533;0.306930693069307;22;22
3;13.1100000000006;0.529999999999973;13.9599999999991;NA;NA;-512.775932785252;-522.130957738482;4.06548480132504;4.09293785291499;29.3320828113885;28.7762966044716;1141.42836214171;1157.94277667804;18.7100499064591;0.158415841584158;27;27
4;13.3199999999997;0.559999999999945;14.1200000000026;NA;NA;-456.221729734021;-467.735241305493;4.26018293520303;4.55207406396115;23.5537319851682;22.1713561572323;1003.08072437206;1020.78821835536;23.027023142945;0.247524752475248;22;22
5;12.1900000000023;0.509999999999991;12.8300000000017;NA;NA;-438.062447276312;-447.299434446848;3.87155777429972;3.88099562241827;23.6925462313494;23.1430293315824;966.745242624072;983.117399277768;18.4739743410726;0.0495049504950495;21;21
6;13.7799999999988;0.480000000000018;14.6299999999974;NA;NA;-463.865663090764;-472.824139220428;4.12863671798796;4.14058883052778;25.2052202443396;24.7150625628788;1025.28390172545;1041.30378092667;17.9169522593286;0.603960396039604;23;23
7;12.510000000002;0.440000000000055;13.1600000000035;NA;NA;-390.891176073123;-400.428515170303;3.70972148779841;3.81441674976988;15.8124540599304;15.1216676945931;839.602332846751;856.151074576057;19.0746781943599;0.227722772277228;15;15
8;12.7900000000009;0.6400000000001;13.5799999999945;NA;NA;-498.154890718144;-510.043002362576;4.03428368232393;4.19970984893831;27.2897527877913;26.0837772546263;1103.06792215457;1122.12634141371;23.7762232888643;0.0792079207920792;25;25
9;13.4700000000012;0.519999999999982;14.1700000000055;NA;NA;-486.189127645415;-504.786593465044;4.10273680364342;4.96922170673441;25.4669316492315;21.6861763893031;1071.48567230817;1093.96737137795;37.1949316392563;0.099009900990099;24;24
10;12.4599999999991;0.259999999999991;12.8499999999985;NA;NA;-397.422229075204;-409.107198116163;3.78293735376349;3.98773985628789;17.7241122176059;16.5685393374428;860.763830352456;879.835971294589;23.3699380819185;0.0297029702970297;17;17
11;13.2300000000032;0.740000000000009;14.2099999999991;NA;NA;-472.059542703291;-481.54575399363;4.20479658410096;4.26026735744548;23.7814674188958;23.1794875317694;1035.63270047234;1052.28864044505;18.9724225806772;0.732673267326733;22;22
12;14.0199999999968;0.5;14.7700000000041;NA;NA;-512.913640228942;-522.510760821924;5.5320523478578;5.65381752251187;22.6839267148938;22.0864681379228;1115.01216351143;1131.85741662376;19.1942411859632;0.871287128712871;26;26
13;12.7999999999956;0.419999999999845;13.4500000000044;NA;NA;-433.372847130963;-442.818486478052;3.82272003816164;3.86644960696714;22.583426296175;21.9570430429856;952.572904501667;969.083644190954;18.8912786941788;0.0198019801980198;20;20
14;12.260000000002;0.699999999999818;13.1699999999983;NA;NA;-433.160798151718;-442.509254123034;3.86415380385837;3.87082988020221;21.2667499206139;20.6870809931011;947.144842192466;963.638750646672;18.6969119426317;0.495049504950495;20;20
15;12.8600000000006;0.549999999999955;13.6500000000015;NA;NA;-422.372471625895;-431.191556722197;3.84886567291373;3.86136412166788;21.2184472346768;20.7797552016284;924.840435108422;940.822628604335;17.6381701926035;0.128712871287129;19;19
16;13.9300000000003;0.579999999999927;14.7300000000032;NA;NA;-448.971865817193;-460.486928438715;4.227148089911;4.46163619431324;23.9661265912357;22.4762974531182;990.167934828208;1007.46503914963;23.0301252430434;0.861386138613861;22;22
17;13.6200000000026;0.400000000000091;14.2200000000012;NA;NA;-442.333476689919;-452.008562876978;4.25685420719925;4.3327647560212;21.1451018594372;20.4576082725527;965.54371824072;982.264333304619;19.3501723741182;0.415841584158416;21;21
18;13.0999999999985;0.309999999999945;13.5299999999988;NA;NA;-452.373317901947;-461.139888956421;3.95788368860507;3.99108732729256;22.4337304359497;22.022997791398;990.00493422755;1005.97710695241;17.5331421089498;0.613861386138614;20;20
19;11.739999999998;0.590000000000146;12.5299999999988;NA;NA;-419.480981609483;-428.380585822109;3.85224779460866;3.86183387728352;18.3052544400049;17.8538815106645;907.042714788868;923.163180732362;17.7992084252511;0.712871287128713;17;17
20;12.3600000000006;0.669999999999845;13.1299999999974;NA;NA;-478.920237250114;-487.51905521662;3.91393803234762;3.99030895467334;26.624418812857;25.7654179548278;1061.45238246284;1075.30712034171;17.197635933012;0.198019801980198;24;24
21;12.1200000000026;0.420000000000073;12.8300000000017;NA;NA;-416.713594620497;-425.683651860145;3.88264876693659;3.90705489642848;17.7882665992556;17.3436706701322;899.585163890964;915.871740851902;17.9401144792969;0.465346534653465;17;17
22;12.510000000002;0.650000000000091;13.4599999999991;NA;NA;-444.4578103655;-453.485912743787;3.9143598585217;3.88493629222162;21.0868201205061;20.6476529611374;968.514245953869;984.91268050474;18.0562047565727;0.475247524752475;19;19
23;12.3600000000006;0.599999999999909;13.1399999999994;NA;NA;-435.360289826084;-443.537813914817;3.836789249793;3.83325932760625;21.5844952120534;21.3026875733459;952.197831091244;967.489110502712;16.3550481774668;0.574257425742574;19;19
24;12.4199999999983;0.440000000000055;13.0699999999997;NA;NA;-449.852909527125;-459.554789070275;3.87907660487133;3.90376694992555;23.1539245270854;22.512305458995;987.701179997238;1004.66649710717;19.4037590862997;0.178217821782178;20;20
25;12.6999999999971;0.509999999999991;13.6500000000015;NA;NA;-404.572057356847;-413.945283483074;4.11926299637251;4.12929543785834;17.9993355785209;17.4584017749848;877.08808913884;893.792621990837;18.7464522524555;0.346534653465347;19;19
26;12.3499999999985;0.3900000000001;13.2699999999968;NA;NA;-393.467228446929;-402.056220237043;3.82642896659721;3.79386220900806;17.2410857541977;16.9020572224061;851.057361050911;866.974432507592;17.1779835802281;0.257425742574257;17;17
27;13.0600000000049;0.480000000000018;14.75;NA;NA;-413.386056060529;-422.585448579225;3.86489694819585;3.88162541204371;20.8096598139895;20.2560475240982;905.32451134878;921.633518177318;18.3987850373908;0.623762376237624;19;19
28;13.3700000000026;0.460000000000036;14.6999999999971;NA;NA;-471.901352372084;-481.124168665635;4.17631829730697;4.25554909081306;21.6711771699483;21.177252427312;1026.16295667028;1042.73145236182;18.4456325871015;0.425742574257426;20;20
29;12.1700000000055;0.409999999999854;12.7999999999956;NA;NA;-486.754375416702;-495.775686084841;4.26078465146206;4.20192097881299;26.3425302394104;26.0429315407838;1076.56133515116;1093.43191948602;18.0426213362783;0.762376237623762;25;25
30;10.9599999999991;0.75;11.8100000000049;NA;NA;-403.336447702764;-413.874597966931;3.8906354157049;3.99163511140035;17.3769780673698;16.4709667459619;871.301209134661;889.007879817398;21.0763005283342;0.188118811881188;17;17
31;12.1399999999994;0.369999999999891;12.7199999999939;NA;NA;-456.928630501745;-465.826973128738;4.04149142164547;4.08678153031711;22.843777863308;22.3868234122405;1001.23120051282;1017.28010521995;17.7966852539846;0.584158415841584;21;21
32;12.5699999999997;0.450000000000045;13.2099999999991;NA;NA;-440.805096483203;-445.450734485469;5.60703088345867;4.86077405286044;16.5826545175751;18.2204713349315;944.631762720592;960.147481662786;9.29127600453205;0.98019801980198;20;20
33;11.8799999999974;0.329999999999927;12.3300000000017;NA;NA;-456.001992030461;-465.09756006196;4.05166388178399;4.11797529879943;23.1713732625579;22.6682514993632;1001.16989194808;1017.42496197456;18.191136062997;0.415841584158416;22;22
34;11.3400000000038;0.419999999999845;11.9599999999991;NA;NA;-419.126693688577;-428.035927355407;3.77889851997567;3.80641093802175;19.6525702114504;19.1856907192437;911.3450646691;927.427117640088;17.81846733366;0.128712871287129;17;17
35;11.75;0.480000000000018;12.2700000000041;NA;NA;-441.162182200731;-449.225292472344;3.96828317323041;3.96898208255435;20.120861304503;19.8796046238785;958.792716490213;974.002052784869;16.1262205432255;0.643564356435644;20;20
36;11.760000000002;0.5;12.3600000000006;NA;NA;-448.468924805706;-459.436280014341;3.95911754940283;4.07895939648796;20.6819539906934;19.7403685665976;975.008184312134;993.388593755638;21.9347104172685;0.297029702970297;19;19
37;11.4599999999991;0.730000000000018;12.3600000000006;NA;NA;-390.072818315309;-398.518040718725;3.82971358351555;3.82818774351211;19.8849883792223;19.5341612692597;854.101721658183;869.687373166696;16.8904448068323;0.128712871287129;17;17
38;11.9099999999962;0.570000000000164;12.5299999999988;NA;NA;-448.41991934429;-455.976014524508;4.0477176426525;4.02693031025159;20.9739352509046;20.6007760385954;976.012345588374;989.715932844154;15.112190360436;0.683168316831683;19;19
39;12.1899999999951;0.529999999999973;12.9300000000003;NA;NA;-462.989047377285;-474.199642382631;3.9555353641298;4.18019219274943;25.2523948953092;24.1186896280813;1023.15199513809;1041.21056674532;22.4211900106912;0.0891089108910891;22;22
40;12.6500000000015;0.490000000000009;13.2800000000061;NA;NA;-443.784884368186;-457.991876180341;4.00718136797198;4.19152434697862;22.4914722974402;20.9417279692082;974.119345422906;996.569748103869;28.4139836243103;0.0198019801980198;22;22
41;11.5800000000017;0.470000000000027;12.2199999999939;NA;NA;-401.468440127679;-410.251707017716;3.81679267211734;3.85113948592752;17.7671429884354;17.3140720120983;869.016292145919;884.897768081829;17.5665337800742;0.198019801980198;17;17
42;11.8799999999974;0.440000000000055;12.4599999999991;NA;NA;-462.904649750811;-472.28690933492;3.96657628576989;3.98838344863975;25.3984843548189;24.8263384323372;1023.54536765752;1040.10820848566;18.7645191682188;0.653465346534653;22;22
43;11.4199999999983;0.5;12.0200000000041;NA;NA;-407.235608188612;-417.098352963909;3.84726270455061;3.85573819614664;19.2378256872879;18.5505168100092;886.570181051324;903.719794342896;19.7254895505944;0.0198019801980198;18;18
44;12.2000000000044;0.440000000000055;12.7799999999988;NA;NA;-450.770260552582;-460.228792493761;3.93510335304446;3.97125392347647;23.1105939972612;22.5250254121783;989.934991320383;1006.61234535975;18.9170638823589;0.613861386138614;21;21
45;11.9199999999983;0.380000000000109;12.4000000000015;NA;NA;-444.755546012524;-455.386398591218;3.96680817752709;4.05227413690373;22.5572385316014;21.7143409166558;975.789062628295;993.826813951886;21.2617051573882;0.386138613861386;21;21
46;11.0599999999977;0.3599999999999;11.5;NA;NA;-410.665953685007;-420.103514990267;3.74783019982521;3.81905184507367;18.9749379638338;18.3670165828444;891.903340386912;908.517486803474;18.8751226105184;0.366336633663366;17;17
47;10.1399999999994;0.350000000000136;10.7900000000009;NA;NA;-376.366706929711;-383.967844130924;3.89553191630596;3.8467653505174;15.2832273710186;15.1995375035039;807.524697489385;822.426938714483;15.2022744024259;0.762376237623762;13;13
48;12.6200000000026;0.589999999999918;13.2800000000061;NA;NA;-486.751185264955;-507.328806219702;5.31874501116294;6.50392538871511;22.6396001306046;18.4987657780908;1063.35186513387;1088.07343013804;41.155241909494;0.594059405940594;28;28
49;11.6200000000026;0.410000000000082;12.1100000000006;NA;NA;-462.34040191343;-471.840940334473;3.92974949904199;3.94630326837317;26.2288168899144;25.6380427845996;1026.19503842894;1042.90962322774;19.0010768420867;0.0792079207920792;23;23
50;10.7900000000009;0.75;11.5699999999997;NA;NA;-457.78551491615;-468.422393097023;4.01049056273572;4.10617434501829;24.7673325746694;23.8653252940672;1010.87835883433;1028.6810952792;21.2737563617457;0.198019801980198;22;22
51;11.0899999999965;0.509999999999991;11.6200000000026;NA;NA;-445.716926609358;-456.507408057898;3.86091484905566;3.94622092251612;22.6688953230461;21.7428415000892;977.585884326737;995.647424833527;21.5809628970798;0.118811881188119;20;20
52;11.1500000000015;0.420000000000073;11.7099999999991;NA;NA;-448.834370252709;-457.982730332585;3.92296407361908;3.93343720013569;23.756930755938;23.2279383577971;989.087935883382;1005.34903705279;18.2967201597526;0.0891089108910891;22;22
53;11.1600000000035;0.450000000000045;11.760000000002;NA;NA;-457.918966295196;-469.03748669307;3.969341669213;4.07526089591926;25.9066453849807;24.8979931726747;1016.1052564427;1034.43847810159;22.2370407957482;0.0099009900990099;23;23
54;11.1699999999983;0.5;11.7799999999988;NA;NA;-466.687522078082;-476.67794084157;3.9088229495498;3.9619410898989;24.2158829887144;23.5007255637488;1025.99707489388;1043.24254518158;19.9808375269763;0.0594059405940594;21;21
55;11.1600000000035;0.419999999999845;11.6100000000006;NA;NA;-446.812171614562;-455.989205333049;3.89913137454043;3.93344575453019;23.757360151594;23.2367277222424;984.492594584378;1000.85532299411;18.3540674369731;0.118811881188119;21;21
56;10.5699999999997;0.369999999999891;11;NA;NA;-407.096940726257;-414.163341397717;3.84471375767773;3.8384929500311;18.1171784695602;17.7728710490336;882.092917014226;894.935333001072;14.1328013429201;0.336633663366337;18;18
57;11.4099999999962;0.519999999999982;11.9700000000012;NA;NA;-423.690414929145;-433.764882725287;3.93314285202805;3.99454123845126;21.0039321027416;20.2274770495413;926.666569011861;943.884538511159;20.1489355922837;0.0891089108910891;19;19
58;11.3199999999997;0.380000000000109;11.7799999999988;NA;NA;-407.017005113467;-416.825671911532;3.90167439217905;3.9150015967917;20.2979970488779;19.6802825068799;890.654982504179;907.94056441645;19.6173335961296;0.0693069306930693;19;19
59;10.8499999999985;0.429999999999836;11.4400000000023;NA;NA;-446.695643351791;-455.347261774253;3.93368904451675;3.91102964499228;23.6913704195362;23.3570782104352;983.429184549469;999.461960157213;17.3032368449249;0.396039603960396;20;20
60;10.760000000002;0.560000000000173;11.4199999999983;NA;NA;-383.631890850785;-394.622463394671;3.99781827259555;4.25179677017493;18.1445616553738;17.0166247553566;834.746885990172;852.533017447936;21.9811450877726;0.0594059405940594;17;17
61;11.2999999999956;0.490000000000009;11.9000000000015;NA;NA;-444.369014519105;-456.098591014471;3.91589850251071;4.13909595732165;23.5091669135521;22.1802065375456;979.726314761442;998.041949615118;23.4591529907323;0.0198019801980198;23;23
62;11.9100000000035;0.389999999999873;12.3199999999997;NA;NA;-490.419815858443;-493.22066075657;5.65538067042495;4.95712902512629;19.829152349433;21.8243782191682;1057.58503857261;1070.90891530069;5.60168979625405;0.99009900990099;23;23
63;11.1599999999962;0.5;11.7200000000012;NA;NA;-419.441048526159;-429.631448714652;4.35976113434182;4.39549417794755;17.9371032898084;17.1900287508092;906.591156748849;924.151896732493;20.3808003769848;0.277227722772277;19;19
64;11.9800000000032;0.419999999999845;12.5599999999977;NA;NA;-496.149751144791;-503.145879270142;5.20535253496564;4.96714125124531;21.0958347479987;21.6123640794898;1073.94739082086;1089.93878717597;13.9922562507008;0.831683168316832;23;23
65;11.5199999999968;0.450000000000045;12.0699999999997;NA;NA;-504.091899109775;-515.950162790641;4.10637026735301;4.16821132116295;28.2918864128894;27.1893889228109;1119.41712271452;1138.79903416273;23.7165273617321;0.099009900990099;26;26
66;11.5500000000029;0.549999999999955;12.1399999999994;NA;NA;-438.980554561627;-448.649498628221;3.92228778950377;4.06545804059805;20.0816682688115;19.3047618537557;953.222602529278;969.648823352203;19.3378881331868;0.227722772277228;18;18
67;14.0800000000017;0.5;14.8600000000006;NA;NA;-518.222525914408;-543.621729316525;5.35778706020192;7.07576913091429;24.2136604959353;18.4497831728476;1131.64428725089;1159.78124167717;50.7984068042324;0.702970297029703;26;26
68;11.3299999999945;0.529999999999973;12.0199999999968;NA;NA;-453.394235214607;-466.516012401686;3.84114491910488;4.10669540583523;22.9085769700489;21.309009955479;993.851399947342;1014.01587789388;26.2435543741577;0.0099009900990099;20;20
69;10.1399999999994;0.349999999999909;10.5299999999988;NA;NA;-406.692449540105;-414.821577167074;3.84187747878693;3.87692610217744;16.3946961374438;16.0736629974647;874.359917944632;889.424189388059;16.258255253937;0.425742574257426;17;17
70;9.92000000000553;0.549999999999955;10.489999999998;NA;NA;-453.205994178423;-462.304941579737;4.73223942827443;4.71423369632123;19.5092915539298;19.162373376048;981.032030203814;997.903016293254;18.1978948026277;0.861386138613861;21;21
71;10.0500000000029;0.440000000000055;10.5499999999956;NA;NA;-441.198372061635;-451.050385131436;3.99047860257621;4.00287101152979;21.8384090680408;21.1709713259575;965.925302503963;983.076481857365;19.7040261396027;0.0891089108910891;21;21
72;10;0.559999999999945;10.5800000000017;NA;NA;-447.105074813478;-455.363198324175;4.15642249662665;4.09481956454125;22.8077475944138;22.6643260893518;981.97678728253;997.941133103918;16.5162470213941;0.495049504950495;22;22
73;10.1900000000023;0.410000000000082;10.6299999999974;NA;NA;-462.619201098582;-476.479994640365;3.92370619736206;4.29075849476365;21.8216960732877;20.0208369798412;1008.17069387458;1029.04820380181;27.7215870835652;0.0396039603960396;20;20
74;9.68000000000029;0.420000000000073;10.2200000000012;NA;NA;-420.275790030192;-430.177232311052;3.81464311011695;3.8529746840461;21.5056351196041;20.792799662917;921.7311500611;938.843220074295;19.8028845617207;0.0891089108910891;19;19
75;9.96999999999389;0.409999999999854;10.4300000000003;NA;NA;-427.975720669347;-436.957292022353;3.94520451774031;4.0282315898825;21.2572511376375;20.7236026074496;937.257159952679;953.179179046174;17.9631427060111;0.237623762376238;21;21
76;10.4800000000032;0.449999999999818;11.0199999999968;NA;NA;-426.988627015911;-435.749765680171;4.47102824941027;4.37643473419359;18.6028081711027;18.4525816919795;924.676319222883;941.627668144076;17.5222773285203;0.930693069306931;20;20
77;9.43000000000029;0.399999999999864;9.83000000000175;NA;NA;-411.466964370394;-421.345438059069;3.81269368681306;3.93282500914117;17.0822533702269;16.3759875013466;885.397070543081;902.57147894493;19.7569473773495;0.306930693069307;15;15
78;10.3600000000006;0.360000000000127;10.8000000000029;NA;NA;-435.21077738756;-445.11400741541;3.9566202561332;3.99824177964877;21.0816989860686;20.3587999440724;950.000848716246;967.078506155477;19.8064600556999;0.0396039603960396;19;19
79;10.0400000000009;0.439999999999827;10.5699999999997;NA;NA;-428.026421029339;-438.754527573188;3.78310939306256;3.87799214244557;19.7322180614102;18.7356980440196;929.440744978296;947.190709023636;21.4562130876986;0.0099009900990099;17;17
80;9.31999999999971;0.479999999999791;9.84999999999854;NA;NA;-394.814629416301;-404.330388863831;3.93592989526298;3.89360086197513;17.6731255842541;17.1312191142298;855.864085880758;872.864663437953;19.0315188950594;0.118811881188119;18;18
81;10.3099999999977;0.480000000000018;10.7799999999988;NA;NA;-494.481544747648;-505.197848007232;4.79221927598256;4.99448767302186;23.8828471062756;22.7606415586826;1081.39764170129;1098.48693995351;21.4326065191685;0.782178217821782;23;23
82;9.66999999999825;0.550000000000182;10.2800000000061;NA;NA;-425.632994501543;-434.756157703056;3.88799759521009;3.89577191256692;21.4966136728699;21.0267736196059;932.962820872058;949.42354306686;18.2463264030251;0.445544554455446;20;20
83;9.84000000000378;0.529999999999973;10.5199999999968;NA;NA;-396.690668872704;-407.652633561799;3.79499578811508;3.86959917732428;18.90192292922;17.9450315402596;864.221415813426;882.559135420769;21.9239293781893;0.0099009900990099;18;18
84;9.80999999999767;0.480000000000018;10.2799999999988;NA;NA;-439.163560409089;-449.833667463795;4.2641721686335;4.46807160537263;21.2478499321584;20.1909521214362;959.596881266059;976.894623682121;21.3402141094119;0.623762376237624;21;21
85;9.88999999999942;0.5;10.4400000000023;NA;NA;-423.98392269178;-434.377473412922;3.84444888758499;4.05524624055637;20.0091987884748;18.8943316435556;922.957739774825;939.566574493809;20.7871014422846;0.207920792079208;18;18
86;10.7099999999991;0.599999999999909;11.4199999999983;NA;NA;-437.70355973776;-455.15214268046;4.61556942538678;5.52829074338946;21.1603296368814;17.7242451908362;956.342128244798;978.096799209518;34.8971658854003;0.693069306930693;21;21
87;10.25;0.360000000000127;10.6600000000035;NA;NA;-461.126285341631;-470.15342751579;4.03656877919369;4.05941295257084;24.8271000326869;24.3615262596661;1017.7898912182;1034.05259818829;18.0542843483182;0.336633663366337;22;22
88;9.37999999999738;0.329999999999927;9.77000000000407;NA;NA;-399.774460480178;-408.033855708638;3.87995673592245;3.89101283042746;19.9476021528976;19.6236874624168;874.307965268835;889.612797651386;16.5187904569202;0.445544554455446;18;18
89;9.12000000000262;0.470000000000027;9.59999999999854;NA;NA;-384.135099085001;-394.069285636477;3.73101472780174;3.75786559833592;18.2520453419117;17.5193935599096;836.153054900451;853.296555529152;19.8683731029525;0.0198019801980198;17;17
90;10.0899999999965;0.3599999999999;10.5499999999956;NA;NA;-450.872952692913;-463.36802527524;4.01036605547454;4.19979005632392;23.9064478430263;22.43333145757;994.271800283229;1013.56049566549;24.9901451646529;0.0495049504950495;23;23
91;9.68999999999505;0.470000000000027;10.3400000000038;NA;NA;-393.325158910601;-403.027730509896;3.80677572819563;3.81600030925951;19.3643476242947;18.6781419536639;858.670040040504;875.523052759773;19.4051431985899;0.108910891089109;17;17
92;10.4000000000015;0.559999999999945;10.9800000000032;NA;NA;-471.176838833587;-479.815910252482;4.10886725239483;4.13537845620681;25.3016479789319;24.9207749241292;1040.27946057735;1056.08349816666;17.2781428377892;0.772277227722772;23;23
93;9.25;0.490000000000009;9.83999999999651;NA;NA;-389.674202855237;-400.057702413268;3.75469976971033;3.78741112034387;17.488202399013;16.6447349548447;844.390384057925;862.020366001571;20.7669991160614;0.0198019801980198;17;17
94;9.30999999999767;0.470000000000027;9.81999999999971;NA;NA;-383.432338411027;-396.604221150786;3.80281953610444;4.3542720188836;16.2303174730661;14.2051719934686;826.736361482193;845.609609410432;26.343765479518;0.0396039603960396;16;16
95;10.1100000000006;0.509999999999991;10.75;NA;NA;-433.844283067598;-444.945566354939;3.9695545856029;4.07389353683297;21.3479353477994;20.3844323127583;948.820353280813;967.361173561084;22.2025665746812;0.0693069306930693;20;20
96;10.1399999999994;0.630000000000109;10.8100000000049;NA;NA;-427.85143928132;-438.805815370014;3.89035785984912;3.97026383891179;21.528364890513;20.6050742673277;937.52037938575;955.920210578817;21.9087521773872;0.0198019801980198;20;20
97;9.4800000000032;0.720000000000027;10.2799999999988;NA;NA;-443.363507684601;-453.317296873165;3.96210856056951;3.99895696350763;22.5499354609288;21.862246772882;972.977052849522;990.254327684468;19.9075783771268;0.237623762376238;21;21
98;10.25;0.5;10.8799999999974;NA;NA;-441.020713507904;-453.938637740876;4.04570810354966;4.38743098342381;21.3692607623093;19.6182387099614;963.254260359224;982.435434912967;25.8358484659452;0.188118811881188;20;20
99;10.5400000000009;0.349999999999909;11.0500000000029;NA;NA;-500.175106003849;-509.44909961796;3.99614636963501;4.01836118191574;27.7163873978713;27.1754375294821;1107.62183864792;1124.07617018141;18.5479872282214;0.316831683168317;23;23
100;9.7699999999968;0.440000000000055;10.2900000000009;NA;NA;-433.418147551511;-442.588574695126;3.81652541472707;3.83271929579734;21.9106087137705;21.4283410462924;949.544561282821;966.064949368825;18.3408542872289;0.108910891089109;19;19
101;9.54000000000087;0.420000000000073;10.010000000002;NA;NA;-446.056480519858;-455.235454944419;3.87433334537384;3.91304428182842;22.1811564776293;21.640708379792;976.411364452867;992.715366663935;18.3579488491209;0.138613861386139;20;20
102;9.61000000000058;0.289999999999964;10.0299999999988;NA;NA;-394.382796447477;-404.59563335998;4.05221478516072;4.24938248844405;16.3025296200804;15.3292899597865;848.903659460553;865.739169498772;20.4256738250062;0.306930693069307;16;16
103;9.98999999999796;0.339999999999918;10.3700000000026;NA;NA;-465.654198812434;-477.318832080219;3.93492587762778;4.00570847902427;24.6202422204166;23.557581617064;1025.47704027862;1044.74179332471;23.3292665355715;0.0495049504950495;21;21
104;13.2799999999988;0.580000000000155;13.9099999999962;NA;NA;-495.948909807849;-520.916358631718;4.61474020148904;6.16650515768547;25.3455865777372;19.1087626442683;1091.05033739388;1116.58663633308;49.9348976477396;0.118811881188119;25;25
105;11.8899999999994;0.5;12.4199999999983;NA;NA;-445.995328327159;-455.900709347551;5.16392213551546;5.36530631697324;15.6220128745805;14.8724610599088;950.091918290528;967.114953394728;19.8107620407836;0.920792079207921;17;17
106;9.31999999999971;0.449999999999818;9.84999999999854;NA;NA;-472.618963976154;-481.735483561393;4.10297309964947;4.16995299488928;24.804269080125;24.2400478694372;1040.68739255441;1056.74924851835;18.2330391704771;0.376237623762376;22;22
107;9.19000000000233;0.300000000000182;9.47000000000116;NA;NA;-473.570747325824;-483.220455413747;3.99160891147246;3.99453992695267;25.7438739822004;25.1315322455771;1047.32666377754;1064.24308349804;19.2994161758475;0.297029702970297;24;24
108;9.94000000000233;0.519999999999982;10.4700000000012;NA;NA;-444.566652076048;-466.162806545253;4.43769315184391;5.895392433821;21.3341972622475;16.5829723693767;972.157722402483;996.860107494292;43.1923089384117;0.306930693069307;24;24
109;9.31000000000495;0.369999999999891;9.69999999999709;NA;NA;-410.961125789589;-420.526779206372;3.88282330153341;3.9666327825886;18.0879929551431;17.4096501368948;889.194966023724;905.8033858338;19.1313068335661;0.336633663366337;17;17
110;9.20999999999913;0.529999999999973;9.83999999999651;NA;NA;-441.540522055055;-450.088073271286;3.83563027349352;3.85396194757799;23.1383945102795;22.7483699389917;971.017383981629;986.6302170525;17.095102432463;0.326732673267327;20;20
111;9.33000000000175;0.529999999999973;9.84999999999854;NA;NA;-419.443686463278;-430.857322565246;3.93793703449325;4.29685107070098;18.8185563438698;17.4478075809276;909.923745650883;927.576709142904;22.8272722039371;0.168316831683168;19;19
112;8.77999999999884;0.420000000000073;9.20999999999913;NA;NA;-392.186568254504;-401.388810115477;3.7735073898371;3.80576299667833;16.5500141208948;16.0048041305265;844.890086846787;861.300950160331;18.4044837219471;0.0693069306930693;15;15
113;9.05999999999767;0.299999999999955;9.45000000000437;NA;NA;-477.945395344177;-486.79037146154;3.94171774089483;3.94490217732941;26.7016910805936;26.2583554648246;1059.23520549762;1075.20930162281;17.6899522347267;0.336633663366337;23;23
114;9.38999999999942;0.519999999999982;9.93000000000029;NA;NA;-438.132789214176;-450.901042554347;4.02260056451051;4.26097276000244;21.1562906683876;19.5963536229186;956.669029316419;976.277071333943;25.5365066803427;0.0594059405940594;20;20
115;8.80999999999767;0.309999999999945;9.17000000000553;NA;NA;-379.419361867;-388.936641465928;3.7625333182129;3.79973814577559;16.957850347819;16.3602278126453;821.394189468009;838.224191174546;19.0345591978555;0.0495049504950495;16;16
116;9.63999999999942;0.6400000000001;10.3099999999977;NA;NA;-483.322776227832;-497.594726714364;3.92930154490816;4.3017288445806;26.342842436776;24.214978047167;1068.6011038035;1088.90946271019;28.5439009730637;0.0594059405940594;23;23
117;9.35999999999331;0.450000000000045;9.86000000000058;NA;NA;-457.978444171346;-467.215767036216;3.94969982389907;3.96473013531166;26.4024317682696;25.8841304167521;1018.70490885693;1035.16252682325;18.4746457297391;0.0198019801980198;24;24
118;9.15999999999622;0.480000000000018;9.72000000000116;NA;NA;-450.8077969951;-460.231265466068;4.20206353949886;4.2657638167585;22.2646398270557;21.6926689913794;987.292295213941;1003.93822756844;18.8469369419353;0.376237623762376;22;22
119;9.43000000000029;0.409999999999854;9.87999999999738;NA;NA;-491.205135402255;-500.485370957809;4.12513845192065;4.20282155613682;25.8805438945388;25.3311868291457;1083.12730620242;1099.54989276107;18.5604711111088;0.851485148514851;24;24
120;8.98999999999796;0.310000000000173;9.44000000000233;NA;NA;-466.811084919851;-475.969066992608;3.94220486428618;3.97522933059057;24.6759597470733;24.1617649110686;1028.57788648642;1044.91517423396;18.3159641455135;0.336633663366337;22;22
121;9.45999999999913;0.329999999999927;9.79000000000087;NA;NA;-470.94864002396;-483.967893348021;4.05874012291522;4.39289861066397;25.5774395033469;23.770877747525;1041.95681180496;1060.92800730358;26.0385066481216;0.267326732673267;25;25
122;9.75;0.200000000000045;10.010000000002;NA;NA;-488.324431507377;-514.586137554864;4.26894372691684;5.9258772136582;25.8456819167593;19.2427279825733;1078.26460830245;1104.827626422;52.5234120949739;0.158415841584158;26;26
123;8.75;0.440000000000055;9.27999999999884;NA;NA;-406.874293568768;-416.114364540142;3.81660093321222;3.86128571368708;19.3742283773101;18.8115690100193;886.882513200105;903.238725984774;18.4801419427479;0.0099009900990099;19;19
124;9.56999999999971;0.329999999999927;10;NA;NA;-488.49939790426;-497.519802129161;4.30119629231217;4.31777450264131;24.2025555187974;23.763635411399;1070.67072577841;1087.0127676029;18.0408084498027;0.594059405940594;23;23
125;9.65000000000146;0.5;10.1399999999994;NA;NA;-470.461923184175;-481.149946002069;4.48792729204959;4.59815173481983;21.1394146706182;20.2132532899443;1020.72100574;1038.60097315181;21.3760456357869;0.881188118811881;19;19
126;8.67000000000553;0.360000000000127;9.03000000000611;NA;NA;-407.33548820806;-416.570831500197;3.74379499860465;3.78701765163451;15.9121630082498;15.3759881418132;872.855553873437;889.365657975577;18.4706865842742;0.306930693069307;15;15
127;9.19000000000233;0.309999999999945;9.48999999999796;NA;NA;-446.490460278678;-455.449467138164;4.38815048582487;4.43877836393163;20.8027824643027;20.299755255085;971.507359133963;987.52654343842;17.9180137189729;0.554455445544555;19;19
128;9.2300000000032;0.509999999999991;9.80999999999767;NA;NA;-430.436731709988;-437.560585809107;4.67190442542161;4.40820388048152;18.1270430816205;18.9625780852822;930.206617295563;947.650118470983;14.2477081982386;0.881188118811881;21;21
129;8.33999999999651;0.470000000000027;8.83000000000175;NA;NA;-415.827368281734;-424.707751571122;3.85450762969672;3.8596443508155;18.3382849862532;17.8959437464245;899.85833506897;915.973949751247;17.7607665787773;0.287128712871287;17;17
130;9.04999999999563;0.380000000000109;9.44999999999709;NA;NA;-493.780187992228;-503.971741723855;4.10447978631741;4.21947583581831;26.9713967739667;26.0583450655156;1093.07310065274;1109.88432882739;20.383107463254;0.306930693069307;25;25
131;9.40000000000146;0.349999999999909;9.79000000000087;NA;NA;-489.071939973404;-497.559710234888;4.02034586967832;4.04491424274489;27.7557468922797;27.4080638876118;1085.56784090566;1101.19773269993;16.9755405229674;0.613861386138614;23;23
132;9.16000000000349;0.559999999999945;9.75;NA;NA;-428.115375734198;-440.685006926218;3.96746427917241;3.93991983785444;21.5437202617316;20.376263785787;938.106609630937;958.80901061527;25.1392623840411;0.0297029702970297;20;20
133;8.83000000000175;0.360000000000127;9.20000000000437;NA;NA;-437.620555733643;-446.34745104696;3.92401022775187;3.95614087519799;20.6965400676879;20.2855656419084;953.366505758288;969.268948239167;17.4537906266339;0.831683168316832;19;19
134;8.87000000000262;0.259999999999991;9.16000000000349;NA;NA;-404.59646604521;-416.407178080044;3.76183895990896;3.92261869336269;18.1383432030645;16.9982049886682;875.517782740767;894.970165793623;23.6214240696678;0.0693069306930693;15;15
135;8.96999999999389;0.450000000000045;9.44000000000233;NA;NA;-444.089987842506;-453.853258156558;3.87934938266533;3.93862599606032;22.5530745660918;21.878962352827;973.891835654833;990.856445693032;19.526540628105;0.188118811881188;20;20
136;8.69999999999709;0.309999999999945;9.05999999999767;NA;NA;-393.469011505822;-404.036919815306;4.05235608273586;4.27561760372186;19.1369674670419;18.0165120762036;859.176335502867;876.082651977924;21.1358166189669;0.732673267326733;19;19
137;8.0199999999968;0.410000000000082;8.52999999999884;NA;NA;-353.32174527941;-361.927387769508;4.06814610697006;3.98305830608971;13.8279415038209;13.5313071350946;756.729867721886;772.866709274083;17.2112849801974;0.673267326732673;14;14
138;9.22000000000116;0.339999999999918;9.61000000000058;NA;NA;-436.651011659807;-446.710453642017;3.81892878488031;3.84542532761946;21.0868547738932;20.3568354145159;952.900779352246;970.263982893519;20.1188839644203;0.0297029702970297;19;19
139;8.81999999999971;0.400000000000091;9.2300000000032;NA;NA;-451.529933336974;-462.05976146179;3.94746954520374;3.97417704230789;23.0796258463142;22.2472890777027;990.772859104228;1008.66926005801;21.0596562496327;0.0198019801980198;20;20
140;8.31999999999971;0.420000000000073;8.90000000000146;NA;NA;-379.163280435926;-387.761890652148;3.79527653634736;3.80277802262075;16.0446979471693;15.6832535864591;816.442282046065;832.330309886901;17.1972204324443;0.0891089108910891;14;14
141;9.12000000000262;0.339999999999918;9.47000000000116;NA;NA;-409.096591856195;-417.926331695176;3.77349959426667;3.78305768157032;19.2150732902145;18.7857724212774;889.657726057653;905.720553479146;17.6594796779616;0.297029702970297;17;17
142;9.25;0.509999999999991;9.84999999999854;NA;NA;-445.44938327344;-455.973325259485;4.72292147495706;5.05068088590127;17.8681337939422;16.6798216254938;958.347479874357;974.909717627456;21.0478839720905;0.792079207920792;19;19
143;8.55000000000291;0.410000000000082;8.9800000000032;NA;NA;-436.190677283964;-445.384669334447;3.82092147473011;3.87502005495873;20.748527077897;20.2403546184643;950.142082061026;966.62555216979;18.3879841009669;0.0693069306930693;18;18
144;8.9800000000032;0.440000000000055;9.45999999999913;NA;NA;-453.490376897518;-462.920009918925;3.93529950208903;3.96578666642479;24.4967111985292;23.9307393574634;1001.24670296931;1017.92804919376;18.8592660428134;0.267326732673267;22;22
145;9;0.279999999999973;9.27999999999884;NA;NA;-485.129082390383;-496.23567828903;4.04397991496838;4.16245760042915;25.0914018341486;24.0403149761566;1066.2289205454;1084.42186665046;22.213191797296;0.128712871287129;21;21
146;9.02999999999884;0.370000000000118;9.44999999999709;NA;NA;-457.769288007009;-468.071243481938;3.91040690145986;3.93563365554538;25.2983634788759;24.5197817969263;1012.88936839447;1030.49721425364;20.603910949858;0.0198019801980198;22;22
147;9.36000000000058;0.409999999999854;9.77999999999884;NA;NA;-485.992832077089;-498.171891367225;4.11148924449554;4.36441787989941;26.6941683749716;25.2565957783438;1076.41386494784;1095.14816645813;24.3581185802725;0.168316831683168;25;25
148;9.19999999999709;0.380000000000109;9.61000000000058;NA;NA;-454.206774017802;-463.973040602958;4.00101398852112;4.02329058619794;24.0929433809046;23.4601964960119;1002.17393580884;1019.24406360378;19.532533170312;0.287128712871287;24;24
149;9.54999999999563;0.480000000000018;10.0599999999977;NA;NA;-468.25562675857;-478.290359181885;4.29396293795243;4.35659008443359;23.224129842875;22.5792841998345;1025.88017433442;1043.46820458685;20.0694648466318;0.445544554455446;22;22
150;9.81000000000495;0.3599999999999;10.3000000000029;NA;NA;-443.381153843901;-447.691180475679;6.21540584765451;5.42092944302584;14.5709668136045;16.020216096001;942.138556433518;956.266410914603;8.62005326355597;0.98019801980198;20;20
151;9.0199999999968;0.3599999999999;9.38999999999942;NA;NA;-430.147899680302;-442.395189161147;4.05710203203672;4.36525511024314;21.6671046531187;20.235464276947;942.640573885126;961.694273418606;24.4945789616914;0.237623762376238;20;20
152;9.0199999999968;0.370000000000118;9.38999999999942;NA;NA;-480.106879447922;-491.913136805749;4.01294738567525;4.16156969027058;25.8492603115429;24.5999778949698;1060.8090507265;1079.55984298823;23.6125147156538;0.0693069306930693;24;24
153;9.87000000000262;0.419999999999845;10.3600000000006;NA;NA;-430.491390349829;-439.282778530024;4.64199419040247;4.67315651706166;18.4776617024984;18.1592238655276;930.232824857648;946.62216913627;17.5827763603901;0.693069306930693;18;18
154;9.18999999999505;0.5;9.75;NA;NA;-491.937776717335;-501.800378967283;3.97142367825669;4.07031195089148;26.220982488391;25.4788143925638;1085.35946630026;1102.21223372035;19.7252044998947;0.297029702970297;23;23
155;8.63999999999942;0.330000000000155;9;NA;NA;-417.342418781054;-428.244229459278;3.80462922901425;3.85780677689351;20.684194238524;19.7520302342358;912.763628760606;931.048513161954;21.8036213564482;0.0792079207920792;19;19
156;9.02999999999884;0.329999999999927;9.4800000000032;NA;NA;-406.267096960455;-414.407858465419;4.145789479744;4.12798272105441;17.172255715427;16.9118771127143;876.891875413954;892.197559054921;16.281523009928;0.485148514851485;18;18
157;9.18000000000029;0.3900000000001;9.63999999999942;NA;NA;-472.966358260148;-484.337312454341;3.93430980907041;4.00684045420591;26.9572862128527;25.9058325705894;1050.26636940036;1068.93880289928;22.7419083883874;0.0099009900990099;23;23
158;8.47000000000116;0.269999999999982;8.81999999999971;NA;NA;-339.335661092268;-348.740666008259;3.59104025793838;3.60975921265179;12.3957400589482;11.7795820004099;721.484691599081;738.166566890286;18.8100098319832;0.0495049504950495;10;10
159;9.12999999999738;0.309999999999945;9.43999999999505;NA;NA;-462.617951134081;-473.164776604095;3.97108497316056;4.05791443122531;24.4540344945699;23.5867973609649;1019.88113941585;1037.61829455182;21.0936509400279;0.415841584158416;23;23
160;9.28000000000611;0.370000000000118;9.66999999999825;NA;NA;-484.347512472589;-496.280671718932;4.09649217627098;4.30723407655863;26.4822753684804;25.2170593536419;1072.29429542276;1091.21105975856;23.8663184926866;0.0792079207920792;25;25
161;9;0.559999999999945;9.58000000000175;NA;NA;-418.201823130002;-430.880001375476;3.78632111554745;3.92912477178068;20.1935395476548;18.7889654768185;912.08440759747;932.176742157795;25.3563564909479;0.0099009900990099;18;18
162;8.69999999999709;0.3900000000001;9.30999999999767;NA;NA;-410.60610111047;-420.076172361803;4.6792022854684;4.65300253637242;16.2731829396814;15.8270287257352;882.200364863382;899.468423554011;18.9401425026665;0.574257425742574;18;18
163;8.91999999999825;0.449999999999818;9.38999999999942;NA;NA;-448.443676415656;-459.368825881421;4.02115495307708;4.04011018263668;26.4198387875723;25.5254081247788;999.703114710891;1018.07263653462;21.8502989315311;0.0891089108910891;24;24
164;9.04999999999563;0.429999999999836;9.48999999999796;NA;NA;-434.36261993583;-446.144177561361;3.91227814371252;4.02910609303953;21.5456106299748;20.3751265287992;950.608282286515;969.723029795838;23.5631152510624;0.0198019801980198;20;20
165;8.73999999999796;0.420000000000073;9.19000000000233;NA;NA;-411.987120600308;-421.466710720863;3.70045103784649;3.71685752180893;19.839461687325;19.2138322115778;897.15962379967;913.810932321808;18.9591802411092;0.0099009900990099;16;16
166;9.02999999999884;0.309999999999945;9.38999999999942;NA;NA;-469.738151979948;-479.301553336852;3.96537043564826;4.01742511298071;26.5053366476448;25.9108441111969;1043.1657906921;1059.96692492677;19.1268027138094;0.0792079207920792;25;25
167;9.01000000000204;0.340000000000146;9.43999999999505;NA;NA;-450.398660277995;-460.558284230033;3.98459912770033;4.11737244838766;21.8853497926148;21.0865137894094;984.505419993947;1001.76924295738;20.3192479040756;0.277227722772277;21;21
168;8.9800000000032;0.269999999999982;9.25;NA;NA;-439.950577122995;-448.957937022092;4.12254689001224;4.23451170692019;22.2190109163593;21.6390639693302;963.773578473397;979.599111878294;18.0147197981942;0.524752475247525;19;19
169;7.86000000000058;0.3599999999999;8.20999999999913;NA;NA;-357.925383635274;-366.4894994827;3.72336399836726;3.7326822953203;13.7421806111435;13.3323204013308;765.117306155335;780.776164499956;17.1282316948515;0.336633663366337;13;13
170;9.13999999999942;0.309999999999945;9.5199999999968;NA;NA;-453.817420182354;-463.44198284574;3.9537343780667;4.01888159672511;23.9788697825765;23.3501554611049;999.908080713662;1016.73784648671;19.2491253267725;0.247524752475248;22;22
171;8.79000000000087;0.240000000000009;9.20000000000437;NA;NA;-431.078845205877;-440.897241246541;3.86478715863136;3.89915684525745;22.400268039359;21.7192135181141;947.835273006677;964.867136214248;19.6367920813276;0.0297029702970297;21;21
172;9.15000000000146;0.329999999999927;9.5;NA;NA;-478.831606421962;-489.492933382765;4.11789198263178;4.22171864270494;26.5208117367448;25.5495127556308;1060.871922265;1078.41465740818;21.3226539216058;0.326732673267327;24;24
173;9.58000000000175;0.400000000000091;9.98999999999796;NA;NA;-511.688798275;-524.144592320343;4.149612425535;4.34212685178091;29.3989888424191;27.8978129190274;1140.0529916153;1159.00688181158;24.9115880906868;0.128712871287129;28;28
174;8.52999999999884;0.230000000000018;8.80999999999767;NA;NA;-396.236520775775;-405.404821457959;3.7803419642168;3.83340157567784;18.6313914672951;18.0574242898816;861.766759267618;877.968666632357;18.3366013643681;0.178217821782178;17;17
175;9.37999999999738;0.460000000000036;9.97000000000116;NA;NA;-430.370084717301;-439.433073231878;4.11803625501161;4.25889445257846;19.813451385017;19.1388319022881;935.532076519435;951.111496833689;18.1259770291551;0.762376237623762;19;19
176;11.1200000000026;0.519999999999982;11.6599999999962;NA;NA;-449.377041807816;-464.434419131177;3.97343985607988;4.54639045830847;20.9628265573289;18.4246103963652;978.42228358491;998.890671501272;30.1147546467204;0.0693069306930693;20;20
177;9;0.360000000000127;9.40999999999622;NA;NA;-460.56032666946;-471.294361037618;3.99620435521961;4.02866163399882;24.7132677107376;23.8735014159927;1016.21993499638;1034.45649374684;21.4680687363164;0.0297029702970297;22;22
178;9;0.329999999999927;9.37000000000262;NA;NA;-431.713484620035;-444.180365885371;4.0105247598103;4.33422815241797;21.1736291339281;19.5896210509621;943.896314120822;962.810131184619;24.9337625306723;0.0693069306930693;20;20
179;9.16999999999825;0.460000000000036;9.69999999999709;NA;NA;-473.725828074703;-481.99928401808;4.08800391016189;4.07240492768721;26.2057747229323;25.9334826869992;1049.96924974059;1065.45094891857;16.5469118867534;0.683168316831683;25;25
180;8.77000000000407;0.380000000000109;9.15000000000146;NA;NA;-432.125251981442;-442.205012667158;3.86432773022555;3.90698796736419;20.8125438489052;20.0535601514982;942.813789858822;960.10829609118;20.159521371432;0.158415841584158;19;19
181;8.76000000000204;0.5;9.26000000000204;NA;NA;-418.532529666297;-428.411238604851;3.82635941874679;3.87615603092838;20.6762352605824;19.9806432914224;915.113806944686;932.245501069005;19.7574178771082;0.0594059405940594;19;19
182;8.63999999999942;0.389999999999873;9.08000000000175;NA;NA;-417.690510170625;-427.139254123187;3.89100945596303;3.9471623403804;18.3077169276673;17.6896808943718;903.470930374987;920.06982375459;18.8974879051231;0.524752475247525;17;17
183;9.22999999999593;0.410000000000082;9.69000000000233;NA;NA;-436.7189899798;-445.779402897004;3.83026906495785;3.88053951719026;22.9528317906043;22.4670401608061;960.66909776493;976.943696202459;18.1208258344079;0.0198019801980198;20;20
184;8.56999999999971;0.339999999999918;9.08000000000175;NA;NA;-389.96026223447;-399.28129100613;3.87011591975769;3.91621798319072;16.6367712232439;16.0361339819382;840.180802402051;856.647283530189;18.6420575433199;0.178217821782178;14;14
185;9.08000000000175;0.360000000000127;9.48999999999796;NA;NA;-418.499061834949;-422.269446507507;5.91725307203924;5.28199823089183;14.0705216268138;15.3847761011394;889.329091833911;901.757825597081;7.54076934511545;0.99009900990099;17;17
186;9.09000000000378;0.450000000000045;9.59999999999854;NA;NA;-425.276001977074;-439.515509654418;4.36727342791006;5.17666669044752;17.828771879696;15.3495280822336;918.309381969646;937.366152185365;28.4790153546872;0.702970297029703;20;20
187;8.84999999999854;0.509999999999991;9.41999999999825;NA;NA;-377.119184881019;-393.586881564344;4.0630656783227;5.16975756204192;15.0563889856915;11.9935328881468;809.293715205099;831.029437744104;32.9353933666489;0.0297029702970297;15;15
188;9.33999999999651;0.379999999999882;9.86000000000058;NA;NA;-447.861064005905;-458.678323472447;4.1900938705385;4.33480278237825;22.1823598609124;21.2105080863085;981.082207177852;998.976937155298;21.6345189330849;0.435643564356436;22;22
189;9.25;0.460000000000036;9.73999999999796;NA;NA;-465.530971098703;-475.205689763125;4.01455638387058;4.03221354579692;26.7313017660856;26.1685433104263;1035.08979714427;1052.24919690937;19.3494373288435;0.237623762376238;24;24
190;8.91000000000349;0.339999999999918;9.31000000000495;NA;NA;-474.544314957217;-486.860170158376;4.03466603120004;4.08450442774076;26.2113424369302;25.0151925789446;1050.53523257844;1070.53744566822;24.631710402319;0.0099009900990099;23;23
191;8.65999999999622;0.410000000000082;9.06999999999971;NA;NA;-405.000082001343;-413.661995711802;3.72617912197917;3.7482189003829;18.4786169960503;18.0618167564567;878.165554579857;893.951856160467;17.3238274209167;0.108910891089109;16;16
192;9.47000000000116;0.3900000000001;9.86000000000058;NA;NA;-433.681108514797;-444.830980701149;3.93715637955779;4.09577483161145;21.6880430972915;20.6046307529324;949.786567090023;967.968855686258;22.2997443727037;0.0396039603960396;20;20
193;8.94000000000233;0.439999999999827;9.36000000000058;NA;NA;-477.026604664228;-487.825712811828;3.98106183080743;4.07486320793163;25.0841296987352;24.1946362318558;1051.6709096785;1069.8075625168;21.5982162952014;0.0891089108910891;24;24
194;9.81000000000495;0.399999999999864;10.6300000000047;NA;NA;-498.410848117688;-510.62321950992;8.17383767553188;8.94499545932814;13.1225994138794;12.0071813853048;1047.01362220551;1067.17206245721;24.4247427844624;0.792079207920792;21;21
195;9.36000000000058;0.25;9.63000000000466;NA;NA;-442.780548884347;-451.962568838176;4.30794624906448;4.24982358692496;20.7821762092579;20.3646668261352;964.542744900487;981.320060759616;18.3640399076584;0.584158415841584;20;20
196;8.86000000000058;0.450000000000045;9.37000000000262;NA;NA;-471.961054281586;-481.43826420126;3.95747131481775;4.00933648733581;24.9475976437797;24.3308782789084;1039.34283540064;1055.93839845181;18.9544198393479;0.524752475247525;21;21
197;9.80000000000291;0.610000000000127;10.4499999999971;NA;NA;-477.874913072156;-487.304895194851;4.61997604435287;4.62242520865224;23.1821874547934;22.802532167359;1046.43907678361;1063.81382081043;18.8599642453919;0.940594059405941;25;25
198;9.04000000000087;0.409999999999854;9.44000000000233;NA;NA;-459.261823688968;-470.135696804043;4.0781200740553;4.1278329063493;24.2453576649806;23.3964646815713;1012.36123587247;1030.82348425376;21.7477462301511;0.118811881188119;23;23
199;9.87000000000262;0.3599999999999;10.2700000000041;NA;NA;-492.938233440442;-510.303439983864;4.54184188547407;5.11757517366098;26.8095612681205;23.7361482691994;1092.27523349329;1114.80823129589;34.730413086845;0.485148514851485;28;28
200;8.65000000000146;0.3599999999999;9.08000000000175;NA;NA;-384.688579662347;-395.28142750798;3.67707534303779;3.68247203890439;17.6695190320289;16.7895861767412;833.987702732251;851.955826975236;21.1856956912653;0.0297029702970297;15;15
201;9.61000000000058;0.380000000000109;9.98999999999796;NA;NA;-448.906205770176;-456.55581594673;4.91576684326067;4.69656920764261;19.0750455400157;19.4678564463164;970.771529122562;987.573190821891;15.2992203531085;0.99009900990099;21;21
202;8.94000000000233;0.380000000000109;9.31000000000495;NA;NA;-421.74657736672;-433.218133641472;3.9549771103386;4.11815109816338;21.1551847036888;19.9214929750742;924.408484923971;942.632916215318;22.9431125495057;0.0495049504950495;21;21
203;9.20000000000437;0.449999999999818;9.71999999999389;NA;NA;-457.595201173918;-468.861876052764;4.11233501036691;4.21910469042948;23.5220018342545;22.5712787713229;1006.72890714217;1025.56241161172;22.5333497576918;0.267326732673267;24;24
204;7.97000000000116;0.420000000000073;8.47000000000116;NA;NA;-396.168800387936;-406.3493165108;3.80426098216358;3.81269056855298;19.5351322957606;18.7954840357743;865.550802526973;883.139802494477;20.361032245728;0.0792079207920792;18;18
205;9.66000000000349;0.370000000000118;10.0900000000038;NA;NA;-478.471056419632;-487.285701073565;4.07490711686891;4.07256068023404;24.843302479064;24.4588368492221;1053.09394640214;1069.23522600267;17.629289307866;0.940594059405941;23;23
206;8.87999999999738;0.419999999999845;9.37999999999738;NA;NA;-470.136648762731;-482.149833154309;3.9251071222452;4.01951378877725;25.2925502350548;24.1167946818701;1038.16386914456;1057.63967334977;24.0263687831551;0.0198019801980198;23;23
207;8.94999999999709;0.300000000000182;9.25;NA;NA;-439.628359622519;-452.103246761904;3.82665400135981;4.14493241221584;21.2481681030992;19.7148033157051;959.464401571989;978.626023424541;24.9497742787704;0.0099009900990099;19;19
208;8.68000000000029;0.349999999999909;9.01000000000204;NA;NA;-457.527381940589;-467.096844851639;3.96093697010833;3.98163244932457;22.4413643457854;21.883834262905;1000.34207460686;1017.36213453984;19.1389258220996;0.366336633663366;20;20
209;9.18000000000029;0.660000000000082;9.94000000000233;NA;NA;-422.768607406142;-432.739829087082;4.58278781371712;4.79540044257431;17.4685662385386;16.6897478915078;911.005400282528;928.029010850988;19.9424433618785;0.861386138613861;18;18
210;8.87000000000262;0.470000000000027;9.38999999999942;NA;NA;-472.181957478421;-484.932560340024;3.94343828046088;4.28379720295943;24.9324071109999;23.2985789795506;1039.72654034104;1058.97860456146;25.5012057232053;0.0396039603960396;21;21
211;8.66999999999825;0.470000000000027;9.19000000000233;NA;NA;-391.535000764569;-403.335573247863;4.12915962662506;4.40816994824445;16.0051048731119;14.9184073430004;842.110904056499;861.703352831422;23.6011449665878;0.138613861386139;16;16
212;9.66000000000349;0.389999999999873;10.0800000000017;NA;NA;-499.362829982899;-521.746446533624;4.35495854350011;5.40691977744576;27.0493753446767;21.9016705297828;1105.58431264094;1130.01551972036;44.7672331014501;0.0495049504950495;27;27
213;8.69000000000233;0.550000000000182;9.30000000000291;NA;NA;-426.718713610853;-437.114953849458;3.84717922308243;3.92627484921244;22.0115360285233;21.1279922227354;936.52667429174;953.983949561954;20.7924804772101;0.118811881188119;19;19
214;9;0.4699999999998;9.47000000000116;NA;NA;-413.556188155681;-423.180471134857;3.91253009397563;3.93558779885434;21.5966787905564;20.9799215667548;908.635618378403;925.556046342013;19.2485659583535;0.336633663366337;19;19
215;8.79000000000087;0.449999999999818;9.26000000000204;NA;NA;-435.085685435802;-444.853735216703;3.81547070443705;3.87963262222437;21.9653893490573;21.2569048881354;952.492619461409;969.373481526494;19.5360995618006;0.099009900990099;18;18
216;8.30000000000291;0.5;8.83999999999651;NA;NA;-374.138886406207;-382.02345304375;3.79116910975431;3.82606626897242;15.7082856028232;15.4484571344615;804.592915609859;819.430548295472;15.7691332750851;0.96039603960396;13;13
217;8.37000000000262;0.340000000000146;8.72000000000116;NA;NA;-399.050682942549;-409.463431119834;3.71095398487952;3.78806796106815;17.7122482676608;16.8525369833211;863.439714605838;881.093839667137;20.8254963545702;0.0099009900990099;16;16
218;8.97000000000116;0.420000000000073;9.44000000000233;NA;NA;-468.276439460721;-477.603317568534;3.92313716291673;3.9442366491078;25.4473062454832;24.9073487467956;1035.04240771099;1051.6063490323;18.653756215626;0.198019801980198;23;23
219;8.78000000000611;0.460000000000036;9.27999999999884;NA;NA;-448.243125694009;-457.651004231195;4.04757987379575;4.12929157627355;22.6219707718088;22.0140110526553;983.538000078478;1000.01426351547;18.8157570743713;0.198019801980198;22;22
220;8.65999999999622;0.230000000000018;8.97000000000116;NA;NA;-419.912115410254;-430.326615975069;3.73854323592551;3.81445680372473;19.174321731726;18.3045800320688;910.555992303242;928.176621146621;20.8290011296309;0.0396039603960396;16;16
221;9;0.389999999999873;9.38999999999942;NA;NA;-452.756392969003;-463.273342912047;4.00180864363323;4.12605913670913;23.9621479746185;23.0140100278123;998.254258848307;1015.61854990792;21.0338998860881;0.188118811881188;23;23
222;8.92000000000553;0.259999999999991;9.25;NA;NA;-480.312631964577;-489.577694256057;3.99164053038077;4.03459645102579;26.39544395389;25.8780470117363;1062.78440062249;1079.31202715956;18.5301245829601;0.445544554455446;23;23
223;8.52999999999884;0.339999999999918;8.86000000000058;NA;NA;-437.298944430809;-448.132819886723;3.79035162192158;3.94067658247762;21.2417837283751;20.2485159968439;954.207229311095;972.152440251323;21.6677509118279;0.0396039603960396;18;18
224;8.66000000000349;0.3900000000001;9.08000000000175;NA;NA;-421.572238442034;-431.638814448084;3.98729037691178;4.08492526707142;18.4286749720817;17.6477412346744;912.210929995792;929.417321215826;20.1331520120996;0.415841584158416;18;18
225;8.02999999999884;0.419999999999845;8.47000000000116;NA;NA;-356.584427540934;-364.691606018835;3.64755309512233;3.63382875069656;14.5928601133085;14.2968240116684;765.485130828498;780.638180665331;16.2143569558009;0.247524752475248;13;13
226;9.84999999999854;0.410000000000082;10.3100000000049;NA;NA;-441.963491812629;-452.261862347838;3.93462836780344;4.00529545158669;21.6378070585387;20.8198692635333;966.688270149756;984.156524861619;20.5967410704174;0.346534653465347;21;21
227;9.29999999999563;0.440000000000055;10.0299999999988;NA;NA;-411.318278580816;-420.936145105025;3.95553269390477;4.00796486514322;17.5750458351205;16.95905252888;888.503803773049;905.430934989428;19.2357330484177;0.455445544554455;18;18
228;9.18000000000029;0.440000000000055;9.67000000000553;NA;NA;-414.486891123779;-424.455724456778;3.84475336525818;3.92133973877822;18.1926773062015;17.5021872431027;896.084375777729;913.474907836693;19.9376666659983;0.0693069306930693;16;16
229;11.7099999999991;0.519999999999982;12.239999999998;NA;NA;-491.167757992074;-498.923328178979;6.51980802116005;6.47904613281982;16.282262581408;16.2965963369078;1045.35328115744;1060.91989792672;15.5111403738101;0.98019801980198;23;23
230;8.72000000000116;0.299999999999955;9.01000000000204;NA;NA;-447.13560803157;-456.083109374148;4.23414751379991;4.22238769361599;21.7825376401664;21.3601941901047;977.054688025244;993.344595026227;17.8950026851555;0.277227722772277;20;20
231;8.59999999999854;0.480000000000018;9.12000000000262;NA;NA;-403.753686852454;-411.929408243561;3.80509464624588;3.81162001017699;18.1119920820229;17.8115375758848;875.386971873958;890.612379979679;16.3514427822142;0.455445544554455;18;18
232;8.70999999999913;0.349999999999909;9.07999999999447;NA;NA;-456.875375902768;-466.952963396408;4.06763142197914;4.07402677779658;23.4794706757818;22.8234595988538;1003.55611862412;1021.20215206328;20.1551749872812;0.495049504950495;21;21
233;8.88999999999942;0.25;9.18000000000029;NA;NA;-426.564235932493;-436.728117735599;4.07433896840623;4.1580644331999;19.1105323510274;18.3142363764395;924.750370268527;942.093798936104;20.3277636062116;0.237623762376238;18;18
234;8.58999999999651;0.339999999999918;8.96999999999389;NA;NA;-440.441622004452;-450.559903900736;4.01696129270101;4.03566213957044;20.5599648965599;19.8709618575813;958.493093718065;976.128805681687;20.2365637925684;0.0594059405940594;19;19
235;9.34999999999854;0.400000000000091;9.76000000000204;NA;NA;-397.687730500917;-422.163759964332;4.3073398972581;7.00502977471909;16.0042082883468;10.3244618701107;853.896612168622;882.080052445778;48.9520589268303;0.0297029702970297;15;15
236;8.78000000000611;0.419999999999845;9.19000000000233;NA;NA;-449.196996323864;-459.073943405217;3.91112927509036;3.98172534668907;23.1429681896391;22.4019801375139;986.347714564594;1003.28551977335;19.753894162706;0.128712871287129;20;20
237;9.09999999999854;0.369999999999891;9.48999999999796;NA;NA;-462.497013141585;-477.881507552718;4.00190815212164;4.80211265980811;24.143540203899;20.9128395093814;1018.43754737946;1036.70265127207;30.7689888222658;0.198019801980198;23;23
238;8.52999999999884;0.410000000000082;8.93000000000029;NA;NA;-398.652064939982;-411.608681293262;3.97145142474054;4.41013527023317;18.3098037750723;16.3206639272728;865.401801299384;883.91704146453;25.9132327065599;0.277227722772277;17;17
239;8.90000000000146;0.409999999999854;9.39000000000669;NA;NA;-469.300226728014;-479.27292364824;4.14571965717328;4.27309981505754;24.5677356471162;23.7052547824084;1033.6857518357;1050.29305821276;19.945393840452;0.772277227722772;23;23
240;8.23999999999796;0.3599999999999;8.62999999999738;NA;NA;-386.64912250728;-395.410703818756;3.71564173138104;3.72814729726773;16.7678378461608;16.3516142085038;834.611691806544;850.612886833246;17.5231626229526;0.346534653465347;15;15
241;8.58000000000175;0.269999999999982;8.86000000000058;NA;NA;-408.024376975757;-418.200187308896;4.04088307606465;3.99178015999645;18.9213515162903;18.3165610310702;886.961645914179;905.046650355843;20.3516206662786;0.108910891089109;18;18
242;9.46999999999389;0.25;9.79999999999563;NA;NA;-483.215840838682;-496.448172157316;4.45091256208581;4.86696635796618;25.7150577767175;23.5760849615287;1068.48670613101;1086.46245441875;26.4646626372685;0.742574257425743;28;28
243;8.62999999999738;0.3900000000001;9.05000000000291;NA;NA;-433.715847663463;-444.516613516513;3.98018049541723;4.24847667986344;21.1068130094052;20.0767691261778;947.647108785068;965.334008948439;21.6015317060999;0.227722772277228;20;20
244;8.97000000000116;0.25;9.25;NA;NA;-460.549776268103;-471.992659915181;3.96422675829559;4.07301512075776;24.4989916003609;23.427857597411;1016.44012243618;1035.1574517821;22.8857672941563;0.0495049504950495;24;24
245;8.95999999999913;0.3599999999999;9.37999999999738;NA;NA;-437.117167754623;-448.898171420883;3.91570020302881;3.93339206514381;23.5672296926751;22.5104482496773;964.923541026819;984.418941010025;23.562007332519;0.0099009900990099;22;22
246;8.72000000000116;0.410000000000082;9.16999999999825;NA;NA;-445.707731911427;-455.211967232321;3.91509782575336;3.99280457659706;23.087451238109;22.4060076807223;978.566080556497;995.002234935094;19.0084706417879;0.0594059405940594;19;19
247;8.18000000000029;0.329999999999927;8.5199999999968;NA;NA;-386.228213895298;-396.747419625525;3.845308664387;3.95079065287824;17.4935352453855;16.6857047463198;836.987970537116;855.046392667161;21.0384114604549;0.128712871287129;16;16
248;8.5199999999968;0.420000000000073;9;NA;NA;-451.368638521547;-462.065345835922;4.04016287765337;4.13651644711108;24.1796056716519;23.2020141883196;996.834920827662;1014.42392870079;21.3934146287496;0.386138613861386;24;24
249;8.38999999999942;0.519999999999982;9.0199999999968;NA;NA;-414.782052737573;-422.640672153413;3.77462726544728;3.76922648985465;20.8020606284353;20.5804495334852;906.930958059913;921.823982732217;15.7172388316801;0.514851485148515;17;17
250;8.65999999999622;0.3900000000001;9.04999999999563;NA;NA;-429.039271607768;-438.751623242882;3.89556051525756;3.95838992977644;21.2497378110986;20.639432783182;938.292150883436;955.413071937515;19.4247032702284;0.188118811881188;19;19
