1;69.8000000000466;1;70.9799999999814;NA;NA;-2571.41027280445;-2630.54900668636;6.18655116444115;6.89151759005822;151.39414763442;136.111175900848;5866.02509584405;5911.29634195707;118.277467763828;0.683168316831683;141;141
2;85.2599999999511;1.67000000000007;87.070000000007;NA;NA;-2723.7600293449;-2791.29846536991;7.9729244434545;9.02869705813349;121.329987928526;106.292632120372;6025.36329339681;6088.82362224944;135.076872050028;0.801980198019802;137;137
3;69.109999999986;1.19999999999982;70.6499999999651;NA;NA;-2526.59712253231;-2593.77157243937;5.17988707388739;5.87555147616527;179.306497217211;160.972862483174;5909.73511339032;5956.50488105713;134.348899814115;0.0693069306930693;141;141
4;74.4799999999814;1.44999999999982;76.1199999999953;NA;NA;-2550.7345056691;-2622.42504592541;5.03727603970525;5.77350508664353;188.727225428553;168.438857774325;6004.34145590308;6050.66283525913;143.381080512621;0.0396039603960396;143;143
5;72.2199999999721;1.14000000000033;73.5499999999884;NA;NA;-2629.23218317126;-2660.52270569805;6.0783567100419;6.35990746551116;160.179872126561;153.482535588361;6022.49385390919;6053.12979540257;62.5810450535755;0.910891089108911;139;139
6;67.9199999999837;1.22000000000025;69.4200000000419;NA;NA;-2553.942595914;-2583.57863507021;4.98428557650257;5.17429518485495;191.460311297547;186.612334059191;6023.1609461143;6059.25727592028;59.2720783124332;0.0792079207920792;142;142
7;67.7999999999884;1.14000000000033;69.3099999999977;NA;NA;-2493.09246520721;-2523.28288999542;5.33027986351649;5.56086487134402;173.138625279197;167.417034202311;5810.13650469751;5843.28880277307;60.3808495764279;0.811881188118812;136;136
8;83.1300000000047;1.47000000000025;84.9400000000023;NA;NA;-2624.2270529943;-2667.82523493413;6.29906455966247;6.75761769292978;153.001143288661;142.568307007059;5979.33521828059;6016.69428799394;87.1963638796569;0.900990099009901;141;141
9;63.8600000000442;0.9399999999996;65.1399999999558;NA;NA;-2524.84030109228;-2544.27951096374;5.0723003575021;5.17187208809801;186.310892869623;183.479615059016;5937.67780350695;5963.06175315604;38.8784197429286;0.356435643564356;138;138
10;74.1199999999953;1.39999999999964;75.9199999999837;NA;NA;-2704.10666426809;-2730.22657334418;6.60634340445936;6.82423715544716;150.568651666052;146.087208326046;6127.47451339129;6158.30663338766;52.239818152173;0.801980198019802;141;141
11;63.7800000000279;1.53000000000065;65.5;NA;NA;-2550.29142154395;-2561.93234472766;5.89783316691022;5.89789721157005;157.647369345273;157.678808478307;5850.8128853108;5874.24434776253;23.2818463674203;0.891089108910891;136;136
12;68.7200000000303;1.25;70.3000000000466;NA;NA;-2569.85370139816;-2585.41709467532;5.45835268788212;5.50113070892491;175.548040732162;174.554317713638;5979.53053014064;6005.90333841272;31.1267865543168;0.96039603960396;143;143
13;81.6699999999837;1.84000000000015;84.039999999979;NA;NA;-2574.9618842863;-2651.29845322734;5.85881696038853;6.78463153156945;159.698605708359;137.714639268447;5911.08116919409;5958.97406383903;152.673137882083;0.653465346534653;138;138
14;69.8299999999581;0.949999999999818;70.9899999999907;NA;NA;-2601.52566738166;-2655.86361756626;5.31665804173976;5.8476156123135;182.516286271736;167.661455332685;6076.21060039058;6113.82087950093;108.6759003692;0.613861386138614;143;143
15;82.3899999999558;1.55000000000018;84.25;NA;NA;-2533.82811100055;-2595.07035904069;5.33374541336261;5.99575004158876;173.030408870715;155.355233735685;5893.60066653994;5931.71437020109;122.48449608028;0.415841584158416;140;140
16;64.3699999999953;1.10999999999967;65.6599999999744;NA;NA;-2550.95934356907;-2569.60848463478;4.99626234713309;5.07417246086236;188.245674692236;185.988235276387;6003.14330034165;6029.63410990986;37.2982821314235;0.257425742574257;144;144
17;90.890000000014;1.69999999999982;93.460000000021;NA;NA;-2629.92117429949;-2689.29136697917;5.91341633508447;6.55000637226803;162.965781877116;147.073154395081;6040.0396836917;6082.6942462097;118.740385359352;0.782178217821782;144;144
18;69.7400000000489;1.34000000000015;71.4400000000023;NA;NA;-2587.61374872982;-2606.66288735093;5.71862466984868;5.82984013754351;168.426838409152;166.340652192624;5979.79661603187;6007.92925465461;38.0982772422367;0.861386138613861;141;141
19;76.4500000000116;1.34000000000015;78.179999999993;NA;NA;-2581.48479595023;-2710.54421569167;5.60258732817405;7.1884272969417;171.778685486629;134.057986404093;5985.35863025365;6062.88993434693;258.118839482889;0.475247524752475;144;144
20;96.9900000000489;1.55999999999949;99.1600000000326;NA;NA;-2669.81112190443;-2803.91724221256;5.26212682307705;6.77861488898629;195.723888038325;155.620530395523;6279.33005853571;6354.99841014878;268.212240616275;0.0693069306930693;148;148
21;85.3099999999977;1.5;87.1300000000047;NA;NA;-2572.44339943483;-2692.454714162;5.22572382538905;6.63244922792977;182.231803787711;145.019163244925;6015.4017544086;6077.66090101159;240.022629454356;0.178217821782178;141;141
22;70.9699999999721;1.30999999999949;72.6900000000023;NA;NA;-2602.66376545439;-2618.52403798018;5.67313363576291;5.7488237448727;170.167084786929;169.195471835594;6020.58986001164;6047.65545408558;31.7205450515785;0.940594059405941;145;145
23;91.8800000000047;1.80999999999949;94.1499999999651;NA;NA;-2700.82324505769;-2755.47962721363;6.2828738514537;6.87920903596826;160.846466962934;146.092059687995;6171.69762255609;6210.37378386956;109.31276431188;0.851485148514851;144;144
24;86.0499999999884;1.33000000000084;87.5499999999884;NA;NA;-2527.6214054625;-2607.93597365923;5.07982819735159;5.91239566008974;187.020728392905;163.269136618251;5948.63429187345;5995.80290475818;160.629136393443;0.108910891089109;141;141
25;95.0900000000256;1.51000000000022;97.2299999999814;NA;NA;-2899.259066259;-2915.35179432553;11.4114792588618;11.5436023800625;88.4118843070687;85.9158951554974;6221.17102359821;6241.42440703218;32.1854561330629;0.98019801980198;142;142
26;67.0300000000279;1.16000000000076;68.4100000000326;NA;NA;-2546.5919256439;-2582.15452922568;5.19091449331045;5.47742742474571;181.531715143596;173.418718831018;5960.35450785018;5992.72421527364;71.1252071635517;0.603960396039604;141;141
27;66.9099999999744;1.10000000000036;68.2800000000279;NA;NA;-2578.28212576469;-2596.88073599595;5.09100776420131;5.17794439709412;189.550265375792;186.990853726079;6064.03458185813;6088.97864018127;37.1972204625226;0.683168316831683;144;144
28;89.9099999999744;1.76999999999953;92.0100000000093;NA;NA;-2925.74929310512;-2930.48024021139;12.7168003894415;12.534202992605;75.5388246821131;75.2115094855874;6211.2579461633;6219.1609770218;9.46189421254712;0.98019801980198;137;137
29;107.330000000016;1.5;109.450000000012;NA;NA;-2812.0672572115;-2929.07887615727;8.13802256217669;10.2090019119557;122.302919054803;97.4419603134634;6210.91962902287;6325.66492459839;234.023237891542;0.316831683168317;147;147
30;74.6699999999837;1.07000000000062;76.3099999999977;NA;NA;-2601.4396037669;-2706.90407614383;5.4121144574169;6.62729981801442;178.971946757798;148.063672822751;6059.70592482638;6122.66176333257;210.92894475387;0.297029702970297;144;144
31;71.9199999999837;1.43000000000029;73.609999999986;NA;NA;-2585.23789605799;-2612.57965715131;5.41101533360181;5.60117318003883;177.563929416553;172.217832430411;6020.56163801366;6049.65076502303;54.6835221866413;0.871287128712871;144;144
32;61.2199999999721;0.880000000000109;62.2700000000186;NA;NA;-2507.29472473706;-2526.6454227438;5.1170265136579;5.2360074686393;179.414709971342;176.518002451406;5868.40836187479;5893.32458015892;38.7013960134773;0.752475247524752;136;136
33;78.210000000021;1.3100000000004;79.7800000000279;NA;NA;-2662.45002139115;-2697.419517245;5.8469038087451;6.14555254412363;169.847339864075;161.964085723579;6138.63048931897;6170.80118911794;69.9389917077069;0.920792079207921;145;145
34;64.6500000000233;0.930000000000291;65.8400000000256;NA;NA;-2540.42999900794;-2566.9906157005;5.05220989692895;5.23318518786488;184.120252318539;179.308623685767;5960.396006163;5990.53225779265;53.1212333851308;0.267326732673267;141;141
35;83.2299999999814;1.10000000000036;84.5;NA;NA;-2586.73545617193;-2610.90923018068;5.63635584833896;5.80971535388498;170.79705704856;165.837894062153;5988.14248276191;6012.8357057699;48.3475480174984;0.98019801980198;139;139
36;64.6300000000047;1.19000000000051;66.0599999999977;NA;NA;-2528.72815474947;-2566.30679953498;5.06383530591057;5.38959967720631;183.734855471868;175.78597468139;5934.49742692777;5971.7114788214;75.1572895710187;0.0693069306930693;140;140
37;65.0400000000373;1.02999999999975;66.3300000000163;NA;NA;-2544.03551922245;-2559.54443746422;5.0141924142479;5.06520634893372;187.981267037674;186.349483829268;5988.68025899267;6011.88030050874;31.0178364835347;0.95049504950495;145;145
38;65.4199999999837;1.03999999999996;66.8099999999977;NA;NA;-2530.64703653835;-2581.79236805191;5.46088275688405;5.98705421119114;168.829088771986;154.669898178049;5865.96929105359;5900.77425087384;102.290663027116;0.584158415841584;138;138
39;82.6599999999744;1.38000000000011;84.179999999993;NA;NA;-2525.74570283831;-2607.25139353657;5.39142541464956;6.29603427139341;172.895608363964;147.196322439568;5875.54851786905;5916.07165595701;163.011381396519;0.415841584158416;138;138
40;105.700000000012;1.82000000000062;107.979999999981;NA;NA;-3001.26164711311;-3045.89594916151;11.8320284628904;12.7332645708511;84.7442209420668;78.5691095037447;6408.23555223485;6467.94086130994;89.2686040968101;0.910891089108911;144;144
41;61.1499999999651;1.02000000000044;62.5;NA;NA;-2493.51139217584;-2511.75422456302;5.02901046270602;5.11877901956329;180.296100787114;177.875537744258;5847.64932848936;5872.58066237499;36.4856647743572;0.702970297029703;140;140
42;71.8099999999977;1.39999999999964;73.4799999999814;NA;NA;-2556.84726184509;-2588.33231083476;5.24902008990431;5.50253011947853;180.535089525319;174.093822705096;5977.37572940563;6009.53075919933;62.9700979793497;0.475247524752475;143;143
43;68.820000000007;1.01999999999953;70.0299999999697;NA;NA;-2592.00056185457;-2610.26553479726;5.75436518405473;5.86542710765668;167.254018761311;165.36091932304;5983.55872988721;6011.03871651702;36.5299458853942;0.940594059405941;142;142
44;93.2199999999721;1.65999999999985;95.2600000000093;NA;NA;-2576.67987072213;-2716.91527956064;5.61955103809892;7.42684802503035;173.350873941091;130.698828730579;5981.45080559934;6058.17429449875;280.470817677029;0.277227722772277;141;141
45;67.609999999986;1.18000000000029;69.0499999999884;NA;NA;-2572.78750209271;-2594.12061208069;5.21385440382914;5.33169108934631;183.687420764;180.479573445128;6024.97701434601;6052.28569177075;42.6662199759539;0.742574257425743;144;144
46;67.9400000000023;1.43000000000029;69.5800000000163;NA;NA;-2554.54328868858;-2589.53894180145;5.04211086647294;5.29871280912051;188.356406293808;181.745071558452;6010.18502045435;6048.54765232856;69.9913062257438;0.0099009900990099;143;143
47;90.6699999999837;1.6899999999996;92.7600000000093;NA;NA;-2613.06978922186;-2655.53641958448;5.81478395553962;6.23379224674284;165.231230070167;154.875361691754;6016.0272460716;6051.45429228634;84.9332607252254;0.702970297029703;142;142
48;96.6999999999534;1.48000000000047;98.609999999986;NA;NA;-2866.36549317043;-2919.50123855352;9.78111195731346;10.6782814666114;105.559819125505;94.8437915947887;6236.98655174033;6292.06795364406;106.271490766174;0.752475247524752;141;141
49;65.0899999999674;1.09000000000015;66.3300000000163;NA;NA;-2529.55522671746;-2548.01155338163;5.13282925829391;5.21844052361897;182.64632384147;180.22451905287;5932.25095283492;5957.58617170912;36.9126533283561;0.722772277227723;142;142
50;84.460000000021;1.32999999999993;86.039999999979;NA;NA;-2616.45463600094;-2691.97036150692;5.91254873429993;6.79710036537775;163.273791989497;142.188567461977;6013.43940958286;6063.67297380078;151.031451011962;0.683168316831683;142;142
51;72.4099999999744;1.23000000000047;74.0299999999697;NA;NA;-2595.75073444878;-2610.13689986379;5.62611506512924;5.67422944600695;171.521248915066;171.131215936282;6013.25153328998;6040.15523485419;28.7723308300174;0.900990099009901;145;145
52;61.6900000000023;1.1899999999996;63.140000000014;NA;NA;-2517.19023817153;-2538.45089957701;5.16020633492242;5.29033949207883;177.649176825802;174.411613975903;5880.44810342083;5907.55028854213;42.5213228109442;0.742574257425743;137;137
53;68.7799999999697;1.1899999999996;70.2099999999627;NA;NA;-2570.70959351409;-2600.94101283857;5.71047584077534;5.95739976574415;165.552634480831;159.146844469422;5932.84332799826;5962.68329632619;60.462838648974;0.910891089108911;142;142
54;70.359999999986;1.11000000000058;71.8699999999953;NA;NA;-2585.3912934591;-2617.42747446504;5.27450033590966;5.53905760674305;184.287725991819;178.175237081032;6053.05855340011;6087.86742522376;64.0723620118961;0.336633663366337;144;144
55;95.0999999999767;1.71000000000004;97.2600000000093;NA;NA;-2613.49100770973;-2767.0048869394;5.62856900152678;7.64259726209381;175.00953827983;129.785573961954;6064.22894304252;6154.90492118041;307.027758459346;0.178217821782178;143;143
56;64.6699999999837;1.02000000000044;66.109999999986;NA;NA;-2527.90446772507;-2550.33675115708;5.14182505453809;5.27371822657434;182.099421080791;178.559309011067;5925.04346004633;5953.0096336388;44.8645668640129;0.207920792079208;140;140
57;97.5999999999767;2.11000000000058;100.140000000014;NA;NA;-2591.07153152067;-2789.48932526379;5.38584223172058;8.10529789423885;179.198119987092;121.646596716466;6040.0525828016;6161.36072784521;396.835587486255;0.0396039603960396;144;144
58;69.2799999999697;1.28999999999996;70.929999999993;NA;NA;-2549.49707793502;-2570.32285755338;5.08131076976286;5.18528674862305;189.145912811959;186.210668463148;6004.52865163827;6032.12775279201;41.6515592367205;0.435643564356436;144;144
59;91.640000000014;1.4399999999996;93.3299999999581;NA;NA;-2747.42856848655;-2769.36273557961;7.66919202379141;7.82747371611974;129.233532505811;126.031463257;6114.00878337288;6142.53615760188;43.8683341861069;0.841584158415842;145;145
60;63.859999999986;1.19999999999982;65.4400000000023;NA;NA;-2551.35291374018;-2572.25123540305;5.05353395872493;5.16206949412859;185.895576339541;182.737724748717;5988.72354220005;6015.46919558282;41.7966433257243;0.564356435643564;138;138
61;63.9199999999837;1.19999999999982;69.3299999999581;NA;NA;-2498.44608496775;-2524.30108926685;5.2343260986328;5.41344525975862;173.970517777084;169.38702601129;5826.07252820238;5855.93664363987;51.7100085982165;0.881188118811881;138;138
62;92.25;1.44999999999982;94.3399999999674;NA;NA;-2581.39945794234;-2712.43368578101;5.49131055337689;7.10830537455651;177.581891345402;139.094643537884;6012.97075436842;6090.78182896485;262.068455677333;0.138613861386139;144;144
63;73.9900000000489;1.5600000000004;75.9200000000419;NA;NA;-2626.54256350553;-2653.05409872728;5.65439282614111;5.84982414798554;174.288484050751;169.080215923404;6088.69181386826;6116.74442399788;53.0230704435025;0.653465346534653;146;146
64;66.6900000000023;1.39000000000033;68.4799999999814;NA;NA;-2534.32712858465;-2570.66921549807;5.12275317788068;5.4274098535923;181.586855492972;172.841286849308;5935.44209795722;5966.38011928573;72.6841738268504;0.495049504950495;140;140
65;77.9500000000116;1.17000000000007;79.6599999999744;NA;NA;-2653.41342862025;-2756.71871832075;5.96570713524226;7.24933738429859;167.668845284575;138.33842030148;6110.12024089251;6176.2101631098;206.610579401;0.584158415841584;145;145
66;73.6699999999837;1.09000000000015;75.2000000000116;NA;NA;-2627.23748460808;-2645.14530779085;5.82861560890439;5.92287612418615;169.256903423131;167.117509407395;6065.95830425928;6091.51686476451;35.8156463655341;0.920792079207921;146;146
67;97.710000000021;1.64000000000033;100.109999999986;NA;NA;-2817.56966497322;-2887.46681948301;8.96673575919474;10.1935139565036;110.4747883601;96.3142285328578;6164.03646700601;6236.03721277949;139.794309019572;0.653465346534653;144;144
68;98.6699999999837;1.78000000000065;100.880000000005;NA;NA;-2782.80334539421;-2833.18291557038;7.86425202685828;8.55301409265154;125.003315824635;114.402515408537;6164.4915722705;6214.4627870472;100.759140352343;0.881188118811881;145;145
69;88.7799999999697;1.5;90.5699999999488;NA;NA;-2682.99352815411;-2716.39199625089;6.81263457399398;7.14469155859902;144.278153157159;137.304010081407;6055.19874971361;6088.68044826301;66.7969361935529;0.95049504950495;141;141
70;104.390000000014;1.67000000000007;106.359999999986;NA;NA;-2732.80136389716;-2805.63821516396;5.96636999644552;6.76382139856742;174.24897875307;153.375303884914;6302.79209551368;6348.17701133584;145.673702533592;0.396039603960396;149;149
71;90.6300000000047;1.57999999999993;92.609999999986;NA;NA;-2666.11570792543;-2747.79263130435;6.20664649605001;7.29167466088493;155.940007190929;134.344104483814;6076.59642926842;6136.8642578971;163.353846757849;0.762376237623762;140;140
72;68.1599999999744;1.05000000000018;69.5099999999511;NA;NA;-2576.23892004647;-2603.56859364028;5.50384778001679;5.70526465077409;171.637884592171;166.273317445489;5971.16000827678;6000.23132474817;54.6593471876167;0.811881188118812;139;139
73;63.1600000000326;1.32999999999993;64.75;NA;NA;-2559.44988589438;-2575.96135346063;5.06725235265217;5.13223063541369;189.396807459241;187.462919467365;6024.31094881997;6048.08893507261;33.0229351325024;0.722772277227723;142;142
74;60.7200000000303;0.899999999999636;61.9199999999837;NA;NA;-2509.66751013847;-2530.38875052696;4.99153387794229;5.09751774498274;183.400122247269;180.585152253461;5894.7783200212;5922.78380528334;41.4424807769929;0.128712871287129;140;140
75;91.390000000014;1.47999999999956;93.3099999999977;NA;NA;-2544.06697539935;-2796.59563955182;5.48477166968969;9.3921572351277;169.088849847996;97.7927835251288;5896.46296445788;6060.68954596698;505.057328304944;0.267326732673267;142;142
76;95.320000000007;1.40999999999985;97.109999999986;NA;NA;-2581.77823895677;-2761.01331418061;5.20730623814744;7.49022483172358;186.404655254702;132.832276410515;6055.96722576156;6157.9600548515;358.470150447676;0.0297029702970297;144;144
77;70.6900000000023;1.23999999999978;72.1399999999558;NA;NA;-2584.98399369841;-2614.69934451424;5.44771473263789;5.6697974440753;181.761857928679;175.555487210074;6038.23802799733;6068.02111369221;59.4307016316625;0.821782178217822;141;141
78;66.210000000021;1.21999999999935;67.6399999999558;NA;NA;-2561.82501351873;-2582.85182541703;5.14268990467948;5.26247110660395;183.539521949735;180.366643519046;6002.34397284599;6029.2074673548;42.0536237965816;0.900990099009901;144;144
79;93.8099999999977;1.17000000000007;95.5799999999581;NA;NA;-2634.99098481181;-2726.9548383648;6.02302307039442;7.1688018012169;158.608241946573;133.215484927069;6029.31761828001;6091.67771082865;183.927707105991;0.554455445544555;144;144
80;65.9499999999534;1.15000000000055;67.5100000000093;NA;NA;-2507.93239626851;-2537.46223870062;5.14483005815566;5.36368026435973;179.410054515711;173.758067889502;5871.61882827282;5903.719542647;59.059684864209;0.237623762376238;139;139
81;67.429999999993;0.970000000000255;68.6600000000326;NA;NA;-2578.129377734;-2594.70955621038;5.1417442398551;5.21134087465639;187.954377496971;186.102454579956;6056.08878575449;6080.38307703377;33.1603569527533;0.940594059405941;144;144
82;64.9700000000303;1.09000000000015;66.2800000000279;NA;NA;-2550.03147190404;-2569.57631856908;5.05719079677691;5.15064529358836;190.156944086357;187.621971140807;6009.10795293759;6036.07921159518;39.089693330081;0.267326732673267;142;142
83;86.1900000000023;1.39999999999964;87.7299999999814;NA;NA;-2559.11487395434;-2630.48396509972;5.2726469896772;6.04859108600264;180.712981541257;160.692996088784;5982.12790710706;6029.16057653393;142.738182290765;0.0693069306930693;142;142
84;88.5499999999884;1.90000000000055;90.7600000000093;NA;NA;-2654.42314701542;-2709.28473730239;6.63316637132888;7.28788256303805;148.639630000554;133.646311302346;6018.36364094412;6056.51761952167;109.723180573941;0.881188118811881;140;140
85;73.609999999986;1.30000000000018;75.2999999999884;NA;NA;-2607.30408882714;-2669.17456582813;5.38511082874329;6.01470320410066;180.952398791539;163.577217487045;6080.91629270538;6121.47370968275;123.740954001973;0.534653465346535;144;144
86;70.7299999999814;1.10999999999967;72.1999999999534;NA;NA;-2521.56610224509;-2593.44696356159;5.5485559731025;6.39066371755637;170.01109941141;149.824365837571;5853.44113568466;5900.98860781781;143.761722633;0.485148514851485;138;138
87;64.679999999993;1.09999999999945;65.9699999999721;NA;NA;-2509.2311340099;-2529.42688124628;5.02656921471161;5.14098095507792;182.716249091388;179.876725753265;5889.98626357585;5916.8337369918;40.3914944727676;0.178217821782178;139;139
88;84.7300000000396;1.47000000000025;86.7999999999884;NA;NA;-2553.08976426768;-2645.52001982645;5.25230301364418;6.2418201747892;182.145190315848;153.410048461842;5977.56346836052;6024.95484797501;184.86051111754;0.584158415841584;143;143
89;101.840000000026;1.46000000000004;103.820000000007;NA;NA;-2683.81541799753;-2801.59016196824;6.1413873786832;7.63408312746194;166.363678620082;131.385073272646;6165.81072392233;6233.53981063407;235.549487941431;0.475247524752475;147;147
90;87.4700000000303;1.64000000000033;89.7600000000093;NA;NA;-2664.1188968478;-2762.78973313123;6.52604300132761;7.88174435960128;146.370660549559;121.478549675202;6027.96253472395;6106.30750556238;197.341672566859;0.811881188118812;142;142
91;67.3299999999581;1.27999999999975;68.8099999999977;NA;NA;-2557.96334001955;-2578.76356037316;5.31531430829719;5.43300231239286;179.345802529491;176.133935248338;5972.65530846737;5998.91277146524;41.6004407072269;0.831683168316832;141;141
92;79.429999999993;1.47000000000025;81.25;NA;NA;-2602.56647634219;-2638.33103864533;5.43599409843509;5.74661519475215;180.751014987567;173.471789639416;6071.10238297099;6107.75708859765;71.5291246062698;0.326732673267327;145;145
93;90.320000000007;1.52999999999975;92.1699999999837;NA;NA;-2924.9389334315;-2981.0581284966;12.9231070947864;14.3477118691361;71.6117423478006;64.2124772970078;6191.7098092478;6268.62850093738;112.238390130212;0.702970297029703;140;140
94;63;1.10999999999967;64.4400000000023;NA;NA;-2491.66105461136;-2529.45328687429;5.21353189089797;5.58602820109496;172.334252336381;164.069080551417;5804.70367961637;5840.89458373118;75.5844645258567;0.0495049504950495;138;138
95;74.75;1.55000000000018;76.8000000000466;NA;NA;-2611.98139588957;-2690.51411016768;6.59990185141735;7.67416022941186;141.480078911137;121.449842197485;5899.80818233703;5961.18987040561;157.065428556227;0.603960396039604;141;141
96;88.8400000000256;1.60999999999967;90.8699999999953;NA;NA;-2602.82275549608;-2689.85373215814;5.59688382541014;6.60694300402205;174.376882276317;148.582884454754;6039.86580760763;6090.52908426826;174.061953324116;0.386138613861386;143;143
97;76.140000000014;0.969999999999345;77.3199999999488;NA;NA;-2608.41458605033;-2646.77711760345;5.14108187922092;5.44196271828113;193.507618684685;184.128141396417;6143.91487792655;6175.70331589536;76.7250631062525;0.663366336633663;145;145
98;71.1100000000442;1.21000000000004;72.5899999999674;NA;NA;-2588.16405768396;-2628.81377412843;5.18555762925607;5.53946001502087;187.151952040424;178.42371543149;6072.96412760067;6112.446998164;81.2994328889417;0.0693069306930693;145;145
99;81.9499999999534;1.28999999999996;83.5300000000279;NA;NA;-2534.22382723931;-2612.97843284907;5.54082071153439;6.43315203868829;169.246075850171;145.145709735635;5876.32793991965;5918.79631159214;157.509211219524;0.415841584158416;140;140
100;74.5599999999977;1.39000000000033;76.2099999999627;NA;NA;-2631.52392796429;-2651.09877718138;5.57581637998293;5.67534935613538;177.556131324931;174.388590105812;6113.71075205629;6137.68491266503;39.1496984341802;1;145;145
101;62.8300000000163;1.1899999999996;64.429999999993;NA;NA;-2508.09513959468;-2526.09872818439;5.08185284807507;5.17965055794484;180.990231102025;178.563319355865;5880.77428541641;5905.18819003368;36.0071771794273;0.752475247524752;141;141
102;79.5;1.27999999999975;81.070000000007;NA;NA;-2684.20197351756;-2733.86437808352;6.87536451347487;7.4726520179844;144.5927667243;132.716255217807;6059.62946908213;6102.17863132551;99.3248091319074;0.831683168316832;142;142
103;69.9500000000116;1.26000000000022;71.4500000000116;NA;NA;-2612.39015120903;-2639.35968204854;5.34885311617624;5.52439510672938;181.862950403703;176.642560297809;6094.17588617848;6123.15888015105;53.9390616790233;0.752475247524752;142;142
104;59.8099999999977;1.00999999999931;60.9799999999814;NA;NA;-2535.73803174304;-2553.96403821203;5.0597172687726;5.13695970156364;184.923424851217;182.782360792964;5954.84879874143;5981.07302352863;36.4520129379862;0.247524752475248;141;141
105;53.359999999986;0.940000000000509;54.5;NA;NA;-2452.24142735845;-2463.35336716708;5.41227436819717;5.42565955824742;162.477478967121;162.39546280661;5676.49540727427;5698.32958669536;22.2238796172624;0.99009900990099;134;134
106;68.1700000000419;1.13000000000011;69.5;NA;NA;-2636.07465807439;-2658.22906943225;5.39600941909826;5.53253358221903;185.078748202102;181.318930985242;6158.21229493078;6184.52102376642;44.3088227157268;0.910891089108911;144;144
107;87.0099999999511;1.42000000000007;88.8499999999767;NA;NA;-2659.70796155759;-2729.42690161822;6.79047526122849;7.67606105082593;145.629178602422;126.303785369447;6016.10699238818;6063.09204811797;139.437880121252;0.772277227722772;143;143
108;95.0800000000163;1.38000000000011;96.8800000000047;NA;NA;-2887.0873332888;-2923.45921195201;10.1201749573558;10.6721696116515;98.8372485874513;93.1678900096346;6247.35717806931;6292.95892801757;72.7437573264251;0.920792079207921;144;144
109;60.8099999999977;1.14999999999964;62.1699999999837;NA;NA;-2580.63169019658;-2600.5386103322;5.09626231628996;5.19686593254945;188.877181455503;185.957236528639;6062.17392704702;6088.0601495934;39.8138402712375;0.465346534653465;139;139
110;81.3899999999558;1.3100000000004;83.1600000000326;NA;NA;-2542.19642617449;-2648.45370210547;5.11748196631961;6.34779784436813;184.224116612584;151.972342066149;5966.36428945304;6024.47373698389;212.514551861967;0.0396039603960396;144;144
111;71.3400000000256;1.25;72.6900000000023;NA;NA;-2630.58543197771;-2713.22053003753;6.01711634622179;7.03572492609965;161.649467711357;138.991399612946;6035.62569879974;6092.34217905822;165.270196119634;0.495049504950495;145;145
112;73.0299999999697;1.72000000000025;74.9799999999814;NA;NA;-2590.38772553789;-2796.49565231932;5.26339646638287;7.99564875240767;183.896148955727;122.147267529157;6059.89073771198;6176.91614871777;412.215853562871;0.148514851485149;142;142
113;73.9000000000233;1.21000000000004;75.2999999999884;NA;NA;-2489.49848249849;-2578.62976300718;5.39873121812837;6.44697991085972;166.194813748137;138.288677242021;5769.29027975937;5814.85295307115;178.262561017377;0.673267326732673;135;135
114;80.6199999999953;1.51000000000022;82.4700000000303;NA;NA;-2596.47598899822;-2702.71904820202;5.78928376399669;7.13224186382551;163.254167470687;132.113221592114;5972.23045020405;6036.06818123305;212.486118407609;0.683168316831683;140;140
115;86.210000000021;1.50999999999931;88.0800000000163;NA;NA;-2691.72070761321;-2765.59410270752;7.28249077924451;8.34057534236356;131.364097251237;113.769052388202;6011.88822963787;6075.46019485545;147.746790188614;0.752475247524752;143;143
116;60.2299999999814;1.05000000000018;61.6600000000326;NA;NA;-2529.62268436356;-2547.97814253971;5.12493511006951;5.21715011208884;183.032128576284;180.498414208754;5934.23020713019;5958.82870544049;36.710916352291;0.881188118811881;142;142
117;62.0499999999884;0.949999999999818;63.25;NA;NA;-2567.88945352489;-2587.14451458261;5.09862446741256;5.18940657747776;189.399015055163;186.831582610683;6041.86519816507;6068.09270444626;38.5101221154446;0.653465346534653;143;143
118;61.8699999999953;0.920000000000073;63.1100000000442;NA;NA;-2536.79858993522;-2557.75185693957;4.9319235464879;5.02153123878446;191.831014415739;189.258537293431;5989.96722897363;6019.58512970753;41.9065340086891;0.0198019801980198;141;141
119;76.7800000000279;1.09000000000015;78.3000000000466;NA;NA;-2649.16460985565;-2715.54812239767;6.8312550135665;7.70953144361489;143.245075226135;126.622554702999;5983.11210440872;6036.41519304115;132.767025084036;0.772277227722772;142;142
120;76.5499999999884;1.60999999999967;78.5300000000279;NA;NA;-2548.22336745463;-2602.60987463342;5.44648387872765;6.01826102111715;171.434775349533;157.175997501228;5914.16010814708;5954.92128938145;108.77301435757;0.356435643564356;139;139
121;79.4199999999837;1.59999999999945;81.359999999986;NA;NA;-2534.25183476773;-2595.91652795249;5.53771466986856;6.18510744092052;169.460883708371;150.961565051972;5879.20579258354;5914.03430145561;123.329386369525;0.831683168316832;143;143
122;66.0800000000163;1.01000000000022;67.429999999993;NA;NA;-2595.95467415839;-2638.25670940457;5.50580100423613;5.8941589239376;178.481755336725;168.648203719134;6045.14113371948;6082.7359242566;84.6040704923589;0.405940594059406;142;142
123;58.1500000000233;1.05999999999949;59.4800000000396;NA;NA;-2489.2369642056;-2509.34211206156;5.09459491497816;5.20278870149714;178.118460262056;175.131820789944;5828.06728938391;5854.0318462578;40.2102957119268;0.752475247524752;139;139
124;69.2600000000093;1.13000000000011;70.75;NA;NA;-2638.48474382832;-2658.16015889693;5.66437922361715;5.77306600802725;178.061797914291;175.476441079543;6130.05500812387;6157.01951785548;39.350830137224;0.96039603960396;145;145
125;82.8299999999581;1.48000000000047;84.7299999999814;NA;NA;-2581.49286397934;-2705.95549915937;5.2349706350188;6.69973679925396;183.093240782953;144.215716215266;6038.90514824176;6101.84005306048;248.925270360048;0.118811881188119;143;143
126;66.5899999999674;1.17000000000007;68.0899999999674;NA;NA;-2626.51009007855;-2654.09936099401;6.13372865734842;6.35780345423241;161.344196108782;156.146679576136;6024.89200959932;6055.20559383421;55.1785418309137;0.930693069306931;143;143
127;68.4799999999814;1.17000000000007;70.210000000021;NA;NA;-2633.55013729664;-2639.52904223628;6.03612426265482;5.98347462453246;161.996081480127;165.139512803717;6043.21571935389;6070.23355770727;11.9578098792845;1;145;145
128;77.570000000007;1.39000000000033;79.179999999993;NA;NA;-2570.34859538827;-2673.18176207357;5.47911708620008;6.68034847421189;174.833403122396;143.666492426689;5977.10148650162;6033.6650882156;205.666333370583;0.495049504950495;143;143
129;66.6100000000442;1.28999999999996;68.2200000000303;NA;NA;-2608.72096199978;-2679.48649666848;6.00219136681146;6.83551509160696;164.141290062869;144.714432430184;6000.36667022597;6049.23508547906;141.531069337396;0.554455445544555;139;139
130;64.4400000000023;1.01999999999953;65.6300000000047;NA;NA;-2539.32686095334;-2590.59162456558;5.36298087275808;5.86146723895494;175.372181703562;162.199010436674;5915.1478228294;5954.84366715071;102.529527224473;0.554455445544555;139;139
131;82.1100000000442;1.55000000000018;84.0799999999581;NA;NA;-2747.14192469089;-2755.53057374551;8.52445334793225;8.47636383782901;112.003102701538;112.741437818162;6029.31875515506;6049.62305430288;16.7772981092448;0.851485148514851;141;141
132;65.460000000021;1.30000000000018;66.9699999999721;NA;NA;-2603.70168576558;-2631.66440541474;6.13644292567462;6.36825052753708;155.674558563828;150.285124968091;5949.94331508107;5980.16211512592;55.9254392983212;0.594059405940594;139;139
133;67.9900000000489;1.30000000000018;69.5300000000279;NA;NA;-2549.59550266704;-2628.98694178241;5.04893708687201;5.81899961952344;188.43306807664;165.912690319818;6000.65619894826;6051.70142315662;158.782878230744;0.0297029702970297;143;143
134;57.1599999999744;1.22000000000025;58.4500000000116;NA;NA;-2524.82147699383;-2544.56278936963;5.0993437061211;5.19155532006615;180.906204481594;178.236103070252;5912.53335883512;5939.28007497365;39.4826247516085;0.732673267326733;139;139
135;65.609999999986;1.13000000000011;67.0899999999674;NA;NA;-2585.39933918956;-2610.85497674455;5.42120211568789;5.60430393058139;178.458233990166;173.835618309859;6024.5441918288;6053.34083927929;50.9112751099819;0.722772277227723;143;143
136;84.0199999999604;1.4399999999996;85.9099999999744;NA;NA;-2692.59054020607;-2759.26805743257;7.09669504852079;8.00120457618199;139.13670269394;122.835823248378;6051.2968956773;6106.61160438459;133.355034453007;0.683168316831683;144;144
137;56.2000000000116;1.13999999999942;57.5099999999511;NA;NA;-2500.08410712499;-2518.94721146758;4.96995626510421;5.06618083278431;180.991168690597;178.326899817035;5862.15233009106;5887.18975696465;37.7262086851752;0.326732673267327;137;137
138;66.4800000000396;0.930000000000291;67.5800000000163;NA;NA;-2608.7326234783;-2629.99506598442;5.17558708877515;5.28480185455182;189.791745592646;186.604862375914;6127.40059117209;6154.64632024562;42.5248850122471;0.772277227722772;146;146
139;62.359999999986;0.929999999999382;63.5599999999977;NA;NA;-2607.43807989343;-2619.17274310539;5.19251856195119;5.20148218589949;186.188796691865;186.261940594915;6106.25348654768;6130.07298880349;23.4693264239213;0.98019801980198;144;144
140;64.6900000000023;1.40999999999985;66.3800000000047;NA;NA;-2573.69799042642;-2605.85135939127;5.10477198150433;5.3477788651106;189.245716801798;183.178241215078;6053.40828739831;6088.66703605706;64.3067379297008;0.099009900990099;144;144
141;62.25;1.14000000000033;63.7800000000279;NA;NA;-2551.84040840729;-2574.35341420517;5.05983931624729;5.18386068335678;187.552172960312;183.936848823259;5999.61098988128;6027.36672447263;45.0260115957553;0.306930693069307;141;141
142;80.0400000000373;1.32999999999993;81.6300000000047;NA;NA;-2678.57622611856;-2705.04829024019;6.31606443704446;6.54285110910642;154.608462161167;149.634947460618;6096.25799251637;6125.42624058818;52.9441282432608;0.811881188118812;142;142
143;86.2000000000116;1.66999999999916;88.359999999986;NA;NA;-2834.03799045621;-2896.38661942486;11.0374401112633;12.4222350316335;85.9290060897889;75.1275905510383;6079.16098261869;6152.1841886004;124.697257937312;0.752475247524752;143;143
144;66.9699999999721;1.57000000000062;68.6699999999837;NA;NA;-2592.68462733919;-2643.01503151552;5.91181153606703;6.43859729399351;162.643465940402;149.741290353808;5962.88611945038;6001.86809519318;100.660808352659;0.920792079207921;142;142
145;58.3500000000349;0.970000000000255;59.5900000000256;NA;NA;-2514.68475849104;-2531.75630425058;5.03229831195866;5.10019611295254;181.812211520275;179.826944655075;5897.88009492919;5922.53963604175;34.1430915190849;0.762376237623762;141;141
146;74.3199999999488;1.30000000000018;75.9900000000489;NA;NA;-2530.54896000231;-2603.64480407352;5.10076983660347;5.85980978293443;182.15542382943;161.246625423733;5930.59976847422;5976.98526649158;146.191688142425;0.0396039603960396;140;140
147;82.2800000000279;1.34000000000015;84.0299999999697;NA;NA;-2687.84739837597;-2698.78819513441;7.63600573321177;7.65655679485058;122.96916670351;122.851090531541;5963.11420686912;5984.43175464066;21.8815935168823;0.99009900990099;141;141
148;59.8099999999977;1.22999999999956;61.3099999999977;NA;NA;-2530.0544782413;-2550.69407177838;5.25676048663014;5.37562101766186;177.561629745731;174.717074429543;5907.68275931243;5935.38372810737;41.2791870741612;0.99009900990099;140;140
149;61.0800000000163;1.25;62.5900000000256;NA;NA;-2610.81248786636;-2629.45496576359;6.84149511746337;6.95010810084341;136.422306757611;134.168763586387;5869.32530008569;5895.91097452628;37.2849557944755;0.95049504950495;133;133
150;70.9400000000023;1.25;72.5299999999697;NA;NA;-2619.62195384738;-2645.37563104318;6.70376831252704;6.91682902296666;142.792873881033;138.097846946638;5922.86361232832;5951.89356403937;51.5073543916105;0.851485148514851;144;144
151;65.2900000000373;1.11000000000058;66.6199999999953;NA;NA;-2576.63128096365;-2613.32639392179;6.15856823136127;6.52101469096087;153.269182607688;144.989637363158;5886.50346695958;5920.28428709013;73.3902259162742;0.881188118811881;143;143
152;58.9000000000233;0.859999999999673;60.0799999999581;NA;NA;-2567.70760667586;-2583.3494025137;5.02140255841374;5.06705448901765;190.310454878547;188.665576291381;6045.19408061173;6068.61433246844;31.2835916756776;0.891089108910891;142;142
153;63.8299999999581;1.01999999999953;65.1499999999651;NA;NA;-2557.73424279729;-2574.81159032255;5.54762453361335;5.61498048995384;173.369569794504;171.772858018914;5944.26147505835;5970.78309166626;34.1546950505244;1;142;142
154;83.1700000000419;1.52000000000044;84.960000000021;NA;NA;-2581.17125002862;-2694.77814711705;5.27588954171123;6.61124519201485;182.269988328431;147.000854332244;6034.95856413658;6093.32167053163;227.213794176871;0.0297029702970297;144;144
155;62.109999999986;0.990000000000691;63.3199999999488;NA;NA;-2555.07119885354;-2577.06708344847;5.09553821865443;5.22102598003479;187.765230067565;184.571453361542;6007.75382126604;6036.47774531443;43.9917691898545;0.475247524752475;142;142
156;63.2199999999721;1.15999999999985;64.679999999993;NA;NA;-2597.7428504147;-2614.26932237575;5.0881532909872;5.14751435161023;191.415152380117;189.628665347693;6112.54650110339;6137.04047146848;33.0529439221064;0.98019801980198;145;145
157;61.25;1.02999999999975;62.570000000007;NA;NA;-2574.40746562661;-2591.47562912384;5.1113902153509;5.17242615418935;186.615464803695;185.02727494633;6041.58469734459;6068.12311229591;34.1363269944632;0.99009900990099;143;143
158;81.0300000000279;1.44999999999982;82.820000000007;NA;NA;-2592.06572261555;-2712.80285241839;5.86596543798485;7.4882597696222;161.417953278985;124.43721213227;5953.48362076511;6018.699830531;241.474259605684;0.207920792079208;138;138
159;58.3099999999977;1.21999999999935;59.8399999999674;NA;NA;-2539.63022769164;-2554.8859952173;5.07677856784443;5.11427605636494;184.458846186936;183.094184820646;5959.0963290066;5983.09867216916;30.5115350513197;0.95049504950495;139;139
160;61.5800000000163;1.32999999999993;63.1900000000023;NA;NA;-2541.05452442846;-2568.48665976536;5.44079714387422;5.6506836543406;174.89774705075;169.075920630562;5915.07278374423;5942.21016621849;54.8642706737819;0.900990099009901;137;137
161;62.2800000000279;0.780000000000655;63.6300000000047;NA;NA;-2531.32402871374;-2561.33942006552;5.12616753387673;5.34804969353783;184.203255074728;178.338555230885;5943.2314644423;5975.22605762514;60.0307827035613;0.207920792079208;142;142
162;86.960000000021;1.51999999999953;89.0499999999884;NA;NA;-2713.03287373531;-2754.33447713663;6.3170622196705;6.75019115138433;162.465230455513;152.819084861388;6204.42886243637;6240.81784905784;82.6032068026389;0.673267326732673;145;145
163;66.7099999999627;0.930000000000291;67.9700000000303;NA;NA;-2595.41181548177;-2620.50774643235;5.06463484314559;5.20508479846497;194.385495144348;189.715966330034;6122.7831947599;6150.58752186227;50.1918619011522;0.584158415841584;146;146
164;87.25;1.61000000000058;89.1900000000023;NA;NA;-2747.57293260812;-2815.07592723706;7.35830620749558;8.27897416841488;134.581533054866;118.375097154946;6138.51269850405;6196.04384327815;135.005989257868;0.841584158415842;142;142
165;60.6700000000419;1.13999999999942;62.0599999999977;NA;NA;-2531.44679979009;-2558.75553769794;5.01800981635817;5.21019830750268;185.453737067452;180.359783408337;5950.10565157515;5980.353615349;54.6174758156967;0.118811881188119;143;143
166;91.9100000000326;1.82999999999993;94.1100000000442;NA;NA;-2594.62162384005;-2749.17783830211;5.27878113073208;7.14654464155164;184.204839779133;137.932815018005;6071.1223971032;6158.7078895616;309.112428924112;0.0495049504950495;144;144
167;77.4199999999837;1.28000000000065;79.0599999999977;NA;NA;-2684.85173286467;-2762.78190058859;7.62664796854719;8.86879158473115;124.639653688918;106.814869692775;5964.65917441364;6035.43457356152;155.860335447841;0.782178217821782;140;140
168;63.7000000000116;1.03999999999996;64.9799999999814;NA;NA;-2580.09007103237;-2606.20377464119;5.94300725436144;6.14629682057141;160.77507629641;157.201676013651;5928.76517271866;5963.90994480946;52.2274072176406;0.841584158415842;142;142
169;91.7199999999721;1.80000000000018;94.1500000000233;NA;NA;-2977.9328546552;-3007.70668328518;12.1351492653661;12.6771069055617;81.0212110861047;77.4217244312178;6343.75408837532;6386.06923299677;59.5476572599737;0.910891089108911;144;144
170;64.3699999999953;1.14000000000033;65.8499999999767;NA;NA;-2549.44087520035;-2606.75485724271;5.10282025076399;5.63556465597045;186.117602472244;170.131511072271;5987.95903040107;6026.22199477093;114.627964084728;0.207920792079208;141;141
171;84.070000000007;1.6200000000008;86.2199999999721;NA;NA;-2593.35355818611;-2772.27869438137;5.30840578533592;7.5885938736861;183.573602285852;129.117066110374;6062.97850682632;6160.88560612655;357.850272390524;0.108910891089109;140;140
172;83.6199999999953;1.46000000000004;85.5100000000093;NA;NA;-2758.80478733175;-2787.24402325831;7.64566892904654;7.94687706395834;129.087167629793;123.542269944733;6135.61332379025;6165.94564376158;56.8784718531333;0.97029702970297;144;144
173;67.609999999986;1.02999999999975;68.890000000014;NA;NA;-2689.78385262164;-2738.5981558927;6.99376158228399;7.58898571505308;140.569334741895;129.525221627329;6050.56225389131;6095.47282126699;97.6286065421255;0.722772277227723;140;140
174;78.9499999999534;1.39000000000033;80.6500000000233;NA;NA;-2558.38907675348;-2662.47513931196;5.32951074723505;6.58172684586587;176.051486837349;145.209499468299;5958.39204369781;6019.12409070363;208.172125116971;0.227722772277228;142;142
175;67.0300000000279;1.19999999999982;68.7099999999627;NA;NA;-2602.77194125098;-2742.74093418829;5.30443300827572;7.00594144708099;183.946027213428;141.438363023569;6084.24762341318;6161.12798359803;279.937985874632;0.287128712871287;141;141
176;95.5300000000279;1.39999999999964;97.460000000021;NA;NA;-2976.45452137123;-3060.87372934613;10.6864476713529;12.4424276729736;94.5708613400436;82.1929549742582;6405.99349663604;6515.52995776995;168.8384159498;0.871287128712871;145;145
177;65.4199999999837;1.3100000000004;66.8899999999558;NA;NA;-2575.4821688158;-2600.32188357591;5.19458531195124;5.35546234176925;185.288656774344;180.682332907801;6038.67339174942;6066.28414489348;49.6794295202326;0.623762376237624;145;145
178;63.0800000000163;1.44999999999982;64.789999999979;NA;NA;-2548.25654745128;-2574.24967055839;5.06365100762134;5.23365747456363;184.540033548108;180.496992477293;5979.99698172684;6012.62720219882;51.986246214231;0.0891089108910891;144;144
179;62.8099999999977;1.22999999999956;64.4099999999744;NA;NA;-2554.06543662247;-2577.4156732948;5.07253544864712;5.22425690629036;187.09824734841;183.160501567537;6003.21027460675;6031.07254296441;46.7004733446629;0.495049504950495;143;143
180;73.1300000000047;1.40999999999985;75.1999999999534;NA;NA;-2484.44865880897;-2537.43218756491;5.36499715724431;5.90888691656951;170.177131591015;155.599115774993;5779.37876470786;5815.91692044072;105.967057511883;0.366336633663366;137;137
181;73.7399999999907;1.36999999999989;75.4199999999837;NA;NA;-2572.5962670794;-2597.599990835;6.16508598561161;6.35812849453487;152.707927608714;148.048147939598;5873.030881384;5900.82883141913;50.0074475112051;0.792079207920792;138;138
182;64.2999999999884;1.23000000000047;65.8400000000256;NA;NA;-2560.69957149409;-2589.09838667679;5.03249008564058;5.2225194482761;191.015486516031;185.723592333741;6034.54841301952;6066.04815053978;56.7976303653859;0.148514851485149;142;142
183;83.6000000000349;1.26999999999953;85.25;NA;NA;-2699.59885421637;-2774.12134665922;6.33979676429217;7.24157759656602;157.65446325925;137.820034242432;6153.4178285888;6207.57475812214;149.044984885706;0.772277227722772;143;143
184;62.2800000000279;0.980000000000473;63.570000000007;NA;NA;-2566.04412926805;-2582.52360291845;5.55568746324225;5.62516149756776;170.144607007491;168.795617307333;5942.41480483957;5968.94908676923;32.9589473008036;0.841584158415842;137;137
185;63.5899999999674;1.27999999999975;65.3699999999953;NA;NA;-2573.36445540019;-2591.63056405076;4.99812182848073;5.08723206486166;191.401926546397;189.055270698559;6062.39714532754;6087.70294366832;36.53221730115;0.603960396039604;143;143
186;74.2400000000489;1.22000000000025;75.8899999999558;NA;NA;-2692.0550623666;-2714.04218805554;6.30577976404675;6.48032487872989;158.977600954128;156.078101578782;6145.21407658839;6175.3069986486;43.9742513778829;0.851485148514851;144;144
187;55.2799999999697;1.14000000000033;56.8099999999977;NA;NA;-2441.06887444291;-2460.81647259142;5.09813288390277;5.20080371991528;173.624808974517;170.51441376115;5708.4030288513;5733.09612637596;39.4951962970345;0.940594059405941;136;136
188;92.6300000000047;1.60999999999967;94.7199999999721;NA;NA;-2781.09930756754;-2810.10498011841;7.51456532688398;7.80023791593643;134.516797335961;128.942742901608;6207.1243884054;6238.41155156466;58.0113451017378;0.95049504950495;146;146
189;81.890000000014;1.38999999999942;83.5499999999884;NA;NA;-2575.47515986071;-2701.73116935999;5.84317442621846;7.51785745544484;163.716859298352;126.439650773003;5931.25956856369;6006.10051136389;252.512018998551;0.287128712871287;138;138
190;78.1699999999837;1.58999999999924;80.179999999993;NA;NA;-2653.3611216315;-2708.20972662373;6.43936870236443;7.07955688132993;149.228574535618;134.90266368298;6020.63284934517;6061.79479568249;109.697209984461;0.554455445544555;143;143
191;62.9699999999721;1.07999999999993;64.7000000000116;NA;NA;-2557.42953842582;-2574.36730595511;4.96973634243851;5.01960470076282;194.05363386199;192.230026811161;6043.88924662277;6069.03427798343;33.8755350585798;0.237623762376238;144;144
192;56.2600000000093;1.01999999999953;57.609999999986;NA;NA;-2476.94748357532;-2496.97233601426;5.05624589153676;5.15678417434916;179.259837009205;176.541954567646;5807.63348504675;5834.73906944462;40.0497048778807;0.316831683168317;137;137
193;58.8099999999977;1.09000000000015;60.3699999999953;NA;NA;-2487.72129990781;-2505.90839692109;5.12696868107468;5.21118353762292;178.954892508575;176.589063117713;5830.93621681628;5856.00056670042;36.37419402655;0.891089108910891;142;142
194;62.8899999999558;1.17000000000007;64.4000000000233;NA;NA;-2599.77752109387;-2619.09187286528;5.23198190619986;5.33127976345013;185.051154681119;182.453390081307;6084.84113706411;6111.04211551688;38.628703542835;0.97029702970297;143;143
195;60.3899999999558;0.860000000000582;61.4200000000419;NA;NA;-2544.95861565629;-2581.418690924;5.21624220533303;5.52936288268258;180.642891167803;172.331854175416;5952.19914683972;5985.44734100041;72.9201505354067;0.445544554455446;140;140
196;53.5899999999674;0.800000000000182;54.7800000000279;NA;NA;-2471.89312862132;-2492.03165480844;4.99644581794367;5.10090145525025;178.492364126632;175.857361083785;5793.86962754838;5821.59727884103;40.2770523742493;0.158415841584158;137;137
197;63.3499999999767;1;64.6999999999534;NA;NA;-2583.03387281524;-2605.86550293173;5.16370905423955;5.29185983254732;186.934479333893;183.150961582787;6061.66185657271;6089.19846500443;45.6632602329855;0.732673267326733;145;145
198;66;1.19999999999982;67.4899999999907;NA;NA;-2597.05109934815;-2614.98628294637;5.14302083102334;5.22011099736655;189.772013326492;187.516524222317;6103.94293876377;6128.99961515414;35.8703671964413;0.831683168316832;146;146
199;82.9400000000023;1.44999999999982;84.8400000000256;NA;NA;-2817.4200014583;-2835.03964254037;10.879946275454;11.0556239347704;85.9180986004166;84.2494245834274;6044.96199642918;6072.23601952081;35.2392821641442;1;140;140
200;61.4500000000116;0.9399999999996;62.7600000000093;NA;NA;-2540.39072014737;-2573.91127394608;5.12946737055158;5.40338494789247;185.454128421047;178.100139750911;5966.02934605799;5997.96687777564;67.0411075974089;0.227722772277228;140;140
201;91.859999999986;1.35999999999967;93.6700000000419;NA;NA;-2895.95841056624;-2921.72783990938;9.56539139727901;9.86103645553491;109.5119974842;105.335235627571;6316.95987195298;6348.47371202821;51.5388586862873;0.930693069306931;146;146
202;61.2800000000279;1.10000000000036;62.6100000000442;NA;NA;-2500.48367622988;-2520.84405204062;5.26971083796386;5.37854396418858;175.507611962708;172.701879708292;5839.36107874062;5866.67894547627;40.7207516214967;0.900990099009901;141;141
203;79.7599999999511;1.5;81.6699999999837;NA;NA;-2605.63650724424;-2657.5171324115;6.01453023299496;6.60066125213042;156.336978172212;142.271934729587;5956.97258169916;5993.64607755239;103.761250334525;0.811881188118812;139;139
204;61.0599999999977;1.05000000000018;62.5;NA;NA;-2530.34738498226;-2558.08995157736;5.11662786964509;5.31611550584183;185.078712135314;180.303372856879;5944.15066126271;5976.84115983606;55.4851331901973;0.108910891089109;140;140
205;61.3699999999953;1.17000000000007;62.7999999999884;NA;NA;-2535.70680454457;-2553.75661424375;5.00736075482878;5.07235898880046;187.396116500894;185.250150642807;5967.91801868309;5993.75132151878;36.0996193983628;0.247524752475248;143;143
206;85.7800000000279;1.59999999999945;87.9699999999721;NA;NA;-2802.82166319598;-2808.65274001655;8.46366168243102;8.37682533587166;116.593416276854;117.426882301451;6163.42709359892;6179.07655487614;11.662153641134;1;143;143
207;62.5799999999581;0.899999999999636;63.6699999999837;NA;NA;-2527.18735132725;-2549.11782037715;5.62652379042401;5.76745888458362;167.616070815333;164.619756902895;5853.26841996834;5882.84829093595;43.8609380997941;0.792079207920792;138;138
208;84.3000000000466;1.55000000000018;86.3300000000163;NA;NA;-2651.68702356283;-2720.40808720643;6.0152723657946;6.80781096502216;164.327355659225;144.133078179798;6088.94074437776;6129.84415600641;137.442127287193;0.564356435643564;142;142
209;91.3099999999977;1.55000000000018;93.2000000000116;NA;NA;-2905.81010156044;-2989.57738307827;9.78504833025397;11.4755519831975;100.364398472412;87.098580862785;6292.11393207683;6396.13850284516;167.534563035674;0.742574257425743;144;144
210;82.4799999999814;1.46000000000004;84.2600000000093;NA;NA;-2654.39043457281;-2734.85381052709;6.89656785442307;8.02656304626427;140.386125908162;119.833369214811;5978.90088759171;6041.7209811295;160.926751908552;0.891089108910891;140;140
211;64.0300000000279;1.07999999999993;65.4199999999837;NA;NA;-2579.10298353528;-2603.27163178452;5.89256840670071;6.06280935059067;162.15010383691;158.160021804304;5932.21429496836;5961.50530873773;48.3372964984792;0.920792079207921;140;140
212;76.8300000000163;1.02999999999975;78.25;NA;NA;-2613.13036951921;-2624.86084332278;5.64992271908392;5.65773455775734;170.393895713037;171.113618546753;6042.02010778505;6068.9267225157;23.46094760714;0.97029702970297;144;144
213;88.5800000000163;1.31999999999971;90.2700000000186;NA;NA;-2750.28214268915;-2867.65973232848;7.85026716214951;9.90583350925203;124.352435902572;98.4103980188554;6094.59152409779;6205.42249538671;234.755179278655;0.534653465346535;141;141
214;63.4199999999837;1.10000000000036;64.9100000000326;NA;NA;-2600.99992701722;-2622.82357247606;5.06478590519999;5.1757039198502;191.877275131243;188.517228287945;6121.27466221065;6148.82413010461;43.6472909176737;0.732673267326733;145;145
215;65.179999999993;1.22000000000025;66.6699999999837;NA;NA;-2511.25979463434;-2523.83620785012;5.39832786463283;5.41172428274457;172.813798920273;172.660958923475;5848.04506482643;5872.46777993686;25.1528264315757;0.900990099009901;141;141
216;82.25;1.38999999999942;84.25;NA;NA;-2683.22037536829;-2779.75139938583;7.44607827869195;9.00362659744429;125.759746877869;103.113928497431;5968.07631144411;6052.80059658413;193.062048035075;0.900990099009901;143;143
217;60.710000000021;0.929999999999382;62.0900000000256;NA;NA;-2487.92772485119;-2519.92920732232;5.00868804437145;5.24589984294925;183.162319381441;176.688369753245;5850.16361974773;5883.26379272104;64.0029649422549;0.0099009900990099;140;140
218;58.109999999986;1.07999999999993;59.3800000000047;NA;NA;-2533.03777645115;-2551.24112835114;5.06819777283548;5.14826652945248;183.04973022487;180.858547746456;5939.19019412528;5965.1453474032;36.4067037999766;0.623762376237624;139;139
219;64.2700000000186;1.14000000000033;65.789999999979;NA;NA;-2525.16114481428;-2584.42868241267;5.3154590399153;5.89539173676353;176.715781071742;160.300222753764;5893.85851306548;5934.03545869863;118.535075196777;0.851485148514851;140;140
220;78.8600000000442;1.57999999999993;81.0299999999697;NA;NA;-2624.67832956974;-2800.64167320267;5.23168770980057;7.36512801226075;191.16424399393;138.717964845733;6166.5247340005;6266.82459045848;351.926687265854;0.0198019801980198;147;147
221;70.3300000000163;1.44999999999982;72.0800000000163;NA;NA;-2526.89400347621;-2566.15454571116;5.14928692195671;5.50409626365681;179.940198797509;170.544544992167;5913.35604557183;5946.99442030275;78.5210844699086;0.376237623762376;141;141
222;84.3699999999953;1.31999999999971;85.960000000021;NA;NA;-2702.67984581294;-2745.33113854653;6.83898387506652;7.32197551401139;142.003334038448;132.041197432181;6083.70465363299;6121.41846082643;85.3025854671814;0.97029702970297;141;141
223;80.5599999999977;1.29999999999927;82.1599999999744;NA;NA;-2573.58885971018;-2639.3535007241;5.45234930779518;6.15802505144207;174.638426222765;155.587803654893;5982.64924421318;6023.04020674695;131.529282027836;0.455445544554455;143;143
224;62.1399999999558;1.07999999999993;63.5;NA;NA;-2543.21282637005;-2593.77842100388;5.02092251289526;5.50231683115446;184.630932995922;173.542459536408;5968.40116462875;6016.56310385349;101.131189267654;0.0198019801980198;141;141
225;62.7999999999884;1.05999999999949;64.1699999999837;NA;NA;-2533.22359078455;-2563.19018873237;5.0367353358427;5.23554664208461;187.837678360567;182.560416392887;5963.07273964026;5997.81541998994;59.9331958956382;0.099009900990099;140;140
226;58.0800000000163;0.75;58.9400000000023;NA;NA;-2515.49433508513;-2542.27119930015;5.37287718476757;5.56938133847011;170.305460325772;165.313296439043;5842.08129255546;5871.85946328747;53.5537284300299;0.910891089108911;137;137
227;83.7999999999884;1.36999999999989;85.3899999999558;NA;NA;-2595.47847005893;-2645.61420488344;5.58294387288371;6.06126703962205;175.240828318012;161.451066649133;6030.52733075683;6064.73271465243;100.271469649027;0.693069306930693;145;145
228;68.8899999999558;1.03999999999996;70.109999999986;NA;NA;-2651.1332759606;-2652.46904442385;6.2587359290302;6.13918062778453;158.519250302388;162.392499367748;6061.17615381589;6082.39083866053;2.67153692648299;0.99009900990099;144;144
229;83.7199999999721;1.35000000000036;85.4199999999837;NA;NA;-2665.26340857331;-2700.51408386551;6.12166179062407;6.4387486775073;162.745591982316;154.358901604492;6109.66999493614;6140.02013458743;70.5013505843972;0.821782178217822;144;144
230;85.7700000000186;1.60000000000036;87.7199999999721;NA;NA;-2765.79492998052;-2814.91866767388;7.36220245709046;7.9731758739802;135.430442987845;123.837618049591;6179.96198748665;6222.70890920596;98.2474753867209;0.891089108910891;144;144
231;56.4699999999721;0.909999999999854;57.6399999999558;NA;NA;-2557.25892864384;-2580.20146427883;5.15929330750773;5.29903695834258;183.595949982059;179.801138206655;5992.19804314399;6019.94202195169;45.8850712699868;0.475247524752475;142;142
232;83.1699999999837;1.73000000000047;85.2399999999907;NA;NA;-2838.90327317548;-2917.65690110717;9.85798836605893;11.4348604401978;97.9486612823026;84.0451493054288;6145.35530361351;6236.4954477546;157.507255863391;0.861386138613861;140;140
233;66.8800000000047;1.05999999999949;68.1700000000419;NA;NA;-2609.21758735058;-2697.16907483966;5.77858479941941;6.81215225108412;167.901407885381;143.506473395507;6021.67675385927;6080.87418151717;175.902974978159;0.495049504950495;143;143
234;65.9700000000303;1.15999999999985;67.3099999999977;NA;NA;-2616.78121807293;-2669.35636801486;5.44058787055368;5.93801291305123;182.031885450947;168.025662225025;6105.03858466532;6143.13420650751;105.150299883854;0.524752475247525;144;144
235;70.6600000000326;1.19999999999982;72.0599999999977;NA;NA;-2554.96134004163;-2593.42205362394;5.72323922179799;6.08655336988871;162.258114011103;152.797474725997;5883.86501163592;5915.66087284091;76.9214271646333;0.891089108910891;139;139
236;61.640000000014;0.979999999999563;62.9699999999721;NA;NA;-2575.95312768521;-2660.49633214237;5.56464806065554;6.53475520633095;170.950933410946;146.585234791187;5969.73678723411;6022.25751344738;169.086408914318;0.574257425742574;143;143
237;61.890000000014;1.13999999999942;63.3400000000256;NA;NA;-2611.20402921147;-2626.62454831107;5.91182356900982;5.96092461106206;164.266517054688;163.010327054178;6007.68391680989;6032.51974044294;30.8410381992062;0.97029702970297;142;142
238;56.609999999986;1.13000000000011;58.0300000000279;NA;NA;-2559.11566394352;-2586.31904063518;5.18588591947604;5.39937250319497;182.427596808492;177.514456200833;5989.03236857075;6019.98670560358;54.4067533833322;0.277227722772277;140;140
239;84.6600000000326;1.44999999999982;86.3399999999674;NA;NA;-2616.62566099421;-2763.07970524986;5.82630023037486;7.75538627037264;169.716299905704;125.24464200654;6045.17535801669;6125.33070568684;292.9080885113;0.336633663366337;143;143
240;57.6100000000442;1.09000000000015;59.039999999979;NA;NA;-2542.94707049062;-2581.11385327171;5.21008315075837;5.56919566498147;179.190531553128;170.500297251359;5942.51423010963;5977.30414256913;76.333565562175;0.178217821782178;142;142
241;69.039999999979;0.760000000000218;70.1199999999953;NA;NA;-2687.95848486361;-2778.52070865406;6.26285963449229;7.36217194752144;163.92493921433;138.779603768533;6160.70626265188;6221.44762441653;181.124447580887;0.732673267326733;144;144
242;80.390000000014;1.59999999999945;82.2199999999721;NA;NA;-2764.76048197675;-2821.56211182532;8.20960543120273;9.09398039521784;116.842302434781;105.087299676367;6088.08542971029;6145.49391492164;113.603259697135;0.861386138613861;142;142
243;76.8600000000442;1.19000000000051;78.25;NA;NA;-2560.97175177387;-2712.34459354385;5.4370407201546;7.40524888218976;174.3778623629;127.285448558487;5954.31989108093;6032.27434968227;302.745683539971;0.277227722772277;140;140
244;59.4400000000023;0.9399999999996;60.5999999999767;NA;NA;-2588.45676717057;-2608.72887451901;5.01385964759306;5.10760122848932;193.296315810999;190.64600821402;6101.64454114404;6129.50966466317;40.5442146968799;0.108910891089109;143;143
245;54.7199999999721;1.22000000000025;56.0300000000279;NA;NA;-2498.50190845478;-2533.79781384446;5.39273166105085;5.71381844533461;167.927528276194;159.815949492609;5797.98824568863;5829.8892690482;70.5918107793659;0.881188118811881;139;139
246;81.5800000000163;1.36999999999989;83.4199999999837;NA;NA;-2613.59554223773;-2726.54572641933;5.32521808019156;6.63075007383841;185.403389979441;150.138207155921;6114.16227562841;6171.35374811504;225.900368363202;0.128712871287129;143;143
247;64.7599999999511;1.17000000000007;66.3000000000466;NA;NA;-2610.65915535082;-2670.79192814989;5.54460488513702;6.16197600793331;177.594636287524;162.003513748377;6072.1656822555;6117.73490870058;120.265545598154;0.386138613861386;145;145
248;56.3400000000256;1.14000000000033;57.9199999999837;NA;NA;-2501.41857783972;-2540.87367097753;5.08818787825708;5.43511002320164;179.647758344704;169.885570146598;5857.76512490557;5890.21791138779;78.9101862756343;0.227722772277228;136;136
249;58.2999999999884;1.05999999999949;59.5800000000163;NA;NA;-2571.21773119433;-2593.15808930954;5.03574762364878;5.15335515254446;190.015594090828;186.678959006906;6052.13355009833;6080.0401534158;43.8807162304229;0.435643564356436;144;144
250;60.7200000000303;1.02999999999975;62;NA;NA;-2604.17085020408;-2624.49002369646;5.37881575650873;5.49054879058766;180.869373694792;178.2854030496;6075.49972826177;6103.74951634932;40.638346984746;0.871287128712871;146;146
