1;18.7799999999988;0.539999999999964;19.5599999999977;NA;NA;-1355.71436074205;-1381.12950099027;4.59831505293097;5.09535788133258;58.662065384969;53.2046038538762;2965.60010545207;2992.78426061682;50.8302804964555;0.0891089108910891;58;58
2;19.8099999999977;0.600000000000364;20.5;NA;NA;-1374.4703147603;-1405.53562967527;4.8375929060934;5.54601331014358;59.6947024466312;52.2974476240216;3008.59810168284;3038.5524678;62.1306298299369;0.267326732673267;60;60
3;17.4700000000012;0.609999999999673;18.2200000000303;NA;NA;-1281.21839984559;-1291.81378322568;4.82310385741463;4.77464750676261;46.9355178572511;46.9658234771341;2761.35823552947;2782.67744313141;21.1907667601927;0.99009900990099;48;48
4;16.5500000000175;0.409999999999854;17.1800000000512;NA;NA;-1234.80206191998;-1248.60252651465;4.58779678567378;4.70009918970926;46.1638510028322;44.6054246577102;2664.76913910641;2685.78157329738;27.6009291893288;0.623762376237624;47;47
5;20.320000000007;0.590000000000146;21.2199999999721;NA;NA;-1401.43664291544;-1429.26595404675;5.0041203587337;5.62465070403623;59.2283524448762;52.5802554103503;3060.00451967046;3086.80140051011;55.6586222626252;0.673267326732673;59;59
6;19.2000000000116;0.449999999999818;19.8099999999977;NA;NA;-1383.37206334519;-1400.47506863241;4.89260083539656;5.07210429382737;59.1878361744912;56.8459010366635;3022.15508416031;3046.25503351431;34.206010574449;0.475247524752475;56;56
7;20.1900000000023;0.970000000000255;21.2399999999907;NA;NA;-1315.64968941993;-1322.06069610144;6.09291171954797;5.90190386310188;37.7419135948675;38.9748213842609;2792.02696359047;2810.09943386822;12.822013363018;1;50;50
8;18.8600000000151;0.729999999999563;19.6300000000047;NA;NA;-1320.05084232064;-1349.90110637361;4.87383356478984;5.67419087840451;52.2250551161842;45.3658816958996;2866.38274804355;2896.36380429543;59.7005281059519;0.188118811881188;58;58
9;24.5100000000093;0.890000000000327;25.640000000014;NA;NA;-1407.37831042917;-1413.52720714912;6.69709966556491;6.4451657616272;43.0503121750153;44.7597101450973;3002.01503369915;3021.74829356469;12.2977934398973;0.97029702970297;60;60
10;17.8899999999849;0.489999999999782;18.5499999999884;NA;NA;-1244.17648249854;-1267.33395999404;5.45563335689903;6.11589469016941;40.2451161798066;36.1636463536695;2658.91923679821;2687.93616515156;46.3149549909876;0.613861386138614;48;48
11;21.1199999999953;0.649999999999636;21.9400000000023;NA;NA;-1480.16782660028;-1498.07908230823;4.96051519242018;5.17667380799128;64.8399418926373;62.1808911114939;3245.951149392;3270.0607245207;35.822511415909;0.603960396039604;67;67
12;18.1300000000047;0.510000000000218;18.7799999999697;NA;NA;-1283.46141599253;-1298.26285443853;5.30360755490594;5.53410329763574;44.6115752199661;42.580661468712;2757.34724754457;2778.28117333527;29.6028768920132;0.851485148514851;51;51
13;17.9899999999907;0.5;18.609999999986;NA;NA;-1326.58169009521;-1344.14943426352;4.66005452020902;4.89623689078021;55.0507979971933;52.4048798030881;2890.22597186002;2913.9674705133;35.1354883366271;0.326732673267327;55;55
14;17.0299999999988;0.469999999999345;17.609999999986;NA;NA;-1258.63687973768;-1272.97292845687;4.49529967318536;4.63080325097033;50.0962688037357;48.4172074686526;2730.61355926063;2752.13521181344;28.672097438377;0.277227722772277;50;50
15;19.8099999999977;0.569999999999709;20.5900000000256;NA;NA;-1355.74149913888;-1389.80790666149;4.98621361483526;5.98373464010424;53.131935055282;44.4548861012213;2940.76116220137;2971.45024683489;68.1328150452282;0.514851485148515;56;56
16;19.3899999999849;0.390000000000327;19.9400000000023;NA;NA;-1415.87066623099;-1430.00899178119;4.69774291124479;4.76788435005588;64.580729885582;63.1415842966594;3113.71063385225;3135.70375615039;28.2766511004065;0.504950495049505;62;62
17;20.929999999993;0.5;21.8099999999977;NA;NA;-1389.97126773465;-1410.05885652952;4.87228860057236;5.21235088037697;60.7120601792406;57.0634553108514;3045.02063577932;3069.26544888399;40.1751775897283;0.643564356435644;62;62
18;17.1100000000151;0.569999999999709;17.7299999999814;NA;NA;-1232.24107975804;-1248.53062497918;4.50525110167202;4.69508782017959;47.2600912129019;45.0987162968476;2664.28170445642;2687.7232390119;32.579090442277;0.099009900990099;47;47
19;20.3699999999953;0.659999999999854;21.2200000000303;NA;NA;-1395.63327492418;-1420.34386828586;5.11354504260602;5.61080602928979;59.0702957696557;53.7999688802056;3050.11415922906;3076.4406331494;49.4211867233585;0.861386138613861;64;64
20;19.6900000000023;0.569999999999709;20.3099999999977;NA;NA;-1339.15777345713;-1360.96673099411;5.5753646715044;6.08716440429712;49.2981290941373;44.85168312167;2893.15787930178;2917.39808489441;43.6179150739695;0.871287128712871;61;61
21;22.6600000000035;0.670000000000073;23.6199999999953;NA;NA;-1326.90216103326;-1346.52123904412;7.3433322747748;7.93427923389;33.8956696583856;31.7895599826126;2799.13983731354;2829.34756148422;39.2381560217177;0.99009900990099;53;53
22;23.140000000014;0.75;24.0199999999604;NA;NA;-1342.21747300801;-1351.46481427584;5.80145281036302;5.65945738080688;45.8229270193688;46.4650559720108;2882.97682655746;2904.25372965608;18.4946825356728;0.97029702970297;58;58
23;17.8000000000175;0.700000000000728;18.5599999999977;NA;NA;-1302.21330894927;-1326.78084287636;4.81845752699104;5.43264798386755;50.2033058758497;44.7988801055679;2819.68489130352;2845.64723497628;49.1350678541776;0.376237623762376;53;53
24;27.359999999986;0.600000000000364;28.3600000000442;NA;NA;-1509.8951752321;-1518.82494537208;6.74485646283036;6.64838844379457;47.5411391392503;48.4436714209076;3229.90499198293;3251.75339854277;17.8595402799556;0.96039603960396;69;69
25;24.179999999993;0.699999999999818;25.0599999999977;NA;NA;-1400.31757660396;-1408.6330081563;7.44730927446853;7.38799769174841;34.2205417795732;34.2730554040863;2948.30572043889;2965.16319353615;16.6308631046668;1;56;56
26;17.7799999999988;0.409999999999854;18.3399999999674;NA;NA;-1273.63313045816;-1297.05941254973;4.64626942848118;5.23784954120983;48.0910484673652;42.8993449764927;2750.06168170509;2775.02132137117;46.8525641831379;0.485148514851485;46;46
27;20.2699999999895;0.720000000000255;21.2200000000303;NA;NA;-1416.90282583811;-1448.15574973289;4.88514837889252;5.60773094550415;61.2598689555561;53.5575445523228;3101.27556852696;3130.15189501956;62.5058477895645;0.495049504950495;62;62
28;22.3800000000047;0.5600000000004;23.1900000000023;NA;NA;-1274.88949261196;-1284.71053776545;6.0522297436917;5.98956279883188;37.0258196282573;37.5542845045623;2707.45701464612;2729.34962367627;19.6420903069675;0.96039603960396;50;50
29;23.5899999999965;0.840000000000146;24.7399999999907;NA;NA;-1442.81821430634;-1465.63742845041;5.75787590826282;6.229715859101;52.6036239088901;48.690176371106;3116.1469096618;3144.63650660597;45.6384282881386;0.891089108910891;64;64
30;19.390000000014;0.479999999999563;20.1999999999534;NA;NA;-1334.82818371646;-1338.93588824114;5.65145561165332;5.31628253502835;46.7289354647067;48.8766104566084;2872.12380734441;2889.64467676961;8.21540904935364;1;58;58
31;18.1100000000151;0.5;18.679999999993;NA;NA;-1281.96655548386;-1325.58366488976;4.66651503611713;6.29916268443144;50.6887148921588;38.390016909852;2780.29778451285;2815.03503669937;87.2342188117964;0.306930693069307;51;51
32;20.1700000000128;0.529999999999745;20.7800000000279;NA;NA;-1373.48436458518;-1399.88769581972;6.3345342429176;7.15361710452937;42.0980705174638;37.3163840532369;2929.0054474772;2961.13556821358;52.8066624690759;1;57;57
33;21.3299999999872;0.639999999999418;22.1199999999953;NA;NA;-1437.50148526127;-1487.19326310626;5.64124396985129;7.36210498928112;52.6284334896958;40.8462366392997;3103.48162102771;3151.71449147278;99.3835556899858;0.495049504950495;59;59
34;18.890000000014;0.640000000000327;19.7400000000489;NA;NA;-1301.87899355749;-1321.50641594178;4.69839328496731;5.06487397348172;52.9307278198967;49.2510206182195;2833.09659386412;2856.40797898958;39.2548447685745;0.178217821782178;58;58
35;25.9400000000023;0.829999999999927;26.9400000000023;NA;NA;-1371.22402860632;-1390.17503554018;6.86835326337728;7.32866109298064;39.1125344264923;36.5372309699846;2911.57498688293;2938.34110344932;37.9020138677215;0.98019801980198;57;57
36;21.6499999999942;0.739999999999782;22.460000000021;NA;NA;-1475.79085645408;-1477.82792545111;7.54589112969774;7.09442970219463;40.395942240898;42.5538383887208;3127.95654844885;3141.45238964063;4.07413799405731;0.97029702970297;62;62
37;19.3699999999953;0.449999999999818;20.0099999999511;NA;NA;-1389.24364776051;-1406.87690420037;4.69443932580682;4.90799815831652;60.6377167501054;57.9440714062467;3042.24665110369;3065.79646028574;35.2665128797207;0.277227722772277;60;60
38;17.6399999999849;0.519999999999527;18.4500000000116;NA;NA;-1258.9250398468;-1276.65605032595;4.88699044957901;5.17241780811171;44.9990757592723;42.3983260618836;2709.02843895348;2733.44118719666;35.4620209583022;0.702970297029703;49;49
39;20.8299999999872;0.630000000000109;21.570000000007;NA;NA;-1420.04407034666;-1438.63517713462;5.80607243530917;6.08875250565874;53.3349379735495;50.4284886182168;3073.38329063106;3097.85225162055;37.1822135759157;0.900990099009901;63;63
40;17.3600000000151;0.549999999999272;18.0799999999581;NA;NA;-1288.89740298148;-1304.70977619781;4.61828948522419;4.7806484575112;51.741665496387;49.7001945796943;2799.15635901239;2822.04727037636;31.6247464326598;0.386138613861386;52;52
41;20.2299999999814;0.510000000000218;20.8499999999767;NA;NA;-1394.6251951842;-1420.37043061766;4.87397243433047;5.39134971527737;59.4894360768864;53.8659461452519;3048.5066630511;3075.48984093814;51.4904708669228;0.653465346534653;61;61
42;18.25;0.4399999999996;18.9400000000023;NA;NA;-1284.46965957989;-1326.57351127585;5.21617682571551;6.87195549341745;44.9006649888919;34.4283610737174;2761.46129458797;2800.76657532017;84.2077033919222;0.396039603960396;53;53
43;20.7200000000012;0.590000000000146;21.4599999999627;NA;NA;-1347.32680002788;-1408.20178433517;4.88772452187329;7.20425312582604;55.1920149152589;38.2578953260896;2935.18161666505;2983.13231913468;121.749968614579;0.158415841584158;61;61
44;23.359999999986;0.829999999999927;24.359999999986;NA;NA;-1365.63587146916;-1373.31932024588;6.16415261212092;5.97356680387022;42.9323530782618;43.9932963995807;2915.75537489881;2935.68122771996;15.3668975534379;0.98019801980198;54;54
45;22.609999999986;0.660000000000764;23.3699999999953;NA;NA;-1254.04292108219;-1318.7826862956;4.72626657680227;7.86744304814813;46.8966846764518;27.910382013429;2707.79990387752;2756.42443041849;129.47953042681;0.178217821782178;50;50
46;19;0.600000000000364;19.6900000000023;NA;NA;-1355.41230790533;-1368.3040817258;4.7443167665395;4.78454107810395;57.0779758148975;56.1659900574531;2957.63610330224;2979.47612354662;25.7835476409309;0.722772277227723;57;57
47;18.4700000000012;0.550000000000182;19.140000000014;NA;NA;-1340.57845427542;-1356.88616493722;4.5398060079392;4.72056989979905;58.0861446557201;55.83643412865;2931.29046688513;2954.2180684594;32.6154213236018;0.0693069306930693;55;55
48;25.140000000014;0.829999999999927;26.0800000000163;NA;NA;-1437.50315610911;-1458.34552583774;5.53020721308979;5.8804564440722;55.7879849540003;52.1827355791431;3119.90322184403;3145.76171428661;41.6847394572565;0.821782178217822;65;65
49;18.2099999999919;0.640000000000327;18.8600000000442;NA;NA;-1359.54534493559;-1374.91500559217;4.69430924170825;4.9119548309528;55.067129997047;52.8689548132801;2956.22361124269;2977.49703696548;30.7393213131527;0.514851485148515;55;55
50;17.5499999999884;0.630000000000109;18.3699999999953;NA;NA;-1307.21145271966;-1320.29270724232;5.02498247863523;5.10786039541357;49.1773509342514;48.2352347077391;2823.84940471388;2845.9998208042;26.1625090453094;0.811881188118812;50;50
51;19.7999999999884;0.510000000000218;20.5800000000163;NA;NA;-1347.11615695326;-1361.39083894205;5.28945617149474;5.38310554764668;49.9276253190134;49.4662700380047;2910.55905832455;2937.10945909644;28.549363977585;1;58;58
52;17.4500000000116;0.509999999999309;17.9799999999814;NA;NA;-1290.57989096291;-1305.87785945139;4.55261125789204;4.711351061169;51.1305079247993;49.1554216384442;2799.90667640355;2822.05278549886;30.5959369769657;0.108910891089109;52;52
53;19.0299999999988;0.550000000000182;19.7999999999884;NA;NA;-1379.49264998432;-1394.32909927777;5.0138999886911;5.12635223770099;56.4920523590352;54.7482497701986;3004.23728699172;3026.33972155706;29.6728985868999;0.871287128712871;59;59
54;17.9100000000035;0.5;18.6699999999837;NA;NA;-1253.23130637324;-1269.05632783585;4.87271729912769;5.11792064700687;47.7342145203839;45.1974611086694;2709.74337620179;2730.59040968372;31.6500429252114;0.722772277227723;50;50
55;16.4400000000023;0.430000000000291;17.0500000000466;NA;NA;-1234.3188630742;-1247.28098128323;4.71670695182315;4.80951676655507;46.0255172278159;44.7536002337986;2663.21791340057;2683.76491862665;25.9242364180673;0.574257425742574;47;47
56;18.1900000000023;0.720000000000255;19.3699999999953;NA;NA;-1276.95211427657;-1292.54801252911;5.60879037497399;5.87306993408972;40.8115424184227;38.6199882380429;2728.50445306109;2750.32032723536;31.1917965050798;0.940594059405941;52;52
57;19.3999999999942;0.539999999999964;20.0500000000466;NA;NA;-1354.62213794261;-1374.94570639046;4.98760609638262;5.33739998700792;55.5554349116022;52.0244208292425;2950.43007517973;2975.74783061835;40.6471368956986;0.841584158415842;59;59
58;17.9499999999825;0.579999999999927;18.5499999999884;NA;NA;-1305.93688512635;-1328.91478861524;4.62502621234571;5.07179510225951;52.392389370575;47.755056313036;2836.01925470471;2862.13559115566;45.9558069777754;0.0396039603960396;52;52
59;17.679999999993;0.579999999999927;18.390000000014;NA;NA;-1323.57280220177;-1337.0703302163;4.68315774306069;4.74528028011913;55.5320596025539;54.2693257200306;2885.77114694135;2907.34013809989;26.9950560290713;0.891089108910891;54;54
60;19.7000000000116;0.829999999999927;20.7199999999721;NA;NA;-1303.96052636152;-1343.31935224868;4.85353257921544;6.18534755237074;50.7496162007645;40.4139742850158;2826.46167303166;2860.67144938442;78.717651774321;0.227722772277228;55;55
61;16.4799999999814;0.559999999999491;17.210000000021;NA;NA;-1269.48223795234;-1287.90888278773;4.49550875586975;4.78023736448818;50.8160117655383;47.9532621515376;2755.8725158877;2780.50616481612;36.8532896707934;0.0099009900990099;51;51
62;22.5;0.580000000000837;23.3299999999581;NA;NA;-1465.74048461711;-1481.67534032883;7.25521161734871;7.50632627619193;43.6940331070983;42.0777273986004;3124.27385320221;3149.0118760001;31.8697114234565;1;68;68
63;19.3899999999849;0.619999999999891;20.1199999999953;NA;NA;-1349.17753659592;-1378.72560247906;5.04834561917463;5.8722909021838;54.2562244748749;46.9917818744625;2934.80489445106;2962.24242536482;59.0961317662886;0.683168316831683;61;61
64;17.3800000000047;0.600000000000364;18.039999999979;NA;NA;-1256.84763969789;-1296.51895616503;5.46783663658928;7.29586766920653;39.7059563275243;30.0323754770805;2682.7869298415;2720.93368429779;79.3426329342897;0.663366336633663;50;50
65;17.6700000000128;0.5;18.2199999999721;NA;NA;-1274.72717562416;-1295.16269777299;5.02086276371889;5.43887678198311;46.5988151638384;42.7466142721916;2747.42919575702;2771.9341828951;40.8710442976521;0.801980198019802;49;49
66;22.25;0.720000000000255;23.2999999999884;NA;NA;-1428.70979836394;-1441.35246066319;5.35252110181828;5.40806040804584;56.6272496368072;55.7805764508208;3105.115819814;3126.69766681643;25.2853245985057;1;63;63
67;17.25;0.649999999999636;18.2199999999721;NA;NA;-1184.57482866866;-1201.18010183186;4.36203546677111;4.73105469114298;40.3664314810455;37.4389558432555;2537.0486269132;2558.0827155987;33.2105463264038;0.326732673267327;41;41
68;20.0799999999872;0.5;20.8099999999977;NA;NA;-1321.14068841423;-1344.36033516522;4.70030250851645;5.15629966568926;53.633768120725;49.1187617587558;2873.24188120396;2900.23842094916;46.4392935019764;0.0891089108910891;55;55
69;19.5299999999988;0.5;20.429999999993;NA;NA;-1318.30317979358;-1344.90222521198;4.72005895680578;5.41139580580859;54.9058268467124;48.3810034087673;2872.02777817111;2897.24918095876;53.1980908368009;0.237623762376238;53;53
70;17.3899999999849;0.509999999999309;18.140000000014;NA;NA;-1190.18441310769;-1208.24740737188;4.56911757864725;4.96438072462751;42.7977608393959;39.3135652933852;2560.37262775445;2581.8443813115;36.1259885283825;0.455445544554455;45;45
71;17.8099999999977;0.690000000000509;18.640000000014;NA;NA;-1282.68797879594;-1298.39625719715;4.5769203488841;4.78204387662805;52.5110161372534;50.4592882210884;2791.01984338768;2813.61996711272;31.4165568024227;0.188118811881188;54;54
72;18.0499999999884;0.710000000000036;18.8000000000466;NA;NA;-1264.12834770237;-1282.59649795349;5.37324647117772;5.75382885422232;41.6935215993123;39.1820278774391;2705.81258455066;2732.05344643879;36.9363005022383;0.841584158415842;50;50
73;21.9100000000035;0.660000000000764;22.7999999999884;NA;NA;-1421.50427348011;-1450.71531962177;5.38364686432542;6.14259347542525;57.041238012455;50.1530046012428;3092.96477120556;3121.2024412151;58.4220922833219;0.891089108910891;64;64
74;17.6300000000047;0.5600000000004;18.3300000000163;NA;NA;-1320.22563158163;-1334.33189345673;4.65016524263914;4.75174722139694;55.2214125359909;53.5564238648571;2878.24856397815;2899.29122745675;28.2125237501932;0.574257425742574;55;55
75;19.390000000014;0.530000000000655;20.039999999979;NA;NA;-1379.00892886486;-1415.29412601552;4.61474082001932;5.58338399114206;59.8747076635004;50.0802300953039;3018.45830891141;3048.42510218497;72.5703943013309;0.0693069306930693;60;60
76;18.5299999999988;0.550000000000182;19.2199999999721;NA;NA;-1310.02173139289;-1325.02819642925;4.57557300822527;4.72597620961383;54.5426793303663;52.5866841227471;2854.41756199669;2876.02542982319;30.0129300727076;0.297029702970297;54;54
77;18.0899999999965;0.550000000000182;18.7999999999884;NA;NA;-1288.34731079256;-1301.96955182165;6.0551587018185;6.16675199061894;39.9707429730863;38.8457889021052;2747.69773206057;2770.12942779126;27.244482058165;0.96039603960396;52;52
78;18.2099999999919;0.619999999999891;19.0300000000279;NA;NA;-1314.06638529805;-1333.61058804113;4.83598183045485;5.21333850246154;50.07093320032;46.6181589597541;2841.86044428119;2866.21069014001;39.0884054861549;0.782178217821782;51;51
79;25.320000000007;0.829999999999927;26.3099999999977;NA;NA;-1435.74539960522;-1460.43122611034;5.3486991484456;5.864632569291;56.093766981755;50.8452313598033;3116.40472812107;3142.8604753299;49.3716530102374;0.900990099009901;62;62
80;20.1600000000035;0.559999999999491;20.9100000000326;NA;NA;-1394.64817742662;-1425.53361510011;4.69118060198292;5.39658117494941;60.5372910842417;53.0962553703866;3053.11920273708;3082.46188055367;61.7708753469815;0.0792079207920792;61;61
81;22.7200000000012;0.789999999999964;23.6500000000233;NA;NA;-1263.30474380896;-1293.47814214533;6.77072195938248;8.21257856194264;31.4019115982176;26.3589685239546;2660.33756144882;2699.20849791314;60.3467966727335;0.722772277227723;50;50
82;20.6600000000035;0.650000000000546;21.3300000000163;NA;NA;-1400.24759840719;-1425.03881613159;5.19138926249366;5.73774812715044;58.0435414357185;52.6276071891697;3054.38649615139;3080.27880951308;49.5824354487963;0.683168316831683;63;63
83;23.0299999999988;0.630000000000109;23.8999999999651;NA;NA;-1352.30631798846;-1360.0768810662;5.52069198369854;5.35203212994479;49.241966415527;50.7346562266264;2917.96855297376;2939.97721539195;15.5411261554846;0.930693069306931;58;58
84;21.4800000000105;0.699999999999818;22.320000000007;NA;NA;-1448.09001891355;-1461.95689727781;5.29497373355968;5.36525947165364;60.5315173136836;59.4846758225594;3162.36208652756;3185.49244943518;27.7337567285304;0.861386138613861;66;66
85;16.2399999999907;0.789999999999964;17.0500000000466;NA;NA;-1221.07680250974;-1238.21801267938;4.59314404075864;4.86248365817;43.3812381772342;40.7763373877081;2624.61146342654;2647.93788897659;34.2824203392761;0.188118811881188;45;45
86;19.4899999999907;0.550000000000182;20.2700000000186;NA;NA;-1388.28177618962;-1406.63485196;5.00677983599025;5.3022377777551;57.0924129493264;53.9773703149447;3024.42191714133;3047.60456645759;36.7061515407559;0.851485148514851;59;59
87;21.7900000000081;0.609999999999673;22.75;NA;NA;-1448.02080330331;-1479.9122616159;5.18871961035736;5.95486288986256;62.6810441604581;55.1120956217539;3173.96465731116;3204.18742354832;63.7829166251713;0.544554455445545;71;71
88;18.6999999999825;0.640000000000327;19.3399999999674;NA;NA;-1286.6320644849;-1300.52272510259;5.03637733266291;5.17058532793126;45.5715842128016;45.0963346556612;2767.78634090819;2793.53906040251;27.7813212353908;0.801980198019802;51;51
89;19.5799999999872;0.5600000000004;20.210000000021;NA;NA;-1337.98323744777;-1358.69408064205;5.20183369276479;5.58196435440633;52.2809467261314;48.6834656516374;2903.37590844272;2929.14942499929;41.4216863885567;0.801980198019802;60;60
90;17.3399999999965;0.549999999999272;18.0499999999884;NA;NA;-1212.01326650815;-1242.67969209726;4.63296771113046;5.7023884497453;43.9101175770446;36.1036473463434;2609.66353212084;2637.99328999867;61.3328511782183;0.316831683168317;47;47
91;18.75;0.449999999999818;19.2999999999884;NA;NA;-1313.31854353874;-1329.84358589094;5.69729739999455;6.0080443394698;43.7928356226617;41.397624447566;2814.40898813424;2837.18905151243;33.0500847043959;0.98019801980198;53;53
92;27.0299999999988;0.8100000000004;28.0899999999674;NA;NA;-1476.49411613472;-1486.17057505057;6.48665055235197;6.46120888021841;49.6746054208716;49.0925020482515;3172.16942837438;3188.95390882471;19.3529178316971;1;68;68
93;18.6900000000023;0.530000000000655;19.3099999999977;NA;NA;-1367.48539536989;-1382.06362639469;4.81282064179537;4.95116525428595;55.3785323183671;53.6833763315936;2974.91526097117;2996.72693997617;29.1564620495933;0.742574257425743;58;58
94;20.3500000000058;0.640000000000327;21.1199999999953;NA;NA;-1367.96515462947;-1397.68138188397;5.32705073081061;6.20089855563699;50.2770436802821;43.7170505556851;2952.88887194877;2984.01324437127;59.4324545089971;0.910891089108911;56;56
95;17.609999999986;0.640000000000327;18.5200000000186;NA;NA;-1297.94267456606;-1318.74552451354;5.07759581038492;5.46386361926548;47.062658850391;43.4828288078003;2796.30622789737;2822.66687575974;41.6056998949616;0.574257425742574;50;50
96;20.1900000000023;0.609999999999673;21.0599999999977;NA;NA;-1367.96250298542;-1406.44770555808;4.65445394521082;5.71923864371622;59.5884368342002;49.0734572532728;2994.61949354773;3025.9406519753;76.9704051453191;0.257425742574257;59;59
97;22.4700000000012;0.660000000000764;23.2999999999884;NA;NA;-1297.23646072109;-1311.52625256318;5.40313149241621;5.60554671410727;47.6572720533055;45.9080386476523;2800.12648596268;2821.15767105936;28.5795836841794;0.920792079207921;56;56
98;23.6499999999942;0.539999999999964;24.5;NA;NA;-1325.53808065238;-1347.16688730312;6.56460809683004;7.22756756083765;37.4856064412883;34.7704642644117;2813.16807422231;2844.68511211167;43.2576133014845;0.930693069306931;57;57
99;26.5200000000186;0.789999999999964;27.5200000000186;NA;NA;-1494.47293940327;-1523.24531370125;6.05908142863845;6.79263798408097;51.1528968335779;45.4361895721373;3213.49577719919;3245.945445865;57.5447485959621;0.801980198019802;65;65
100;20.9599999999919;0.720000000000255;21.75;NA;NA;-1435.23998558956;-1452.73129315401;4.81342722475677;4.98968331047505;64.8083376341548;62.3780130360515;3153.96152042313;3178.3135252419;34.9826151289017;0.376237623762376;63;63
101;22.7399999999907;0.859999999999673;23.8499999999767;NA;NA;-1364.81026914871;-1398.62405900923;7.64747179722984;9.31826399075156;32.9415507269386;27.597172297821;2871.17292210081;2915.83529557337;67.627579721041;0.900990099009901;54;54
102;21.1699999999837;0.609999999999673;22;NA;NA;-1458.4721598702;-1461.0006168259;6.24685424556724;5.88965489435622;49.9123443969924;52.7414770003196;3136.80477295656;3154.32382191473;5.05691391140272;1;67;67
103;17.0899999999965;0.649999999999636;17.8099999999977;NA;NA;-1265.40496955935;-1277.68632153316;4.5739742941594;4.63950263002858;50.4334220875061;49.3078896795774;2745.58553873047;2765.35505419731;24.5627039476076;0.900990099009901;50;50
104;21.359999999986;0.590000000000146;22.1699999999837;NA;NA;-1296.19441396324;-1320.0263884257;4.62814137642339;5.12248737750343;52.4832040968061;47.4681113532039;2816.92283657162;2843.1311808545;47.6639489249114;0.0693069306930693;52;52
105;19.7300000000105;0.559999999999491;20.5099999999511;NA;NA;-1301.14332759027;-1313.63423684413;5.35356170894645;5.41045941075465;46.7796751712115;46.590788521502;2804.5671503898;2828.73220210934;24.9818185077179;0.891089108910891;57;57
106;18.3099999999977;0.539999999999964;19;NA;NA;-1310.21159574221;-1324.71866363119;4.7279111688311;4.85495878125544;56.9229648121541;55.1267910041298;2866.06063803405;2887.32381513972;29.0141357779471;0.841584158415842;56;56
107;18.0100000000093;0.75;18.8800000000047;NA;NA;-1301.35099089603;-1329.51613852269;5.41652481430855;6.33033647976482;45.206032257163;38.7463164920009;2795.66383597204;2824.42084798675;56.3302952533386;0.881188118811881;51;51
108;24.7799999999988;0.779999999999745;25.8899999999558;NA;NA;-1449.29822525139;-1446.78096517336;6.9240849525223;6.35068049533596;41.38917616347;45.6090181710116;3079.30789660456;3092.69784927424;-5.03452015606808;0.940594059405941;62;62
109;24.6999999999825;0.640000000000327;25.640000000014;NA;NA;-1392.36288146056;-1405.01940106035;7.64632704333878;7.76779828312249;34.3109799964648;33.4613512941178;2933.38860344281;2955.02036579479;25.3130391995828;0.910891089108911;58;58
110;23.6600000000035;0.760000000000218;24.6000000000349;NA;NA;-1415.37233308541;-1426.88240320933;6.69373690556142;6.69478648283848;40.7794510112451;40.7944524428426;3007.43414058606;3030.51927913571;23.0201402478388;0.930693069306931;58;58
111;18.7700000000186;0.719999999999345;19.5899999999674;NA;NA;-1336.53238835507;-1374.11410703977;5.0001829032632;6.26361081675785;51.2242870628833;41.2580635545831;2893.17948844562;2925.51729484181;75.1634373694033;0.524752475247525;54;54
112;16.7700000000186;0.819999999999709;17.75;NA;NA;-1254.38486596732;-1269.6074955756;4.56814086588747;4.75924462181949;50.0277241414753;47.9771590779075;2722.79868916369;2744.47120666918;30.4452592165553;0.237623762376238;52;52
113;25.2999999999884;0.840000000000146;26.179999999993;NA;NA;-1400.54717423879;-1429.19137443493;7.2697620098064;8.28323893664423;38.2656495013877;33.3582077364114;2966.55925395876;3002.62733277341;57.2884003922763;0.881188118811881;57;57
114;20.1499999999942;0.609999999999673;20.8899999999558;NA;NA;-1418.00706114654;-1463.47141998658;6.7498721976005;8.7434482883963;42.3638314513313;32.8595427444444;3019.56841073329;3069.31688359234;90.9287176800917;0.871287128712871;58;58
115;24.5799999999872;0.770000000000437;25.5;NA;NA;-1343.84338872431;-1370.29898676623;5.45819951340058;6.16440701048025;48.5196309652082;42.5502367600401;2897.06164569651;2924.21334814109;52.9111960838222;0.722772277227723;56;56
116;19.3299999999872;0.590000000000146;19.960000000021;NA;NA;-1356.74798621543;-1374.78956701565;4.74120143553681;4.97361347002052;57.8366088824536;55.0010609180069;2963.58787330765;2987.40981153835;36.0831616004402;0.386138613861386;57;57
117;18.7799999999988;0.640000000000327;19.5300000000279;NA;NA;-1408.12358809864;-1424.85051021513;4.78861961785616;4.95869114320572;61.1006565710185;58.9246996097771;3082.02020767972;3106.00916707482;33.4538442329904;0.257425742574257;60;60
118;21.2099999999919;0.609999999999673;21.9899999999907;NA;NA;-1382.38553202848;-1414.94381553549;5.44475020808069;6.42671231207222;52.3743431892034;45.6575333498324;2993.44542227493;3029.23537465741;65.1165670140249;0.663366336633663;62;62
119;18.0099999999802;0.730000000000473;18.8399999999674;NA;NA;-1358.97092626866;-1377.66113920089;4.71795405548703;5.03674619945468;55.9996949968502;52.9023307051596;2960.57770052062;2984.53784594481;37.380425864465;0.237623762376238;58;58
120;24.3800000000047;0.950000000000728;25.5;NA;NA;-1406.69171917272;-1424.8881093155;5.38240872217485;5.70089823636868;55.6594973825797;52.4830553374889;3058.55970622389;3080.9604771962;36.3927802855583;0.871287128712871;67;67
121;26.5099999999802;0.670000000000073;27.6900000000023;NA;NA;-1477.94457221143;-1486.96619476486;6.58618783241517;6.51885690471007;44.4195663021275;44.8936602463969;3150.18709946619;3170.30410376386;18.0432451068764;0.940594059405941;63;63
122;20.7400000000198;0.619999999999891;21.3699999999953;NA;NA;-1378.97811178944;-1405.65384893754;5.25944861513591;5.88452848215548;54.4406395186569;49.3647235388853;2995.20972966067;3026.44025031956;53.3514742961938;0.752475247524752;61;61
123;17.5;0.6899999999996;18.3400000000256;NA;NA;-1265.8294795812;-1283.19435053623;4.58188307498998;4.81578868435801;49.6504176878616;46.9581164635832;2743.10005890341;2766.36437598515;34.729741910076;0.227722772277228;50;50
124;24.9100000000035;0.770000000000437;25.710000000021;NA;NA;-1374.88053814062;-1406.03380937742;5.90669463583206;6.89708897141868;47.0618858759463;39.584423404121;2953.67112593143;2983.57926966883;62.3065424736151;0.762376237623762;58;58
125;25.3500000000058;0.720000000000255;26.2399999999907;NA;NA;-1431.1333484573;-1447.33223192496;6.91162964299614;7.22222570185115;40.119825227997;38.2569504603893;3036.0981403838;3060.42443123427;32.3977669353058;0.97029702970297;58;58
126;19.9500000000116;0.529999999999745;20.640000000014;NA;NA;-1360.03706664442;-1382.76149578418;4.91707494470032;5.35823394324478;56.6184094455435;51.9566532302738;2966.35047728469;2991.52182709057;45.4488582795307;0.564356435643564;60;60
127;23.4199999999837;0.679999999999382;24.3099999999977;NA;NA;-1332.85154422754;-1350.11416067803;6.34329306036394;6.72699147621186;39.7739263021909;37.8180406102812;2836.97962563724;2863.08232248056;34.5252329009718;0.821782178217822;55;55
128;16.7999999999884;0.569999999999709;17.4400000000023;NA;NA;-1245.09639481684;-1261.82057874466;4.56565726367527;4.84163900126019;46.2467550436396;43.8179451490424;2685.70829490557;2708.88848300886;33.4483678556526;0.316831683168317;47;47
129;18.6100000000151;0.609999999999673;19.3099999999977;NA;NA;-1319.29730375848;-1338.53338394826;4.98200746555075;5.31868487488849;51.9252401805377;48.686850729729;2862.66556818308;2887.16323306236;38.4721603795547;0.762376237623762;56;56
130;17.3600000000151;0.699999999999818;18.1199999999953;NA;NA;-1259.8769884357;-1265.68605637546;5.29910572579463;5.12042976826516;41.0437430811117;42.0949407929389;2692.83157476425;2708.88251236251;11.6181358795234;0.97029702970297;46;46
131;19.4100000000035;0.639999999999418;20.0899999999674;NA;NA;-1387.38919189683;-1401.50515222277;5.15927922017893;5.28836069803293;56.0360512391781;54.5565015482905;3017.57175634361;3039.39307433236;28.2319206518864;0.702970297029703;58;58
132;21.0299999999988;0.760000000000218;21.9799999999814;NA;NA;-1423.24723323621;-1432.2598222985;6.59127867774968;6.57625509714853;44.7449633217677;44.8065570492867;3042.56808751592;3060.86317099501;18.0251781245761;0.98019801980198;64;64
133;19.679999999993;0.579999999999927;20.3300000000163;NA;NA;-1406.2579088266;-1422.96300126602;4.90042815897025;5.06375563237363;60.3912602866432;58.1827365334523;3076.67639716841;3100.42616244768;33.4101848788455;0.663366336633663;63;63
134;19.3399999999965;0.720000000000255;20.460000000021;NA;NA;-1317.04823100761;-1351.8724375389;4.98725240318912;6.04490898398616;51.5800188261172;42.6193332964531;2856.21300502899;2887.27445092525;69.6484130625968;0.465346534653465;55;55
135;17.3600000000151;0.6899999999996;18.1300000000047;NA;NA;-1301.12178923638;-1316.39685941594;4.66706152151241;4.84182391343888;51.528642111896;49.4094048353289;2822.69377339767;2844.17737810663;30.5501403591079;0.485148514851485;52;52
136;22.820000000007;0.889999999999418;24;NA;NA;-1379.83506403161;-1403.08948985987;6.84448804928051;7.57483300303759;38.8002071765112;35.3143947878222;2926.39761042817;2957.92765743764;46.508851656532;0.95049504950495;54;54
137;20.1499999999942;0.800000000000182;21.0800000000163;NA;NA;-1408.9168515233;-1418.36345627733;5.39663497762663;5.32511446773563;54.8876881301301;55.0869059896099;3057.4817080227;3077.24473304324;18.893209508059;0.98019801980198;62;62
138;21.3899999999849;0.5600000000004;22;NA;NA;-1312.09637925709;-1328.30285414484;4.9266383645655;5.11294934339526;52.6240029561262;50.4164265705748;2851.27906289099;2874.16574452145;32.4129497754861;0.930693069306931;56;56
139;17.5499999999884;0.640000000000327;18.2199999999721;NA;NA;-1296.30005920987;-1315.12122021976;4.74298409841271;5.06365303083808;51.3603346794805;47.9843370878609;2812.81942015153;2835.98637247377;37.6423220197757;0.207920792079208;53;53
140;21.609999999986;0.829999999999927;22.7700000000186;NA;NA;-1231.14667234356;-1248.27795352127;6.61048550763601;7.12260882581454;31.2637936920005;29.059272933734;2594.12981736301;2619.09612336598;34.262562355409;0.97029702970297;46;46
141;20.070000000007;0.650000000000546;20.8499999999767;NA;NA;-1336.86374277467;-1395.61394935044;4.91066176380131;7.02093843641631;55.3779484340636;39.1674681351529;2915.06580452877;2961.92058750051;117.500413151529;0.168316831683168;61;61
142;20.0800000000163;0.5;20.859999999986;NA;NA;-1328.07750670605;-1347.25612729869;5.06369855189695;5.36298337794917;53.3283713014586;50.1313576502574;2887.21653246192;2911.72173180452;38.3572411852797;0.673267326732673;58;58
143;19.3399999999965;0.5600000000004;20.0300000000279;NA;NA;-1312.41427741422;-1346.29657338308;5.36364506718231;6.55158477717584;47.4053317998884;39.0191955246872;2828.53292129522;2860.26163895079;67.7645919377128;0.801980198019802;54;54
144;22.179999999993;0.880000000000109;23.359999999986;NA;NA;-1289.65684072858;-1298.34600701671;7.42423192580214;7.34256186156923;29.4861280883379;29.6221829959995;2704.58535634692;2722.54171755105;17.3783325762711;0.97029702970297;49;49
145;25.1900000000023;0.829999999999927;26.1199999999953;NA;NA;-1436.11863365932;-1449.09574321205;8.3251184349439;8.47894910360129;33.2584032457268;32.897340286866;3016.33949634956;3040.72929948448;25.9542191054602;0.891089108910891;58;58
146;18.4400000000023;0.559999999999491;19.2200000000303;NA;NA;-1307.50842868958;-1325.92914027365;4.62424490210909;4.89480807765827;56.0727496680981;53.0329246616961;2858.44850306532;2882.09297034515;36.8414231681481;0.138613861386139;59;59
147;22.75;0.770000000000437;23.859999999986;NA;NA;-1358.069589066;-1371.11807529989;5.42868827255883;5.49755436917301;49.032741677089;48.0892620252529;2928.16218238777;2950.17944437242;26.0969724677784;0.861386138613861;57;57
148;24.8000000000175;0.800000000000182;25.9400000000023;NA;NA;-1371.73842243988;-1403.49572941622;5.35969710762915;6.24438705254456;51.5449472908966;43.6869172672252;2967.25169844234;2996.65182377378;63.5146139526714;0.623762376237624;59;59
149;21.6699999999837;0.659999999999854;22.5100000000093;NA;NA;-1419.42042135782;-1462.50894196458;6.06833523824943;7.68287617531903;48.4291851219461;38.8622002946621;3050.29004002153;3094.69616856591;86.1770412135234;0.752475247524752;62;62
150;18.6900000000023;0.550000000000182;19.4199999999837;NA;NA;-1352.81707982436;-1371.36965393342;4.7984227519729;5.10689444443614;55.7018275886409;52.7101589772131;2945.50024859388;2969.72251881124;37.1051482181056;0.485148514851485;55;55
151;18.6700000000128;0.550000000000182;19.4199999999837;NA;NA;-1347.03812487972;-1360.02454298767;4.89678252628217;5.01045286750206;53.3523274146785;51.9943157323332;2925.24156601468;2945.33040025279;25.9728362159058;0.881188118811881;58;58
152;19.3600000000151;0.460000000000036;19.9500000000116;NA;NA;-1310.78744653388;-1335.93437954184;5.89073868323533;6.66683978234647;42.5336831986366;37.7607715278189;2803.94788717964;2833.77679162678;50.293866015918;0.930693069306931;53;53
153;19.1199999999953;0.539999999999964;19.8899999999558;NA;NA;-1341.14655780209;-1350.53603902152;5.04664412827623;5.01165959395764;52.7155486854427;53.1854397258098;2909.29953598873;2930.10196751223;18.7789624388652;0.98019801980198;55;55
154;17.9400000000023;0.550000000000182;18.5900000000256;NA;NA;-1307.13842241953;-1320.92085207569;4.87411923236236;4.98659678055099;50.969652597122;49.4365277499208;2835.11849192327;2856.04061778167;27.5648593123206;0.96039603960396;58;58
155;23.3999999999942;0.649999999999636;24.3999999999651;NA;NA;-1434.05779303755;-1469.22908490856;5.38859588709562;6.28334721097092;58.5128809782805;50.335249670745;3125.86081295816;3160.181491754;70.3425837420209;0.564356435643564;67;67
156;16.7000000000116;0.479999999999563;17.2800000000279;NA;NA;-1217.86309990999;-1230.38419479417;4.49912680333514;4.5960163390696;46.8814905863154;45.572520347412;2632.90582702109;2652.44259747586;25.0421897683659;0.495049504950495;45;45
157;18.140000000014;0.4399999999996;18.5899999999674;NA;NA;-1338.36742479765;-1357.15137960447;4.54766219665252;4.79833344021373;58.1707471908421;55.0497971382745;2928.77744684991;2952.82288348292;37.5679096136346;0.0594059405940594;58;58
158;18.179999999993;0.520000000000437;18.8300000000163;NA;NA;-1289.46688973882;-1307.17840354144;4.93025491203335;5.17564623468;47.3252823896929;44.6451711599921;2780.94164841773;2804.92462684215;35.4230276052372;0.801980198019802;51;51
159;21.6600000000035;0.909999999999854;22.75;NA;NA;-1383.65403059794;-1401.02674258217;5.1452606529996;5.40186909533497;57.1986897262878;54.7346101657658;3017.95424304491;3041.90200474921;34.7454239684639;0.910891089108911;64;64
160;18.1900000000023;0.529999999999745;19.0300000000279;NA;NA;-1280.83183132534;-1296.95901169256;4.60759120487901;4.77022876418592;52.4547835441454;50.2382164396872;2786.07608228984;2808.84751022777;32.2543607344246;0.376237623762376;52;52
161;25.7200000000012;0.5;26.5499999999884;NA;NA;-1430.12759035977;-1433.24906887689;7.20507828300611;6.83839715129547;39.7097939892246;41.5392869827894;3032.98314994836;3047.18395762224;6.24295703424741;1;60;60
162;22.2799999999988;0.779999999999745;23.2799999999697;NA;NA;-1268.06700913067;-1287.62046289975;5.18626859444887;5.66057927035937;45.3529600218006;41.4807462092622;2729.27397941546;2751.89069039369;39.106907538162;0.851485148514851;50;50
163;17.6100000000151;0.390000000000327;18.1300000000047;NA;NA;-1273.87577982535;-1288.12862389013;4.7909622954398;4.95651731289454;49.688212810791;47.7711268468198;2760.32801714443;2780.6320147748;28.5056881295559;0.98019801980198;52;52
164;21.3299999999872;0.5600000000004;21.9700000000303;NA;NA;-1406.97586101118;-1432.99382162889;5.00620219203307;5.548073282497;60.5472204887516;54.9560436635029;3079.27125485953;3106.80649032756;52.035921235436;0.455445544554455;64;64
165;22.2799999999988;0.840000000000146;23.359999999986;NA;NA;-1302.46623009632;-1356.08284045475;4.83972675163392;6.97789464388434;50.5242193339406;34.8053413675575;2821.56672419617;2861.40162378902;107.233220716857;0.188118811881188;53;53
166;22.7900000000081;0.609999999999673;23.5;NA;NA;-1348.08407893737;-1367.63686784367;5.4434654668618;5.84776679431983;47.2073712653991;44.488743916452;2899.88028309906;2927.25427450679;39.105577812602;0.871287128712871;56;56
167;21.7200000000012;0.659999999999854;22.5899999999674;NA;NA;-1291.03264277005;-1318.74621728583;4.74329399568896;5.46819275373869;49.9709602303165;43.1320994697378;2796.32732330646;2822.43127670982;55.4271490315568;0.168316831683168;53;53
168;23.570000000007;0.6899999999996;24.6000000000349;NA;NA;-1408.17030316056;-1415.79381731712;5.94322574789795;5.78084728235421;47.2188778245517;47.9960961168898;3020.52026243499;3039.12806870316;15.2470283131206;1;57;57
169;21.4700000000012;0.659999999999854;22.289999999979;NA;NA;-1385.62838353403;-1413.73809777379;6.71492571250285;7.83456154860536;37.7118439472874;33.0791706790701;2932.95501130494;2969.31078276887;56.219428479506;0.881188118811881;53;53
170;22;0.699999999999818;22.9400000000023;NA;NA;-1328.11314567616;-1348.24587538822;6.39808836135389;7.02225301375789;36.9927982109869;33.8674908058605;2813.76369587935;2840.71973182745;40.2654594241185;0.98019801980198;50;50
171;18.5;0.670000000000073;19.6900000000023;NA;NA;-1343.56639912549;-1382.54768856363;4.57920398795976;5.7846059154243;56.6708211731691;45.8278220465288;2930.65168707479;2962.02106253218;77.9625788762855;0.0891089108910891;54;54
172;28.5800000000163;0.860000000000582;30.2999999999884;NA;NA;-1497.99752109559;-1524.23889614399;8.26467442456254;9.22885222568803;36.5799711368014;32.4441350254123;3156.57302135625;3190.90036606902;52.4827500967995;0.861386138613861;65;65
173;19.5799999999872;0.549999999999272;20.4500000000116;NA;NA;-1386.80754229338;-1409.34530965546;4.81420914118991;5.19443544136467;59.0527806106511;54.6840555311643;3029.47936206261;3055.62605593636;45.0755347241679;0.316831683168317;58;58
174;19.4200000000128;0.579999999999927;20.1699999999837;NA;NA;-1380.43224215378;-1396.12730045008;4.82964831495691;5.00217020349596;55.5988817806804;53.6283556345287;3000.78816707231;3023.67494915841;31.3901165926045;0.653465346534653;56;56
175;22.3099999999977;0.510000000000218;23.1699999999837;NA;NA;-1389.97512434672;-1430.79193240043;5.68806340670915;7.04924388937454;50.6270505008667;41.8103555232895;3001.79933242322;3044.79795630909;81.6336161074109;0.534653465346535;64;64
176;17.1300000000047;0.600000000000364;17.820000000007;NA;NA;-1239.92107703014;-1270.82371130368;5.29579443550263;6.59283530329001;39.3300236172535;31.7784774111597;2645.26094296127;2675.30503994389;61.805268547078;0.673267326732673;45;45
177;18.7900000000081;0.639999999999418;19.7000000000116;NA;NA;-1348.70167194563;-1371.58886530008;4.79409231324984;5.27598426522905;57.1297535866498;52.4123622410206;2944.93551718887;2970.27035954883;45.7743867089102;0.396039603960396;58;58
178;22.2200000000012;0.729999999999563;23.4099999999744;NA;NA;-1431.37199450707;-1460.54271306385;5.7094135808469;6.47505494559595;53.2226452734628;47.7832460984499;3097.18609051343;3131.56734738921;58.3414371135586;0.792079207920792;67;67
179;23.5400000000081;0.720000000000255;24.710000000021;NA;NA;-1416.4769111683;-1446.79178791574;6.15925748963144;7.06084566446364;45.9178325430067;40.4196746417016;3033.43807184022;3070.06203064818;60.6297534948781;0.98019801980198;62;62
180;20.5099999999802;0.640000000000327;21.5;NA;NA;-1474.36961352654;-1492.37223548031;4.79318705447947;5.02187503433109;67.3925465999199;64.6408389112238;3245.09205145275;3268.99690167272;36.0052439075407;0.504950495049505;66;66
181;17.1700000000128;0.679999999999382;18.140000000014;NA;NA;-1278.92331858373;-1292.92930745978;4.6703368793397;4.80892648177945;51.5534348386616;49.8925667614689;2778.40290050838;2799.3093409058;28.0119777520958;0.683168316831683;52;52
182;20.9199999999837;0.639999999999418;21.8800000000047;NA;NA;-1251.30766536944;-1265.2748502246;5.28723866013348;5.42305382663047;43.0285681491808;41.6500660716271;2686.70045014156;2708.73730267995;27.9343697103209;0.910891089108911;52;52
183;17.0299999999988;0.639999999999418;17.9099999999744;NA;NA;-1212.8696189998;-1242.85398105109;4.78245503911049;5.80784937619641;43.568903154079;36.0519488539903;2610.39233588739;2638.50281253114;59.9687241025827;0.544554455445545;48;48
184;17.5200000000186;0.770000000000437;18.4200000000419;NA;NA;-1258.18916854838;-1273.8568129814;4.55314798856854;4.7460939174697;51.477879749058;49.2465940863413;2736.61136012806;2758.40074715933;31.3352888660397;0.227722772277228;52;52
185;18.3000000000175;0.559999999999491;19.3800000000047;NA;NA;-1331.98391521567;-1343.25080563213;5.11188632467192;5.14389678211341;50.0418455595481;49.6112794312301;2878.53380542482;2899.22143450037;22.5337808329141;0.940594059405941;53;53
186;19.2699999999895;0.480000000000473;20.2299999999814;NA;NA;-1306.81128486608;-1341.02262882076;5.05122779913466;6.06473195106919;51.0871015766856;42.4806076401241;2833.14778485422;2864.58770461741;68.4226879093608;0.396039603960396;54;54
187;18.8300000000163;0.559999999999491;19.5300000000279;NA;NA;-1389.6963617374;-1406.3682544015;4.73559583640926;4.92419867621021;59.7545923117932;57.235247751156;3038.80855076821;3061.21496997691;33.3437853281926;0.603960396039604;59;59
188;17.3299999999872;0.610000000000582;18.0899999999674;NA;NA;-1299.57434990175;-1312.58041469697;4.77143038728158;4.8162943740275;51.6694710816318;50.6871068631811;2820.69349528541;2842.49351131422;26.0121295904473;0.782178217821782;53;53
189;19.2599999999802;0.740000000000691;20.3099999999977;NA;NA;-1354.07693531315;-1384.17842329577;4.87272799321468;5.59876368944906;57.6509867828774;50.3475012361153;2958.4372020316;2986.933163156;60.2029759652419;0.118811881188119;59;59
190;18.6199999999953;0.429999999999382;19.3099999999977;NA;NA;-1330.30853799052;-1347.43551873985;4.74848384429214;4.94108579811945;57.4163990245751;54.8772443193235;2909.88197892689;2933.11257145917;34.2539614986645;0.742574257425743;59;59
191;18.0499999999884;0.670000000000073;19.0200000000186;NA;NA;-1334.68435463715;-1348.80080525739;4.86800382351556;4.94599046952075;54.0354577167612;52.5467819983607;2902.05899014982;2923.88127906862;28.2329012404894;0.97029702970297;55;55
192;23.1800000000221;0.819999999999709;24.3499999999767;NA;NA;-1424.66139571474;-1438.55799142223;6.72713182118639;6.87555224054735;40.6682641687722;39.6400316826739;3025.53051476001;3048.86857367468;27.7931914149895;0.98019801980198;58;58
193;20.7300000000105;0.670000000000073;21.6499999999651;NA;NA;-1448.6455970053;-1481.88048072043;4.6396033869459;5.36171030762117;66.3440108320118;58.0787408867988;3188.01241652758;3218.26355091514;66.4697674302561;0.0099009900990099;64;64
194;21.25;0.769999999999527;22.2900000000373;NA;NA;-1331.09865730672;-1365.21203131169;5.67031668182794;6.81315202027418;45.9138668587791;38.778833648432;2861.13321989112;2898.44524892841;68.2267480099317;0.693069306930693;58;58
195;16.9700000000012;0.480000000000473;17.640000000014;NA;NA;-1290.55604036648;-1305.74080569497;4.52242460855637;4.73127831591851;50.7193369213069;48.6699891872573;2796.07004403568;2817.75405863999;30.3695306569743;0.504950495049505;48;48
196;18.4500000000116;0.509999999999309;19.4899999999907;NA;NA;-1364.38792010285;-1383.18136248991;4.86791093011455;5.19800140768095;55.7822369717121;52.3645348365853;2969.49074846416;2992.32935671561;37.5868847741162;0.653465346534653;56;56
197;17.3099999999977;0.399999999999636;17.9799999999814;NA;NA;-1319.98497068366;-1334.02695375666;4.64187167301349;4.76257323951188;55.9063639622025;54.2884420347383;2880.7168154159;2901.83360253456;28.0839661459863;0.722772277227723;55;55
198;19.7000000000116;0.650000000000546;20.7799999999697;NA;NA;-1312.96345731598;-1352.36983037115;5.49346252271671;7.01860661084826;45.7395455145572;35.9247493726736;2822.04578413709;2858.77532408273;78.8127461103563;0.841584158415842;53;53
199;28.1700000000128;0.969999999999345;29.9199999999837;NA;NA;-1433.78989309373;-1463.10753808673;6.18315399578341;7.01539375892574;47.7396972297633;41.6397427014113;3076.77641097955;3108.68153775201;58.6352899860026;0.693069306930693;64;64
200;20.890000000014;0.509999999999309;21.5800000000163;NA;NA;-1438.10422464134;-1457.77754321907;5.22933528511064;5.56627911148215;59.3952685198594;55.9142076055283;3136.94053557155;3161.00608557461;39.3466371554628;0.831683168316832;65;65
201;22.7200000000012;0.5;23.3099999999977;NA;NA;-1343.82500789174;-1360.26871307203;5.92569404658256;6.2051285995484;45.4037747618653;43.7367791185168;2883.98096527354;2909.66010189098;32.8874103605622;0.900990099009901;57;57
202;25.4100000000035;1;26.5599999999977;NA;NA;-1467.72630637304;-1494.15515432053;4.95586926567855;5.45691071310897;65.2496919516441;59.1507931815968;3222.8730298397;3248.86549502067;52.8576958949748;0.396039603960396;67;67
203;17.3399999999965;0.609999999999673;18.289999999979;NA;NA;-1324.76923079194;-1340.43585609741;4.57302526642812;4.7240698991653;56.8511469837384;54.7500768752342;2894.35380911149;2916.63932302608;31.3332506109232;0.0495049504950495;55;55
204;22.5800000000163;0.720000000000255;23.5300000000279;NA;NA;-1395.69658059802;-1419.09997411763;5.64601791024468;6.20532524701849;48.9732982798435;44.882168948781;3004.41512652304;3033.42649358606;46.8067870392188;0.900990099009901;60;60
205;24.7399999999907;0.840000000000146;25.7800000000279;NA;NA;-1375.80595455598;-1395.04875207684;8.19788142830871;8.87000757803169;29.8278262336405;27.4969699670447;2879.50560580108;2907.99711605596;38.4855950417191;0.930693069306931;53;53
206;19.9700000000012;0.529999999999745;20.5200000000186;NA;NA;-1235.41138336058;-1275.92629810584;4.88655042301275;6.56594810106794;43.966012051762;33.1430774710818;2657.15888582012;2692.31910983787;81.0298294905374;0.297029702970297;48;48
207;26.1900000000023;0.860000000000582;27.3300000000163;NA;NA;-1450.88499554199;-1470.34339644217;5.97433168575816;6.32236655535466;49.604533143311;46.6228328379922;3117.94763906637;3143.87012526397;38.916801800372;0.98019801980198;61;61
208;21.3099999999977;0.640000000000327;22.289999999979;NA;NA;-1372.62244432325;-1389.16395168856;5.04224444308356;5.23849697674987;57.9160095630683;55.545657487258;2998.11500616829;3020.84870276563;33.0830147306147;0.940594059405941;62;62
209;18.7799999999988;0.489999999999782;19.3399999999674;NA;NA;-1329.90575863895;-1344.95856139721;5.19640429156804;5.34767927002766;49.8286661656003;48.2203070981125;2875.70949082308;2898.84638755959;30.1056055165041;0.98019801980198;58;58
210;19.4800000000105;0.489999999999782;20.2700000000186;NA;NA;-1385.33759436541;-1417.221906202;5.20573145539478;6.11872690480083;54.3017489344526;46.1507988814838;3005.95416481147;3034.40629831299;63.7686236731688;0.683168316831683;58;58
211;19.8299999999872;0.609999999999673;20.6499999999651;NA;NA;-1356.62893579793;-1378.18452546003;4.94547461958872;5.38992831250158;54.1214323835757;49.7963606184956;2948.21815854468;2972.55267106163;43.1111793242058;0.910891089108911;59;59
212;19.4400000000023;0.529999999999745;20.140000000014;NA;NA;-1329.52366487928;-1357.98732918257;6.10133272783836;7.05855058169637;39.9093187435763;35.2339132966206;2830.54075005776;2867.37750090891;56.9273286065818;0.732673267326733;54;54
213;16.7700000000186;0.699999999999818;17.6999999999534;NA;NA;-1262.89117475669;-1280.00280609428;4.82471277976631;5.16197383637369;45.860351850296;43.0290302703979;2720.61983614807;2742.81424256234;34.2232626751816;0.673267326732673;49;49
214;20.25;0.649999999999636;21.0599999999977;NA;NA;-1343.50357336242;-1394.01208258278;4.84348968897473;6.49318627691245;57.9126783631064;43.7962789767466;2939.86271972031;2979.245388717;101.017018440714;0.0693069306930693;62;62
215;18.9100000000035;0.590000000000146;19.5299999999697;NA;NA;-1333.38154917422;-1366.46031410687;4.79012086018516;5.72604782336366;53.8098136602828;45.7028427714177;2898.96648533717;2930.14032039732;66.1575298652974;0.118811881188119;56;56
216;18.6000000000058;0.399999999999636;19.1300000000047;NA;NA;-1327.41755827001;-1350.26747910647;4.64601879401762;5.08083272409963;56.4796783001574;52.1446127995339;2900.03338339538;2926.91317191913;45.6998416729284;0.0099009900990099;59;59
217;23.3500000000058;0.670000000000073;24.0900000000256;NA;NA;-1433.52227350134;-1455.14465013168;5.54216165908289;5.92766180278221;55.7380838869126;52.3067121285777;3110.40550935585;3138.6683709714;43.2447532606639;0.900990099009901;62;62
218;22.1399999999849;0.549999999999272;22.7799999999697;NA;NA;-1298.9342393872;-1334.86122793237;4.73324975994465;5.91702882635762;51.0821595130733;41.1587214739003;2816.40852874094;2845.80798422154;71.8539770903562;0.188118811881188;52;52
219;18.390000000014;0.650000000000546;19.0400000000373;NA;NA;-1300.3380225588;-1324.33009151344;5.21107321478962;5.83400297355843;46.4356380182567;41.4664564521022;2799.33731452109;2826.06226530687;47.9841379092686;0.603960396039604;52;52
220;17.9700000000012;0.480000000000473;18.6100000000442;NA;NA;-1310.90075946439;-1330.16867109621;4.58152032372363;4.90017719125981;55.3515595275763;51.890884802798;2858.60694571946;2882.33728631595;38.535823263629;0.326732673267327;52;52
221;18;0.559999999999491;18.679999999993;NA;NA;-1302.63775167104;-1319.50184741834;4.60389342817101;4.77667412630228;53.0516980040052;50.8821161943778;2832.74691611688;2857.17252432133;33.7281914946088;0.138613861386139;53;53
222;17.7699999999895;0.5600000000004;18.359999999986;NA;NA;-1267.66528212761;-1285.55783957373;4.70119510830034;4.96206029837049;49.2825332175075;46.490425171873;2747.99755479223;2771.73399489946;35.7851148922414;0.0693069306930693;56;56
223;21.109999999986;0.730000000000473;22;NA;NA;-1456.3141244547;-1479.27799170705;4.94395267067464;5.35607276422844;63.3849826424277;58.8190629171098;3191.83474940995;3217.64992073444;45.9277345047008;0.534653465346535;67;67
224;18.5599999999977;0.579999999999927;19.3600000000442;NA;NA;-1281.48850532416;-1326.60239721085;4.81444755145128;6.49816976149871;48.4158202383161;36.4877355158086;2770.57102638424;2809.65439092863;90.2277837733695;0.099009900990099;53;53
225;20.0100000000093;0.570000000000618;20.6699999999837;NA;NA;-1394.07394056437;-1428.65199308332;6.26694202615262;7.51318154802455;44.5665222272004;37.1863551417611;2982.00143982472;3019.05560866061;69.1561050379087;0.752475247524752;60;60
226;24;0.860000000000582;25.0599999999977;NA;NA;-1372.25466210107;-1389.52928326899;7.19026274484831;7.62492034584741;35.3310763871843;33.2221621095644;2896.32968403892;2921.81675909221;34.5492423358301;0.95049504950495;54;54
227;23.2399999999907;0.670000000000073;24.0300000000279;NA;NA;-1406.33395087147;-1423.7909559471;5.53465725020906;5.79347495625406;51.4098311617795;48.8480511049807;3037.13105356797;3060.85994186924;34.9140101512489;0.841584158415842;62;62
228;24.3299999999872;0.760000000000218;25.320000000007;NA;NA;-1451.89517255755;-1457.14706259216;5.84382487442688;5.59928851804402;53.1707261821626;55.3538811824229;3138.00374657871;3158.12417466552;10.5037800692194;0.98019801980198;67;67
229;17.4199999999837;0.5;18.0800000000163;NA;NA;-1278.11284771634;-1291.22662050278;4.64365726675404;4.73734345991743;53.8195416246589;52.5027360129746;2787.49241615647;2808.0615464688;26.2275455728804;0.693069306930693;54;54
230;22.2799999999988;0.5;22.9699999999721;NA;NA;-1436.3483719481;-1432.11821896879;6.11153767772698;5.45559251735051;50.4233783327434;56.5039748902921;3094.42913625395;3112.7077213861;-8.46030595861612;0.930693069306931;66;66
231;19.1399999999849;0.579999999999927;19.8300000000163;NA;NA;-1355.02019613828;-1372.4228992183;4.72040244015893;4.95608243655805;56.1312527808918;53.5772503631676;2952.75814454138;2976.51976145039;34.8054061600519;0.455445544554455;57;57
232;16.9800000000105;0.569999999999709;17.8500000000349;NA;NA;-1281.19511825448;-1302.63478516545;4.61547062673353;5.1339225433503;49.5583036568857;44.8710123696644;2773.92975205962;2796.80139282151;42.8793338219421;0.356435643564356;51;51
233;24.2999999999884;0.889999999999418;25.2599999999511;NA;NA;-1379.48635366055;-1387.91839933044;7.07432051055201;6.95573611193902;36.7842999024785;38.4992491674328;2918.97548707321;2943.29919162442;16.8640913397649;1;60;60
234;24.4599999999919;0.670000000000073;25.2400000000489;NA;NA;-1419.04678882665;-1440.61572583226;7.4638124272685;8.09234506517544;36.6648054409557;33.6858086751067;2997.87960731028;3028.0349478033;43.1378740112314;0.732673267326733;61;61
235;18.0299999999988;0.579999999999927;18.6999999999534;NA;NA;-1308.57094619161;-1329.22614240285;4.5790858197811;4.89349108683625;56.7222887053337;53.1671401169546;2861.40234373223;2887.40337155342;41.3103924224947;0.0099009900990099;55;55
236;25.5400000000081;0.859999999999673;26.6699999999837;NA;NA;-1425.54953761242;-1443.68206393469;7.54182515963917;8.06045823515869;36.3920874583962;33.9477417581976;3009.39582600607;3035.02856791631;36.2650526445386;0.95049504950495;60;60
237;19.2900000000081;0.480000000000473;20;NA;NA;-1323.66029337447;-1345.59803897453;5.12382098505697;5.58573544057964;51.2800285859669;47.0252206061073;2868.14529628541;2893.69851345031;43.8754912001154;0.693069306930693;55;55
238;16.8999999999942;0.800000000000182;17.8000000000466;NA;NA;-1289.56988202298;-1302.75536878524;4.5538702743653;4.66259966198854;51.881481929457;50.522490164768;2800.59576119615;2821.16588121426;26.3709735245175;0.623762376237624;51;51
239;22.9400000000023;0.569999999999709;23.6700000000419;NA;NA;-1354.15162556476;-1375.39858739132;5.32514697497034;5.74743789523191;51.5974432622837;47.8562896131033;2931.41630902117;2957.73307004884;42.4939236531127;0.722772277227723;57;57
240;18.3999999999942;0.449999999999818;19.0800000000163;NA;NA;-1328.43705536135;-1345.99308259058;4.64520021002453;4.88298983513449;53.528857622743;50.8764410140585;2886.8917398738;2910.60615562025;35.1120544584619;0.207920792079208;54;54
241;23.039999999979;0.639999999999418;23.7600000000093;NA;NA;-1480.68262916595;-1550.46898238834;4.88474580753141;6.9250548030373;69.6073523530967;49.962301902875;3269.50536286482;3322.11271730802;139.572706444784;0.0099009900990099;70;70
242;18.1199999999953;0.720000000000255;18.9200000000419;NA;NA;-1296.97403367561;-1309.66545027344;5.54445532356897;5.65119836277307;44.1538816741005;43.0011468045057;2782.41881896708;2802.88120578183;25.3828331956488;0.910891089108911;51;51
243;18.5599999999977;0.630000000000109;19.2600000000093;NA;NA;-1328.18606090396;-1362.66120738291;4.87393942503407;5.87366809843531;53.6720365285108;44.7535551753679;2887.49741957896;2918.0424871768;68.9502929578939;0.297029702970297;55;55
244;20.5899999999965;0.680000000000291;21.3699999999953;NA;NA;-1397.3507398216;-1435.70481970076;4.60036480555494;5.55099257755605;63.7803795042293;53.7972386854457;3075.17011543421;3107.97828732607;76.7081597583115;0.0099009900990099;66;66
245;18.4500000000116;0.470000000000255;19.1500000000233;NA;NA;-1313.94410465556;-1345.8496164242;4.70358899862706;5.59879896102463;53.1468095712994;45.0195002532012;2855.76743490621;2884.73074192919;63.8110235372797;0.316831683168317;53;53
246;17.4700000000012;0.539999999999964;18.2199999999721;NA;NA;-1226.57671417447;-1240.65615958843;4.85059331724969;5.02037694930319;43.26805741796;41.6827507323117;2636.97756442186;2658.40128733862;28.15889082792;0.881188118811881;49;49
247;24.8300000000163;0.789999999999964;26.0299999999697;NA;NA;-1435.71999367698;-1452.04761116567;6.64486355333782;6.91573870018689;43.0161410464545;41.1358378169502;3058.90527746838;3083.36610955776;32.6552349773942;0.910891089108911;61;61
248;17.6600000000035;0.399999999999636;18.2399999999907;NA;NA;-1273.13284513915;-1284.26532369579;4.67559897801965;4.74299495244;50.597058791416;49.7015370842101;2763.21227028531;2781.63747116884;22.2649571132611;0.98019801980198;53;53
249;19.2999999999884;0.659999999999854;20.140000000014;NA;NA;-1367.56322978227;-1398.80596691072;4.90304961122648;5.72822655624028;55.4027045219312;47.8252176466281;2976.11478210417;3005.64002694804;62.4854742569055;0.465346534653465;60;60
250;18.9799999999814;0.669999999999163;20.0800000000163;NA;NA;-1359.12654890083;-1374.2471416992;4.84316458515324;4.9656654028446;56.2043110941975;54.5142331258326;2962.25589818691;2985.15985734814;30.2411855967453;0.722772277227723;59;59
