1;29.9300000000003;0.75;30.9599999999991;NA;NA;-1800.30275202026;-1818.22061836428;5.04560510889305;5.04861521649349;123.543796198634;122.806698671796;4212.36272796364;4244.54854256066;35.8357326880459;0.0198019801980198;50;50
2;29.9099999999999;0.779999999999973;31.1200000000026;NA;NA;-1767.12676793581;-1786.91676185106;5.07212607127629;5.09034602981794;119.972130544357;118.967321075151;4128.32478662026;4162.92921541529;39.5799878305061;0.0099009900990099;50;50
3;29.8199999999997;0.850000000000136;31.0699999999997;NA;NA;-1797.11555104086;-1816.57158562102;5.06573667800037;5.09537265149358;121.275588928797;120.297980532356;4194.75674477313;4228.82794764075;38.9120691603302;0.0198019801980198;50;50
4;31.25;0.879999999999882;32.3799999999974;NA;NA;-1763.05749041008;-1782.43829894489;5.08387852314026;5.09698569298727;121.319212343202;120.371165889227;4126.85663548235;4160.92376942389;38.7616170696192;0.0099009900990099;50;50
5;31.3600000000006;0.929999999999836;32.9500000000044;NA;NA;-1743.68040072753;-1763.09009460487;5.02027488734016;5.0417202107714;117.829947490326;116.894144078332;4070.82451059827;4105.01003963181;38.8193877546914;0.0099009900990099;50;50
6;31.9500000000007;1.05000000000018;33.4700000000012;NA;NA;-1782.32889372916;-1802.15472019018;5.03942599262906;5.05077642714686;121.062643869953;120.012698222016;4164.12898077992;4198.58157187437;39.6516529220335;0.0198019801980198;50;50
7;30.760000000002;0.930000000000064;32;NA;NA;-1767.36943261647;-1784.0646349292;5.03150133589465;5.03423310534787;121.039865728991;120.546030854101;4134.09726703679;4165.04232789401;33.3904046254693;0.0297029702970297;50;50
8;28.8899999999994;1.16999999999985;30.3400000000038;NA;NA;-1808.47468490689;-1826.94871349928;5.05421124790673;5.05533623410328;125.756026967761;124.950243532401;4239.66099367959;4272.61901775331;36.9480571847816;0.108910891089109;50;50
9;31.75;0.980000000000018;33.1600000000035;NA;NA;-1770.57994161428;-1788.69776347964;5.09352327030156;5.11674624695154;119.40422272605;118.623437523694;4132.41899997241;4164.78839543676;36.2356437307158;0.0396039603960396;50;50
10;30.0299999999988;1.1400000000001;31.4700000000012;NA;NA;-1771.7467673365;-1791.77565477025;5.08555878401834;5.12508597920491;118.938709869318;117.529284837502;4132.44755102576;4165.52621426384;40.0577748674955;0.0198019801980198;50;50
11;30.2000000000007;0.8900000000001;31.3000000000029;NA;NA;-1781.7308208297;-1800.50087871274;5.10747220378443;5.11879507158717;119.969191385934;119.153601895185;4157.51833844861;4191.01986402988;37.5401157660731;0.0198019801980198;50;50
12;30.9400000000023;0.720000000000027;32.0500000000029;NA;NA;-1785.2557994431;-1803.51831469901;5.18296984811313;5.21238435846803;118.353129683959;117.560095706131;4156.56597220058;4189.16410164833;36.5250305118225;0.168316831683168;50;50
13;29.880000000001;0.939999999999827;31.1500000000015;NA;NA;-1720.14338639342;-1738.22673070681;5.07234008898588;5.08477510600837;115.275020471368;114.574992135924;4011.0991379651;4043.79946563865;36.1666886267899;0.0198019801980198;50;50
14;29.6900000000023;1;30.989999999998;NA;NA;-1762.21803084365;-1778.62033530128;5.08347517729474;5.09598105501373;118.512550862681;118.071885336974;4111.27984783124;4141.90239397215;32.804608915254;0.0396039603960396;50;50
15;30.6699999999983;0.929999999999836;32.0599999999977;NA;NA;-1777.77556100519;-1801.4186253778;5.06085049673738;5.12056556730535;117.616595866382;115.984928691639;4137.95836857758;4177.16489954533;47.2861287452201;0.0099009900990099;50;50
16;31.5600000000013;1.09000000000015;32.9800000000032;NA;NA;-1773.09261771376;-1790.07526027834;5.06058508886446;5.07475075292625;121.035393465497;120.490500975848;4145.52149172845;4176.78860886325;33.9652851291594;0.0495049504950495;50;50
17;30.880000000001;0.910000000000082;32.0599999999977;NA;NA;-1804.57429685507;-1825.07599502653;5.10882269486858;5.12988948391622;121.95286165326;120.775477735602;4213.02791739975;4248.20121025612;41.0033963429169;0.0099009900990099;50;50
18;30.8300000000017;0.879999999999882;32.1399999999994;NA;NA;-1751.57117134842;-1769.14601850458;5.096672622299;5.11807515301821;116.051639461171;115.453715033652;4077.80032612441;4109.98925187408;35.1496943123243;0.0099009900990099;50;50
19;31.3499999999985;0.829999999999927;32.3499999999985;NA;NA;-1776.91659131777;-1795.55492786997;5.13252073032611;5.15433129394845;118.258394355168;117.392812453342;4139.4184508752;4172.40898418439;37.2766731044048;0.0594059405940594;50;50
20;31.2599999999984;0.8900000000001;32.5499999999956;NA;NA;-1752.40183151689;-1771.4087631144;5.13034173405722;5.13966178442858;118.002030092319;117.072322538307;4089.11948113042;4122.52967073111;38.0138631950131;0.0396039603960396;50;50
21;29.8799999999974;0.789999999999964;30.8899999999994;NA;NA;-1786.13925888868;-1806.1705221973;5.05718406540054;5.07138400512024;120.95154445358;119.89826914874;4171.19957525538;4206.04655243719;40.0625266172447;0.0099009900990099;50;50
22;31.2200000000012;0.840000000000146;32.4700000000012;NA;NA;-1788.49840323257;-1807.22576231128;5.07644642934478;5.10230698649911;121.648866112336;120.800293947503;4179.37082212696;4212.62362834846;37.4547181574276;0.0495049504950495;50;50
23;31.0599999999977;0.839999999999918;32.2799999999988;NA;NA;-1764.77756009041;-1784.11855372318;5.05655573639206;5.067020030344;120.410071417817;119.482877947325;4125.79494192398;4159.88570469262;38.681987265541;0.0099009900990099;50;50
24;29.8300000000017;0.940000000000055;31.1399999999994;NA;NA;-1754.13506801886;-1775.28906178655;5.03262450666068;5.06289184620157;121.148963723329;119.943962047714;4108.16876315604;4144.5098911438;42.3079875353751;0.0099009900990099;50;50
25;32.0099999999984;1.08000000000015;33.3400000000038;NA;NA;-1771.20879075609;-1790.4163823757;5.22406573011733;5.25545314173649;117.733927101159;116.800022993834;4125.40582229094;4159.19655167909;38.4151832392258;0.0594059405940594;50;50
26;30.0299999999988;0.889999999999873;31.1999999999971;NA;NA;-1774.04939977313;-1791.02906936059;5.05446012650567;5.06038507247518;120.092857972042;119.552716588737;4142.76786158356;4174.0525590254;33.9593391749331;0.0396039603960396;50;50
27;28.4099999999999;0.940000000000055;29.5400000000009;NA;NA;-1739.8514797966;-1756.91054069042;5.01890662890739;5.02239698661771;120.40538132607;119.849809415249;4075.91955720375;4107.28662923971;34.1181217876365;0.108910891089109;50;50
28;30.8700000000026;1.15000000000009;32.3600000000006;NA;NA;-1760.68460860921;-1778.46142126906;5.30397409077155;5.32757270811795;115.178150768802;114.454246248837;4091.70190844991;4123.67094406825;35.553625319686;0.316831683168317;50;50
29;29.6899999999987;1;31.1100000000006;NA;NA;-1720.91675585106;-1738.79119635593;5.12325267795516;5.14285721480809;112.346695867489;111.640939380839;3998.14556374824;4030.39971946765;35.7488810097457;0.0297029702970297;50;50
30;31.0500000000029;0.949999999999818;32.5;NA;NA;-1773.32256280302;-1795.13348612622;5.06347645061196;5.10458128666444;122.695174136194;121.298413901679;4154.20019051307;4190.90563836128;43.6218466464038;0.0099009900990099;50;50
31;29.2700000000004;0.990000000000009;30.5299999999988;NA;NA;-1748.23656727313;-1767.40791502855;5.07419415188054;5.0805173783128;118.541502758842;117.59787138632;4083.46028306181;4117.13035779669;38.3426955108525;0.0099009900990099;50;50
32;31.0099999999984;0.929999999999836;32.3199999999997;NA;NA;-1781.87677496145;-1799.93815180675;5.21603542789914;5.22540306364937;117.307956002095;116.558844169056;4144.632490963;4177.04583479663;36.1227536906054;0.138613861386139;50;50
33;28.4699999999975;0.960000000000036;29.6399999999994;NA;NA;-1792.2998404436;-1811.41379938203;5.03690106861149;5.0460428804492;123.920179967445;123.007766258046;4196.9688992317;4230.68799481522;38.227917876854;0.0198019801980198;49;49
34;30.0099999999984;1.13000000000011;31.6100000000006;NA;NA;-1720.07697395702;-1737.91904416618;5.05092146481429;5.05902426532979;115.579459930837;114.617736643878;4012.47381929098;4043.39575240861;35.684140418321;0.118811881188119;50;50
35;30.1399999999994;0.920000000000073;31.4199999999983;NA;NA;-1732.90423448978;-1755.65820282231;5.05050147168544;5.07876824115822;116.959774957423;115.508612034454;4044.9633066987;4083.28545639159;45.5079366650534;0.0099009900990099;50;50
36;33.4700000000012;0.970000000000027;34.8199999999997;NA;NA;-1757.66150942777;-1775.95058444583;5.0600091091974;5.06852243507827;118.692491240516;117.938406780819;4103.05782364552;4135.90194065156;36.5781500361263;0.0594059405940594;50;50
37;29.1100000000006;0.829999999999927;30.4500000000044;NA;NA;-1756.40182853425;-1775.14087288588;5.0121206536372;5.02175899051116;121.044799595015;120.178666397692;4112.18649011273;4145.37570914673;37.4780887032516;0.0099009900990099;50;50
38;30.4599999999991;0.759999999999991;31.5800000000017;NA;NA;-1768.13073408359;-1787.57726915176;5.12437090085469;5.14627241832754;117.169465104238;116.137567839377;4116.45463776576;4150.23801704307;38.8930701363411;0.0396039603960396;50;50
39;33.1800000000003;1.16000000000008;39.1700000000055;NA;NA;-1769.21156325689;-1786.61687025176;5.1177355733183;5.12963907848581;117.886134216982;117.261795557166;4122.16505793103;4153.88410684773;34.8106139897336;0.0198019801980198;50;50
40;32.9599999999991;1.12000000000012;34.5;NA;NA;-1772.23275272813;-1789.99332211081;5.24027974682402;5.25483227813681;115.971922079849;115.315283407928;4118.72874883699;4150.99838114542;35.5211387653776;0.0198019801980198;50;50
41;30.9099999999962;0.920000000000073;32.2200000000012;NA;NA;-1762.92838341964;-1779.8338647973;5.06962189844358;5.07110541229522;118.943224907951;118.426449215019;4114.83314050649;4146.08516244059;33.8109627553049;0.0297029702970297;50;50
42;30.75;0.75;31.9000000000015;NA;NA;-1782.45811545862;-1802.74090940722;5.031362911403;5.0487531104773;121.388162213681;120.286984779996;4165.99930767146;4201.11214706483;40.5655878971857;0.0099009900990099;50;50
43;30.3499999999985;1.03999999999996;31.75;NA;NA;-1774.7392211012;-1793.21754304076;5.09538691089494;5.11810000519919;117.346504628129;116.514555715192;4130.54826616155;4163.38531218885;36.9566438791094;0.0198019801980198;50;50
44;31.4700000000012;0.910000000000082;32.739999999998;NA;NA;-1782.64378543506;-1803.74434942796;5.0394838216669;5.06385997156025;120.958718633192;119.717419057713;4164.2441530474;4200.29868358583;42.2011279857948;0.0198019801980198;50;50
45;29.6100000000006;0.839999999999918;30.9300000000003;NA;NA;-1741.3118055902;-1760.07820299642;5.09290787096669;5.10970821922474;114.864305603592;114.048064283891;4051.40222156835;4084.89319850603;37.5327948124368;0.0693069306930693;50;50
46;31.0699999999997;0.799999999999955;32.1100000000006;NA;NA;-1760.9941893189;-1780.29234563628;5.0436304363248;5.05858233507154;117.636403385297;116.718562887415;4104.4937069635;4138.54510862526;38.5963126347583;0.0396039603960396;50;50
47;30.1299999999974;1.01999999999998;31.4100000000035;NA;NA;-1769.88131414704;-1794.44034549658;5.16826301597973;5.29972614144253;116.468651042635;113.853350336597;4116.48554622478;4152.65330992967;49.1180626990822;0.0297029702970297;50;50
48;30.5299999999988;0.970000000000027;31.8799999999974;NA;NA;-1762.46111094253;-1781.70671513859;5.16553485510158;5.19746409136727;116.330255328772;115.384175775163;4100.95983970099;4134.76630455167;38.4912083921245;0.0297029702970297;50;50
49;29.75;1.05999999999995;31.1399999999994;NA;NA;-1722.98074899404;-1741.50282480977;5.00438847426544;5.01034069511435;116.25206827512;115.408508698365;4021.61195354769;4054.47901429505;37.0441516314663;0.0099009900990099;50;50
50;29.25;0.769999999999982;30.3700000000026;NA;NA;-1780.21431756833;-1799.31919106488;5.07435818789432;5.10263010983239;120.874864756242;119.978298422945;4158.96999440063;4192.74017463281;38.2097469930945;0.0099009900990099;50;50
51;29.6399999999994;1.21000000000004;31.3400000000038;NA;NA;-1753.84284842501;-1772.5030664445;5.04497276590055;5.06026500212438;118.386708196337;117.589598890631;4093.9063423541;4127.27969734954;37.3204360389796;0.0198019801980198;50;50
52;30.5699999999997;0.990000000000009;32;NA;NA;-1757.20050006425;-1777.32450801933;5.03538255459617;5.04975815638714;119.339617239188;118.218837208029;4105.34020705486;4140.03840742115;40.248015910156;0.0099009900990099;50;50
53;30.6600000000035;1.02999999999997;32.1599999999962;NA;NA;-1776.16334860259;-1795.20606993559;5.0689260200721;5.07649003478189;121.02093620606;120.113973458994;4151.59136486168;4185.18576038957;38.0854426659894;0.0495049504950495;50;50
54;30.25;1.02999999999997;31.5999999999985;NA;NA;-1739.81881490746;-1757.18904959904;5.0393676904936;5.04326973123837;119.260574025215;118.644685315006;4068.98074176265;4100.67770936785;34.7404693831731;0.0198019801980198;49;49
55;32.1699999999983;0.950000000000045;33.4100000000035;NA;NA;-1770.97379951512;-1788.97580482345;5.10978367514508;5.11811116441534;118.716474206001;117.98044855329;4129.8011613203;4162.16056149196;36.0040106166548;0.0396039603960396;50;50
56;30.5800000000017;0.920000000000073;31.9499999999971;NA;NA;-1798.45652128904;-1818.32675127585;5.0508903035526;5.06591065863182;123.195550464715;122.173043949885;4206.94584285565;4241.62311255828;39.7404599736292;0.0198019801980198;50;50
57;30.5400000000009;0.899999999999864;31.8499999999985;NA;NA;-1774.09109034423;-1793.46472573073;5.11915278443656;5.13931396990792;118.180825556369;117.259968010721;4133.38334811144;4167.57076826394;38.7472707729921;0.0297029702970297;50;50
58;30.7099999999991;0.940000000000055;31.7999999999956;NA;NA;-1747.96871134782;-1766.7723167359;5.08821018799579;5.10983325081787;116.609694739991;115.734169379007;4073.35875287692;4106.63058639585;37.6072107761515;0.0297029702970297;50;50
59;30.5299999999988;0.960000000000036;32.010000000002;NA;NA;-1790.62090608812;-1813.38540094521;5.12538498218769;5.18000559523601;118.838649958053;117.349467842986;4169.70035748613;4207.8552989303;45.528989714182;0.0396039603960396;50;50
60;29.8899999999994;0.940000000000055;31.010000000002;NA;NA;-1726.15752347413;-1745.21010203128;5.19732193997665;5.22453870754904;114.436321447518;113.432957884024;4018.97438945502;4052.11114728845;38.1051571142903;0.0594059405940594;50;50
61;31.6399999999994;1.25;33.2300000000032;NA;NA;-1786.65880019472;-1805.48961147899;5.07826412863118;5.08781270178169;121.269808811555;120.400855425456;4173.81462142128;4207.17340946833;37.6616225685425;0.0198019801980198;50;50
62;30.5699999999997;0.960000000000036;31.9199999999983;NA;NA;-1758.51485550038;-1777.32166233178;5.05499386745796;5.0646575363281;118.96521885446;118.114703827453;4104.91328330696;4138.32395583123;37.6136136627929;0.0594059405940594;49;49
63;32.3399999999965;0.779999999999973;33.4700000000012;NA;NA;-1773.05036335082;-1791.11143033034;5.21193737649246;5.22563377423696;116.965052760813;116.227962631367;4125.28169875086;4157.75395124887;36.1221339590402;0.128712871287129;50;50
64;30.6299999999974;0.860000000000127;31.6899999999951;NA;NA;-1772.12450533847;-1789.42993796497;5.11484660543876;5.11832190605536;119.219625531107;118.621351419308;4134.59404940961;4166.24241455301;34.6108652529983;0.0495049504950495;50;50
65;29.6899999999951;1.01999999999998;31.0299999999988;NA;NA;-1777.44512833242;-1796.24428853692;5.10660998098879;5.12096493162623;120.9017888962;120.058752036796;4153.56493737126;4186.98875525855;37.5983204090035;0.0693069306930693;50;50
66;31.760000000002;1.08999999999992;33.1699999999983;NA;NA;-1784.06288764869;-1801.02682796325;5.06986850053482;5.07246840106863;123.864649029251;123.301435476753;4181.4717802276;4212.61077165344;33.9278806291277;0.0693069306930693;50;50
67;31.5500000000029;1.20999999999981;33.1699999999983;NA;NA;-1762.65480034298;-1781.28536383474;5.18937576647201;5.2100445971031;116.132261158473;115.290411418806;4100.36680210136;4133.45930487594;37.2611269835306;0.0396039603960396;50;50
68;31.75;1.0300000000002;33.0800000000017;NA;NA;-1743.25682664129;-1763.08395933631;5.1182723776255;5.14921331855837;115.497919344306;114.4728029186;4058.42975656765;4093.00790807676;39.6542653900524;0.0198019801980198;50;50
69;29.7000000000044;0.940000000000055;31.0800000000017;NA;NA;-1760.81750251316;-1783.88222600687;5.0807795876512;5.12727849459533;117.012212100821;115.509264674752;4101.04949804392;4139.73673446823;46.1294469874138;0.0099009900990099;50;50
70;30.9199999999983;0.829999999999927;31.9700000000012;NA;NA;-1757.96876136405;-1776.98715934983;5.11302465329973;5.1182657819454;117.741774905996;116.85168996198;4098.96462382563;4132.5939472153;38.036795971555;0.0297029702970297;50;50
71;31.1699999999983;1.09999999999991;32.8000000000029;NA;NA;-1775.95452751724;-1794.04018111066;5.06486290412546;5.09370796274034;121.246364836143;120.53664417509;4152.28998750697;4184.94693982756;36.1713071868417;0.0297029702970297;50;50
72;30.9400000000023;0.8599999999999;32.1399999999994;NA;NA;-1754.3772203613;-1773.8279688258;5.07789890096749;5.10250342592361;117.053324070327;116.037383726187;4088.37250967933;4122.24333033217;38.901496928991;0.0297029702970297;50;50
73;30.8199999999997;0.980000000000018;32.3400000000038;NA;NA;-1825.17361626518;-1844.7864423387;5.14260817332846;5.15940048080015;125.17094430635;124.163858907521;4270.16167696892;4304.40050026014;39.2256521470395;0.0891089108910891;50;50
74;31.0299999999988;1.02999999999997;32.3799999999974;NA;NA;-1772.34338477659;-1790.76461575763;5.05612708140569;5.07802213076022;121.309884444494;120.5213404891;4145.382234851;4178.32002918965;36.8424619620846;0.0396039603960396;50;50
75;30.5900000000038;0.779999999999973;31.7099999999991;NA;NA;-1765.54313449085;-1783.53641386312;5.05844554226182;5.07067616441173;120.963604715597;120.226054806005;4130.06704578711;4162.40144635714;35.9865587445388;0.0198019801980198;50;50
76;31.1900000000023;1.21000000000004;32.8199999999997;NA;NA;-1760.48445220641;-1778.84213286596;5.106053576478;5.11311867169269;119.503534218147;118.725673714266;4112.71978621956;4145.58338162977;36.7153613191072;0.0693069306930693;50;50
77;31.239999999998;0.920000000000073;32.5;NA;NA;-1779.22244245841;-1798.44283816211;5.08421093428432;5.09972144150558;123.676407601225;122.77906305509;4170.85876652738;4204.85613766328;38.4407914073995;0.0198019801980198;50;50
78;29.4699999999939;1.11000000000013;30.9199999999983;NA;NA;-1766.96503114073;-1786.09407352959;5.0601671934659;5.07062152602617;120.882399292804;119.975174977637;4132.50873063995;4166.27447306137;38.2580847777231;0.0198019801980198;50;50
79;30.3399999999965;0.950000000000045;31.5;NA;NA;-1771.97053825562;-1790.99516492327;5.03776038351445;5.04450751416327;121.045175544099;120.137000705955;4143.32577115901;4176.87797539176;38.0492533352954;0.0297029702970297;50;50
80;29.2800000000061;1.13000000000011;30.6700000000055;NA;NA;-1748.22847604909;-1768.49704699704;5.07529902126265;5.09836497525897;117.122655632689;116.026600511135;4076.41833318734;4111.52809095663;40.5371418958944;0.0099009900990099;50;50
81;30.489999999998;0.869999999999891;31.5899999999965;NA;NA;-1809.43016764109;-1826.66814974515;5.14972595623114;5.17017079961075;121.277559580628;120.681477883233;4219.39573613654;4250.92005650943;34.4759642081099;0.316831683168317;50;50
82;30.5400000000009;1.02999999999997;31.8099999999977;NA;NA;-1725.28834030565;-1747.22840636657;5.02232793456107;5.05467032164904;117.24143123629;115.872541626442;4031.12620805637;4068.22794957224;43.8801321218361;0.0099009900990099;50;50
83;29.8499999999985;0.889999999999873;31.1399999999994;NA;NA;-1728.64426715237;-1748.40598347573;5.11695203581656;5.14137979400643;115.395318781696;114.430372541862;4028.69658589246;4063.44185200165;39.5234326467216;0.0297029702970297;50;50
84;30.0599999999977;0.919999999999845;31.5499999999956;NA;NA;-1801.42412802883;-1817.98550746213;5.20218358416904;5.20837396569304;121.221265113138;120.759914527899;4203.10490113299;4233.94317011045;33.1227588666061;0.148514851485149;50;50
85;30.0900000000038;1.25;31.6800000000003;NA;NA;-1751.62375866461;-1770.53626510824;5.05436822647205;5.06862951445867;119.989544779515;119.130414151762;4097.40499890842;4130.97581705671;37.8250128872633;0.0495049504950495;50;50
86;32.0299999999988;0.849999999999909;33.1399999999994;NA;NA;-1813.68414438995;-1834.43233567582;5.09470954619422;5.14742817328598;125.064456887027;123.813744384677;4246.65543480259;4281.95860952492;41.4963825717377;0.0099009900990099;50;50
87;30.6600000000035;0.720000000000027;31.5199999999968;NA;NA;-1768.30316197193;-1785.32515564696;5.02330614403128;5.02983215543974;122.871917346754;122.302995030812;4145.03657594377;4176.2634057567;34.0439873500727;0.0693069306930693;50;50
88;30.1899999999951;0.829999999999927;31.2099999999991;NA;NA;-1739.58910912801;-1759.4063009533;5.02448681138796;5.04134668810074;117.110690238357;116.101292169258;4059.08034977827;4093.71645282241;39.6343836505716;0.0297029702970297;50;50
89;30;0.779999999999973;31.260000000002;NA;NA;-1759.42919827636;-1777.42129147505;5.08785398736744;5.11404784552203;118.538588646123;117.869705816779;4105.83111512875;4138.50316513888;35.9841863973843;0.0297029702970297;50;50
90;30.2000000000044;0.970000000000027;31.2900000000009;NA;NA;-1784.13811950093;-1801.85645416879;5.12685605791564;5.14046971078865;121.51100992669;120.845463361939;4169.9676261544;4202.1086794303;35.4366693357247;0.0396039603960396;50;50
91;30.7799999999988;1.22000000000003;32.4000000000015;NA;NA;-1746.5604862642;-1764.56375925001;5.07025811288158;5.07726871733886;117.489458722672;116.756142442783;4074.89866853549;4107.27402018214;36.006545971627;0.0099009900990099;50;50
92;29.8499999999985;0.809999999999945;31.0500000000029;NA;NA;-1724.1721240215;-1745.108164273;5.05101036059231;5.08419802048887;117.762933553396;116.553394563845;4031.47612134109;4067.35887468043;41.872080503003;0.0198019801980198;50;50
93;30.4199999999983;0.870000000000118;31.7099999999991;NA;NA;-1771.66175088559;-1788.8175696982;5.10151282151411;5.11489029201112;120.388673009651;119.780515784205;4139.45736407989;4170.75756294901;34.3116376252074;0.0495049504950495;50;50
94;29.7799999999988;1.01999999999998;31.1400000000067;NA;NA;-1764.29616155728;-1782.48493909628;5.12288247924326;5.13146387635253;118.463484041872;117.694293978666;4113.99650138598;4146.57299421659;36.3775550779956;0.0396039603960396;49;49
95;30.010000000002;1.03999999999996;31.4200000000055;NA;NA;-1793.6968595907;-1811.65390202912;5.16240308608022;5.17678201315355;117.022286156397;116.277955293871;4166.85809634099;4199.08644550185;35.9140848768548;0.0594059405940594;50;50
96;32.6399999999994;0.720000000000027;33.7099999999991;NA;NA;-1772.88845045146;-1794.04632732908;5.08103276237835;5.1152685539949;118.721353989145;117.447639785457;4133.65462662879;4169.66327400317;42.3157537552279;0.0099009900990099;50;50
97;30.3400000000038;1;31.5200000000041;NA;NA;-1761.97774401772;-1781.13318708253;5.05010402546325;5.08129761358371;117.969485354134;117.112929481456;4108.11015292732;4142.17959384537;38.3108861296123;0.0198019801980198;50;50
98;32.0299999999988;0.830000000000155;33.1999999999971;NA;NA;-1719.22917581196;-1739.39873410381;5.34139221980895;5.34907646623408;112.377084664058;111.317629283079;3993.78572052899;4028.88938745718;40.3391165837002;0.128712871287129;49;49
99;29.9300000000003;0.910000000000082;31.3899999999994;NA;NA;-1793.22732554972;-1811.3993325933;5.07968800596718;5.09249906592566;123.295329739767;122.530792031476;4195.73608305108;4228.30202516527;36.344014087163;0.099009900990099;49;49
100;31.5;1.01999999999998;33.0299999999988;NA;NA;-1761.70165427357;-1779.95728092001;5.01840091593173;5.02924163639957;122.173640803321;121.408866248972;4128.37587401899;4161.10015967213;36.5112532928938;0.0099009900990099;50;50
101;30.25;1.09999999999991;31.8499999999985;NA;NA;-1782.47895481317;-1801.17718876271;5.08284982888722;5.10308849265076;119.443775614245;118.60250374058;4156.41288213813;4189.64358727264;37.396467899076;0.0297029702970297;50;50
102;30.0299999999988;1.11000000000013;31.5299999999988;NA;NA;-1777.61003984563;-1795.00388550408;5.08676506619846;5.08858783421738;119.891981963673;119.28116405128;4148.89445520433;4180.65753272509;34.7876913168898;0.0396039603960396;50;50
103;29.9000000000015;0.829999999999927;30.9300000000003;NA;NA;-1771.63299373053;-1789.08966644681;5.09294367628107;5.10352103439286;118.066788356791;117.436085665716;4127.90247189075;4159.69273919811;34.9133454325633;0.0297029702970297;50;50
104;29.75;0.960000000000036;30.9399999999951;NA;NA;-1738.87241437052;-1756.86640331103;5.17918170404518;5.1823364687513;115.20003982913;114.48514582057;4048.18590899077;4080.63391491422;35.9879778810232;0.0693069306930693;50;50
105;31.6899999999951;1.08000000000015;33.2200000000012;NA;NA;-1747.98593501263;-1765.4025054918;5.13784939453344;5.1402279684914;115.549190710797;114.936265238765;4068.14185598026;4099.93994704716;34.8331409583484;0.0198019801980198;50;50
106;30.3600000000006;0.799999999999955;31.2699999999968;NA;NA;-1744.18143600339;-1762.60762204778;5.11308188430554;5.12741698597292;117.004816236214;116.192918944965;4067.74074259784;4100.57280732771;36.8523720887806;0.0198019801980198;50;50
107;30.4700000000012;0.920000000000073;31.75;NA;NA;-1778.15549913903;-1798.54471282601;5.09537734595514;5.11738309552221;120.45614931644;119.340850455689;4152.77898596896;4188.03473915051;40.7784273739567;0.0099009900990099;50;50
108;31.760000000002;1.06999999999994;33.3499999999985;NA;NA;-1786.59273847051;-1803.43713148383;5.28017729589286;5.30233082205067;116.63321972342;116.099375588089;4150.72329681257;4181.76862346458;33.6887860266329;0.108910891089109;50;50
109;31.7699999999968;1.12000000000012;33.2000000000044;NA;NA;-1790.56883307977;-1808.07358516608;5.07559249621508;5.08170765921874;124.630847041612;123.990850443756;4198.27768732886;4230.11809233121;35.0095041726131;0.0891089108910891;50;50
110;30.4300000000003;1.16000000000008;31.8600000000006;NA;NA;-1752.84313350874;-1770.80939262728;5.02495875055668;5.03413273274496;118.793504172706;118.067755984906;4093.92126196576;4126.26006113076;35.9325182370758;0.0198019801980198;50;50
111;31.0800000000017;1.05999999999995;32.6600000000035;NA;NA;-1801.09103746127;-1818.9925722626;5.07177272308578;5.08056466961418;124.045759191342;123.33159049754;4216.42489097072;4248.69158018863;35.8030696026435;0.0198019801980198;50;50
112;30.739999999998;0.970000000000027;32.0699999999997;NA;NA;-1772.52114952721;-1791.05947865922;5.09953517619821;5.12322352209991;118.014791683658;117.136215298521;4129.42130928154;4162.14748239848;37.0766582640172;0.0495049504950495;50;50
113;27.8499999999985;0.800000000000182;28.989999999998;NA;NA;-1787.48057231321;-1805.52433438128;5.02601779397658;5.03834233172881;119.745010477675;118.999816003697;4167.9077549984;4200.30526703591;36.0875241361414;0.0396039603960396;50;50
114;32.0900000000038;0.980000000000018;33.4699999999939;NA;NA;-1809.34692800575;-1830.29581627647;5.23398752298131;5.26321681149869;122.008767059541;120.639480137521;4222.85000894872;4257.96742749612;41.8977765414402;0.0693069306930693;50;50
115;31.7700000000041;0.819999999999936;32.989999999998;NA;NA;-1781.27136328713;-1800.97992488483;5.07246974556954;5.10211137739789;121.625320217262;120.644069019196;4164.80014899669;4199.35836767911;39.4171231953978;0.0099009900990099;50;50
116;31.6700000000055;0.840000000000146;32.8600000000006;NA;NA;-1713.87364505097;-1731.547837706;5.0844869212049;5.08607813128911;117.493678466044;116.821542502249;4009.54588119702;4041.56602143154;35.3483853100479;0.0396039603960396;50;50
117;30.6900000000023;0.899999999999864;31.8099999999977;NA;NA;-1783.12380221057;-1801.25286695088;5.019769686352;5.02887823522003;123.273744532593;122.313876956856;4176.66760168766;4208.1727128741;36.2581294806323;0.0297029702970297;50;50
118;31.6500000000015;1.03999999999996;33.1500000000015;NA;NA;-1776.18994090194;-1792.37316654223;5.08309819470317;5.09022191177618;120.638443265825;119.963153957084;4149.7505424241;4178.77313407294;32.3664512805854;0.0792079207920792;50;50
119;31.7099999999991;0.8599999999999;33.1900000000023;NA;NA;-1790.4891684349;-1806.74401381538;5.08584074631351;5.09023101753241;119.647298694243;118.992691807059;4173.44110352631;4202.70934870774;32.5096907609482;0.316831683168317;50;50
120;31.6399999999994;0.720000000000027;32.7900000000009;NA;NA;-1744.86349348695;-1763.93834695731;5.02293639657798;5.03810567789302;119.935664289442;119.036857923119;4083.61766617173;4117.31671428193;38.1497069407151;0.0099009900990099;50;50
121;33.1500000000015;0.830000000000155;34.5199999999968;NA;NA;-1759.74581157839;-1777.14510801659;5.15025485564206;5.17215798661384;117.567056942905;116.938937275283;4101.65356566797;4133.34187088947;34.7985928763987;0.148514851485149;50;50
122;31.2299999999959;0.829999999999927;32.5;NA;NA;-1755.13757287552;-1773.82143773561;5.21445330096839;5.23463252097988;113.909432240259;113.059140440997;4074.32546790498;4107.48277050014;37.3677297201752;0.0495049504950495;50;50
123;32.5499999999956;0.960000000000036;34.1200000000026;NA;NA;-1766.68143048881;-1784.9549637412;5.09187447085163;5.10292454853575;119.214153919192;118.43610537176;4123.68080569005;4156.37517514244;36.5470665047637;0.0099009900990099;50;50
124;31.5999999999985;0.730000000000018;32.4500000000044;NA;NA;-1755.82040869182;-1773.62404201493;5.14320763570267;5.16808997421915;115.274242719823;114.555190180966;4082.44933133553;4114.49603404767;35.6072666462314;0.0198019801980198;50;50
125;30.5900000000038;0.910000000000082;31.9599999999991;NA;NA;-1767.70362869239;-1787.05247463618;5.099002951658;5.1231382909954;117.179746552667;116.231299332916;4115.65133808161;4149.65256235168;38.6976918875926;0.0297029702970297;50;50
126;32.3300000000017;1.12999999999988;33.6800000000003;NA;NA;-1756.75254450428;-1775.68866135666;5.07618084185344;5.10095845890234;118.132733830025;117.248355165526;4098.46811852492;4131.96113568188;37.8722337047539;0.0495049504950495;50;50
127;32.239999999998;1.22000000000003;33.8099999999977;NA;NA;-1753.21915537307;-1771.23129389528;5.26528765190338;5.29865430767867;113.309912940222;112.558482489351;4067.51996693737;4099.82335292338;36.0242770444102;0.0297029702970297;50;50
128;31.1500000000015;0.830000000000155;32.3700000000026;NA;NA;-1822.26338191278;-1842.19477210569;5.26942847009449;5.32684344285249;120.696173491912;119.633215598969;4242.18328973351;4276.78257498852;39.8627803858244;0.0594059405940594;50;50
129;29.7300000000032;0.779999999999973;30.9099999999962;NA;NA;-1750.78551265975;-1768.21720758123;5.10984828541489;5.11698431178722;119.161407175544;118.558480938655;4091.62778167234;4123.50563527424;34.8633898429607;0.0198019801980198;50;50
130;29.75;0.910000000000082;31.2299999999959;NA;NA;-1785.01696951378;-1804.4162938485;5.05396788659008;5.07324912256946;118.91825874955;117.988337047781;4158.88668667527;4193.08060134558;38.7986486694554;0.0396039603960396;50;50
131;31.2799999999988;1.1099999999999;32.7200000000012;NA;NA;-1785.8384296513;-1803.81093742126;5.0735876514964;5.08970201934242;123.911021876005;123.177864914894;4185.25249068813;4217.56710080883;35.9450155399118;0.0297029702970297;50;50
132;29.8499999999985;0.830000000000155;30.8300000000017;NA;NA;-1772.15042695303;-1791.35025156359;5.09499451290988;5.12114368489647;119.192121575161;118.252680182409;4134.50970009606;4168.25747624744;38.3996492211127;0.0198019801980198;50;50
133;30.7799999999988;0.909999999999854;32.0599999999977;NA;NA;-1761.60145375352;-1778.11030348146;5.12869438758884;5.15545997677375;116.683085317;116.213072454222;4100.98764902125;4131.6779652091;33.0176994558678;0.257425742574257;50;50
134;31.6899999999951;1.16000000000008;33.6100000000006;NA;NA;-1783.32482869734;-1801.1600429401;5.05002414307328;5.05427370385765;124.288121176914;123.557572905484;4182.09258789652;4214.14552852572;35.6704284855227;0.0198019801980198;50;50
135;30.5499999999956;0.910000000000082;32.0200000000041;NA;NA;-1760.41346437848;-1779.026173859;5.0635553645216;5.07570265509366;118.375275172181;117.531099959323;4106.99096085482;4140.03624045951;37.2254189610403;0.0297029702970297;50;50
136;31.3499999999985;0.970000000000027;32.6399999999994;NA;NA;-1769.72169707006;-1792.25783844998;5.08416673711897;5.14167096211648;117.377956521772;115.894681766988;4120.66895981788;4158.39644604222;45.0722827598352;0.0198019801980198;50;50
137;29.9499999999971;1.01999999999998;31.2299999999959;NA;NA;-1737.44280331375;-1756.67353762537;5.0701633777759;5.09089237733808;115.938990087855;115.000928437201;4048.98577922183;4082.80220690471;38.4614686232544;0.0396039603960396;50;50
138;28.9199999999983;0.809999999999945;30.1200000000026;NA;NA;-1763.70122552979;-1784.15608325455;5.03062167518566;5.04288701839075;119.650358012947;118.529566389576;4119.88036667843;4155.24020918243;40.909715449518;0.0198019801980198;50;50
139;31.75;0.819999999999936;32.8000000000029;NA;NA;-1773.95581893778;-1792.43542003568;5.04765807992274;5.07175885318246;120.842178170111;120.044141186706;4146.29114154008;4179.29866907008;36.9592021957988;0.0198019801980198;50;50
140;31.010000000002;1;32.2300000000032;NA;NA;-1730.4524676535;-1750.73813531918;5.13255641183291;5.16212686582789;113.616001695953;112.473261025389;4023.5022645894;4058.4150409174;40.5713353313618;0.0198019801980198;50;50
141;30.0500000000029;0.880000000000109;31.3499999999985;NA;NA;-1735.62466241411;-1754.32601818898;5.05301074027478;5.05739777033693;117.768418558145;116.907534366378;4054.40835846444;4087.54819207551;37.4027115497402;0.0099009900990099;50;50
142;31.8000000000029;1;33.2299999999959;NA;NA;-1805.75909820541;-1824.92474033571;5.10598985001103;5.11517775502945;123.141359880334;122.243224667022;4221.28265879944;4255.16660760728;38.3312842606101;0.0792079207920792;50;50
143;31.6900000000023;1.1099999999999;33.0499999999956;NA;NA;-1799.76353216193;-1817.18192514116;5.23726220682226;5.25866673687127;117.863653987997;117.193597189375;4183.15767940713;4214.67651578328;34.8367859584691;0.118811881188119;50;50
144;29.8600000000006;1.03999999999996;31.2200000000012;NA;NA;-1761.19917030142;-1781.40632747337;5.04255846600779;5.06491339818017;117.074962881861;115.999863598141;4102.12355940991;4137.21425756679;40.4143143439019;0.0099009900990099;50;50
145;30.8499999999985;0.790000000000191;32.1399999999994;NA;NA;-1752.35569864987;-1768.61541018048;5.06560192890087;5.06988263011506;119.56184372171;119.169559022298;4096.75101282786;4127.32794257023;32.5194230612096;0.148514851485149;50;50
146;32.2699999999968;1.19999999999982;33.6299999999974;NA;NA;-1777.80931721127;-1796.61932887671;5.09598576037784;5.10253348269507;121.002617087903;120.141281786028;4154.79259049971;4188.14750211025;37.6200233308759;0.0198019801980198;50;50
147;30.0400000000009;0.889999999999873;31.3300000000017;NA;NA;-1743.61005372309;-1761.75883523236;5.07386205908185;5.08326886323086;119.253550092447;118.496047390499;4077.73313191432;4110.27973564298;36.2975630185415;0.0099009900990099;50;50
148;28.8600000000006;0.940000000000055;30.0499999999956;NA;NA;-1750.20596066409;-1768.58639866469;5.01632086340276;5.02615685929324;121.144891372451;120.375711477271;4100.29038320838;4133.2424774508;36.7608760012035;0.0198019801980198;50;50
149;29.8899999999994;0.970000000000027;31.1399999999994;NA;NA;-1794.59817368874;-1812.38367957773;5.06329653781612;5.06862452744419;122.082292919034;121.397151205556;4193.71658153185;4225.89494709425;35.5710117779736;0.0495049504950495;50;50
150;32.6300000000047;0.920000000000073;33.9199999999983;NA;NA;-1761.96761011979;-1779.08287560182;5.23708181308966;5.24649091797802;116.647478435902;116.056654130717;4101.54364560191;4132.84856598991;34.2305309640615;0.445544554455446;50;50
151;32.5699999999997;1.1099999999999;33.9700000000012;NA;NA;-1804.33136656601;-1824.91705314979;5.17104474940618;5.23738209860103;121.867716362152;120.612812614033;4212.1204391563;4247.07785049931;41.1713731675754;0.0396039603960396;50;50
152;31.6999999999971;1.07999999999993;33.0900000000038;NA;NA;-1733.57816284805;-1750.8107317807;5.1226206402192;5.13548267283171;115.163376733152;114.538860291127;4037.41585968851;4068.78855214883;34.4651378652943;0.0297029702970297;50;50
153;31.5;1;32.9400000000023;NA;NA;-1759.0961423089;-1778.4576120037;5.17030291250255;5.18963540392476;118.145936484807;117.132590349671;4103.22069029781;4136.92579926953;38.7229393895873;0.0198019801980198;50;50
154;30.8899999999994;0.8900000000001;32.25;NA;NA;-1776.93010031921;-1795.45292829699;5.07130864677641;5.08202854291237;119.929656809801;119.130213124161;4147.72113233632;4180.80814799703;37.045655955545;0.0198019801980198;50;50
155;31.1900000000023;0.910000000000082;32.4199999999983;NA;NA;-1754.78792115302;-1771.67624406068;5.10061636007886;5.10667043034719;116.894885889494;116.383470019622;4088.40936598692;4119.65361145151;33.7766458153174;0.128712871287129;50;50
156;31.3199999999997;1.11999999999989;32.8199999999997;NA;NA;-1753.35360146052;-1771.12607631784;5.07300875284998;5.07932481946422;116.574571584167;115.895113544179;4083.95461223406;4116.13505982795;35.5449497146365;0.0297029702970297;50;50
157;30.1999999999971;1.1400000000001;31.9100000000035;NA;NA;-1714.40642630125;-1731.40726431677;5.02950178216874;5.03709571672944;115.147811996149;114.594411026174;3998.99531400531;4030.2566902275;34.0016760310473;0.0792079207920792;50;50
158;29.9000000000015;0.950000000000045;31.3000000000029;NA;NA;-1731.27773467408;-1748.39757223768;5.16483523922178;5.1715614337469;113.528716751816;112.950922216534;4024.72058595167;4056.09917058482;34.2396751271926;0.118811881188119;50;50
159;28.5899999999965;1.08999999999992;30.1399999999994;NA;NA;-1758.62705840101;-1779.49258402931;5.02098485367159;5.0365886178304;122.165211629001;120.978409050832;4122.18494316239;4158.03925213889;41.7310512566028;0.0099009900990099;50;50
160;33.1399999999994;1.17000000000007;34.7299999999959;NA;NA;-1785.99161211892;-1804.423008428;5.20157037861255;5.21186245475053;119.2984723583;118.491510631154;4162.71869225634;4195.58561716442;36.8627926181625;0.0495049504950495;50;50
161;30.3600000000006;1.11000000000013;31.6399999999994;NA;NA;-1750.49234823079;-1770.6598374561;5.06570751789849;5.0863684810361;118.388334065355;117.326790026006;4087.21339285244;4122.29187721298;40.3349784506208;0.0396039603960396;50;50
162;32.2799999999988;1.02999999999997;33.6100000000006;NA;NA;-1750.30048529769;-1767.55063711675;5.18845189543154;5.21364958656705;115.628931149103;115.043503141242;4071.99780204276;4103.60512980185;34.5003036381222;0.0594059405940594;49;49
163;31.3099999999977;1.08000000000015;32.8300000000017;NA;NA;-1823.42364286925;-1840.8677260261;5.04545361489092;5.05170482021066;126.176857489256;125.549134379948;4271.64275451998;4303.42259683395;34.8881663137063;0.108910891089109;50;50
164;32.4499999999971;1.09999999999991;34.0299999999988;NA;NA;-1751.73138828213;-1770.24546480069;5.18468768266571;5.19717315245313;115.053541448084;114.254987812272;4073.17843436741;4106.25235440839;37.0281530371249;0.277227722772277;50;50
165;31.8099999999977;1.02999999999997;33.2099999999991;NA;NA;-1782.26352971913;-1801.83954485176;5.04476787569275;5.09218161278615;123.2661802258;122.306437935246;4174.9096001957;4209.3092325469;39.1520302652666;0.0198019801980198;50;50
166;30.489999999998;1.06000000000017;31.9300000000003;NA;NA;-1718.42822519348;-1740.00443012176;5.03394802288835;5.08667060777123;117.01493788658;115.685974872354;4015.10243152628;4051.68758137367;43.1524098565587;0.0099009900990099;49;49
167;30.1599999999962;0.75;31.1900000000023;NA;NA;-1757.75199081859;-1778.30734593832;5.09498792434069;5.13879015366187;117.634245194708;116.498372406033;4097.99862315606;4133.48478238358;41.1107102394712;0.0495049504950495;50;50
168;31.8000000000029;0.940000000000055;33.2299999999959;NA;NA;-1778.84803624314;-1797.87872605251;5.19154270900599;5.22742883562121;119.289304954504;118.143666440252;4148.38614587009;4180.77461710603;38.0613796187381;0.0099009900990099;50;50
169;31.5699999999997;1.04999999999995;32.9400000000023;NA;NA;-1756.00341905251;-1774.64169471928;5.13568780627567;5.15667188651903;117.549799300138;116.70781571091;4094.08332519103;4127.1905895269;37.2765513335476;0.108910891089109;50;50
170;29.6700000000055;0.920000000000073;30.9400000000023;NA;NA;-1769.39686724092;-1787.69651092768;5.08640912668227;5.11664364398056;117.447985234986;116.641339497938;4120.3660644044;4152.97104876984;36.5992873735227;0.0396039603960396;50;50
171;31.3899999999994;0.910000000000082;32.7799999999988;NA;NA;-1763.21371261261;-1781.49433090768;5.13194856632197;5.1647625181182;116.719005371233;115.82612169749;4104.39003364442;4136.52993906018;36.5612365901516;0.099009900990099;50;50
172;31.2199999999939;0.809999999999945;32.3499999999985;NA;NA;-1742.78553492654;-1762.04675398519;5.11043886379571;5.13293953067967;115.946766699341;114.929237556844;4059.70975023495;4093.19364475372;38.5224381172993;0.0396039603960396;50;50
173;31;1.17000000000007;32.4800000000032;NA;NA;-1760.65823710809;-1781.67927127093;5.05849734036266;5.09231974865082;118.156176793068;116.874430061572;4106.39558727888;4142.09077420412;42.0420683256784;0.0099009900990099;50;50
174;30.7300000000032;0.920000000000073;31.9499999999971;NA;NA;-1805.95124788187;-1824.97229588549;5.05508353592046;5.07223986164844;125.410046110903;124.513878382072;4232.9009110749;4266.50541410841;38.0420960072338;0.0891089108910891;50;50
175;32.1999999999971;0.939999999999827;33.5800000000017;NA;NA;-1782.05757108619;-1801.76588985637;5.05027764967726;5.08468287866637;121.808963397979;120.781036950669;4167.28191857199;4201.60852772442;39.416637540352;0.0297029702970297;50;50
176;31.5599999999977;1.16000000000008;33.0599999999977;NA;NA;-1795.85542985218;-1814.54284640196;5.23725296253433;5.25910962977834;116.342568978515;115.462008051895;4167.80945155876;4200.82397257031;37.3748330995568;0.0297029702970297;50;50
177;30.3000000000029;0.610000000000127;31.1100000000006;NA;NA;-1756.76117860651;-1775.36510128395;5.08176897251;5.09707687924267;117.213774467988;116.410629698494;4093.93493542777;4127.16581366885;37.2078453548711;0.0891089108910891;50;50
178;32.1200000000026;1.01999999999998;33.3899999999994;NA;NA;-1803.29745808036;-1821.31501900278;5.13395497524002;5.15317754669636;123.147138969319;122.446351875091;4216.38799511727;4248.95299882977;36.03512184484;0.0891089108910891;50;50
179;30.3199999999997;0.75;31.3899999999994;NA;NA;-1778.18258954954;-1796.45981699492;5.05125952138386;5.06923375200594;119.464061755987;118.707629981258;4147.92060338699;4180.72940194508;36.5544548907706;0.0198019801980198;50;50
180;30.0800000000017;0.970000000000027;31.3300000000017;NA;NA;-1777.57328318788;-1795.65447243873;5.07418775906798;5.08510811561686;119.290796397698;118.564934143736;4145.84402500413;4178.41211960733;36.16237850169;0.0297029702970297;50;50
181;28.75;0.930000000000064;30.0400000000009;NA;NA;-1758.79609836226;-1778.60574206303;5.02194533927631;5.0332676064875;120.396634810167;119.378198919238;4113.76548382939;4148.3417376465;39.6192874015392;0.0198019801980198;50;50
182;29.1399999999994;1.1099999999999;30.4300000000003;NA;NA;-1819.62313683879;-1836.72207908098;5.05338300814967;5.06019400540186;125.662473859756;125.111812786037;4261.49464652307;4292.96579846284;34.1978844843902;0.0792079207920792;50;50
183;29.8700000000026;0.940000000000055;31;NA;NA;-1735.28672833666;-1752.81371242473;5.14557024732456;5.15115206419044;116.30070513697;115.649525356676;4046.4647495109;4078.29424226275;35.0539681761434;0.0198019801980198;50;50
184;29.9300000000003;0.940000000000055;31.010000000002;NA;NA;-1751.05548416386;-1769.85385058787;5.10220980822045;5.10783856827294;116.121853177236;115.26769525713;4077.11663208682;4110.48379377;37.5967328480156;0.0099009900990099;50;50
185;32.5199999999968;1.01999999999998;34.0900000000038;NA;NA;-1783.70229573029;-1801.79465514747;5.11214537722796;5.12154950124889;120.423652334093;119.683661556081;4163.71166242139;4196.23213652625;36.18471883437;0.0297029702970297;50;50
186;30.3600000000006;1.09000000000015;31.8700000000026;NA;NA;-1790.56912342835;-1811.0129782893;5.0875046655663;5.11960127529169;122.427819369303;121.277915589541;4187.36943946073;4222.56312029787;40.887709721886;0.0099009900990099;50;50
187;30.6199999999953;1.05999999999995;32.1299999999974;NA;NA;-1788.58046988514;-1805.98208709856;5.14566178862814;5.15204422897384;120.050684068005;119.448951425482;4171.62116744075;4203.444776;34.8032344268404;0.0891089108910891;50;50
188;30.4499999999971;1.05999999999995;32.1399999999994;NA;NA;-1764.17909298894;-1783.93665498245;5.14374801709683;5.16405671953645;119.717858159348;118.671714191711;4121.17034502658;4155.50523213276;39.5151239870111;0.0099009900990099;50;50
189;30.2300000000032;0.950000000000045;31.6399999999994;NA;NA;-1784.03261870598;-1802.52645972797;5.05934369143245;5.07433791706356;119.732348219217;118.927770850574;4160.94914752444;4193.95276859071;36.9876820439781;0.178217821782178;50;50
190;31.8300000000017;0.700000000000045;32.9800000000032;NA;NA;-1774.20062451985;-1791.31083857428;5.12459911203897;5.12563520032804;119.149227554718;118.573806281179;4138.39769503092;4169.7687844298;34.2204281088666;0.0594059405940594;50;50
191;30.4200000000055;0.850000000000136;31.7199999999939;NA;NA;-1770.35718502557;-1788.03623118515;5.0481854227245;5.05392232215286;122.462844637333;121.803925785289;4147.11899880813;4179.21429380263;35.3580923191671;0.0297029702970297;50;50
192;30.9199999999983;1.02999999999997;32.3700000000026;NA;NA;-1787.92260376726;-1805.07632796342;5.0339301476386;5.04184184107842;122.322706792889;121.739326788649;4181.55590959247;4212.97460967959;34.3074483923133;0.217821782178218;50;50
193;29.9799999999959;1.07999999999993;31.4499999999971;NA;NA;-1755.11547519354;-1773.5296982214;5.06417228179514;5.07356846537952;119.824419031262;119.007910298589;4103.57077157007;4136.35607559052;36.8284460557279;0.0198019801980198;50;50
194;30.2300000000032;1.02999999999997;31.5800000000017;NA;NA;-1780.42770648763;-1799.19413577564;5.18167420589392;5.19160612032754;119.399489446168;118.574936962283;4152.0910917299;4185.54097767564;37.5328585760226;0.0693069306930693;50;50
195;29.3700000000026;1.13000000000011;30.9700000000012;NA;NA;-1766.70994248538;-1785.53347933518;5.07181349358648;5.08365823240162;122.374210323359;121.498234728771;4139.38561931517;4172.69508631611;37.6470736996039;0.0297029702970297;50;50
196;29.0999999999985;1.13000000000011;30.6599999999962;NA;NA;-1720.72712927485;-1739.76849584157;5.0390237387095;5.04917100147032;116.477580742151;115.562072353245;4018.2213940644;4051.77076423095;38.0827331334435;0.0099009900990099;50;50
197;28.4199999999983;0.879999999999882;29.5499999999956;NA;NA;-1777.32547101417;-1795.88671013425;5.06360371995234;5.07067566803574;121.414844647964;120.412057830833;4155.86614336044;4188.02307821996;37.1224782401682;0.0297029702970297;50;50
198;27.7699999999968;1.02999999999997;29.0999999999985;NA;NA;-1771.22426439718;-1789.44184787789;5.0854059970303;5.09448454191584;121.146060233583;120.387754263737;4142.33277857541;4175.01300867013;36.4351669614102;0.0198019801980198;50;50
199;28.3799999999974;0.789999999999964;29.5;NA;NA;-1787.36724567278;-1804.71468099327;5.16854239098239;5.18477415481423;119.070406654594;118.437951949694;4164.34063643516;4195.90375342737;34.6948706409712;0.217821782178218;50;50
200;27.7999999999956;0.740000000000009;28.7900000000009;NA;NA;-1695.33262745314;-1716.17541277525;5.0472012370513;5.0711922839197;114.452538482101;113.333006952648;3957.4049000131;3993.54683737403;41.6855706442225;0.0099009900990099;50;50
201;28.4499999999971;1.13999999999987;29.8000000000029;NA;NA;-1799.23140216981;-1817.59037009956;5.40303123353438;5.4201446434807;117.285511276279;116.477490935832;4179.23060484836;4211.94743101595;36.7179358594958;0.158415841584158;50;50
202;27.9099999999962;0.880000000000109;29.2999999999956;NA;NA;-1753.33712479862;-1773.28546955395;5.08422531877933;5.12565922041258;117.914586672215;116.903352079119;4090.5570702826;4125.44638519055;39.8966895106646;0.0099009900990099;50;50
203;29.1299999999974;1.25;30.7199999999939;NA;NA;-1781.06703706814;-1800.42341390604;5.18856521448002;5.22051849571499;118.684555932183;117.670976947121;4149.82958531261;4183.52335555736;38.7127536757935;0.0792079207920792;50;50
204;28.7200000000012;0.8900000000001;29.8300000000017;NA;NA;-1802.48413759291;-1820.25578024649;5.06782837479896;5.08156999833466;122.393467371285;121.744107278207;4211.02936549745;4243.35718600515;35.5432853071507;0.0792079207920792;50;50
205;28.6599999999962;1.04999999999995;29.8600000000006;NA;NA;-1745.11723481128;-1763.3449270328;5.0190491158366;5.0269655817416;119.512186818196;118.737230641995;4082.02819688774;4114.64619690842;36.4553844430552;0.0099009900990099;50;50
206;28.25;0.910000000000082;29.6900000000023;NA;NA;-1767.53620054275;-1788.55857479984;5.08019598996807;5.10346823037257;117.463310401016;116.298064642344;4116.72061730358;4152.99536738443;42.0447485141863;0.0396039603960396;50;50
207;28.8299999999945;1.21000000000004;30.3300000000017;NA;NA;-1780.86038685117;-1799.29459027456;5.07439025271292;5.08699108257077;119.340677438137;118.538906345238;4152.66523046224;4185.56347228977;36.8684068467778;0.0396039603960396;50;50
208;28.6999999999971;0.759999999999991;29.6700000000055;NA;NA;-1792.51191715447;-1811.29465010072;5.11670259865005;5.13437300813982;121.303907971067;120.405731616144;4185.68970564167;4218.80763235868;37.5654658924886;0.0099009900990099;50;50
209;28.8899999999994;0.720000000000027;29.75;NA;NA;-1807.38203450676;-1826.3346757211;5.11450944159284;5.16339348828234;120.193196527194;119.080288838435;4209.92998186681;4242.32443057412;37.9052824286809;0.128712871287129;50;50
210;30.3700000000026;0.809999999999945;31.5799999999945;NA;NA;-1783.88452359357;-1801.41833897879;5.22404931991204;5.22555358551303;117.851414562788;117.22051185661;4151.33905577281;4183.28261799451;35.0676307704412;0.277227722772277;50;50
211;27.989999999998;0.930000000000064;29.2199999999939;NA;NA;-1799.14875685059;-1817.60450111907;5.12131352102719;5.13363946233235;121.030508535435;120.221108357299;4197.60958108008;4230.51312732245;36.9114885369731;0.0792079207920792;50;50
212;27.9499999999971;0.950000000000045;29.3199999999997;NA;NA;-1758.30313770569;-1775.54643571536;5.06847974339303;5.0759314402359;122.14403650298;121.559982426897;4120.19842786324;4151.79883748312;34.4865960193501;0.0198019801980198;49;49
213;28.1700000000055;0.839999999999918;29.5500000000029;NA;NA;-1776.68664830221;-1796.22668561864;5.25411341950705;5.30963944679485;113.717209156603;112.666780227282;4116.4717793002;4150.35039901989;39.0800746328641;0.138613861386139;50;50
214;30.1500000000015;0.919999999999845;31.3700000000026;NA;NA;-1794.4300597116;-1813.35290874306;5.11307328546097;5.13543633826462;121.54517464653;120.65226825723;4190.72068151456;4224.14493592147;37.8456980629212;0.0099009900990099;50;50
215;29.8600000000006;0.740000000000009;30.9400000000023;NA;NA;-1778.04468422625;-1795.20950559912;5.04604894418219;5.05131051561771;121.940333271398;121.363992353778;4159.90665480521;4191.38240499911;34.3296427457312;0.0099009900990099;50;50
216;29.2900000000009;0.8900000000001;30.3600000000006;NA;NA;-1778.89774529905;-1800.42323973837;5.05055397408714;5.08249670263779;122.200914930175;120.857404056218;4162.90311055786;4199.30137782804;43.0509888786446;0.0099009900990099;50;50
217;30.9000000000015;0.960000000000036;32.2200000000012;NA;NA;-1757.52039601138;-1774.14033832775;5.13399727753372;5.15241847108324;115.729387323695;115.25285752725;4088.10306543419;4118.98329661317;33.239884632726;0.257425742574257;50;50
218;29.3600000000006;0.8599999999999;30.3400000000038;NA;NA;-1744.48597652548;-1763.42753921103;5.07141351417836;5.09185170750917;116.957594686037;116.066808549961;4068.11599462483;4101.58817529062;37.8831253710964;0.0099009900990099;50;50
219;30.489999999998;0.950000000000045;31.6200000000026;NA;NA;-1795.1456141188;-1813.46444305953;5.08140110699861;5.09499954910481;120.827720505428;120.031218310534;4188.599141251;4221.29272434612;36.6376578814661;0.0396039603960396;50;50
220;29.25;0.960000000000036;30.5;NA;NA;-1787.6578402885;-1806.38390148199;5.0811374018774;5.08335105359816;122.207013724336;121.378780402786;4180.45350020278;4213.80442339448;37.452122386986;0.0198019801980198;50;50
221;29.1800000000003;0.970000000000027;30.3900000000067;NA;NA;-1787.18003667731;-1805.14910518099;5.07256645116821;5.08577821895911;120.748688171638;120.012908286681;4172.27663850106;4204.57138204239;35.9381370073716;0.0099009900990099;50;50
222;28.4499999999971;0.860000000000127;29.5800000000017;NA;NA;-1805.8462850641;-1823.92840121187;5.07950906362952;5.1016478907313;123.940042693593;123.18239874815;4225.41190516659;4257.82447877066;36.1642322955413;0.0099009900990099;50;50
223;29.9700000000012;0.75;30.8399999999965;NA;NA;-1783.20480686969;-1801.50999020482;5.04865627758887;5.06250813278985;123.516547480983;122.713233552289;4178.03190899446;4210.66447091791;36.6103666702529;0.0099009900990099;50;50
224;27.0500000000029;0.880000000000109;28.1200000000026;NA;NA;-1714.34765970978;-1733.72883873726;5.07659441730023;5.10492028839233;111.665660345006;110.719807593076;3980.50708372913;4014.59537569961;38.7623580549584;0.0198019801980198;49;49
225;29.239999999998;0.909999999999854;30.4700000000012;NA;NA;-1778.27361596738;-1797.61263085615;5.11538610884659;5.13079511699352;118.986803383252;118.069086915511;4145.7393950458;4179.87312801584;38.6780297775522;0.0396039603960396;50;50
226;28.9700000000012;1.01999999999998;30.2900000000009;NA;NA;-1731.13145479056;-1749.57061158041;5.18639463688729;5.20802838185157;111.513194739849;110.701764987447;4014.44767760594;4047.3079989593;36.8783135796998;0.0792079207920792;50;50
227;28.1399999999994;0.960000000000036;29.2099999999991;NA;NA;-1775.0577853365;-1797.24492687614;5.06946080041891;5.10903005303658;119.083687947547;117.71952144549;4139.78748132231;4177.40676141525;44.3742830792953;0.0099009900990099;50;50
228;28.510000000002;0.829999999999927;29.7299999999959;NA;NA;-1758.60970116039;-1777.49992761623;5.16054023218571;5.1920852874153;117.155802327522;116.297325969084;4097.34491734977;4130.87441529648;37.7804529116811;0.0396039603960396;50;50
229;29.5500000000029;0.920000000000073;30.8099999999977;NA;NA;-1780.76940338099;-1799.16864679495;5.18731555979466;5.21990664335159;120.495629160881;119.712648589532;4158.20228852688;4191.12365618368;36.7984868279209;0.158415841584158;50;50
230;28.2099999999991;0.8599999999999;29.3300000000017;NA;NA;-1753.17854590682;-1770.91101150034;5.09822888289461;5.10530647848209;118.123294241143;117.42915349237;4091.27337890449;4123.30110295894;35.4649311870353;0.0891089108910891;50;50
231;29.510000000002;0.949999999999818;30.8199999999997;NA;NA;-1758.57034076414;-1777.41692455388;5.06874989269004;5.08324903649413;117.561148849092;116.686976459282;4098.08584193163;4131.45916214496;37.6931675794895;0.0495049504950495;49;49
232;31.5999999999985;0.880000000000109;32.8400000000038;NA;NA;-1777.71989061827;-1796.65073110478;5.26894324974075;5.28525763981401;117.961800208998;117.054329252147;4139.55639125881;4172.92450856911;37.8616809730279;0.0099009900990099;50;50
233;30.489999999998;1.02999999999997;31.9599999999991;NA;NA;-1736.67381193373;-1755.00410768073;5.16238628066356;5.17425994735251;112.539140721413;111.772950722299;4030.61261352128;4063.47922845572;36.6605914939987;0.0396039603960396;50;50
234;29.8100000000049;1.02999999999997;31.4400000000023;NA;NA;-1740.8850051339;-1758.76486070941;5.1113314536124;5.11600147389112;117.509133163052;116.807146898177;4063.6451290626;4095.9287840955;35.7597111510231;0.099009900990099;50;50
235;31.4099999999962;1.08999999999992;33.1100000000006;NA;NA;-1807.07449702171;-1824.84061332307;5.24026767990954;5.24874428453055;121.177343844424;120.486442743652;4214.18815224974;4246.2992196267;35.5322326027176;0.306930693069307;50;50
236;30.5400000000009;0.920000000000073;32.0600000000049;NA;NA;-1767.1797986295;-1784.95982860905;5.06751553991166;5.07456525152953;119.161589960694;118.520768909438;4124.41725871707;4156.80413702391;35.5600599590985;0.0594059405940594;50;50
237;30.2800000000061;0.810000000000173;31.8799999999974;NA;NA;-1780.58406211446;-1798.14707715105;5.16919303527297;5.18219523894273;118.028914018742;117.380417839473;4145.6170646409;4177.53190779446;35.1260300731878;0.0594059405940594;50;50
238;29.8400000000038;1.22000000000003;31.6900000000023;NA;NA;-1779.16861696733;-1797.04515281055;5.02873465249546;5.04285196566082;122.57429400483;121.893147172624;4165.29373140353;4197.67393850287;35.7530716864321;0.0198019801980198;50;50
239;30.2900000000009;1.01999999999998;31.739999999998;NA;NA;-1791.95865320618;-1815.57126451578;5.06603205281863;5.12585728951025;121.746176013089;120.087058857238;4186.77317576961;4225.78287533822;47.2252226191877;0.0099009900990099;50;50
240;30.5;0.880000000000109;31.6999999999971;NA;NA;-1774.55879622756;-1794.49578248525;5.09433472021983;5.1272398818096;118.297710711125;117.238797590521;4134.89754521569;4169.52805127652;39.8739725153914;0.0099009900990099;50;50
241;29.6200000000026;0.819999999999936;30.8600000000006;NA;NA;-1766.65765980271;-1784.71775694133;5.11822718287594;5.13101898194556;119.544312371512;118.806124085786;4125.26812437929;4157.73299940698;36.12019427724;0.0594059405940594;50;50
242;30.2900000000009;0.8900000000001;33.239999999998;NA;NA;-1752.10773131799;-1771.59012068325;5.09482197962784;5.10920935240145;118.226281199537;117.237336501094;4089.64171475711;4123.70949273203;38.9647787305121;0.0198019801980198;50;50
243;29.5;1.10000000000014;32.2699999999968;NA;NA;-1799.27642340752;-1817.6388245925;5.14778518521313;5.17440952606441;121.83815048988;121.030411096493;4201.86415021531;4234.58923407122;36.7248023699622;0.0594059405940594;50;50
244;27.7900000000009;0.779999999999973;28.8399999999965;NA;NA;-1729.8576075188;-1747.25646947122;5.0579538938057;5.06751056742117;117.233546743141;116.610371144111;4040.22570049277;4071.9376185036;34.79772390484;0.0099009900990099;50;50
245;28.1900000000023;0.75;29.2300000000032;NA;NA;-1787.3851624674;-1805.84367497427;5.13950374537885;5.15179322504734;119.24563498038;118.47935056143;4165.24415579603;4198.36673670739;36.9170250137445;0.0891089108910891;50;50
246;28.6899999999951;0.8900000000001;29.9700000000012;NA;NA;-1789.89802343144;-1808.987761996;5.05745036952526;5.06732427403267;123.671282615013;122.766912270925;4192.18455085486;4225.8858177612;38.1794771291202;0.0297029702970297;50;50
247;28.0199999999968;0.939999999999827;29.5499999999956;NA;NA;-1764.90967587053;-1785.04431394748;5.15862197770151;5.17555293184851;119.921501883075;118.834434112442;4123.63990233129;4158.52629741757;40.2692761538974;0.0693069306930693;50;50
248;28.2099999999991;0.830000000000155;29.3399999999965;NA;NA;-1783.79495976249;-1802.34573135222;5.03614479007055;5.04332535548425;122.236535262154;121.40680962348;4172.87392224192;4205.86687665406;37.1015431794531;0.0099009900990099;50;50
249;27.6900000000023;0.809999999999945;28.8099999999977;NA;NA;-1732.5860601174;-1751.37513186475;5.0572968867969;5.0671917854201;116.082097783648;115.217568510584;4039.98092547113;4073.27814151852;37.5781434946853;0.0198019801980198;50;50
250;28.7699999999968;0.970000000000027;30.2999999999956;NA;NA;-1763.92188788448;-1781.5030355951;5.09426657979363;5.10158317155037;119.142379618782;118.49633061325;4117.80631253604;4149.76953881496;35.162295421228;0.0495049504950495;50;50
