1;68.0299999999988;1.92999999999984;71.0599999999977;NA;NA;-2222.31029883738;-2902.47599284839;5.45509662350808;40.1034271996512;125.302258458683;17.1756519381823;5031.49528472183;5885.39710679868;1360.33138802202;0.0198019801980198;117;117
2;48.7399999999907;1.30000000000018;50.3500000000058;NA;NA;-2063.14262495559;-2579.84048136876;8.46796234395687;58.9602807150663;63.4784871014784;9.17936930659285;4418.29549610512;5201.90739272218;1033.39571282633;0.0198019801980198;99;99
3;56.8299999999872;1.42999999999984;58.7799999999988;NA;NA;-2294.95620431932;-2828.58751522232;10.3438962133574;58.0346886673929;60.1065286242744;10.6933995895145;4869.30312332534;5706.88072169193;1067.26262180599;0.0297029702970297;109;109
4;57.6000000000058;1.23000000000002;59.5299999999988;NA;NA;-2097.75338995055;-2741.24432119654;5.19739645307528;41.6953146028766;119.859825676629;14.8540555495465;4751.53645251065;5551.39659881228;1286.98186249197;0.0099009900990099;107;107
5;51.8999999999942;1.57999999999993;54.0300000000279;NA;NA;-2009.40966948412;-2654.46093592645;5.6696796233941;56.0395768449376;101.825531994673;10.1356821859934;4490.22728529381;5355.84567406939;1290.10253288466;0.0198019801980198;105;105
6;66.5800000000163;1.69000000000005;69.2399999999907;NA;NA;-2195.9072081052;-2887.61951012073;5.11687382611473;39.3235297903972;133.335235634525;17.6505954366413;5015.16346385587;5857.75645686237;1383.42460403107;0.0099009900990099;115;115
7;62.3399999999965;1.5300000000002;64.5499999999884;NA;NA;-2349.45305141212;-2868.64906701291;11.3617452562965;58.4448304829578;56.2979147498408;11.2629338637278;4961.60788029753;5789.85412581899;1038.39203120157;0.0297029702970297;113;113
8;83.5;1.92000000000007;86.140000000014;NA;NA;-2443.79291441931;-3199.22207897396;6.8170008786474;48.3865162081624;114.864954142013;16.0518330739416;5429.83180968338;6474.22046443365;1510.85832910929;0.0099009900990099;126;126
9;76.3500000000058;1.61999999999989;78.8999999999942;NA;NA;-2318.48725249455;-3117.7641282237;5.50092323174915;47.7720507513516;136.694436930003;15.9302589887994;5280.0665536142;6310.47368303766;1598.55375145829;0.0198019801980198;122;122
10;55.8800000000047;1.62000000000035;58.3299999999872;NA;NA;-2105.73617422194;-2747.16063117916;7.34963612208903;65.6913836456951;78.7908202494207;8.81808922647578;4577.71249047308;5535.31002526887;1282.84891391445;0.0099009900990099;109;109
11;67.929999999993;1.76999999999998;70.2799999999988;NA;NA;-2237.15396620331;-3087.21068050667;5.23419525088999;61.0031415957734;134.347800608907;11.4325886862793;5104.12066871307;6228.01650682843;1700.11342860671;0.0099009900990099;118;118
12;53.0500000000175;1.46000000000004;55.2000000000116;NA;NA;-1998.31798108713;-2540.38811325023;5.77187833500957;40.6499986486734;95.9455430642946;13.5959990089841;4439.89953423908;5143.58905650835;1084.1402643262;0.0099009900990099;103;103
13;46.2300000000105;1.01999999999998;47.7400000000198;NA;NA;-1946.87614523724;-2453.73959400715;6.11451663583411;43.5029321137342;86.1369608894648;11.7615171204048;4288.21853042799;4961.34133251913;1013.72689753983;0.0099009900990099;95;95
14;66.0299999999988;1.5300000000002;67.9400000000023;NA;NA;-2145.71542677194;-2927.95300384369;5.03544975835381;53.9331800201804;130.590989031108;12.2721395539302;4903.6319298985;5913.43690702302;1564.47515414349;0.0297029702970297;118;118
15;62.6999999999825;1.6899999999996;65.3100000000268;NA;NA;-2083.1911653983;-2819.37028315433;5.22287543959126;57.7813690010041;116.841598045408;10.6178350726032;4710.55457007979;5688.19154254019;1472.35823551205;0.0099009900990099;111;111
16;77.3399999999965;1.9699999999998;80.1000000000058;NA;NA;-2216.50478749871;-2971.9523367833;5.09596827153312;43.2544985276803;138.679824411377;16.4974724879334;5086.0081121052;6021.58594729421;1510.89509856919;0.0099009900990099;123;123
17;86.3000000000175;1.94999999999982;90.9400000000023;NA;NA;-2249.93895236783;-2985.76161595524;5.05489463603115;37.3913517042762;145.100161458775;20.2242703072267;5185.99856085047;6067.15572103475;1471.64532717481;0.0198019801980198;128;128
18;58.9599999999919;1.51999999999998;60.9700000000012;NA;NA;-2067.61973226849;-2757.76461057821;4.96610531930058;47.0275832470701;122.595112631566;13.0731630916039;4705.65310328974;5576.35636482487;1380.28975661944;0.0099009900990099;110;110
19;51.8000000000175;1.44999999999982;54.1300000000047;NA;NA;-2026.98312922114;-2679.63553312862;5.20932868491497;51.4220450191414;111.052011857436;11.1243735944448;4565.37967254214;5410.50069987217;1305.30480781496;0.0297029702970297;100;100
20;47.75;1.36000000000013;49.6999999999825;NA;NA;-1890.74605669467;-2467.42880247112;5.12606108897633;47.770326498693;101.615280111662;10.9782958493549;4248.9371379539;4985.35935790046;1153.36549155292;0.0099009900990099;99;99
21;48.0299999999988;1.30999999999995;49.7200000000012;NA;NA;-1862.70385268037;-2490.90009453095;5.09713908006819;59.7565110422885;100.191362974793;8.54734144888094;4187.30445163087;5021.2046755094;1256.39248370116;0.0099009900990099;101;101
22;44.8300000000163;1.28999999999996;46.6200000000244;NA;NA;-1867.60151064025;-2451.59940481853;5.12864807562361;52.7091774897221;98.1177305351609;9.79826716068936;4183.49163281568;4947.96596392159;1167.99578835656;0.0099009900990099;93;93
23;66;1.63999999999987;68.25;NA;NA;-2127.20447024364;-2844.06131470677;5.85419023815408;54.341350517965;111.558408292882;11.9680875095968;4777.38666000697;5744.22815483793;1433.71368892626;0.0099009900990099;118;118
24;62.8699999999953;1.48999999999978;65.0799999999872;NA;NA;-2140.6857183976;-2874.78859574851;6.21873682978901;65.3717296345968;102.86788818916;9.66549736331301;4763.60862895497;5794.88834147165;1468.20575470183;0.0099009900990099;118;118
25;66.5699999999779;1.83999999999969;69.1399999999849;NA;NA;-2151.57066540049;-2942.73526840158;5.81773340820119;65.7024221981186;115.716360995262;10.1069323469834;4847.06381366015;5932.97797385854;1582.32920600218;0.0396039603960396;121;121
26;45.5100000000093;1.38000000000011;47.2200000000012;NA;NA;-1912.02339092402;-2498.35837359135;4.91708456593479;46.298162324103;105.33004632737;11.2596882113778;4305.28763366443;5048.16096594995;1172.66996533466;0.0198019801980198;93;93
27;52.0799999999872;1.35999999999967;53.7600000000093;NA;NA;-1955.24696126813;-2585.39912646892;5.09009946846284;47.2379152791782;110.856681635219;12.1574045559079;4426.29069284992;5227.36453214478;1260.30433040157;0.0198019801980198;110;110
28;52.4100000000035;1.59000000000015;54.679999999993;NA;NA;-2314.80081066353;-2792.96791320565;14.8341356418702;77.5608422764289;38.9668840753805;7.55391118344084;4809.81490860325;5620.87100787273;956.334205084235;0.0099009900990099;104;104
29;51.5800000000163;1.38000000000011;53.4100000000035;NA;NA;-1964.06351331148;-2581.81390722218;5.76578324110746;54.3394460764429;98.0376371082432;10.1654695847324;4380.0947836012;5210.49210679536;1235.5007878214;0.0198019801980198;101;101
30;47.0899999999965;1.03999999999996;48.6399999999849;NA;NA;-1916.47681573465;-2466.65140677369;5.08271192803236;41.9893392168858;102.728574666119;12.6196891047507;4304.47168528558;4991.22643670461;1100.34918207809;0.0099009900990099;97;97
31;63.5100000000093;1.65000000000009;65.7000000000116;NA;NA;-2095.75251473516;-2806.71602235213;5.1681557208516;48.6488210749175;123.201249520612;13.043673603544;4768.01051568133;5674.46835255056;1421.92701523394;0.0198019801980198;116;116
32;57.9400000000023;1.51000000000022;59.9100000000035;NA;NA;-2042.16342092011;-2688.87920494166;5.72619151612415;51.8384363065676;104.546833899154;11.4492631641298;4570.7649931205;5431.0298309237;1293.4315680431;0.0099009900990099;110;110
33;55.0200000000186;1.44000000000005;56.8699999999953;NA;NA;-2007.07773781799;-2706.73649971612;6.37018512132657;75.0929088299558;91.7799239814457;7.51108544566043;4442.01829428879;5448.4884369104;1399.31752379626;0.0099009900990099;112;112
34;32.1399999999849;1.13000000000011;33.5499999999884;NA;NA;-1783.57395737671;-2248.8858924207;5.08530596890168;38.8354326559981;89.3567114115319;13.2649217285539;3975.88628676699;4558.44862071157;930.623870087974;0.0198019801980198;94;94
35;63.859999999986;1.55999999999995;65.929999999993;NA;NA;-2296.60772077039;-2840.15548576339;9.5284626991091;51.8119665051959;67.3247388470471;12.3598577745358;4908.25349070076;5738.14744513021;1087.09552998601;0.0099009900990099;116;116
36;60.1700000000128;1.67000000000007;62.3000000000175;NA;NA;-2098.20519785015;-2752.15451238091;5.95572187652592;50.3725618436622;104.149760688657;12.1905390062971;4682.86104958803;5561.24718411664;1307.89862906152;0.0099009900990099;114;114
37;115.799999999988;1.84000000000015;118.910000000003;NA;NA;-2528.15781563779;-3522.86939820107;5.61505311768816;51.9584045043748;161.741793929664;17.8198623972755;5831.21279659683;7131.11290115623;1989.42316512657;0.0297029702970297;145;145
38;62.8299999999872;1.40999999999985;65.070000000007;NA;NA;-2103.12399132979;-2801.40452424344;5.06798155764662;45.3288285433626;126.023331448165;14.2405999015858;4795.41350417746;5669.38458153566;1396.5610658273;0.0099009900990099;115;115
39;72.5;1.96000000000004;75.1900000000023;NA;NA;-2242.46087590765;-3008.74371978221;5.61679948616614;49.9509065973214;126.746747831626;14.1467465343026;5081.2139459252;6084.04216128133;1532.56568774912;0.0099009900990099;122;122
40;66.9400000000023;1.50999999999976;68.9799999999814;NA;NA;-2240.67576418293;-2912.38896526895;7.43417248810033;58.8629311156463;91.0183652669089;11.283410939101;4907.65170274913;5877.6257270993;1343.42640217203;0.0099009900990099;117;117
41;47.179999999993;1.15000000000009;48.8699999999953;NA;NA;-1890.05286217696;-2473.61943232145;4.87971932627684;46.3570366158849;105.261409267435;11.2538354493418;4263.2493384949;4998.89330067774;1167.13314028897;0.0297029702970297;97;97
42;62.8899999999849;1.59000000000015;64.960000000021;NA;NA;-2105.40924641353;-2802.04821445789;5.20781312154708;47.3463743071514;122.487381520459;13.5212304975378;4782.37878926883;5667.19026287238;1393.27793608873;0.0297029702970297;113;113
43;59.5;1.26999999999998;61.2099999999919;NA;NA;-2081.31111390407;-2851.01869156685;5.0284296076713;60.6492160522365;122.935308181658;10.1752653202726;4734.05738467445;5749.3346520831;1539.41515532556;0.0198019801980198;109;109
44;84.0800000000163;1.82000000000016;86.640000000014;NA;NA;-2382.67907350626;-3030.74839745563;5.52897699586059;29.2185500004647;141.737944266698;26.8638351348459;5433.89945629257;6188.2065733425;1296.13864789874;0.0099009900990099;125;125
45;51.0799999999872;1.5;53.3300000000163;NA;NA;-2006.48645474449;-2535.44716341135;7.3865893186637;54.5184817827373;72.7299147817801;9.97766842350175;4348.26838802899;5116.89282852325;1057.92141733371;0.0099009900990099;101;101
46;85.5899999999965;1.98999999999978;88.25;NA;NA;-2370.12502672014;-3197.6283232746;5.58060903494136;46.9992024519504;138.713514836442;16.6337418166711;5396.71055492687;6473.97568490278;1655.00659310891;0.0099009900990099;129;129
47;60.3800000000047;1.78999999999996;62.609999999986;NA;NA;-2013.48267775866;-2659.38555756833;5.45628135881334;47.8710385907557;109.7827791452;12.3527297669408;4539.72606036849;5376.4668163336;1291.80575961932;0.0198019801980198;114;114
48;48.070000000007;1.02999999999975;49.2399999999907;NA;NA;-1941.92702774048;-2512.4851009022;5.15626380899607;44.1899535528408;103.799154545143;12.0609751819563;4359.2047270274;5080.20372155098;1141.11614632343;0.0198019801980198;95;95
49;69.6199999999953;1.40000000000009;71.8899999999849;NA;NA;-2253.53215552004;-2963.61036516219;5.47618726126156;41.7210640414066;128.891507630788;16.8085902038221;5110.74986415233;6005.94665463661;1420.15641928429;0.0198019801980198;117;117
50;75.4400000000023;1.84000000000015;78.3099999999977;NA;NA;-2235.95095322969;-2878.15056312121;5.55986750117442;33.9667234528521;128.206912276622;21.2273145489226;5074.53598037451;5856.07970149812;1284.39921978303;0.0198019801980198;121;121
51;58.9199999999837;1.32999999999993;61.2999999999884;NA;NA;-2059.1419628487;-2771.91922799375;5.06347934304103;52.861072330902;120.109752241769;11.4987371347282;4677.67710355989;5597.39210160866;1425.55453029009;0.0099009900990099;111;111
52;57.9700000000012;1.44000000000005;60.0899999999965;NA;NA;-2070.36507884469;-2725.77559058255;5.23795088191333;45.9414056740399;115.742287568545;13.338352001583;4678.19691313548;5513.48982886155;1310.82102347572;0.0099009900990099;108;108
53;60.1300000000047;1.7199999999998;62.6100000000151;NA;NA;-2242.8719425257;-2858.21297541366;7.67624008514174;53.5363790704097;84.7900592524522;11.7889059398578;4879.87004397421;5771.22383936453;1230.68206577594;0.0099009900990099;109;109
54;71.3500000000058;2.28999999999996;74.390000000014;NA;NA;-2247.31504253688;-2923.19514117372;5.6211356546884;38.9141198661205;126.336309266448;18.1293236425031;5086.88553155916;5931.37923548935;1351.76019727367;0.0099009900990099;118;118
55;36.070000000007;0.820000000000164;37.1699999999837;NA;NA;-1686.21902682982;-2057.8346966689;5.16338171353432;31.9506764996304;77.9691495922215;12.6276435599797;3721.81309634307;4172.25310023767;743.231339678146;0.0099009900990099;78;78
56;43.7300000000105;1.18000000000029;45.3699999999953;NA;NA;-1826.83552379334;-2301.83102076111;5.09916466306933;36.3021993196037;94.4088886440725;13.2789560458124;4083.46656226752;4664.11435517725;949.990993935538;0.0297029702970297;90;90
57;77.6399999999849;2.05999999999995;80.5100000000093;NA;NA;-2226.97761613415;-3059.00255990186;5.03159113307896;50.8196368914695;142.38641019889;14.1364782844291;5127.24364356514;6184.85087419953;1664.04988753542;0.0198019801980198;128;128
58;60.2000000000116;1.52999999999975;62.6199999999953;NA;NA;-2010.27776063556;-2656.22850370548;4.89242990501908;42.2333583222665;120.7412350296;14.4034939182779;4582.34339145905;5379.47394797506;1291.90148613984;0.0297029702970297;110;110
59;53.1100000000151;1.50999999999976;55.1999999999825;NA;NA;-2053.86055758264;-2721.9352963656;5.14466402064891;49.4083575003029;115.809799823813;12.0701630542118;4642.75655204447;5499.63413754984;1336.14947756592;0.0198019801980198;103;103
60;42.0299999999988;0.9699999999998;43.5899999999965;NA;NA;-1821.14972946266;-2317.28525296039;5.14788611289821;42.7903638737233;90.3160465050215;11.0572716069993;4053.46235099059;4684.90862354456;992.271046995454;0.0198019801980198;90;90
61;77.3300000000163;1.51999999999998;79.4199999999837;NA;NA;-2321.10681505903;-3133.44711834546;6.52575440184906;62.9555588282309;111.744565373877;11.4387007522208;5168.83513483517;6320.80169771141;1624.68060657286;0.0099009900990099;124;124
62;52.9899999999907;1.48999999999978;55.2400000000198;NA;NA;-2143.57330092749;-2669.5227206791;8.04169335627738;50.3244252658431;70.930949628183;11.4505481614292;4615.86223084003;5392.11076983383;1051.89883950321;0.0198019801980198;106;106
63;58.1199999999953;1.55000000000018;60.4500000000116;NA;NA;-2226.32408008714;-2623.87277699032;10.5854734181173;39.4461501151564;58.2659860880146;15.0811146286334;4723.74961296927;5317.91534531334;795.097393806357;0.0297029702970297;110;110
64;59.1700000000128;1.32999999999993;61.25;NA;NA;-2035.42470555573;-2776.72601528431;4.87015432324262;55.8221221469093;122.809481502713;10.9981990992442;4643.36689242539;5604.72381488235;1482.60261945715;0.0198019801980198;112;112
65;82.4300000000221;1.63000000000011;84.8899999999849;NA;NA;-2340.32518432676;-3161.20473292377;5.8024543031206;51.0736357494143;133.082089881665;14.7784768077317;5309.94236880528;6392.29097460506;1641.75909719404;0.0198019801980198;128;128
66;56.1600000000035;1.61000000000013;58.1599999999744;NA;NA;-2100.0144068601;-2722.00015549877;5.93370020755062;46.6271043389286;102.982766728524;12.9188397482049;4676.30150950576;5503.74710969754;1243.97149727734;0.0099009900990099;104;104
67;69.210000000021;1.69999999999982;71.6199999999953;NA;NA;-2318.37502149461;-3013.14943658276;8.20703567454553;64.9636459983416;82.0750468470707;10.7496401492496;5020.45508572687;6076.55399078449;1389.5488301763;0.0297029702970297;115;115
68;51.570000000007;1.42000000000007;53.640000000014;NA;NA;-2002.58611501234;-2729.55118004328;5.21232061329403;66.9393117185118;110.854739163279;8.52768669647252;4517.31553645113;5498.49984271892;1453.93013006188;0.0297029702970297;103;103
69;60.3699999999953;1.76999999999998;62.8399999999965;NA;NA;-2186.65460674248;-2904.54495036071;6.13535465089489;59.6987087002585;107.143294682316;10.854948964394;4871.3390009362;5859.54651530995;1435.78068723646;0.0198019801980198;109;109
70;64.2200000000012;1.89000000000033;66.9700000000012;NA;NA;-2158.14736626854;-2923.89361143299;6.0836410600776;65.763948916838;107.627567561131;9.81084159937812;4820.84495606482;5893.77973606805;1531.49249032889;0.0099009900990099;118;118
71;67.7900000000081;1.56999999999971;70.5500000000175;NA;NA;-2150.39206234096;-2882.40956746528;5.2303693477199;48.1647717265412;127.363723743712;13.9766417763498;4898.9263242389;5830.45807048296;1464.03501024865;0.0099009900990099;120;120
72;51.390000000014;1.46000000000004;53.3099999999977;NA;NA;-2005.24552100478;-2710.19492973486;5.37325526749444;66.0185907997867;106.354433805852;8.49016445923147;4501.84316455811;5459.61399125764;1409.89881746015;0.0198019801980198;103;103
73;75.7200000000012;1.7199999999998;78.5600000000268;NA;NA;-2379.26037664929;-3063.42884900314;7.98797395991318;54.2175743002123;90.8693449029378;13.1318248060849;5185.65032486726;6188.58358267431;1368.3369447077;0.0099009900990099;121;121
74;74.6300000000047;1.57999999999993;77.2200000000012;NA;NA;-2147.18118526782;-2908.38256865741;5.8330776217713;54.4802700776017;117.805085335231;12.6337575059865;4849.06849822419;5876.25342412655;1522.40276677918;0.0099009900990099;123;123
75;56.109999999986;1.19000000000005;58.3800000000047;NA;NA;-2057.59068403568;-2645.02299691869;5.59225210654559;40.4115167747914;105.650351790623;14.4992768454431;4603.79105934775;5357.10196727344;1174.86462576602;0.0198019801980198;104;104
76;51.4799999999814;1.40000000000009;53.7400000000198;NA;NA;-2010.60305728718;-2747.01933185642;6.31628179068223;89.7833152294712;88.7566370418322;6.23320228609998;4431.6860825889;5522.86585636346;1472.83254913847;0.0099009900990099;104;104
77;70.929999999993;1.48000000000002;73.6100000000151;NA;NA;-2308.79816802702;-3023.35732123464;7.24271930274505;57.5801367308363;98.0496264522885;12.1110340895442;5076.82863200058;6103.43875445694;1429.11830641524;0.0099009900990099;117;117
78;45.5599999999977;1.37999999999965;47.6000000000058;NA;NA;-1886.55406406753;-2443.11269082282;5.22385848291393;47.6342349572181;97.1219277187149;10.5475269192297;4217.36640482724;4934.47222190681;1113.11725351058;0.0099009900990099;94;94
79;55.890000000014;1.4699999999998;58.1600000000035;NA;NA;-2060.89522091645;-2634.25992665516;4.99006393956004;34.0694785910364;119.301736446663;17.6395810762536;4672.376485565;5349.92778120086;1146.72941147742;0.0099009900990099;102;102
80;63.8099999999977;1.76999999999998;66.1499999999942;NA;NA;-2127.45042107609;-2822.89516019847;5.29508608418068;47.0555659552484;121.95923438637;13.7284151949688;4825.06650199843;5709.97136374037;1390.88947824477;0.0099009900990099;115;115
81;52.2200000000012;1.40000000000009;54.3000000000175;NA;NA;-2020.77822329296;-2502.16391656262;6.6667711320655;38.5573833259915;80.6929831713558;14.0744472381447;4413.96033344068;5069.28241344713;962.771386539303;0.0198019801980198;102;102
82;49.640000000014;1.67000000000007;51.7699999999895;NA;NA;-2141.03697730738;-2591.69630300143;10.2037235974257;53.0040670984463;53.9282135119067;10.4760267937267;4529.87780770653;5231.53067020937;901.318651388105;0.0099009900990099;98;98
83;67.2999999999884;1.97000000000025;70.0100000000093;NA;NA;-2322.11429873962;-3140.43578887524;6.80387871293544;72.9580815965549;102.738091769912;9.50792263783061;5125.85731344812;6325.44402885114;1636.64298027124;0.0099009900990099;118;118
84;64.5599999999977;1.57999999999993;66.9700000000012;NA;NA;-2246.58875197255;-2985.99498404651;6.16821449817629;57.2516914290931;110.231612784429;11.7498676849295;5007.54896407629;6026.8181289516;1478.81246414792;0.0198019801980198;113;113
85;59.9400000000023;1.42999999999984;62.4500000000116;NA;NA;-2314.02412600966;-2768.22241093201;12.3944747646764;53.4401005938038;50.706238740353;11.3882043031438;4864.20496283597;5589.48367738059;908.396569844707;0.0099009900990099;111;111
86;66.3299999999872;1.57000000000016;68.6300000000047;NA;NA;-2205.56915016736;-3028.13375336087;5.21785463426113;59.0065939364788;131.213793374401;11.5469643963191;5024.56949688712;6110.25015598463;1645.12920638704;0.0198019801980198;115;115
87;58.2799999999988;1.63999999999987;60.6800000000221;NA;NA;-2078.11653214718;-2738.0951390641;5.12582816558857;44.3302416905164;120.00407610658;13.9547743868556;4712.93191457779;5540.92646967412;1319.95721383383;0.0099009900990099;107;107
88;67.1000000000058;1.86000000000013;69.7300000000105;NA;NA;-2217.48869472721;-3015.35441056714;5.14194699322222;52.7818428297925;133.799772622322;13.0108317940535;5061.65164617251;6091.64729049055;1595.73143167986;0.0099009900990099;117;117
89;51.9500000000116;1.69000000000005;54.039999999979;NA;NA;-2153.33899543152;-2706.79132767789;8.91557348977086;61.4848300224737;66.0122594167945;9.58479886665432;4611.97020378456;5457.91024665868;1106.90466449275;0.0198019801980198;104;104
90;56.1399999999849;1.05000000000018;57.8300000000163;NA;NA;-2025.64703724068;-2561.2785847717;5.65234855568956;35.7782130576086;101.987865698407;16.2575659348317;4522.96557134106;5197.74484414826;1071.26309506203;0.0198019801980198;104;104
91;76.4800000000105;2.22000000000025;79.4500000000116;NA;NA;-2267.37503652883;-3044.96470268777;5.10183928035916;42.6991349686277;143.481556047342;17.2254417012381;5209.18231011154;6170.89725588431;1555.17933231788;0.0099009900990099;121;121
92;78.3399999999965;1.61999999999989;80.8500000000058;NA;NA;-2314.78548990548;-3042.96926495476;6.18438338583348;44.7661907244884;121.450320287844;16.3923185831665;5201.44134246717;6163.12466783583;1456.36755009856;0.0099009900990099;123;123
93;56.0400000000081;1.53999999999996;58.1900000000023;NA;NA;-2205.1995807581;-2834.54716897744;9.08672416187579;74.6292492379034;65.9043575346308;7.8762120709902;4716.43597794702;5705.66871570333;1258.69517643869;0.0198019801980198;108;108
94;66.6900000000023;1.87999999999965;69.9200000000128;NA;NA;-2361.38118636585;-3058.30908631898;7.3744485842977;54.8020661567121;95.0985600567278;12.7122489708621;5167.35300597064;6176.04858689949;1393.85579990626;0.0099009900990099;115;115
95;63.109999999986;1.58999999999969;65.4200000000128;NA;NA;-2092.46662884759;-2869.15583131038;5.29814220014318;62.6082901724666;119.621081715709;10.1246263392013;4744.68577760826;5785.68863852886;1553.37840492558;0.0099009900990099;116;116
96;72.5099999999802;1.69000000000005;74.6399999999849;NA;NA;-2390.39033261924;-3122.07971440559;7.97285614302275;63.2932120906966;91.4433491979297;11.2504758598995;5210.60833272565;6297.04206969647;1463.37876357271;0.0396039603960396;121;121
97;65.3800000000047;2.03999999999996;68.0300000000279;NA;NA;-2194.70550943396;-2957.05626105262;5.19394096906311;51.5566558402725;128.370133470115;13.0604935339044;4988.98738806254;5975.11396442882;1524.70150323731;0.0099009900990099;114;114
98;37.5100000000093;0.900000000000091;38.5899999999965;NA;NA;-1703.56008172354;-2032.34943950024;5.09547064817316;24.0438192919135;80.9003646042825;17.7204244971441;3772.14304515217;4144.65352996681;657.578715553388;0.0099009900990099;83;83
99;92.9899999999907;2.21000000000004;96.5299999999988;NA;NA;-2368.24951171412;-3185.16060524521;5.12195997873412;39.0437195093486;157.952120057983;20.9336571542663;5484.00605665706;6469.38956074917;1633.82218706219;0.0099009900990099;129;129
100;68.9199999999837;1.52999999999975;71.5300000000279;NA;NA;-2332.92991439879;-2941.04320403828;8.30819337699328;49.05659854366;81.7069991473002;14.0571604712796;5048.54861784234;5947.92553782435;1216.22657927898;0.0297029702970297;117;117
101;64.9899999999907;1.59000000000015;67.7099999999919;NA;NA;-2168.6532245652;-2889.82870733579;4.91902120696171;42.469577592689;134.306197377191;15.850743086421;4964.0166378371;5853.6214043074;1442.35096554118;0.0297029702970297;113;113
102;36.4100000000035;0.919999999999618;37.890000000014;NA;NA;-1784.1892915873;-2142.15247221546;6.86082397752724;36.6502751204677;63.3446283116299;12.8560398358261;3854.18988798082;4342.31146555282;715.926361256307;0.0198019801980198;83;83
103;72.429999999993;1.76999999999998;75.460000000021;NA;NA;-2274.46661970943;-3052.75574281737;5.10108623703738;45.168239747894;141.127454803451;16.0117609079664;5209.92795643614;6180.50532283707;1556.57824621588;0.0099009900990099;117;117
104;49.1900000000023;1.5;51.289999999979;NA;NA;-1925.60124128285;-2471.22761392585;5.16175995266594;39.2731317626443;104.703669802059;13.627169129181;4331.78610570024;5005.00312445885;1091.25274528599;0.0099009900990099;97;97
105;63.2600000000093;1.61000000000013;65.5;NA;NA;-2195.43398893463;-2928.15845959364;6.94969546062582;68.4954634159213;93.3710474789081;9.41356128993226;4826.97466500872;5900.28469227308;1465.44894131801;0.0198019801980198;114;114
106;73.6199999999953;1.63000000000011;76.1199999999953;NA;NA;-2282.45326796219;-3078.66646829984;5.40110991162733;50.01903955165;135.005876717912;14.4622843803173;5200.05459157939;6225.37213628342;1592.4264006753;0.0099009900990099;122;122
107;64.6100000000151;1.52999999999975;66.5800000000163;NA;NA;-2346.09732465807;-2713.40723725708;11.4935218652744;35.84602521918;57.0301811157916;17.7406946683067;4958.81366353546;5509.75312965234;734.619825198028;0.0297029702970297;115;115
108;54.210000000021;1.02999999999975;55.5299999999988;NA;NA;-2080.41131309945;-2727.62777537372;6.72390733089277;64.2670367045194;89.5613803634615;8.90537265072186;4575.45288209023;5496.48355467046;1294.43292454854;0.0099009900990099;105;105
109;62.2799999999988;1.80000000000018;64.8999999999942;NA;NA;-2124.95944330065;-2802.96365582785;5.53554866990055;47.6358896453938;114.953229915682;13.2159541885503;4785.8118230011;5667.53790322083;1356.00842505441;0.0198019801980198;112;112
110;57.3399999999965;1.41000000000031;59.2099999999919;NA;NA;-2188.27345916005;-2676.11346521611;10.9654717376115;59.1566531555017;52.6113292148147;9.69945548564219;4621.09800463932;5397.31251201928;975.680012112123;0.0198019801980198;109;109
111;43.2000000000116;1.25;44.6600000000035;NA;NA;-1993.16805878306;-2653.2539629494;6.12634630767902;66.9832648735486;92.2188101068164;9.57229393661228;4413.26911789963;5350.82348544352;1320.17180833268;0.0198019801980198;105;105
112;62.6100000000151;1.88999999999987;65.320000000007;NA;NA;-2133.19408033838;-2914.9302340729;5.8509345459294;67.8962252640393;111.149162879291;9.46367319448022;4785.0411655492;5874.0206076583;1563.47230746903;0.0099009900990099;113;113
113;62.1600000000035;1.64999999999964;64.3399999999965;NA;NA;-2124.47612045014;-2868.80446819246;5.17516738310894;53.2268326356389;123.822681789132;12.0173165394322;4825.07754445728;5793.52341052796;1488.65669548463;0.0099009900990099;110;110
114;53.3500000000058;1.44999999999982;55.5;NA;NA;-2150.05888623608;-2709.52550351334;8.50590862457542;60.0908433382535;67.568269543539;9.45905118990007;4611.95016752228;5462.70520458679;1118.93323455453;0.0099009900990099;102;102
115;48.6600000000035;1.2199999999998;50.1199999999953;NA;NA;-2060.90736162306;-2602.95575833505;7.71146600934293;58.0167859944074;71.3099064129738;9.38064327901701;4449.12295660718;5248.96811194403;1084.09679342397;0.0198019801980198;97;97
116;97.5299999999988;2.24000000000024;100.470000000001;NA;NA;-2399.38460985647;-3168.46593594273;5.21520214813123;33.8735438587595;158.963555379999;24.3608524330739;5553.48997489606;6452.59134427989;1538.16265217251;0.0099009900990099;133;133
117;51.0899999999965;1.47000000000025;53.0099999999802;NA;NA;-1900.60570944203;-2463.64235383424;5.75672179397921;47.7167972637913;93.2723448326727;11.1443579148491;4233.02182699311;4978.87824000603;1126.07328878441;0.0099009900990099;105;105
118;57.6399999999849;1.6899999999996;59.9199999999837;NA;NA;-2121.77985000334;-2749.83122683409;5.71246523326224;43.674371961238;108.61282666446;14.0788973317839;4747.41454970727;5564.97445149483;1256.10275366149;0.0297029702970297;107;107
119;76.2200000000012;1.9699999999998;78.8300000000163;NA;NA;-2400.12824023095;-3197.65275253788;6.79346347789087;59.3741228559846;110.162772778651;12.4418371832074;5318.97742471984;6453.89010102583;1595.04902461386;0.0297029702970297;123;123
120;70.0199999999895;1.86000000000013;72.4400000000023;NA;NA;-2359.301081109;-3078.46506998258;8.08547636897576;65.7979988330649;88.3131834777974;10.5722945917433;5133.35010034821;6206.58113442096;1438.32797774715;0.0198019801980198;120;120
121;53.4499999999825;1.80000000000018;55.789999999979;NA;NA;-1928.89381753863;-2577.68531112166;4.88488473994355;48.8341546561607;113.455877827766;11.4315308206334;4383.03902652739;5208.29364029144;1297.58298716608;0.0099009900990099;105;105
122;63.3000000000175;1.81999999999971;65.5500000000175;NA;NA;-2184.83374923675;-2735.54937631127;7.84207821583166;44.9173453875434;81.5273266797368;14.038596296215;4751.86168749033;5536.91067293048;1101.43125414904;0.0099009900990099;118;118
123;55.3999999999942;1.88999999999987;57.789999999979;NA;NA;-2047.80237433178;-2767.57455010865;5.15421692203591;58.7876798220679;115.05198249273;10.0651164242669;4627.69491867944;5581.6980548149;1439.54435155374;0.0297029702970297;104;104
124;52.4700000000012;1.42999999999984;54.1399999999849;NA;NA;-1914.93378693511;-2544.2952337233;5.16148559012908;51.2608572634008;106.349001003346;11.2109277365168;4322.21721520955;5140.49218911846;1258.72289357639;0.0099009900990099;105;105
125;63.5299999999988;1.58999999999969;65.7200000000012;NA;NA;-2036.70863625862;-2753.2218285058;4.98741236230135;51.5129972815884;122.43363554437;11.9724829481336;4646.33080109538;5562.46745652681;1433.02638449435;0.0099009900990099;116;116
126;62.5699999999779;2.03999999999996;65.25;NA;NA;-2169.8709781046;-2864.10704793463;5.91305468911191;52.3902840786345;109.652609875416;12.3021995570206;4850.43256004673;5785.50974735847;1388.47213966005;0.0099009900990099;111;111
127;68.2200000000012;1.57999999999993;70.820000000007;NA;NA;-2192.35095683201;-2967.63952929104;6.14314734891833;63.6304206544097;111.438326552173;10.4271342530738;4907.11669870058;5984.16070700504;1550.57714491806;0.0198019801980198;118;118
128;80.859999999986;1.80999999999995;83.4500000000116;NA;NA;-2344.89907868435;-3014.19183948239;6.11491408117148;37.1943141624695;123.819952878113;20.023753552516;5273.82492479782;6122.83055757558;1338.58552159609;0.0198019801980198;125;125
129;80.6199999999953;2.07999999999993;83.3399999999965;NA;NA;-2323.37628588724;-3148.81737319835;5.81834781542612;54.5236536063073;130.836156512513;13.9657366162487;5263.34751206077;6363.45143472266;1650.88217462222;0.0099009900990099;124;124
130;65.7000000000116;1.77999999999975;68.0400000000081;NA;NA;-2167.69506331458;-2995.02965246282;5.28245932567126;64.2316893948251;127.276169300403;10.3494040845888;4928.73056734701;6038.30651423804;1654.66917829648;0.0198019801980198;112;112
131;69.1000000000058;1.5;71.4400000000023;NA;NA;-2303.94370618304;-3006.62273990862;7.7229580577987;62.3865633213148;90.648628171322;11.13912728633;5031.6743863948;6065.32146972712;1405.35806745116;0.0297029702970297;115;115
132;66.5199999999895;1.52999999999975;68.5599999999977;NA;NA;-2232.94365417511;-2892.93338926781;6.5028202163219;47.9769809770771;104.337593471974;13.7896349973609;4953.6708954483;5850.33402758706;1319.9794701854;0.0198019801980198;115;115
133;37.5599999999977;1.11999999999989;39;NA;NA;-1764.85274574586;-2257.3162043771;4.77790741089361;44.3746470883881;90.389125476757;9.85064523997819;3936.43935240473;4558.95843746406;984.926917262484;0.0099009900990099;81;81
134;68.3999999999942;1.86000000000013;70.8099999999977;NA;NA;-2137.67459482572;-2823.79158830778;5.01710261819149;39.8488225187828;131.75687487187;16.9543540244813;4891.88969963176;5726.91904494733;1372.23398696412;0.0099009900990099;116;116
135;52.2200000000012;1.45000000000027;54.289999999979;NA;NA;-1905.96357540751;-2453.10325251717;5.05187808926603;39.0659159852375;106.100736180858;13.8826067584857;4301.58963445371;4970.27572782608;1094.27935421931;0.0198019801980198;102;102
136;40.8699999999953;1.19000000000005;42.320000000007;NA;NA;-1914.34502625792;-2318.22176038335;8.26183994602672;46.0941659945587;56.8414485944172;10.0857938164999;4086.16810114437;4682.12973346812;807.753468250852;0.0297029702970297;86;86
137;77.9500000000116;1.88000000000011;80.3800000000047;NA;NA;-2240.82212393214;-3075.3869767476;4.97952087161145;49.4438494533237;145.119231397797;14.8072585783449;5164.96387428568;6220.49655540414;1669.12970563092;0.0099009900990099;123;123
138;51;1.36999999999989;52.859999999986;NA;NA;-1920.99891622932;-2500.7610356125;5.89751613066269;54.9225613668263;88.9152855022238;9.55431207822245;4251.46785433211;5045.52130435526;1159.52423876636;0.0099009900990099;100;100
139;64.6600000000035;1.76999999999998;66.7900000000081;NA;NA;-2160.15056648691;-2850.42783594332;4.94589734863044;40.0034560891374;132.44883927958;16.6225439254238;4937.16176024132;5778.27268005667;1380.55453891281;0.0198019801980198;111;111
140;50.3800000000047;1.55000000000018;52.25;NA;NA;-1959.72468374503;-2554.3338615798;5.00141501558601;42.5015462307081;110.46358253761;13.0784751986699;4428.1529644297;5168.8963272227;1189.21835566953;0.0198019801980198;100;100
141;67.1600000000035;1.42000000000007;69.0299999999988;NA;NA;-2195.73170493986;-2913.89536397997;5.04110994527353;42.2575840059598;134.369822623426;16.2142073419262;5017.87328859305;5903.37867960109;1436.32731808023;0.0198019801980198;112;112
142;69.890000000014;1.69000000000005;72.2399999999907;NA;NA;-2084.00130529863;-2825.11812382483;5.09265057755231;49.2835283598196;128.303210982745;13.2984453586057;4772.141023907;5712.8543350451;1482.2336370524;0.0297029702970297;123;123
143;79.6300000000047;1.98000000000002;82;NA;NA;-2312.47994105042;-3020.27172430024;7.28556793277001;54.1697980086608;99.445282736938;13.4378183995581;5095.96777752815;6104.18969092907;1415.58356649964;0.0099009900990099;130;130
144;47.3800000000047;1.63999999999987;49.289999999979;NA;NA;-1926.41681992217;-2418.22191917045;4.91956360211073;31.815758061371;105.95689682077;16.8831921685831;4336.93849937672;4913.5811990835;983.610198496561;0.0099009900990099;93;93
145;61.8600000000151;1.46000000000004;63.859999999986;NA;NA;-2005.35859362035;-2684.36362744742;4.97667713522422;46.037048046531;120.935516661362;14.1801473057519;4576.6204479976;5435.08155526806;1358.01006765414;0.0099009900990099;116;116
146;66.609999999986;1.7199999999998;68.6100000000151;NA;NA;-2119.89133439917;-2813.36490860994;4.90614168316376;41.5521967386722;130.937644308267;15.6720576645074;4851.92285433955;5699.99748853966;1386.94714842155;0.0099009900990099;115;115
147;70.5599999999977;1.59999999999991;72.6600000000035;NA;NA;-2261.66677151116;-3043.35268347168;7.10301218559127;71.9736164620343;98.5072325043242;9.72306833055445;4985.95610924827;6132.36811381298;1563.37182392104;0.0396039603960396;120;120
148;72.2099999999919;1.7199999999998;74.429999999993;NA;NA;-2189.59031920468;-2900.1240065693;5.32309953260257;42.5680967614307;129.018250565098;16.2469755830931;4986.15933431943;5876.6834632297;1421.06737472924;0.0198019801980198;122;122
149;77.4500000000116;1.80000000000018;79.9700000000012;NA;NA;-2236.6772409954;-2906.407178783;5.65243856736866;37.6271397262266;127.950034421912;18.8677461867883;5074.78110659347;5901.50182806376;1339.4598755752;0.0099009900990099;121;121
150;78.5800000000163;1.60999999999967;80.6299999999756;NA;NA;-2303.64331877519;-3110.56856028752;5.33524989676985;47.2584275391228;139.816424965052;15.9630945918895;5266.20312134454;6296.36680951602;1613.85048302466;0.0099009900990099;124;124
151;72.5400000000081;1.7800000000002;75;NA;NA;-2234.56265791214;-3047.26977644195;5.55266727474935;57.303446619588;128.155292261848;12.2728015789163;5072.04414188463;6152.27812138027;1625.41423705963;0.0198019801980198;122;122
152;62.5100000000093;1.30999999999995;64.1900000000023;NA;NA;-2101.09682763316;-2827.52480846863;5.00664774519694;49.0807784748923;126.853791015066;12.9937243801705;4792.9961834156;5715.56594169548;1452.85596167094;0.0099009900990099;111;111
153;87.4700000000012;1.63000000000011;89.6199999999953;NA;NA;-2331.13466463206;-3100.06379354196;5.50248026299135;41.2615979097319;142.00703643147;18.6919045320425;5333.763833679;6288.51413105896;1537.85825781981;0.0396039603960396;128;128
154;46.7399999999907;1.32999999999993;48.3999999999942;NA;NA;-1882.23464789675;-2392.96992800556;5.13757001514149;38.5445804631957;98.9286403779092;13.0762319315518;4216.99189622085;4845.75358088243;1021.47056021762;0.0198019801980198;94;94
155;55.2299999999814;1.63999999999987;57.429999999993;NA;NA;-1972.63898136964;-2574.96912239483;5.10240952650112;42.2899505223042;110.70413508549;13.3905541622824;4458.83439118074;5212.05701899013;1204.66028205038;0.0099009900990099;107;107
156;48.5299999999988;1.38000000000011;50.4799999999814;NA;NA;-1913.04972058227;-2452.54114523592;4.94042948788312;39.0010136765627;104.688265924372;13.3794150654497;4304.40807222735;4966.2112971267;1078.98284930731;0.0099009900990099;93;93
157;62.8800000000047;1.73000000000002;65.0599999999977;NA;NA;-2052.00778721635;-2683.95869347339;4.97551469742018;39.5417463880556;122.077339085289;15.7481782791928;4673.11992894518;5441.33278821193;1263.90181251409;0.0099009900990099;112;112
158;71.6399999999849;1.79999999999973;74.0099999999802;NA;NA;-2162.79106607521;-2943.93737178346;5.15484397474218;50.8873125238442;132.69982026035;13.3384749451503;4949.88112470642;5950.62687430948;1562.2926114165;0.0099009900990099;122;122
159;52.640000000014;1.49000000000024;54.5300000000279;NA;NA;-1981.51263043503;-2580.16966580154;5.23104721811678;45.6842702572077;106.913502957814;12.1781618790933;4455.91204953449;5216.48242797876;1197.31407073301;0.0099009900990099;101;101
160;58.7699999999895;1.48999999999978;60.5400000000081;NA;NA;-2085.32844473678;-2781.81154678158;6.1146445645979;62.748586131327;99.6852430652594;9.63167488182132;4634.47490804085;5608.43759390246;1392.96620408962;0.0198019801980198;110;110
161;56.0200000000186;1.37999999999965;58;NA;NA;-1956.85399901878;-2577.29966974924;5.00750929642843;43.5740637019963;113.823483651167;13.3774993387257;4442.26449831698;5216.7197737547;1240.89134146092;0.0198019801980198;108;108
162;49.2799999999988;1.57999999999993;51.1300000000047;NA;NA;-1913.41392632134;-2399.8642633872;5.76479328616402;36.7889257936197;90.7952907734452;14.1370952582135;4243.10239630945;4864.54370416142;972.900674131727;0.0099009900990099;96;96
163;49.5599999999977;1.26999999999998;51.1100000000151;NA;NA;-1910.8099168434;-2442.74988538889;5.33599778169201;41.2904499976847;98.6568580822981;12.8482319588082;4275.95145517066;4944.66806553714;1063.87993709098;0.0099009900990099;100;100
164;69.4400000000023;2.01999999999998;71.8600000000151;NA;NA;-2217.11731955665;-2973.64930680695;5.47317956597212;50.112447337232;125.196355906692;13.5634153848332;5019.53400766905;6010.70827440403;1513.06397450061;0.0198019801980198;115;115
165;54.7000000000116;1.87999999999965;56.9800000000105;NA;NA;-2049.98771634512;-2755.65509064776;4.97281666380652;54.2090332543318;118.287797059804;10.9026343948367;4646.45909187669;5561.67980256634;1411.33474860528;0.0198019801980198;103;103
166;53.6700000000128;1.32000000000016;55.429999999993;NA;NA;-1913.65252038818;-2617.65422167564;4.97516778737601;66.1097997712804;109.104403658255;8.313876227519;4333.4403159104;5273.87651109882;1408.00340257492;0.0297029702970297;107;107
167;57.5500000000175;1.54999999999973;59.5299999999988;NA;NA;-2046.10306027084;-2672.10487309781;4.9987909696464;41.0309051001479;118.544683880883;14.6119171598347;4640.44926797848;5411.78665636598;1252.00362565394;0.0099009900990099;104;104
168;60;1.61000000000013;62.109999999986;NA;NA;-2262.89892637404;-2840.37537502541;9.17157999623392;59.5985291741574;67.051068755382;10.2973090051192;4837.77476022858;5728.6623296635;1154.95289730275;0.0297029702970297;110;110
169;69.140000000014;1.7199999999998;71.1900000000023;NA;NA;-2401.79133486341;-3074.77531949093;10.1053756376077;73.7468644345371;67.2496890411485;9.15003110803679;5118.55815935895;6192.4063840343;1345.96796925505;0.0198019801980198;117;117
170;62.9700000000012;1.82999999999993;65.3600000000151;NA;NA;-2147.68236589335;-2846.51213988137;5.33188921105627;46.0050137540881;122.203478866367;14.0843969690979;4866.13860403405;5758.80805180341;1397.65954797605;0.0099009900990099;114;114
171;51.8699999999953;1.46000000000004;53.6499999999942;NA;NA;-1954.53478935566;-2590.28477816195;4.90271247168535;49.5849487554291;111.099139303485;11.1371568518845;4423.41029534352;5232.12975087047;1271.49997761259;0.0099009900990099;105;105
172;60.9900000000198;1.92000000000007;63.3699999999953;NA;NA;-2233.32334475839;-2706.37441299761;7.95766407936904;36.174253166475;80.1093335052105;17.7220339376119;4839.38142128455;5495.20635344033;946.102136478438;0.0198019801980198;110;110
173;60.1900000000023;1.44000000000005;61.9900000000198;NA;NA;-2103.06165364441;-2823.08022280782;5.39743141807256;54.8893810749207;117.026146986053;11.4909387564725;4751.15505561644;5699.67777145832;1440.03713832682;0.0198019801980198;111;111
174;48.5899999999965;1.19000000000005;50.1000000000058;NA;NA;-2059.76665304674;-2573.32238505834;7.40322257609937;48.6960747780596;74.4894967310205;11.0142181940077;4461.81767085809;5197.25586085243;1027.11146402319;0.0099009900990099;98;98
175;49.8099999999977;1.55000000000018;51.7700000000186;NA;NA;-1980.76216763409;-2568.03494429696;5.25231719987821;44.807559907751;103.879357126965;12.1238246541121;4438.85713152471;5191.77969739066;1174.54555332573;0.0099009900990099;98;98
176;67;1.38999999999987;68.9700000000012;NA;NA;-2162.90804751712;-2845.45917685874;6.21351502648535;52.3051364123513;104.849656668431;12.4692287712755;4816.89750251396;5749.32013212815;1365.10225868324;0.0198019801980198;117;117
177;69.429999999993;1.66000000000031;71.4100000000035;NA;NA;-2136.00401933235;-2975.81187822141;5.16614236494445;65.7836961708324;128.804714521235;10.0815207889936;4877.45207029326;5999.0117469688;1679.61571777811;0.0099009900990099;121;121
178;26.0499999999884;0.679999999999836;26.8999999999942;NA;NA;-1677.74320241057;-2022.51597213271;6.18875004844982;36.4350097022466;62.1607019660273;11.8942592546354;3634.02475000246;4098.32940045815;689.545539444282;0.0099009900990099;78;78
179;67.0599999999977;1.86999999999989;69.3899999999849;NA;NA;-2158.658187495;-2799.97634577764;5.74448083393433;41.0186202188599;113.444179350048;16.2381425644103;4847.1783243569;5675.79592937118;1282.63631656528;0.0198019801980198;114;114
180;59.6700000000128;1.5;61.5;NA;NA;-2053.73032656266;-2724.46287455593;5.20481315634724;45.7807312685405;118.630010394569;13.4915942641546;4658.88367065828;5511.63817403474;1341.46509598653;0.0099009900990099;109;109
181;69.0899999999965;1.78999999999996;71.3899999999849;NA;NA;-2162.61105476354;-2916.39924680486;5.77284835262282;57.5349370706479;116.380911817934;11.5083528848239;4871.29843709752;5886.79737522667;1507.57638408264;0.0297029702970297;119;119
182;38.3899999999849;0.9699999999998;39.679999999993;NA;NA;-1738.90875468525;-2161.46632107993;4.77833611024199;33.8347373086062;88.5282336414928;12.8443631072046;3877.25737733827;4380.88647781921;845.115132789348;0.0099009900990099;83;83
183;55.4400000000023;1.5300000000002;57.5499999999884;NA;NA;-2225.7077778705;-2851.55861143854;8.68684427325554;70.0434927830387;69.9212975596869;8.65688785145967;4774.44842553198;5743.11160833208;1251.70166713609;0.0099009900990099;103;103
184;78.6499999999942;2.09000000000015;81.3699999999953;NA;NA;-2258.43034229093;-3092.26623497312;5.16566760762001;50.5163036841729;142.728404791862;14.6214229971817;5189.50053105563;6253.43922844603;1667.67178536439;0.0099009900990099;124;124
185;69.0499999999884;1.82000000000016;71.5299999999988;NA;NA;-2208.91822998518;-2939.92481661528;5.07140658486442;42.9327474097374;135.477859450758;16.1979221732544;5052.3703250817;5955.71538874985;1462.01317326021;0.0099009900990099;117;117
186;50.7900000000081;1.73999999999978;53.1999999999825;NA;NA;-1982.24719702873;-2562.82865277556;5.40816035448765;44.251116629959;103.227575944954;12.6844311794933;4439.35621326719;5184.00752844841;1161.16291149366;0.0198019801980198;99;99
187;70.359999999986;1.94000000000005;72.9100000000035;NA;NA;-2191.63667313917;-2776.6557672867;5.82699853385381;33.3992365431843;115.338386084292;20.1244666386303;4925.89381173327;5647.98901208297;1170.03818829507;0.0198019801980198;122;122
188;66.8099999999977;1.48000000000002;68.7400000000198;NA;NA;-2182.09608820222;-2919.01231280543;5.64918193903711;52.4847960564315;119.304104375723;12.706768986312;4922.97347675921;5897.53896448992;1473.83244920642;0.0099009900990099;117;117
189;42.6499999999942;0.800000000000182;43.8099999999977;NA;NA;-1826.7045582276;-2330.34209021826;5.16045354194229;43.9472300419981;91.6518996810518;10.8582322647761;4069.62362668478;4709.99416571527;1007.27506398132;0.0099009900990099;88;88
190;85.0299999999988;1.67999999999984;87.6600000000035;NA;NA;-2325.58306911757;-3007.24048309993;5.53028939246351;34.1083532692018;137.120083229925;22.067416891701;5295.69639721322;6118.20842602305;1363.31482796472;0.0099009900990099;121;121
191;69.2799999999988;1.55000000000018;71.7099999999919;NA;NA;-2053.8454617091;-2806.70325278192;4.98862801074004;54.261528202338;125.641054016051;11.8226155453296;4698.26423095811;5668.97847780698;1505.71558214564;0.0099009900990099;121;121
192;82.1100000000151;1.90999999999985;84.679999999993;NA;NA;-2375.74954331713;-3153.0378924685;7.27231433550058;62.1142286783715;103.89868081117;11.7099348162562;5241.56235417589;6361.30852585296;1554.57669830274;0.0396039603960396;125;125
193;57.8699999999953;1.4699999999998;59.7300000000105;NA;NA;-2034.19685207379;-2641.4234458582;4.9171532262819;38.6278759642313;118.814587037598;15.289203322307;4617.88509445193;5353.55610175271;1214.45318756881;0.0198019801980198;104;104
194;63.0899999999965;1.66000000000031;65.1499999999942;NA;NA;-2150.19839358678;-2825.886285486;7.19942613442969;63.5295581604696;88.6897873745406;10.0156709676136;4715.02608026856;5698.59634511904;1351.37578379845;0.0198019801980198;115;115
195;48.7999999999884;1.32000000000016;50.609999999986;NA;NA;-1936.38697377854;-2583.82350290864;5.01476487505743;57.2257323425621;106.010841902205;9.28649726406708;4359.35741296206;5210.27147647653;1294.87305826019;0.0297029702970297;97;97
196;60.1399999999849;1.2199999999998;62.2400000000198;NA;NA;-2116.01193712999;-2837.37222246945;4.93658105912416;47.4360770195836;127.97204435127;13.4548868654911;4826.2813484312;5737.22423983847;1442.72057067892;0.0198019801980198;108;108
197;69.3300000000163;2.03999999999996;72.2600000000093;NA;NA;-2188.40275254588;-2906.18868549616;5.96367631018936;51.6337037355265;113.491224010604;13.5534946634137;4909.32299314976;5875.97235814211;1435.57186590055;0.0099009900990099;119;119
198;64.4700000000012;1.55999999999995;66.4199999999837;NA;NA;-2157.09923080612;-2897.88224189489;5.17633349028438;49.4683265073317;127.752973294554;13.5217098988398;4912.00319387479;5859.0377052057;1481.56602217753;0.0099009900990099;116;116
199;73.8600000000151;1.37999999999965;76.25;NA;NA;-2310.40521261116;-3007.75790123985;7.46921661477784;56.5901948276328;95.8154368640852;12.2245793441516;5072.36231383245;6073.1268938756;1394.70537725737;0.0099009900990099;124;124
200;53.4700000000012;1.10999999999967;55.0799999999872;NA;NA;-2026.34256326474;-2691.42330161932;4.93753934386651;48.6685812683544;116.695414784685;11.9130681728823;4590.6679505305;5437.76757909694;1330.16147670917;0.0198019801980198;101;101
201;58.0599999999977;1.44999999999982;60.3000000000175;NA;NA;-2109.261394703;-2718.25440847731;8.03636161815076;64.2014487193263;73.8356045561383;9.02662434978215;4561.72980532295;5478.46690513601;1217.98602754862;0.0198019801980198;109;109
202;79.3399999999965;1.63999999999987;81.539999999979;NA;NA;-2181.17522131847;-3066.33740434762;5.20585926258252;64.2383737126919;136.324298627238;11.0118805421579;5008.03035047003;6184.83095462907;1770.32436605829;0.0198019801980198;130;130
203;52.5800000000163;1.2800000000002;54.4200000000128;NA;NA;-2087.65158360474;-2651.52819672428;8.20184525890877;62.7271017340384;67.7380828617141;8.81529816943836;4487.58557502816;5343.69619932572;1127.75322623906;0.0099009900990099;101;101
204;75.2900000000081;1.61000000000013;77.75;NA;NA;-2242.22150794691;-2992.79634237487;5.18779101602677;42.5174858850399;139.117711283674;17.0202977581187;5138.93559041801;6065.66630295473;1501.14966885593;0.0099009900990099;122;122
205;61.75;1.41999999999962;63.8299999999872;NA;NA;-2051.93627240797;-2698.59252936136;5.02082869215056;41.2801420864038;121.254978554928;15.248954870057;4670.74577262248;5468.4747028337;1293.31251390677;0.0099009900990099;115;115
206;50.6999999999825;1.37000000000035;52.320000000007;NA;NA;-1977.38222733914;-2592.0214057362;6.92984002179443;69.6234259284563;79.0791131171552;7.58065741365573;4320.10597067281;5219.06506656063;1229.27835679413;0.0099009900990099;103;103
207;53.539999999979;1.05999999999995;55.1600000000035;NA;NA;-2039.1040616227;-2600.03426010912;5.8251349125944;40.7564435296593;99.6268750707857;13.9655511845693;4537.9932749824;5264.52053746685;1121.86039697284;0.0297029702970297;102;102
208;60.0099999999802;1.61000000000013;62.25;NA;NA;-2134.9713287497;-2785.65823783107;6.08734634938134;51.5807625830645;102.550381388101;11.9233689949452;4746.62339423791;5626.7393833099;1301.37381816275;0.0297029702970297;109;109
209;61.4700000000012;1.69000000000005;63.9700000000012;NA;NA;-2140.65881643441;-2773.51322841492;6.0912238587442;46.4527772643761;105.065065360841;13.5525987970918;4769.20309786607;5609.95999180963;1265.70882396102;0.0198019801980198;108;108
210;35.75;1.15000000000009;37.109999999986;NA;NA;-1696.36565099909;-2041.01437468729;5.64639673318991;30.7731591268841;72.8328989321546;13.1196462908605;3717.66283706589;4140.55980980656;689.297447376387;0.0198019801980198;75;75
211;59.1699999999837;1.30000000000018;61.1100000000151;NA;NA;-2136.17695794792;-2830.31700153131;6.60088910260785;64.8385806762642;91.7604795537712;9.35826916708591;4700.12608784431;5704.26070539406;1388.28008716679;0.0396039603960396;112;112
212;75.5500000000175;1.92000000000007;78.2099999999919;NA;NA;-2224.69736129414;-2976.93131912653;5.10814570953363;42.2878498012785;139.345409132389;16.9004538479293;5105.52728334361;6033.44142115099;1504.46791566478;0.0099009900990099;123;123
213;44.9500000000116;1.19000000000005;46.5899999999965;NA;NA;-1944.35183678388;-2327.62045799468;7.72391607050008;36.187569635804;64.4086616980363;13.6093906027313;4183.3238661662;4717.49343257358;766.5372424216;0.0297029702970297;94;94
214;70.3800000000047;1.4699999999998;72.359999999986;NA;NA;-2290.30624833815;-3065.96719345292;5.96911573559151;53.5516494056588;119.483407728549;13.2798838095455;5141.74612412212;6194.30111644405;1551.32189022955;0.0495049504950495;120;120
215;68.9900000000198;1.75;71.5299999999988;NA;NA;-2218.67261454179;-3029.18125660062;5.20137396971352;55.0044858619313;133.056419259182;12.5085452500454;5061.66548619237;6117.05444426361;1621.01728411766;0.0297029702970297;119;119
216;77.6399999999849;1.59999999999991;80.0899999999965;NA;NA;-2283.57780992657;-3161.69484356684;5.6799083243062;65.185240065872;130.883236963943;11.1532551082838;5183.44254285832;6375.90676595615;1756.23406728053;0.0198019801980198;123;123
217;57.6300000000047;1.34000000000015;59.789999999979;NA;NA;-2082.92583554529;-2612.39315792832;5.2265363880487;30.1402165934505;115.144298185606;20.2799308712926;4698.36878092664;5318.57654555476;1058.93464476607;0.0396039603960396;104;104
218;57.4800000000105;1.59999999999991;59.609999999986;NA;NA;-2021.00609170197;-2674.19994898381;4.95887738094691;44.8841571925246;118.423386414088;13.2574454689024;4591.92902539849;5409.96284398642;1306.38771456369;0.0099009900990099;108;108
219;70.929999999993;1.7800000000002;73.4799999999814;NA;NA;-2325.76778811278;-3032.78526159647;6.41787438612143;47.1500247182506;112.481426794626;15.1464824554771;5179.31494746802;6136.64004297671;1414.03494696739;0.0099009900990099;119;119
220;39.6499999999942;1.05999999999995;41.3299999999872;NA;NA;-1745.54658961041;-2196.11505369163;4.70600890822901;35.8826460999199;91.4510518905266;12.5913179752832;3905.87300559128;4449.33852303948;901.136928162437;0.0099009900990099;87;87
221;64.9200000000128;1.75;67.3299999999872;NA;NA;-2115.07128123528;-2892.51020118046;5.09446458685613;58.1889929790927;125.422173781532;10.9806592098012;4817.04059766838;5836.40308152446;1554.87783989037;0.0099009900990099;116;116
222;58.8399999999965;1.30999999999995;60.7699999999895;NA;NA;-2209.95378207925;-2894.46072741334;8.99776409522297;83.943629646101;71.4874484292696;7.90025291859103;4753.4879436956;5825.78623913397;1369.01389066819;0.0099009900990099;113;113
223;68.8399999999965;1.46000000000004;71.25;NA;NA;-2122.38332955496;-2798.21458657392;5.03177033334348;39.6569288505054;129.401756835159;16.7058630418302;4850.28667640756;5674.60225769837;1351.66251403793;0.0198019801980198;116;116
224;59.3600000000151;1.75999999999976;61.6000000000058;NA;NA;-2122.18682918987;-2709.72007068068;5.74730285263996;38.4896791917247;108.284753560987;16.1767116135277;4746.1981942541;5494.40795105269;1175.06648298162;0.0297029702970297;106;106
225;78.4100000000035;1.57000000000016;81;NA;NA;-2291.79736704729;-3168.93110508558;5.20934566543565;55.9078913771701;142.999699835293;13.4761380246146;5258.08741881038;6401.42567587277;1754.26747607657;0.0297029702970297;125;125
226;66.179999999993;1.57999999999993;68.3300000000163;NA;NA;-2193.00440485362;-2776.52779746507;6.29463188260983;37.7060485819843;105.132324941812;17.2574565073395;4876.58557005147;5633.5837018643;1167.0467852229;0.0198019801980198;113;113
227;59.3099999999977;1.19000000000005;61.0099999999802;NA;NA;-2028.20099463012;-2778.01402617219;5.06140623345963;61.8224800901378;118.142579074774;9.6847032767419;4605.55929975746;5601.04506184316;1499.62606308413;0.0198019801980198;109;109
228;66.8500000000058;1.61999999999989;68.9100000000035;NA;NA;-2231.94695054513;-3012.04083469941;6.3006281702245;65.3864716237842;108.474883689687;10.3165325583097;4971.01953160822;6072.31198687359;1560.18776830857;0.0099009900990099;115;115
229;64.289999999979;1.7199999999998;66.6900000000023;NA;NA;-2255.85132111022;-2920.89664687354;6.44900442854255;47.9137590570976;104.453092255607;13.9612348813503;4999.10991334332;5906.9403109208;1330.09065152665;0.0198019801980198;113;113
230;52.9100000000035;1.36000000000013;54.75;NA;NA;-2143.54778881099;-2717.8494743807;7.78022742027189;57.5518466490809;73.6262070573981;9.92988805871771;4626.52309382994;5481.47717603537;1148.60337113942;0.0198019801980198;101;101
231;85.8000000000175;1.23000000000002;87.8099999999977;NA;NA;-2308.5649483692;-3096.94303679278;5.65289045958683;46.1754471785812;134.97261928567;16.5110401337747;5256.40777498856;6272.08817679941;1576.75617684716;0.0099009900990099;130;130
232;75.3800000000047;1.90000000000009;78.2000000000116;NA;NA;-2409.71718209129;-3319.19967004092;6.82490209328963;78.8210021988121;113.45484055205;9.54435528439256;5353.19350958519;6683.30167210425;1818.96497589928;0.0198019801980198;122;122
233;37.1699999999837;1.05000000000018;38.7200000000012;NA;NA;-1743.84440307208;-2215.47393069239;5.0039234149958;45.5799183351475;84.9052562211;9.44828758247153;3868.68492816493;4473.34524746985;943.259055240614;0.0198019801980198;79;79
234;48.5400000000081;1.55000000000018;50.6399999999849;NA;NA;-1928.53147376621;-2491.34479797204;5.34018399773766;44.8747640442071;98.7251448306524;11.6465524134363;4310.20549627871;5036.14657950977;1125.62664841167;0.0099009900990099;97;97
235;56.8300000000163;0.980000000000018;58.539999999979;NA;NA;-2032.20690283116;-2625.66884587037;5.43729320869937;41.6930737872909;107.04051910259;13.9384842036575;4560.47218001282;5315.93287376102;1186.92388607842;0.0099009900990099;106;106
236;75.4100000000035;1.80000000000018;77.8099999999977;NA;NA;-2222.76916825658;-2986.380829424;5.12161361106311;43.9782586922499;138.60472907579;16.2369674255476;5098.74442973641;6049.28203537885;1527.22332233485;0.0198019801980198;124;124
237;53.0799999999872;1.48000000000002;54.9400000000023;NA;NA;-2004.11515557308;-2644.34265676178;5.09732255383879;47.9772439225975;112.648226622987;12.0882891438308;4528.65943922157;5344.53259996246;1280.4550023774;0.0099009900990099;103;103
238;68.3699999999953;1.48999999999978;70.4400000000023;NA;NA;-2174.00587564079;-2915.12701759984;5.2352702659875;47.8443902021986;129.66398746738;14.1976896342434;4955.31534662168;5896.75135746171;1482.2422839181;0.0099009900990099;117;117
239;77.7700000000186;1.82999999999993;80.609999999986;NA;NA;-2244.6503882126;-3022.77464757717;5.77042574982015;51.7059054223519;125.173664953035;13.7461236132214;5080.70611704658;6110.49531172062;1556.24851872915;0.0198019801980198;127;127
240;59.609999999986;1.42999999999984;61.6900000000023;NA;NA;-2237.8722195521;-2697.15825184998;11.2068624652459;51.1344017528687;53.9090285569436;11.5956457732014;4726.57372977264;5448.26901744378;918.572064595749;0.0198019801980198;110;110
241;88.3299999999872;1.62999999999965;90.8299999999872;NA;NA;-2606.99595257784;-3430.43471520442;8.81955287423422;68.5792445330999;94.2933795174185;11.8865379237438;5660.59857182597;6917.16826185959;1646.87752525317;0.0396039603960396;130;130
242;44.9700000000012;1.06999999999971;46.7699999999895;NA;NA;-1925.99554824274;-2457.6545854056;5.58401464463596;40.9896878457087;96.5915254169216;14.4678459239258;4297.76789254349;4982.07931419584;1063.31807432573;0.0099009900990099;102;102
243;53.820000000007;1.2199999999998;55.6399999999849;NA;NA;-2043.8594566688;-2611.19447647005;7.34385762965696;56.9825013471481;78.0584986208236;10.0853201651141;4448.72233894101;5269.03134540525;1134.67003960249;0.0099009900990099;104;104
244;50.8399999999965;1.2199999999998;52.3800000000047;NA;NA;-1997.05933820034;-2616.44072431215;4.82333874283944;43.2505670764083;115.072070621956;13.0139411459392;4524.04514526882;5292.81286239179;1238.76277222364;0.0099009900990099;100;100
245;70.0299999999988;1.67000000000007;72.2600000000093;NA;NA;-2352.53028249477;-3060.2202517188;7.48852869958508;56.7209539578969;94.9708597864138;12.4970669696035;5150.27706128024;6179.02584616936;1415.37993844806;0.0198019801980198;118;118
246;67.0899999999965;1.34000000000015;68.9899999999907;NA;NA;-2209.80301862324;-2922.66390698618;7.06125272054796;63.7233010853488;94.8852697818408;10.3697199364716;4865.61238485894;5894.07047893252;1425.72177672589;0.0198019801980198;121;121
247;66.2200000000012;1.54999999999973;68.4799999999814;NA;NA;-2178.73458439159;-2918.1756162044;5.30702020595803;48.8335633252724;127.860827797309;13.8821660963449;4954.66673195917;5901.19044788364;1478.88206362562;0.0198019801980198;114;114
248;57.0200000000186;1.25;58.679999999993;NA;NA;-2069.10259906882;-2727.99781939249;6.2301518843082;57.5494269861902;94.6179606243036;10.2851339770846;4578.0139883985;5503.80360571098;1317.79044064734;0.0099009900990099;109;109
249;38.2000000000116;1.26999999999998;39.9899999999907;NA;NA;-1723.92311424476;-2195.67133910302;5.68606092043519;51.4619574669355;76.4229796625279;8.24825238424853;3793.12475327583;4428.60822880187;943.49644971652;0.0099009900990099;84;84
250;41.5200000000186;1.19000000000005;43.1399999999849;NA;NA;-1888.82234383196;-2361.62242608036;6.37970023118363;46.0693394730496;74.5936542172854;10.2652740084729;4115.53594488681;4769.7440668306;945.600164496801;0.0198019801980198;86;86
