1;67.429999999993;1.55000000000018;70.2200000000012;NA;NA;-2306.55632589276;-2949.3953027306;6.97067065662707;45.7126135968213;97.901280270188;15.0275752965443;5071.6501428637;5969.17484001308;1285.67795367569;0.0099009900990099;117;117
2;47.4599999999919;1.60999999999967;50.359999999986;NA;NA;-1958.02511297642;-2518.9662134414;5.63427285518345;46.1619168121265;94.7390718407988;11.5544231343914;4351.86369529706;5091.08444890104;1121.88220092995;0.0198019801980198;99;99
3;57.5899999999965;1.5;60.6700000000128;NA;NA;-2099.9995676873;-2790.6677050983;5.37342518325093;50.6177402398711;116.740019060206;12.1492545562158;4742.63698361321;5637.80829244522;1381.33627482202;0.0099009900990099;109;109
4;56.5199999999895;1.42999999999984;59.460000000021;NA;NA;-2101.09760933294;-2785.93295100656;5.20871724198539;47.9456995140802;119.879782279938;12.921338136653;4758.31746994839;5631.8079833005;1369.67068334723;0.0198019801980198;107;107
5;52.7999999999884;1.62000000000035;55.5599999999977;NA;NA;-1986.06376092982;-2594.77963190493;5.12878792830992;44.7709530394976;110.012904623482;12.6536661431785;4481.43944414432;5248.1402371001;1217.43174195021;0.0198019801980198;105;105
6;66.859999999986;1.55999999999995;70.320000000007;NA;NA;-2216.0137640104;-2861.66224620211;5.43477936942004;36.4496046092028;127.247474265063;19.2772962550651;5026.91597983137;5813.44683856867;1291.2969643834;0.0198019801980198;115;115
7;62.5299999999988;1.5600000000004;65.4899999999907;NA;NA;-2153.71738343506;-2807.05971295778;6.02230425093521;47.0242115243481;106.590205523414;13.6040857098715;4804.81440476022;5677.5998854097;1306.68465904544;0.0099009900990099;113;113
8;83.0599999999977;1.7800000000002;86.6699999999837;NA;NA;-2363.79331109244;-3122.15644776402;5.50345003204741;39.2661170569482;142.967165227573;19.9150250198362;5402.49544286464;6338.32627285528;1516.72627334316;0.0099009900990099;126;126
9;78.5400000000081;1.80000000000018;82.25;NA;NA;-2294.81250387518;-3006.09435372735;5.07959114068371;34.8902874556783;145.78326932909;21.8824943172617;5275.47633742894;6115.13699427285;1422.56369970435;0.0099009900990099;122;122
10;54.7999999999884;1.67000000000007;57.8800000000047;NA;NA;-2023.99616425257;-2669.21867344122;5.50314265764839;49.951750758836;106.499731485394;11.6459381292827;4543.03066751226;5392.57068400255;1290.44501837731;0.0099009900990099;109;109
11;67.9200000000128;1.76999999999998;71.1100000000151;NA;NA;-2237.24104241555;-2999.71820407001;5.19860600386133;47.009763933108;134.895566243748;14.8862878494964;5106.86270666875;6069.22224491176;1524.95432330892;0.0099009900990099;118;118
12;52.6199999999953;1.13000000000011;55.3000000000175;NA;NA;-1984.28210846871;-2537.17074237036;5.45321619065973;40.1148373959418;103.438261742418;13.9671847964245;4446.44377156556;5138.86917437404;1105.77726780331;0.0198019801980198;103;103
13;47.2799999999988;1.37000000000035;49.390000000014;NA;NA;-1897.99270350144;-2425.97536172065;4.95768890514715;38.6266607166595;102.594702352785;13.3520186979812;4265.82026138306;4913.09660735913;1055.96531643842;0.0099009900990099;95;95
14;65.7700000000186;1.44000000000005;68.6699999999837;NA;NA;-2226.70827063105;-2925.62014646653;6.4714878472426;53.3115705469761;103.203205839039;12.410192852907;4937.2256782222;5909.41837611236;1397.82375167097;0.0099009900990099;118;118
15;58.1000000000058;1.39000000000033;60.6600000000035;NA;NA;-2082.25220171925;-2752.7397761351;5.15753359215627;46.0670916479675;119.023136907203;13.3385301126842;4718.83683316212;5567.60175807353;1340.97514883171;0.0099009900990099;111;111
16;72.5800000000163;1.53999999999996;75.5899999999965;NA;NA;-2258.82688729503;-2969.59823847238;5.74963368243325;42.861974891271;125.550540955392;16.7752894875621;5108.83075310833;6018.18590126392;1421.54270235469;0.0099009900990099;123;123
17;80.9300000000221;2.02999999999975;84.7900000000081;NA;NA;-2269.86595906794;-3021.87289118591;5.32639999681841;41.2959044760376;139.453208094884;18.3393103215265;5199.15038930389;6130.46504928368;1504.01386423593;0.0099009900990099;128;128
18;58.75;1.25;61.359999999986;NA;NA;-2091.3776383911;-2722.77831066459;5.35705019023145;41.8957916407271;114.982020196884;14.7852216390659;4717.74652662718;5514.34967428106;1262.80134454698;0.0099009900990099;110;110
19;51.3199999999779;1.51999999999998;53.9500000000116;NA;NA;-2052.32612782213;-2628.60348034607;5.6519410271728;42.7956002238053;101.065704306155;13.4501872834843;4570.07702394086;5319.147362166;1152.55470504787;0.0297029702970297;100;100
20;48.8000000000175;1;50.4899999999907;NA;NA;-1893.65891238528;-2455.05861724124;5.16852542113791;45.1329475535986;100.835816559114;11.7517997764674;4251.17720395713;4964.17721767746;1122.79940971192;0.0099009900990099;99;99
21;49.0899999999965;1.42000000000007;51.7600000000093;NA;NA;-1890.6049126659;-2446.71718393156;5.69125190071675;49.8810593860189;91.232769917476;10.2384554734665;4201.80615546354;4940.63513576978;1112.22454253132;0.0198019801980198;101;101
22;44.7799999999988;1.26999999999998;46.8399999999965;NA;NA;-1863.55573563898;-2377.67516473563;5.00198879333909;38.8626753491866;99.4946988244392;13.8416555948422;4181.69129235459;4818.5912598731;1028.2388581933;0.0099009900990099;93;93
23;67.0599999999977;1.67000000000007;69.7200000000012;NA;NA;-2090.31696031166;-2716.59949943093;5.17347332853718;36.1778913453718;124.810812493262;18.2636529088051;4765.73794897911;5518.8176778526;1252.56507823855;0.0099009900990099;118;118
24;64.0599999999977;1.68000000000029;67.4100000000035;NA;NA;-2153.52234822853;-2834.37920092722;6.46493585802868;56.8110212752028;98.120803535915;11.0641280655821;4767.02790037595;5720.62623102802;1361.71370539738;0.0099009900990099;118;118
25;67.5200000000186;1.39000000000033;69.8899999999849;NA;NA;-2112.0676725977;-2851.18650259902;5.0884534895926;48.8892621363886;128.31127683979;13.4619917132781;4827.25998269059;5765.65083293077;1478.23766000264;0.0099009900990099;121;121
26;46.6700000000128;1.43000000000029;49.0799999999872;NA;NA;-1928.887019573;-2483.6492316763;5.21816241734772;43.4747450572792;100.416357549573;12.0218334995104;4316.56481279915;5022.22483617236;1109.52442420661;0.0396039603960396;93;93
27;50.6499999999942;1.12000000000035;52.3999999999942;NA;NA;-1986.58485284288;-2581.13124736665;5.68397729074151;46.6350701129844;100.71905070689;12.9473671517073;4441.79785057846;5222.50433187299;1189.09278904753;0.0099009900990099;110;110
28;53.4200000000128;1.05999999999995;55.7300000000105;NA;NA;-2031.17594141432;-2594.76356901718;5.32551680378077;37.8438548611764;109.240979958191;15.4227726178122;4567.56744138998;5260.85407674963;1127.17525520573;0.0099009900990099;104;104
29;56.640000000014;1.53999999999996;59.6199999999953;NA;NA;-1962.46454651195;-2519.76922847637;5.68040500937176;43.0136566314976;97.8656241846798;12.7963432475092;4376.1038454222;5098.53145929034;1114.60936392883;0.0198019801980198;101;101
30;50.7999999999884;1.32999999999993;53.0200000000186;NA;NA;-1914.35678315054;-2467.96295313132;4.99618265999101;41.6841003921726;103.786440512516;12.5416853870085;4305.08716149632;4993.49149699023;1107.21233996156;0.0099009900990099;97;97
31;66.7799999999988;1.62999999999965;69.75;NA;NA;-2102.3073654151;-2827.33859980182;5.25304324573448;51.837993653296;121.756732606466;12.2494303950727;4774.36077321114;5711.99694151534;1450.06246877345;0.0099009900990099;116;116
32;57;1.75;59.9700000000012;NA;NA;-2072.61654884716;-2647.73811367739;6.35333300700999;44.6689439521897;93.5905499423976;13.3172495541934;4580.69357405077;5357.43906268586;1150.24312966046;0.0297029702970297;110;110
33;56.1199999999953;1.61000000000013;58.8800000000047;NA;NA;-1964.01127514154;-2626.38448737034;5.36710353109244;55.847728243622;105.980094658273;10.0897931481281;4422.08421490972;5299.80592082548;1324.7464244576;0.0099009900990099;112;112
34;32.2200000000012;0.710000000000036;33.359999999986;NA;NA;-1794.94636663518;-2224.97152510976;5.30311215724976;34.3199696755177;85.9639286364347;15.006118559638;3983.11172810248;4518.5845251957;860.050316949159;0.0099009900990099;94;94
35;63.109999999986;1.88999999999987;66.0800000000163;NA;NA;-2155.76317221942;-2752.68306040118;6.05562439806229;39.0070144073653;106.486952188241;16.6482298204885;4809.81927884726;5583.26951759873;1193.83977636352;0.0099009900990099;116;116
36;59.1000000000058;1.42000000000007;61.6100000000151;NA;NA;-2076.69350418173;-2751.39003377055;5.50981934242411;49.8769469454977;112.730581295032;12.3185780536763;4679.91596648603;5560.31625686651;1349.39305917764;0.0297029702970297;114;114
37;114.329999999987;2.0300000000002;118.550000000017;NA;NA;-2690.61754887842;-3429.54228441955;8.07872798212409;41.8607645675186;112.873934657263;22.4064401412467;5922.00869671053;6966.43274724463;1477.84947108226;0.0099009900990099;145;145
38;65.039999999979;1.61999999999989;68.1600000000035;NA;NA;-2126.96037944586;-2784.88704847721;5.45889784607178;42.9204539273282;118.699965669622;15.2509905237414;4808.84917075219;5641.07325785052;1315.85333806272;0.0099009900990099;115;115
39;72.5299999999988;1.66000000000031;75.4100000000035;NA;NA;-2239.84370770754;-3048.67706022854;5.54074605592074;55.7838210052091;128.765586265158;12.6096711162692;5085.47742796749;6156.67752390181;1617.66670504199;0.0099009900990099;122;122
40;66.1600000000035;1.65999999999985;68.8299999999872;NA;NA;-2138.52290051485;-2822.78153076506;5.34889785061568;43.9489473626463;122.871780085118;15.0277937832281;4852.53692442512;5715.94831940198;1368.51726050042;0.0099009900990099;117;117
41;47.5799999999872;1.48000000000002;49.8999999999942;NA;NA;-1903.00381149409;-2424.15845912056;5.11686823183561;37.785747847852;101.72682368217;13.916473551593;4272.92769930992;4912.19270495732;1042.30929525295;0.0297029702970297;97;97
42;63.8600000000151;1.61000000000013;66.7200000000012;NA;NA;-2131.27174477551;-2758.25960684387;5.6244562053702;40.8010511949438;113.66866306486;15.8104196220635;4792.95318523581;5590.29504278853;1253.97572413672;0.0198019801980198;113;113
43;59.2200000000012;1.38999999999987;62.0200000000186;NA;NA;-2107.23524358927;-2801.49960259531;5.47537817855713;51.4010951484711;114.734257316473;12.0455344879146;4747.78503527159;5658.98996969474;1388.52871801208;0.0198019801980198;109;109
44;84.8300000000163;1.78999999999996;88.1399999999849;NA;NA;-2361.12202150143;-3116.95168910405;5.17955317173909;36.4323337111024;150.562697134853;21.7444006356326;5432.40943443729;6336.46610511702;1511.65933520525;0.0099009900990099;125;125
45;49.6499999999942;1.57999999999993;52;NA;NA;-1990.79280623753;-2476.36987422055;6.88849220693961;42.9760962035184;76.6542252050973;12.6002781437848;4334.97273247063;5010.82886215221;971.154135966046;0.0099009900990099;101;101
46;86.6199999999953;1.80999999999995;89.75;NA;NA;-2356.50254099344;-3177.40662175873;5.34647341761109;44.4280301133019;146.767429953653;17.6454805247843;5407.58066665774;6438.32032650017;1641.80816153057;0.0396039603960396;129;129
47;59.5800000000163;1.48000000000002;62.5;NA;NA;-2019.32387971763;-2649.75226110385;5.52556026320298;46.2982906229204;108.368483493121;12.9411593452157;4544.80273576439;5359.94859220768;1260.85676277244;0.0099009900990099;114;114
48;47.3399999999965;1.46000000000004;49.820000000007;NA;NA;-1933.22137738764;-2477.87352875765;4.9695120302082;38.3826403393773;106.043258951697;13.856805765974;4352.07035527505;5019.20462569307;1089.30430274001;0.0198019801980198;95;95
49;69.140000000014;1.90000000000009;72.0499999999884;NA;NA;-2254.1343490004;-2967.31129471407;5.43563365592429;42.1295468586019;129.213135994321;16.7055053915996;5113.46065289315;6012.86569828552;1426.35389142735;0.0099009900990099;117;117
50;74.390000000014;1.73000000000002;77.429999999993;NA;NA;-2313.09932593993;-2907.87523433398;6.89778004495058;36.8276056900435;102.139642435469;19.5844420692243;5106.30403571684;5907.80675408934;1189.55181678809;0.0198019801980198;121;121
51;58.5;1.48000000000002;60.7699999999895;NA;NA;-2067.62674905518;-2748.4514947558;5.18835278924372;48.7777520224684;117.879218399828;12.5077481729514;4684.25829875213;5555.15595288703;1361.64949140125;0.0099009900990099;111;111
52;57.5500000000175;1.74000000000024;60.1399999999849;NA;NA;-2074.92116293556;-2711.84934503899;5.26962796687593;43.4796077344481;115.110956149023;13.9825606366462;4684.37739872489;5488.62881765781;1273.85636420686;0.0198019801980198;108;108
53;60.640000000014;1.46000000000004;63.0599999999977;NA;NA;-2143.64558259459;-2789.66655808354;5.47613615461214;42.6405870654609;117.005501164297;14.97672557826;4831.16304301653;5648.94881613758;1292.04195097789;0.0099009900990099;109;109
54;70.2799999999988;1.59999999999991;72.9199999999837;NA;NA;-2230.01411903958;-2973.34284342765;5.29571554097019;44.6501937461163;133.820530441144;15.7842403684534;5087.3691701162;6020.68105984926;1486.65744877613;0.0198019801980198;118;118
55;36.2600000000093;0.940000000000055;37.7299999999814;NA;NA;-1675.6947843753;-2085.36238658529;4.83948631105323;36.6437036462007;81.7744013084756;10.9743668785896;3717.81571418095;4219.9002472739;819.335204419979;0.0099009900990099;78;78
56;43;1.53999999999996;45.4700000000012;NA;NA;-1831.93449748929;-2272.80166789687;5.15953988565717;32.061747904446;93.5595137146622;15.3609484395932;4089.79773884805;4615.53389885196;881.734340815156;0.0099009900990099;90;90
57;77.3800000000047;1.7800000000002;80.5299999999988;NA;NA;-2241.54283226662;-3074.38908934426;5.22806878779629;53.0738704386498;138.52699639894;13.5627713550139;5138.12445086744;6212.91110236884;1665.69251415529;0.0198019801980198;128;128
58;60.4499999999825;1.24000000000024;62.8600000000151;NA;NA;-2029.59131699048;-2626.6936329657;5.19592882983534;38.0684809338682;115.69085210252;15.9939884567903;4597.47195483285;5327.80449968545;1194.20463195044;0.0099009900990099;110;110
59;54;1.59000000000015;56.5800000000163;NA;NA;-2055.9372553906;-2674.12849266362;5.16068578448536;41.6176366218488;115.735718873629;14.3319512759132;4646.56769740518;5414.46987770686;1236.38247454603;0.0198019801980198;103;103
60;41.9599999999919;0.880000000000109;43.2799999999988;NA;NA;-1847.33659495898;-2337.56343373881;5.73420655825364;46.4792329513878;81.9388669539546;10.0831657289379;4067.69905645061;4721.03037790257;980.453677559654;0.0198019801980198;90;90
61;75.820000000007;1.78999999999996;78.5599999999977;NA;NA;-2253.27645959105;-3020.58231658896;5.33160867018552;45.4440371322077;135.713115181032;15.911732856713;5146.1316287807;6116.15226834051;1534.61171399582;0.0099009900990099;124;124
62;53.4700000000012;1.60999999999967;56.0899999999965;NA;NA;-2071.83165241776;-2658.08480596809;6.21258876515063;47.6795195283236;92.5850389811867;12.068588569268;4572.73058058525;5372.09912794159;1172.50630710066;0.0198019801980198;106;106
63;55.2299999999814;1.32999999999993;57.7700000000186;NA;NA;-2023.84772545611;-2687.52146383709;5.16986941737044;49.4317026100553;114.123803542585;11.9899983435415;4578.69356861589;5430.83029502488;1327.34747676196;0.0198019801980198;110;110
64;59.75;1.17999999999984;62.5299999999988;NA;NA;-2059.5466671458;-2702.76184999913;5.23760301065724;43.3721298809938;116.244746854718;14.155640658917;4661.00710895213;5471.51495439704;1286.43036570666;0.0099009900990099;112;112
65;81.8600000000151;2.03999999999996;85.6399999999849;NA;NA;-2304.18705740441;-3111.4887051176;5.18601252874893;44.5748434483613;145.572182060055;16.9773169112485;5296.72676764502;6303.25635480084;1614.60329542637;0.0198019801980198;128;128
66;56.1399999999849;1.65999999999985;59.0299999999988;NA;NA;-2058.51931240574;-2674.67140109743;5.10231660291698;39.4708516395727;117.862897411339;15.2944847225906;4662.12865944973;5420.07643754844;1232.30417738338;0.0099009900990099;104;104
67;70.8600000000151;1.45000000000027;73.859999999986;NA;NA;-2184.39446224683;-2819.23805831358;5.48477724271905;35.9725693061644;123.480690396372;19.3542619122856;4946.06746902008;5728.95828117648;1269.6871921335;0.0099009900990099;115;115
68;52.3999999999942;1.46000000000004;55.0500000000175;NA;NA;-1998.70082399805;-2663.43412942989;5.1391155781968;52.5854007712916;111.883355295055;10.8465967568206;4514.29710909585;5376.97898906798;1329.46661086367;0.0297029702970297;103;103
69;59.9199999999837;1.45000000000027;62.7200000000012;NA;NA;-2144.98202569973;-2804.02606827614;5.33144908454166;42.8577089868868;121.305186964452;14.9843664899541;4853.82198259121;5677.70335345961;1318.08808515282;0.0099009900990099;109;109
70;64.3399999999965;1.65999999999985;67.6399999999849;NA;NA;-2150.19808949928;-2838.76891467454;5.91507967468349;50.1052173337969;110.88746570888;12.9363876629683;4820.22856839138;5738.18267559896;1377.14165035053;0.0099009900990099;118;118
71;69.2200000000012;1.39000000000033;71.9799999999814;NA;NA;-2161.286116393;-2850.63139942421;5.39516508010772;43.4622235337805;124.180439139758;15.4784958843178;4905.76467428897;5773.95493835204;1378.69056606242;0.0099009900990099;120;120
72;52.0899999999965;1.63000000000011;54.7699999999895;NA;NA;-1994.56789677037;-2612.71590294424;5.11404162027391;46.0033307001019;109.989248574008;12.2027720083585;4497.28057707665;5281.80799739007;1236.29601234772;0.0099009900990099;103;103
73;74.8099999999977;1.75999999999976;77.8600000000151;NA;NA;-2244.83249009776;-3022.42875604672;5.36932216771497;47.9232391744299;134.276522894889;14.9332821816882;5120.82913964983;6115.05111178529;1555.19253189791;0.0198019801980198;121;121
74;74.109999999986;1.61000000000013;77.2299999999814;NA;NA;-2117.36098429661;-2880.67994195861;5.27418371850246;49.8944170542188;129.716101554524;13.6857531278678;4845.51322762427;5825.80167860255;1526.63791532399;0.0198019801980198;123;123
75;55.6100000000151;1.36000000000013;58.4200000000128;NA;NA;-2086.26558591523;-2669.23762246027;6.11291602795769;43.7590233659476;96.378939307781;13.551972034355;4618.26261505411;5401.15014149841;1165.94407309009;0.0198019801980198;104;104
76;52.5799999999872;1.42000000000007;55.1600000000035;NA;NA;-1979.92033532897;-2598.68617023852;5.60157309649226;51.9088896962544;99.5446367508908;10.7464693608546;4420.21276982014;5247.07240287839;1237.5316698191;0.0099009900990099;104;104
77;70.8800000000047;1.63999999999987;74.0299999999988;NA;NA;-2206.38107001862;-2943.37265238076;5.28460103946714;45.2248865159073;131.729650132174;15.3210919272865;5029.74062188663;5958.50427495607;1473.9831647243;0.0099009900990099;117;117
78;45.2999999999884;1.54999999999973;47.6699999999837;NA;NA;-1892.25214987472;-2416.05444947812;5.32945376515785;42.5449726355878;95.4544280680017;11.8226817566975;4221.13504537205;4886.18859389724;1047.6045992068;0.0099009900990099;94;94
79;56.3000000000175;1.76000000000022;59.2799999999988;NA;NA;-2079.15895216583;-2670.3759867974;5.2862411181664;38.3571898300204;114.651361771735;15.7515259623166;4687.44213643888;5413.44639213926;1182.43406926313;0.0099009900990099;102;102
80;62.6999999999825;1.55999999999995;65.8600000000151;NA;NA;-2188.41161882885;-2816.27624357956;6.43738075209936;45.8029276195906;100.734783623954;14.0809088942085;4847.7635044067;5698.38145657907;1255.72924950142;0.0396039603960396;115;115
81;50.890000000014;1.30000000000018;53.2200000000012;NA;NA;-2065.86042935268;-2504.82721642005;7.89143093445763;38.8480551552768;68.4030700510525;14.1910308553451;4447.40591778559;5075.14705489106;877.933574134747;0.0099009900990099;102;102
82;51;1.37000000000035;53.0599999999977;NA;NA;-2018.02552620874;-2494.66957514603;6.37585010230506;36.4520940711376;86.9226891585816;15.233075241636;4435.46679219232;5059.33617955542;953.288097874583;0.0099009900990099;98;98
83;68.5;1.61000000000013;71.7099999999919;NA;NA;-2331.44908631049;-3006.17635394857;6.95227402684185;48.9097551321392;99.2037984416263;14.2053052578356;5127.95837803808;6078.94614771496;1349.45453527616;0.0198019801980198;118;118
84;63.8399999999965;1.7199999999998;67.390000000014;NA;NA;-2212.31249154293;-2923.13253286894;5.52958493117584;47.0214262866635;123.161659273307;14.3455876816905;4999.3316476475;5913.20558031334;1421.64008265204;0.0198019801980198;113;113
85;59.3099999999977;1.55000000000018;62.1199999999953;NA;NA;-2132.33458994674;-2689.61033376299;6.60898602085932;41.1448846889324;93.3048304388989;15.156126553422;4699.22245000658;5449.80805646455;1114.55148763251;0.0198019801980198;111;111
86;67.5199999999895;1.80999999999995;70.820000000007;NA;NA;-2227.63314632446;-2968.42299240711;5.54473346609976;49.0449589650071;124.825991254497;13.9149337636858;5038.83418750886;6001.89901200817;1481.57969216531;0.0198019801980198;115;115
87;58.6100000000151;1.34000000000015;61.109999999986;NA;NA;-2081.7099539484;-2655.18306338728;5.13971439728176;33.3822317317608;119.53269935917;18.9069393735459;4717.93204167986;5398.0754092683;1146.94621887777;0.0099009900990099;107;107
88;67.8699999999953;1.98000000000002;71.4500000000116;NA;NA;-2278.56363890086;-2977.07757303367;6.14137986114517;47.0638578079755;112.593033093109;14.6438035992425;5084.47612109481;6022.74191984299;1397.02786826561;0.0198019801980198;117;117
89;53.8300000000163;1.27999999999975;56.2799999999988;NA;NA;-2114.32387338902;-2638.74435291114;7.66674197462959;47.5758988111748;76.1335139241746;12.0686909543277;4580.74854061164;5333.30375292208;1048.84095904424;0.0099009900990099;104;104
90;55.8300000000163;1.55999999999995;58.6700000000128;NA;NA;-2102.1869341472;-2572.9023849606;7.35512661704894;37.0022194003275;77.6163854058777;15.7809920281235;4563.3326173037;5218.78839479524;941.430901626812;0.0297029702970297;104;104
91;76.6699999999837;1.55999999999995;79.6199999999953;NA;NA;-2274.19711312317;-3063.46657074899;5.14824919306098;44.8507353357062;142.342770050829;16.4186482807074;5217.47362208277;6204.10867537429;1578.53891525163;0.0099009900990099;121;121
92;78.2799999999988;2.11000000000013;81.8600000000151;NA;NA;-2271.38562549914;-3082.2055925453;5.4357047643561;49.8571721787456;137.386759383207;14.8073333924775;5189.68116219841;6234.13413927514;1621.6399340923;0.0099009900990099;123;123
93;57.1399999999849;1.38000000000011;59.640000000014;NA;NA;-2101.9517334987;-2754.68919541855;6.31712798516726;56.5409430384023;94.1834664083917;10.4204172353013;4641.25858733064;5557.76716869442;1305.4749238397;0.0198019801980198;108;108
94;67.9700000000012;2.11999999999989;71.6499999999942;NA;NA;-2277.016244536;-2999.16051396764;5.68497630607309;45.7839774640573;122.848098937415;15.2638845765786;5128.3536361662;6069.68046918802;1444.28853886328;0.0099009900990099;115;115
95;62.1900000000023;1.4699999999998;64.8699999999953;NA;NA;-2131.293398888;-2805.28521093036;5.99998990115669;50.7692558204632;106.60230850319;12.4730559809565;4761.41952823923;5668.93659290864;1347.9836240847;0.0198019801980198;116;116
96;71.6499999999942;1.69000000000005;74.4700000000012;NA;NA;-2255.9224875035;-3013.90266690955;5.36745602494347;46.0909203891271;134.020091997272;15.4525511236167;5141.80378606187;6100.43974697706;1515.9603588121;0.0099009900990099;121;121
97;64.3699999999953;1.94000000000005;67.4700000000012;NA;NA;-2195.78879760968;-2914.85400013068;5.18890561341903;45.1480780700558;129.705645156447;14.9281951071661;4997.39171790277;5899.43288703238;1438.13040504199;0.0099009900990099;114;114
98;37.4200000000128;1.05000000000018;39.3299999999872;NA;NA;-1752.38669832397;-2117.76041978984;6.41980207782698;36.4023903053789;65.5160196938467;11.6170254862472;3800.38203108947;4287.93692126945;730.747442931738;0.0099009900990099;83;83
99;93.8800000000047;1.77999999999975;97.5200000000186;NA;NA;-2372.84422772049;-3198.96425790513;5.16521824354071;40.1883092846675;157.302783019927;20.495623810231;5490.12250678957;6494.92387708135;1652.24006036927;0.0099009900990099;129;129
100;68.0899999999965;1.42000000000007;71.0599999999977;NA;NA;-2271.00048007617;-2937.71640439806;6.8255451732033;48.2294411075195;100.725568104356;14.1604992878759;5013.76648924991;5941.75594367197;1333.4318486438;0.0099009900990099;117;117
101;65.929999999993;1.7199999999998;69.210000000021;NA;NA;-2198.64565590945;-2854.64962890465;5.36457491750771;38.0999594550348;125.916862453738;17.7881176971179;4984.8545231286;5792.30357791069;1312.00794599039;0.0198019801980198;113;113
102;32.4400000000023;0.809999999999945;33.7699999999895;NA;NA;-1737.25929162254;-2116.53013196024;5.37267636290305;31.7801430075168;78.7099644482282;15.0693591335944;3829.65836762468;4301.05329365897;758.541680675414;0.0099009900990099;83;83
103;71.429999999993;1.80999999999995;75.2099999999919;NA;NA;-2294.23261289165;-3027.30567111093;5.38633134116037;41.86345527833;135.884991500067;17.3715535909805;5224.90596389889;6135.97400242156;1466.14611643857;0.0198019801980198;117;117
104;48.9400000000023;1.30000000000018;50.9900000000198;NA;NA;-1937.75838199788;-2487.60572603612;5.38049539995773;41.6673196876842;101.197142500643;12.9007921008842;4340.00563516678;5034.4253212792;1099.69468807646;0.0099009900990099;97;97
105;64.0299999999988;1.34000000000015;66.5100000000093;NA;NA;-2175.24603143045;-2837.20326631123;6.47513049197953;50.9553651789084;100.759178645235;12.6272183384857;4821.10637837227;5733.38428328577;1323.91446976156;0.0099009900990099;114;114
106;73.609999999986;1.80000000000018;76.7999999999884;NA;NA;-2276.49879072205;-3039.1065590817;5.26743930957405;44.4266400753371;138.029456971645;16.3365536405691;5202.37035950352;6155.06999679092;1525.2155367193;0.0099009900990099;122;122
107;62.640000000014;1.67999999999984;65.7200000000012;NA;NA;-2289.26847098893;-2770.25283732476;9.43561901120321;43.067200696014;68.0323972855217;14.9248258189679;4896.59187963297;5610.27999886513;961.968732671662;0.0198019801980198;115;115
108;54.1399999999849;1.5;56.9500000000116;NA;NA;-2079.46427219371;-2648.69617962034;6.62303553482081;48.2333363430603;87.1291830231409;11.8613353532912;4562.2987839469;5352.30518542523;1138.46381485326;0.0297029702970297;105;105
109;61.8600000000151;1.4699999999998;64.5499999999884;NA;NA;-2188.12726890677;-2813.11512914125;6.73860381586147;48.923737843567;93.6168253471114;12.8696201965884;4812.68068667851;5686.22629808547;1249.97572046897;0.0198019801980198;112;112
110;56.6399999999849;1.38999999999987;58.859999999986;NA;NA;-2078.52494227292;-2641.41921013729;7.36699871947503;52.015043273456;78.0786961630636;11.0654701736093;4519.97988935722;5334.27359197573;1125.78853572875;0.0198019801980198;109;109
111;47.2400000000198;1.34000000000015;49.609999999986;NA;NA;-1992.91261395677;-2539.37311724002;6.10209828440702;43.4823153739765;92.0293636461434;14.3238586409243;4411.88117349257;5145.05947294884;1092.92100656648;0.0099009900990099;105;105
112;63.9100000000035;1.52999999999975;66.6600000000035;NA;NA;-2125.051620027;-2811.57822367421;5.65409389735398;48.6193007240397;114.689701240294;13.1983056337465;4785.2773847374;5684.74342379377;1373.05320729442;0.0099009900990099;113;113
113;60.8999999999942;1.73000000000002;63.8899999999849;NA;NA;-2130.01009849272;-2799.22329063306;5.22432003007856;42.4781115293402;123.178401139948;15.1222116249028;4833.14777525314;5668.80758974182;1338.42638428067;0.0099009900990099;110;110
114;53.4199999999837;1.69999999999982;56.0400000000081;NA;NA;-2027.47168622866;-2601.21461491261;5.4046306727445;40.5451330083864;106.518681640272;14.2187297803685;4546.53470427415;5268.04968439563;1147.48585736791;0.0099009900990099;102;102
115;48.2799999999988;1.48000000000002;50.8299999999872;NA;NA;-1951.42495518935;-2524.85806018532;5.00310749503249;42.7110101521889;106.880883010633;12.6651310230932;4393.42681277547;5107.84831923299;1146.86620999193;0.0099009900990099;97;97
116;98;2.19000000000005;102.359999999986;NA;NA;-2415.32127206138;-3252.44335343996;5.41142245395168;41.6164917076407;155.037405822294;20.0235272556446;5566.72288482806;6599.95360177721;1674.24416275715;0.0099009900990099;133;133
117;52.0899999999965;1.30000000000018;54.2799999999988;NA;NA;-1913.25827509553;-2463.58669943748;5.99698641964166;47.3680133138339;89.2102593702438;11.2076624951105;4239.52126852731;4979.06000389861;1100.6568486839;0.0099009900990099;105;105
118;58.3500000000058;1.67000000000007;61.1100000000151;NA;NA;-2134.92071712325;-2720.51279774941;5.92279845550075;39.5865841448231;103.799637637733;15.694926505828;4751.36790240948;5513.83435187237;1171.18416125231;0.0198019801980198;107;107
119;77.6300000000047;1.80000000000018;80.8899999999849;NA;NA;-2312.526582403;-3064.86743800366;5.30644366606487;41.085886343057;141.181430588332;18.2219671704238;5289.8309580594;6215.53623864977;1504.68171120131;0.0198019801980198;123;123
120;69.9200000000128;1.64000000000033;72.8300000000163;NA;NA;-2369.54459851332;-3005.30583601794;8.24246132461238;52.432012098086;84.1740020236207;13.1574969527606;5134.39816912637;6072.40363238893;1271.52247500924;0.0198019801980198;120;120
121;56.2999999999884;1.57000000000016;59.109999999986;NA;NA;-1937.26379890484;-2562.64525693767;5.00216691542819;46.3322866504739;111.587820517166;12.1786551743756;4391.1306960159;5181.67239288246;1250.76291606565;0.0198019801980198;105;105
122;63.8899999999849;1.44000000000005;66.5599999999977;NA;NA;-2096.41064762563;-2724.90727176088;5.80695224180962;43.4359218351519;108.12712148484;14.6488395362101;4699.71339130834;5518.48723983834;1256.9932482705;0.0297029702970297;118;118
123;55.25;1.31999999999971;57.4400000000023;NA;NA;-2065.83070997881;-2685.15070698842;5.43257552395862;44.0780621306631;109.659898740988;13.4874568053598;4638.81438595456;5432.67794177896;1238.63999401923;0.0297029702970297;104;104
124;51.4400000000023;1.26999999999998;53.5;NA;NA;-1920.68984213909;-2508.85160533724;5.24052951406684;44.3219944100799;104.900999371246;13.0075442409771;4327.02570755342;5077.92248571543;1176.3235263963;0.0198019801980198;105;105
125;64.0099999999802;1.55000000000018;66.75;NA;NA;-2047.55077301383;-2725.3698495745;5.12509193860688;46.7103733887013;120.134599586512;13.2418306107944;4657.25701129183;5512.70325896926;1355.63815312136;0.0198019801980198;116;116
126;61.5599999999977;1.76999999999998;64.2900000000081;NA;NA;-2126.49662780252;-2822.15999629432;5.10916750080036;45.3253104437599;125.538117445952;14.1605849149577;4837.66823120244;5710.27079548453;1391.3267369836;0.0198019801980198;111;111
127;67.5199999999895;1.55999999999995;70.2200000000012;NA;NA;-2141.86417878366;-2879.30182161123;5.20039269860561;48.1404096318498;128.591738748169;13.8362856589401;4886.55709373064;5823.46714594955;1474.87528565513;0.0099009900990099;118;118
128;80.6499999999942;1.92999999999984;84.1100000000151;NA;NA;-2289.34882931289;-3033.78527162556;5.18817465956272;39.0759706903871;143.315709082174;19.1644793132774;5254.6808774166;6157.96444700113;1488.87288462534;0.0297029702970297;125;125
129;80.1600000000035;1.76000000000022;83.1999999999825;NA;NA;-2335.54886952217;-3057.37284724794;5.96831196766771;41.8300684093888;124.917347983294;17.9986236441405;5259.7989572211;6199.56827387235;1443.64795545154;0.0099009900990099;124;124
130;64.6999999999825;1.48000000000002;67.3199999999779;NA;NA;-2163.35299523631;-2899.53565246172;5.17734422027996;47.7727299930068;129.4317150874;13.9566399543087;4930.09522896836;5864.13485096626;1472.36531445083;0.0099009900990099;112;112
131;67.9800000000105;1.65000000000009;70.5499999999884;NA;NA;-2278.51677849138;-2913.89696790566;7.08418208449323;46.591793375157;96.8486435356369;14.6582887313852;5009.80592001493;5896.3221855072;1270.76037882857;0.0396039603960396;115;115
132;64.429999999993;1.61000000000013;67.0500000000175;NA;NA;-2165.71997723436;-2868.98700169894;5.22291217061545;44.278708856738;127.499389223556;15.0340783683729;4927.50612159749;5808.25908887102;1406.53404892917;0.0198019801980198;115;115
133;37.640000000014;0.940000000000055;39.1600000000035;NA;NA;-1767.92301501041;-2257.21844640348;4.80937185635425;44.1148064529943;90.1187789364563;9.89235493589219;3941.36338295745;4558.95060720984;978.590862786145;0.0099009900990099;81;81
134;68.3699999999953;1.22000000000025;70.8800000000047;NA;NA;-2161.56094664704;-2816.52736782595;5.36937749822846;38.7577205583592;124.771008926445;17.4477988801934;4906.97288056954;5714.69962006564;1309.93284235782;0.0099009900990099;116;116
135;50.609999999986;1.5;53.2200000000012;NA;NA;-1917.78438635775;-2483.19519216241;5.26419777494473;43.424955013178;102.324618953989;12.3833156230962;4307.80420536118;5023.54027132796;1130.82161160932;0.0099009900990099;102;102
136;40.6600000000035;1.36000000000013;42.8699999999953;NA;NA;-1828.97103307539;-2285.46492299755;5.52872509073827;39.4059448247932;83.3458514296373;11.6740967590291;4035.47866520033;4623.810687834;912.987779844329;0.0099009900990099;86;86
137;77.039999999979;1.88000000000011;79.9400000000023;NA;NA;-2283.09451959606;-3041.12489497517;5.59507663948984;44.8510929094275;132.74547588293;16.437704297825;5191.2446442677;6159.64963455966;1516.06075075822;0.0099009900990099;123;123
138;50.8000000000175;1.5;53.1999999999825;NA;NA;-1896.9859604101;-2404.30700962841;5.31723357435833;37.2032872415499;98.3385875865064;14.2474094429673;4246.83785250575;4874.22576445113;1014.64209843662;0.0297029702970297;100;100
139;64.4100000000035;1.25;66.8899999999849;NA;NA;-2214.30369230664;-2894.01320459343;5.8242571458121;45.5811170961159;114.56380787444;14.5886489727524;4962.1711574026;5855.9708563052;1359.41902457358;0.0198019801980198;111;111
140;51.2399999999907;1.7199999999998;53.5699999999779;NA;NA;-1966.41466868189;-2500.02967919831;5.09636738105668;34.9247965826197;108.927782883336;16.2505466463412;4434.46031552391;5074.89589131836;1067.23002103284;0.0099009900990099;100;100
141;67.4499999999825;1.77999999999975;70.5599999999977;NA;NA;-2205.77361379842;-2882.61278007002;5.15219380866191;38.1951606510289;132.430531729851;18.0061876550916;5028.91645306143;5849.16742747975;1353.67833254319;0.0099009900990099;112;112
142;72.3099999999977;1.60999999999967;75.3600000000151;NA;NA;-2145.26667402695;-2822.18621035883;6.16952510182768;48.6368505180984;108.278460197935;13.4823603630009;4800.38167249218;5707.85650451404;1353.83907266375;0.0297029702970297;123;123
143;79.25;2.19000000000005;83;NA;NA;-2409.6690288816;-2966.78356086674;9.65104487897327;46.1517519456776;74.8803424805942;15.9812588506749;5173.99774146041;6009.25999413897;1114.22906397027;0.0099009900990099;130;130
144;47.8000000000175;1.11000000000013;49.5899999999965;NA;NA;-1934.39584456544;-2407.38445451717;5.05976279314388;30.3510349598714;103.440517554019;17.6344014718499;4341.39950158079;4895.33845857397;945.97721990345;0.0099009900990099;93;93
145;60.3600000000151;1.7199999999998;62.7200000000012;NA;NA;-2043.70080017037;-2720.70283092841;5.6291476557423;52.1563342161456;109.212397666646;11.9859798244808;4598.44793032579;5497.49261838782;1354.00406151607;0.0198019801980198;116;116
146;66.429999999993;1.55999999999995;68.7599999999802;NA;NA;-2132.68074680663;-2879.54234937364;5.08279632766734;50.6927469173325;127.814028574531;12.8344215547141;4862.8986158039;5819.08627608833;1493.72320513403;0.0198019801980198;115;115
147;71.8699999999953;1.67999999999984;74.359999999986;NA;NA;-2157.27820906861;-2893.25445547707;5.10319177991541;45.2138992972526;132.869733054347;15.2120180911697;4938.55665970993;5857.94958254649;1471.95249281693;0.0099009900990099;120;120
148;71.75;1.81999999999971;74.6900000000023;NA;NA;-2228.86126939401;-2916.47002603477;5.97382440036201;44.739024658399;115.798223495723;15.5174296623244;5002.50635331255;5905.94328362058;1375.21751328152;0.0099009900990099;122;122
149;75.75;2;78.6900000000023;NA;NA;-2216.77384229093;-2918.67014592131;5.27022607780334;38.8547435200464;134.900974312724;18.4382470389037;5067.64706566508;5924.00891002861;1403.79260726076;0.0297029702970297;121;121
150;78.7599999999802;1.88000000000011;81.3800000000047;NA;NA;-2322.21041725674;-3089.0536851153;5.58898128667545;44.2733217548005;133.637535049583;16.964706565895;5274.21790391933;6258.05738183898;1533.6865357171;0.0198019801980198;124;124
151;74.3999999999942;1.22000000000025;76.4499999999825;NA;NA;-2248.13828091504;-2959.87318976048;5.73429206073199;44.2938704688945;122.779227389707;15.950138859038;5073.90317666506;5994.78533286158;1423.46981769088;0.0396039603960396;122;122
152;62.7099999999919;1.78999999999996;65.429999999993;NA;NA;-2101.52668227315;-2799.05996647317;4.98691920862405;44.5181527339052;126.901352088991;14.3228300056893;4794.07740127243;5664.82636804697;1395.06656840006;0.0297029702970297;111;111
153;86.3999999999942;1.76999999999998;89.75;NA;NA;-2321.05731526938;-3070.59725314928;5.31679950341952;37.9749837905217;145.114935483882;20.4197244089963;5328.305147112;6237.75121973244;1499.07987575981;0.0198019801980198;128;128
154;46.4700000000012;1.42999999999984;48.3899999999849;NA;NA;-1883.16611375182;-2403.57107167087;5.11519417895152;39.980744147053;98.9468512960478;12.6484742337587;4218.93812890431;4864.99920505646;1040.80991583809;0.0099009900990099;94;94
155;55.1699999999837;1.2800000000002;56.9900000000198;NA;NA;-1996.450461714;-2565.97635919054;5.54869974116627;41.0243867633462;102.894825361353;13.9465091681559;4470.22996788399;5196.6505675815;1139.05179495309;0.0099009900990099;107;107
156;46.8099999999977;1.21000000000004;48.5;NA;NA;-1919.27325684605;-2464.93828397012;5.04047438677222;40.7106215466342;103.229996236174;12.8300850746331;4310.1924784845;4988.49574912813;1091.33005424814;0.0198019801980198;93;93
157;60.8800000000047;1.5300000000002;63.1100000000151;NA;NA;-2057.41758324894;-2726.4613270792;5.0447746486785;45.1288948785706;120.847684726147;13.6172325087858;4678.20707586063;5516.4039388524;1338.08748766051;0.0198019801980198;112;112
158;72.640000000014;1.44999999999982;74.9799999999814;NA;NA;-2179.4460661851;-2948.31004530581;5.4048813114428;51.8000266685675;127.284655710144;13.1767225392638;4957.71496552683;5958.61124169466;1537.72795824142;0.0099009900990099;122;122
159;52.5299999999988;1.25;54.3699999999953;NA;NA;-1977.27720099646;-2571.72977890219;5.08947340135738;43.9500010759158;108.852706429698;12.6712011167696;4456.3812005287;5201.8756367297;1188.90515581147;0.0099009900990099;101;101
160;59.2299999999814;1.26999999999998;61.4200000000128;NA;NA;-2126.28637624292;-2689.56759445026;7.00115226068161;45.4683031622282;85.1158830805567;13.2762650061429;4648.60208466277;5440.90733029052;1126.56243641468;0.0099009900990099;110;110
161;56.1700000000128;1.66000000000031;58.2900000000081;NA;NA;-1965.53755390703;-2592.91707079985;5.12484267893614;45.4815041181167;112.072563485426;12.6905925883439;4451.50094642873;5244.76482083919;1254.75903378564;0.0198019801980198;108;108
162;49.2799999999988;1.07000000000016;50.8399999999965;NA;NA;-1878.70508068436;-2390.36119686709;5.00683858670513;35.3053145911766;103.615146631981;14.889337627872;4232.46065698109;4848.98642123764;1023.31223236545;0.0198019801980198;96;96
163;49.3999999999942;1.0300000000002;50.7600000000093;NA;NA;-1912.40144052876;-2457.451839215;5.32871967949183;43.1598179701466;98.6637189613521;12.1630190872129;4279.16609805705;4970.91645130204;1090.10079737248;0.0198019801980198;100;100
164;68.75;1.87999999999965;71.3500000000058;NA;NA;-2274.8934837795;-2986.1322173836;6.45816582137006;51.888482823134;105.996241685607;13.1665384093621;5045.32481990758;6033.81867539389;1422.4774672082;0.0198019801980198;115;115
165;54.9100000000035;1.19000000000005;56.75;NA;NA;-2104.10383634364;-2716.91859909753;5.96105695036747;47.4335039979778;99.2443758939029;12.5390247537845;4666.71168612119;5491.76686042906;1225.6295255078;0.0198019801980198;103;103
166;54.2399999999907;1.03999999999996;55.7799999999988;NA;NA;-1926.26674916802;-2515.11812139661;5.19454498861681;45.0953861302234;106.020071296352;12.3133316566577;4344.36055715383;5087.35778231769;1177.70274445719;0.0198019801980198;107;107
167;58.0800000000163;1.17000000000007;59.8199999999779;NA;NA;-2087.3380041733;-2682.57712283155;5.75647610907298;42.254263698132;103.582047218257;14.1605822876266;4653.72024488062;5430.64383109831;1190.4782373165;0.0198019801980198;104;104
168;61.640000000014;1.35999999999967;63.9800000000105;NA;NA;-2129.26174854097;-2803.06951181416;5.87776358554656;52.444332904248;106.149936347629;11.6776695528655;4752.42060395432;5660.47317968738;1347.61552654638;0.0099009900990099;110;110
169;69.9599999999919;1.65999999999985;72.429999999993;NA;NA;-2193.70976487218;-2897.36003966675;5.35466559119528;43.1323039683934;127.190813813071;15.8419706874029;4983.13959073928;5868.91867482365;1407.30054958914;0.0198019801980198;117;117
170;63.1999999999825;1.69000000000005;65.7200000000012;NA;NA;-2152.55025205822;-2842.6015526029;5.40644133838505;45.4089459840962;122.16032108804;14.3314526368893;4875.67280000541;5752.1407962795;1380.10260108936;0.0198019801980198;114;114
171;51.6999999999825;1.61000000000013;54.1900000000023;NA;NA;-1979.07977225138;-2586.51844461489;5.34089460710737;48.5592241128972;103.464921921431;11.361512925768;4437.15715349409;5225.63575486368;1214.87734472702;0.0198019801980198;105;105
172;61.4500000000116;1.52999999999975;63.5499999999884;NA;NA;-2113.54204598784;-2740.26208813014;5.3298977021288;39.6499822549399;118.960590754147;15.9387576184181;4780.58693547142;5554.68443057355;1253.4400842846;0.0099009900990099;110;110
173;60.5299999999988;1.38999999999987;62.9100000000035;NA;NA;-2126.45190063027;-2742.58178919596;5.79061736476338;42.0452446472124;108.503369152516;15.0470631189146;4758.24198859471;5555.24302072266;1232.25977713138;0.0198019801980198;111;111
174;49.2700000000186;1.39000000000033;51.0799999999872;NA;NA;-2001.73488952048;-2600.61003335825;5.87522767891826;53.8320500227107;91.6255781931209;9.96264770760873;4424.49561764033;5246.99911868521;1197.75028767553;0.0099009900990099;98;98
175;49.75;1.50999999999976;51.9100000000035;NA;NA;-1994.10285094659;-2547.72250498197;5.47110930775552;41.4172579851679;99.974257831781;13.2774116160696;4447.59429809124;5156.45563025495;1107.23930807077;0.0099009900990099;98;98
176;66.0299999999988;1.84000000000015;68.4700000000012;NA;NA;-2122.28272454383;-2808.18461881755;5.45525828924509;46.0645457166346;120.510375602464;14.1609489012429;4808.99652828437;5682.6944783525;1371.80378854745;0.0198019801980198;117;117
177;69.9499999999825;1.51000000000022;72.1199999999953;NA;NA;-2139.9905198038;-2916.92894467714;5.20252996884037;54.5888113949853;128.411228615133;12.147096173707;4883.57549846031;5890.95507642018;1553.87684974669;0.0198019801980198;121;121
178;30.0799999999872;0.720000000000255;31.0799999999872;NA;NA;-1718.73926956342;-2022.71668165193;7.6547581542007;36.1038946444557;50.7454240780414;11.5242391104789;3664.86571464406;4097.07278161449;607.954824177004;0.0297029702970297;78;78
179;66.6900000000023;1.51000000000022;68.9100000000035;NA;NA;-2281.71680521326;-2810.27250365412;8.42028238297217;42.0620351626115;76.639267234109;15.7690527666247;4921.39143397791;5694.19727476228;1057.11139688172;0.0099009900990099;114;114
180;59.2000000000116;1.82000000000016;62.0200000000186;NA;NA;-2058.30116826391;-2706.75322052397;5.26857893966975;42.9586924883176;117.560523979368;14.3578506978616;4663.05410416946;5480.24545026465;1296.90410452011;0.0099009900990099;109;109
181;69.4100000000035;1.30999999999995;71.8999999999942;NA;NA;-2202.06997460761;-2865.86556947576;6.48572488110272;48.7433776013204;103.14300214675;13.5438314140229;4888.10206075978;5795.28078471622;1327.59118973629;0.0198019801980198;119;119
182;38.0799999999872;0.980000000000018;39.820000000007;NA;NA;-1749.67998180182;-2203.24098592099;5.00855527487663;40.8403361372562;85.1899576413059;10.5155354063479;3883.73751224225;4453.92812434663;907.122008238326;0.0099009900990099;83;83
183;54.8500000000058;1.46000000000004;57.1600000000035;NA;NA;-2097.57845982061;-2716.16914220552;5.56509223109748;43.8223718383309;108.257497400748;13.8108168829725;4695.30110005925;5496.14356216716;1237.18136476981;0.0099009900990099;103;103
184;79.2300000000105;1.86000000000013;82.0799999999872;NA;NA;-2273.56092493456;-3047.38725865246;5.36810830500786;44.5038486227641;138.598866446083;16.6505290985399;5200.30031412565;6173.24389663331;1547.65266743579;0.0099009900990099;124;124
185;68.3800000000047;1.75;71.3800000000047;NA;NA;-2278.93994555259;-2924.64175527126;6.24076143032575;41.0199105383751;112.852108151494;17.1051892279767;5086.44215701078;5929.39860741733;1291.40361943733;0.0099009900990099;117;117
186;50.9899999999907;1.11000000000013;52.5499999999884;NA;NA;-1970.27905429512;-2516.72840573096;5.13399019982171;37.0371087745595;108.008276487811;15.1708355538716;4437.41184358504;5103.24485505488;1092.89870287167;0.0198019801980198;99;99
187;71.0299999999988;1.7199999999998;73.5299999999988;NA;NA;-2218.83127673913;-2844.43462116836;6.27924185154345;40.9850791474591;106.997382127339;16.698441376305;4941.0419682896;5767.42865641904;1251.20668885846;0.0099009900990099;122;122
188;67.4500000000116;1.71000000000004;69.8699999999953;NA;NA;-2171.70165186291;-2866.14570974522;5.42340669177587;44.3679836441857;123.111944573125;15.029635543184;4920.01927882361;5802.68530356194;1388.88811576462;0.0099009900990099;117;117
189;41.5299999999988;1.05999999999995;43.2400000000198;NA;NA;-1820.13406066036;-2310.6105678651;4.94871177935317;39.8002374173669;94.0865103555261;11.8657684046918;4067.53881579748;4675.10659803097;980.953014409488;0.0099009900990099;88;88
190;79.3399999999965;1.76999999999998;82.0299999999988;NA;NA;-2302.02034190252;-3083.34018768373;5.13476538595549;41.7726084682721;145.961799958565;17.987267352386;5290.13125866599;6251.22917239161;1562.63969156243;0.0297029702970297;121;121
191;65.6900000000023;1.59999999999991;68.2399999999907;NA;NA;-2077.96912839833;-2772.29523929274;5.36149527316223;47.8857520600606;118.772501112636;13.6956651627333;4714.22606627265;5608.96668377938;1388.65222178883;0.0099009900990099;121;121
192;78.2300000000105;2.01000000000022;81.1000000000058;NA;NA;-2279.25423648925;-3063.29785899547;5.44882110613508;47.7457601391714;134.980589794388;15.2233150026677;5195.17708486931;6198.40016665936;1568.08724501243;0.0099009900990099;125;125
193;56.0899999999965;1.43000000000029;58.1399999999849;NA;NA;-2048.10107007171;-2669.03550463436;5.13160364720355;42.2911072620572;115.272113336637;13.9755733354617;4629.31036700302;5402.70496890176;1241.8688691253;0.0099009900990099;104;104
194;63.5400000000081;1.75;66.3899999999849;NA;NA;-2064.14931865257;-2717.26789697444;5.37116945523049;44.2082671912683;116.686970707513;14.2802377428473;4673.81619473862;5501.29663593333;1306.23715664375;0.0198019801980198;115;115
195;48.7200000000012;1.44999999999982;50.640000000014;NA;NA;-1934.52158729915;-2530.7797019493;4.92698709329983;46.2917000452937;107.113360189377;11.529813318844;4360.68713343222;5114.48056195648;1192.51622930031;0.0198019801980198;97;97
196;61.6100000000151;1.59000000000015;64.1100000000151;NA;NA;-2140.77647435106;-2796.29383987913;5.32328820132893;41.5453088713771;121.796309649402;15.4776672195548;4847.13246806151;5664.46056007819;1311.03473105614;0.0099009900990099;108;108
197;70.9100000000035;1.75999999999976;73.429999999993;NA;NA;-2188.26678685481;-2816.85417268674;5.89684543054085;38.898766476518;114.593044749174;17.6876596121538;4914.22096646384;5716.70144152168;1257.17477166386;0.0198019801980198;119;119
198;65.390000000014;1.71000000000004;67.75;NA;NA;-2219.47916513188;-2856.53038856847;6.25068948722994;43.3200305654685;105.395625190179;15.4009917863247;4932.14453073823;5785.12787298585;1274.10244687319;0.0198019801980198;116;116
199;73.3399999999965;1.47000000000025;75.7799999999988;NA;NA;-2223.12372338043;-2974.72265305167;5.73178698591798;50.9771304280508;123.239080907887;13.5740507861192;5027.03945226483;6013.41608648247;1503.19785934249;0.0198019801980198;124;124
200;56.9200000000128;1.23000000000002;58.9499999999825;NA;NA;-2067.35883645468;-2695.40721535069;5.66941028671755;49.2312798421575;103.284776702225;11.8517574939728;4610.87550609503;5445.45275541832;1256.09675779202;0.0099009900990099;101;101
201;63.4100000000035;1.7800000000002;65.8399999999965;NA;NA;-2054.30769991013;-2681.09302456165;6.60758306794332;56.0376498967532;88.2897491001618;10.3610961547804;4519.00902369427;5410.34710792802;1253.57064930304;0.0297029702970297;109;109
202;83.8600000000151;1.85999999999967;87.0499999999884;NA;NA;-2187.40858720554;-3013.74430974873;5.27609215001347;54.8671178672469;135.414817795184;12.9177951019589;5016.18946059689;6088.67184827493;1652.67144508638;0.0099009900990099;130;130
203;56.429999999993;1.20000000000027;58.4400000000023;NA;NA;-1997.48233004076;-2603.17539618686;5.83553685590227;52.3089525645607;95.783374753682;10.5512350450777;4436.53993994502;5254.99351956847;1211.3861322922;0.0099009900990099;101;101
204;76.929999999993;1.67999999999984;80.25;NA;NA;-2254.42414135588;-3003.33773816935;5.33453891476212;43.4460145741217;136.240296027104;16.6852297165781;5149.80378203631;6085.17273490459;1497.82719362693;0.0099009900990099;122;122
205;62.429999999993;1.37000000000035;64.5400000000081;NA;NA;-2103.98337586262;-2706.13535956588;5.95111468158435;42.3091999463775;105.455680477528;15.3387491325331;4700.97745277245;5483.98015601343;1204.30396740652;0.0198019801980198;115;115
206;50.0599999999977;1.08999999999969;52;NA;NA;-1911.42116470775;-2499.13093468461;5.32083975242491;48.7527021090256;100.361113418284;10.9103790068346;4286.50561391409;5048.66727035705;1175.41953995372;0.0099009900990099;103;103
207;54.3099999999977;1.27999999999975;56.3399999999965;NA;NA;-2040.00375895954;-2585.10744390681;5.78964867523015;38.4663390831428;99.5809768370636;14.9811184901651;4539.58084602574;5239.35382079026;1090.20736989454;0.0099009900990099;102;102
208;58.0299999999988;1.84000000000015;60.6900000000023;NA;NA;-2098.76051757138;-2741.22801550184;5.33586978267617;44.0121027043313;115.871609668628;13.9896087898125;4736.12229158167;5547.48335644457;1284.93499586091;0.0198019801980198;109;109
209;60.0299999999988;1.63999999999987;62.2799999999988;NA;NA;-2090.94480682329;-2770.67623014332;5.13307769163554;45.4180926139103;122.203123900686;13.8234277611339;4749.35823629138;5605.54363037665;1359.46284664005;0.0297029702970297;108;108
210;36.4700000000012;1.19000000000005;38.359999999986;NA;NA;-1675.64817298743;-2048.89942008433;5.02301443407108;31.4127254435466;80.113094330419;12.9031514172577;3708.70722898881;4155.36404571028;746.502494193805;0.0198019801980198;75;75
211;58.5199999999895;1.32000000000016;60.9700000000012;NA;NA;-2095.5625317626;-2777.03639991155;5.73776755085031;54.1267005458317;106.970094670899;11.2244443883494;4689.80194439405;5606.39930223752;1362.94773629791;0.0099009900990099;112;112
212;76.2099999999919;1.63000000000011;78.6900000000023;NA;NA;-2226.46597477929;-2967.76396086777;5.07916547009074;41.0733727888746;139.735176377446;17.5859419448484;5110.89979848156;6018.33444685474;1482.59597217695;0.0198019801980198;123;123
213;44.9800000000105;1.19000000000005;46.890000000014;NA;NA;-1912.24257029888;-2333.07564690016;6.67550292362804;37.0578484315553;73.8184086727621;13.3617944917768;4162.14770347542;4727.27124821087;841.666153202567;0.0099009900990099;94;94
214;72.0599999999977;1.51999999999998;74.5299999999988;NA;NA;-2260.277205978;-2990.04127218913;5.44110806219037;42.9569832440874;132.517711634355;16.6997163646081;5142.90144443387;6058.50993943782;1459.52813242227;0.0099009900990099;120;120
215;68.9500000000116;1.25;71.5200000000186;NA;NA;-2233.56634864071;-2994.70012715969;5.41655402513204;49.4557125669613;128.782244419641;13.9399178831152;5071.39789842517;6054.80839595823;1522.26755703797;0.0099009900990099;119;119
216;76.6000000000058;1.57999999999993;79.2099999999919;NA;NA;-2336.94645492497;-3081.60546873823;6.54520060070527;51.7047441645732;112.235253070897;14.1099703876602;5202.37249495392;6229.6502343308;1489.31802762651;0.0198019801980198;123;123
217;57.1399999999849;1.26000000000022;59.2200000000012;NA;NA;-2086.50509580777;-2679.38169670943;5.26840471991753;37.634752349106;115.555467864271;16.2074651776932;4707.42887098118;5433.71936301695;1185.75320180333;0.0099009900990099;104;104
218;57.0400000000081;1.5;59.75;NA;NA;-2035.09001591143;-2676.53035336994;5.17265522072045;44.9847058667627;114.911405898339;13.178269531485;4603.78846301404;5414.25598736095;1282.88067491703;0.0099009900990099;108;108
219;73.179999999993;1.67999999999984;76.1399999999849;NA;NA;-2315.8719534694;-3020.67323205013;6.17084186859388;45.2923921799161;115.219035279381;15.6837964277402;5172.36853918093;6114.93713994082;1409.60255716145;0.0198019801980198;119;119
220;39.9599999999919;1.09999999999991;41.7000000000116;NA;NA;-1757.88401159135;-2216.98223832909;4.93049806756897;39.3968671754727;88.3443433938148;12.1598738653832;3916.45725153147;4489.11606066192;918.196453475482;0.0099009900990099;87;87
221;64.4199999999837;1.80999999999995;67.0800000000163;NA;NA;-2193.44028691455;-2862.14465830242;6.5419859067167;52.683657247343;99.9075882771512;12.195621424643;4854.38616309872;5781.35726588634;1337.40874277575;0.0099009900990099;116;116
222;61.3600000000151;1.51999999999998;63.7299999999814;NA;NA;-2089.83832140299;-2743.24678813979;5.96642199765959;49.9867366274116;104.412599298224;12.4512048093634;4666.89496249208;5544.59437183548;1306.81693347362;0.0198019801980198;113;113
223;66.9900000000198;1.55000000000018;69.6499999999942;NA;NA;-2136.56771641205;-2826.69685708013;5.24068272978835;43.219971238715;125.491347137562;15.2689169240616;4860.35715645371;5724.84278151529;1380.25828133616;0.0099009900990099;116;116
224;59.1999999999825;1.38000000000011;61.6300000000047;NA;NA;-2088.66372180775;-2708.87463842562;5.10921845084984;38.3438834696247;120.593559622562;16.3093253139561;4736.19473653449;5493.33165882979;1240.42183323575;0.0099009900990099;106;106
225;78.7300000000105;1.92000000000007;82.2299999999814;NA;NA;-2319.64046745998;-3091.86622138111;5.58865620426115;45.0718291202965;134.743572335019;16.7457258212827;5274.83159661451;6262.71771042168;1544.45150784227;0.0099009900990099;125;125
226;65.0199999999895;1.24000000000024;67.4199999999837;NA;NA;-2149.22123042362;-2774.23291541777;5.44073547337924;37.475069837405;120.977080763148;17.6276714517577;4862.95527257795;5630.7214639912;1250.02336998829;0.0198019801980198;113;113
227;59.4499999999825;1.26000000000022;62;NA;NA;-2033.54156224798;-2652.7378914054;5.12601099525626;40.3496892984749;117.029877654732;14.97294971014;4611.06831056519;5375.07393156821;1238.39265831484;0.0099009900990099;109;109
228;67.3300000000163;1.62999999999965;70.4100000000035;NA;NA;-2194.93855038956;-2930.45339596114;5.56141800138788;50.4677398072171;120.371908474738;13.2919364124504;4952.6219307854;5923.04727462842;1471.02969114316;0.0198019801980198;115;115
229;64.679999999993;1.48000000000002;67.4599999999919;NA;NA;-2200.19056973499;-2921.9260422979;5.38669628313664;47.6169239449909;123.388834020293;13.9410259931909;4976.14786478335;5908.90480145904;1443.47094512581;0.0198019801980198;113;113
230;52.1199999999953;1.23000000000002;54.3600000000151;NA;NA;-2038.53221545805;-2595.80876540715;5.3054035409162;37.0347599555444;108.710649046641;15.7113057785113;4578.23632426774;5264.04893411376;1114.5530998982;0.0099009900990099;101;101
231;85.9499999999825;1.79999999999973;89.3300000000163;NA;NA;-2370.39125601195;-3074.96463008184;6.65216983665656;43.1372422062641;114.148749297731;17.7034075913724;5281.43120538233;6233.77883574949;1409.14674813978;0.0099009900990099;130;130
232;75.9400000000023;2.06999999999971;79.5899999999965;NA;NA;-2400.02163556856;-3110.31490093274;6.58187519573724;44.25930581383;113.45072467792;17.0447788491574;5333.78305301635;6300.81859370401;1420.58653072836;0.0099009900990099;122;122
233;38.9499999999825;1.06999999999971;41.140000000014;NA;NA;-1790.92452923759;-2181.34911280751;6.2519614552037;38.5872492875102;67.7933844386505;11.1502251388464;3886.0589239107;4412.73273144698;780.84916713983;0.0297029702970297;79;79
234;47.8600000000151;1.24000000000024;50.0599999999977;NA;NA;-1924.37758764729;-2515.13061177906;5.21962259698424;49.1158041950773;101.106211340796;10.6647912143154;4312.82667784482;5079.21198155389;1181.50604826355;0.0099009900990099;97;97
235;55.0799999999872;1.64999999999964;58.0800000000163;NA;NA;-2019.65706807207;-2618.07960305322;5.17048748965659;40.5517041667492;112.784310867477;14.4501331197626;4561.99099132215;5303.1255250727;1196.8450699623;0.0099009900990099;106;106
236;76.6900000000023;1.55999999999995;79.9100000000035;NA;NA;-2241.45523559244;-2962.35729945421;5.39592406342227;41.1163448156254;133.643154878578;17.5350447964875;5112.73402530423;6007.35245825408;1441.80412772355;0.0297029702970297;124;124
237;54.8299999999872;1.45000000000027;57.5899999999965;NA;NA;-2017.5673379501;-2581.66276892917;5.31354238309051;38.3043649966461;109.278665797457;15.3303942104332;4539.99660283098;5234.15118626105;1128.19086195814;0.0099009900990099;103;103
238;68.5599999999977;1.53999999999996;71.6000000000058;NA;NA;-2253.14273618859;-2865.13980567474;6.62318749077004;40.7578760835361;101.211058101654;16.7076065265572;4980.3248774107;5808.53256123396;1223.99413897231;0.0198019801980198;117;117
239;78.460000000021;2;82.2099999999919;NA;NA;-2225.0673320983;-3040.68374214703;5.42477138881569;54.2710247919309;132.415498841795;13.102224512904;5075.75534267929;6143.27128453718;1631.23282009746;0.0099009900990099;127;127
240;59.25;1.46000000000004;62;NA;NA;-2034.30951291221;-2657.97026015148;5.49968354576873;44.4154861606069;109.339539658204;13.3877355784472;4577.35679960031;5378.2313147893;1247.32149447855;0.0099009900990099;110;110
241;88.109999999986;2;91.6699999999837;NA;NA;-2431.00142063655;-3259.47828905702;5.57126978444916;44.1933217529332;147.259983960194;18.4103476312026;5559.47800768427;6606.15447079635;1656.95373684094;0.0099009900990099;130;130
242;48.9400000000023;1.28999999999996;51.0299999999988;NA;NA;-1909.41456378832;-2469.85699493707;5.19763065885239;42.731671661954;101.727231369624;12.5108939670339;4288.30757380749;4997.45266005636;1120.88486229749;0.0099009900990099;102;102
243;53.2999999999884;1.14000000000033;55.7999999999884;NA;NA;-1955.99002057979;-2574.30692845176;5.25884587108482;48.8759594414752;105.769882816988;11.3633096542251;4401.14253720094;5201.16667029152;1236.63381574394;0.0099009900990099;104;104
244;49.8800000000047;1.39000000000033;52.1700000000128;NA;NA;-2014.36884064162;-2613.78135628241;5.09181850377789;42.7555871277497;110.946006221302;13.2235731705816;4539.66292138804;5288.45951748222;1198.82503128158;0.0099009900990099;100;100
245;70.320000000007;1.92000000000007;74.2200000000012;NA;NA;-2250.67495104391;-2960.57760583657;5.50083885848928;42.1283672843416;129.285795585973;16.8143656069179;5107.43232632186;5999.97973700332;1419.80530958533;0.0099009900990099;118;118
246;67.5099999999802;1.75;70.2599999999802;NA;NA;-2129.46161568218;-2867.96990651523;5.44089119887882;52.9038501109119;121.002988461707;12.403772673299;4827.69540283082;5794.24350294306;1477.0165816661;0.0198019801980198;121;121
247;66.2000000000116;1.42000000000007;68.6100000000151;NA;NA;-2201.16610312321;-2880.67556170813;5.65271688642165;43.0982445037057;120.327695120083;15.6549104037301;4964.34488476757;5834.470267926;1359.01891716984;0.0099009900990099;114;114
248;57.7600000000093;1.23000000000002;60.1300000000047;NA;NA;-2127.96698308828;-2668.88958263534;7.62404225098424;46.7200976999592;76.9771370687217;12.6708874483812;4613.74363897606;5396.6767323228;1081.84519909413;0.0396039603960396;109;109
249;38.5599999999977;0.920000000000073;40.3299999999872;NA;NA;-1703.42762618531;-2157.65417917188;5.05851686070302;42.7348612987029;83.3893267948775;9.90365601068575;3783.6076881668;4360.05301175117;908.453105973147;0.0198019801980198;84;84
250;41.1999999999825;1.22000000000025;43.3399999999965;NA;NA;-1870.59205465204;-2356.19240859178;5.89659792494662;44.8989479331823;80.773375852309;10.5420012235173;4107.06801462091;4760.1375393747;971.200707879483;0.0198019801980198;86;86
