1;12.5299999999988;0.509999999999991;13.5200000000004;NA;NA;-283.806497614642;-320.462499015992;3.81553839624722;12.6357740171689;10.9843956097026;3.88880077252175;606.553099662961;654.710946170086;73.3120028026988;0.0198019801980198;12;12
2;0.0800000000017462;0;0.0599999999976717;NA;NA;NA;NA;NA;NA;NA;NA;NA;NA;NA;NA;NA;NA
3;11.8400000000001;0.5;12.5;NA;NA;-314.095391601535;-349.893925618722;3.58808226206906;10.4788657314243;12.2376059412542;4.87652767273078;672.063331965282;717.270494422653;71.5970680343722;0.0099009900990099;13;13
4;8.73999999999796;0.339999999999918;9.19999999999709;NA;NA;-220.667746095676;-237.833558524746;3.13318520249009;8.75109260040193;4.75361329847476;1.94879641825082;456.106414042086;481.72262005101;34.3316248581405;0.0297029702970297;5;5
5;11.8500000000022;0.5;12.7000000000044;NA;NA;-281.37557263833;-311.049602366448;3.59600758686456;6.46890144796995;13.2141257851099;7.8438462992458;610.124576047369;650.219862555915;59.3480594562367;0.0198019801980198;13;13
6;14.7200000000012;0.430000000000064;15.3300000000017;NA;NA;-282.695354215855;-321.438450118296;3.5091128333157;13.8052094787238;10.7464568739738;3.01276053301428;603.019778900942;653.426179848765;77.4861918048807;0.0198019801980198;11;11
7;14.5299999999988;0.629999999999882;15.3399999999965;NA;NA;-297.634128672807;-328.171107163822;3.50417069973896;9.83163963719048;9.50988924370315;3.36469818962496;628.114251158477;667.963470168426;61.0739569820297;0.0099009900990099;10;10
8;11.4399999999987;0.529999999999973;12.1800000000003;NA;NA;-291.421951244719;-327.62818279338;3.55285090201571;10.1877708220325;11.9725775682813;4.52510830110206;625.28714993014;671.298048359271;72.4124630973224;0.0099009900990099;12;12
9;11.0400000000009;0.459999999999809;11.8299999999945;NA;NA;-290.766293992298;-314.648233138135;3.83605443183897;5.47166263738537;9.54207711944622;5.75327849167739;615.359617959484;649.692059558076;47.763878291674;0.0198019801980198;12;12
10;8.67000000000189;0.419999999999845;9.20999999999913;NA;NA;-216.557838035648;-240.619174216673;3.40004291515903;9.45392748891385;7.68277169005777;2.93846949310732;459.246299027429;491.232663179396;48.1226723620485;0.0099009900990099;9;9
11;9.5;0.25;9.97000000000116;NA;NA;-227.523933062658;-245.075963487432;3.31829207707245;5.92751719840128;6.29765913226661;3.36743374449895;475.676101574415;501.182091466438;35.1040608495476;0.0297029702970297;7;7
12;12.2200000000012;0.570000000000164;13.0499999999956;NA;NA;-302.886920379275;-333.06124585541;3.67889449551078;11.028013436274;9.66469459836249;3.19734335307749;639.154513324344;677.165724423789;60.3486509522696;0.0099009900990099;10;10
13;15.4000000000015;0.759999999999991;16.3199999999997;NA;NA;-314.066471783798;-341.580556462478;3.56714855512994;7.00424990541617;12.2633259956302;6.57023549532662;671.60690535319;706.452850170461;55.0281693573605;0.0198019801980198;12;12
14;12.8600000000006;0.5;13.5199999999968;NA;NA;-300.181513504506;-344.558689816262;3.59098990968981;17.5402235202971;12.0930956446599;3.1195429402189;643.717497720303;700.301127533671;88.7543526235125;0.0099009900990099;13;13
15;12.5799999999981;0.659999999999854;13.4400000000023;NA;NA;-305.978455040973;-338.928492501293;3.54740940784257;9.41802820071971;11.1166339699686;4.61270620696609;650.882167768476;694.008526757352;65.9000749206391;0.0198019801980198;11;11
16;10.4199999999983;0.599999999999909;11.0999999999985;NA;NA;-302.501992857085;-331.801735302284;3.47068123679948;12.2913850216204;8.90831539369881;3.07382092340036;635.772217058001;674.2200719597;58.5994848903972;0.0099009900990099;10;10
17;9.25;0.339999999999918;9.86000000000058;NA;NA;-247.106749369309;-266.069668880502;3.44826638149864;5.75704454552928;6.84972813312487;3.65085223874604;517.107385243631;544.341602606556;37.9258390223853;0.0297029702970297;8;8
18;17.6700000000019;0.709999999999809;18.6899999999951;NA;NA;-324.345839029882;-359.268470812316;3.61812575629567;7.22149185606335;13.3013068048609;6.67388734949578;695.845321691111;742.196128675252;69.8452635648698;0.0099009900990099;12;12
19;10.5099999999984;0.5;11.1399999999994;NA;NA;-264.954005687898;-290.600123622858;3.52086678872144;7.74034141314043;8.59374852834142;3.70104196438763;559.137046369053;593.788221484413;51.2922358699209;0.0099009900990099;9;9
20;15.0900000000001;0.779999999999973;16.760000000002;NA;NA;-324.750222953712;-364.127902217187;3.67664370327791;9.15943730953852;14.6305179316691;6.24355134342712;702.998546913211;751.086037920672;78.7553585269501;0.0099009900990099;15;15
21;16.0599999999977;0.600000000000136;17.8400000000038;NA;NA;-283.412250294588;-312.208573031159;3.36397893958181;10.6362145476297;8.34242286110144;2.73757302673903;594.707429436418;633.566952442261;57.5926454731414;0.0198019801980198;8;8
22;7.09000000000015;0.230000000000018;7.43999999999505;NA;NA;-194.09282979624;-206.333348550439;3.15503684412774;3.52971625149698;4.17602200097378;2.55443740508472;401.161829665701;420.604110793153;24.4810375083969;0.0495049504950495;5;5
23;6.95999999999913;0.429999999999836;7.45999999999913;NA;NA;-230.671984952371;-246.297022161099;3.11104211714912;7.7933835532503;4.39026749088953;1.58399318472515;474.985865856302;497.515992759017;31.2500744174561;0.0198019801980198;5;5
24;9.92000000000189;0.470000000000027;10.489999999998;NA;NA;-263.136884723606;-279.940870026442;3.20300365281248;4.10495439087647;6.91893996063484;4.28768111868542;548.403755555634;573.595737302999;33.6079706056729;0.0297029702970297;6;6
25;9.09999999999854;0.269999999999982;9.71999999999389;NA;NA;-253.074529258177;-272.686681653444;3.40504810797872;6.4698140623671;7.96617425769903;4.33331579339605;533.243589543503;560.111825637301;39.2243047905345;0.0198019801980198;9;9
26;10.130000000001;0.370000000000118;10.7799999999988;NA;NA;-256.445484926232;-279.809295530265;3.45412962235353;6.12498058836791;9.51096278819766;5.32404711982778;545.740671556652;578.0071983593;46.7276212080654;0.0099009900990099;10;10
27;9.95000000000073;0.439999999999827;10.6100000000006;NA;NA;-285.325270983493;-312.89930070665;3.59081983860659;8.74679821005123;9.04845843425717;3.83636208275759;602.334015325092;639.231748807878;55.1480594463127;0.0198019801980198;11;11
28;10.4600000000028;0.570000000000164;11.25;NA;NA;-252.857366794361;-274.598601586488;3.20911924124447;6.58193439149705;7.04622987918042;3.20635470712653;528.251852024521;559.452615928556;43.4824695842544;0.0099009900990099;6;6
29;15.7200000000012;0.5;16.4300000000003;NA;NA;-289.107658932632;-327.525348463569;3.53251923083125;11.8785443759773;10.9245121095352;3.21984727818207;616.467854569455;666.325097555341;76.8353790618738;0.0198019801980198;11;11
30;7.75;0.289999999999964;8.14000000000669;NA;NA;-217.671270050858;-233.224555374806;2.9956394252396;6.61887459159762;4.809057856487;2.06207792295423;449.749189927782;472.626544133989;31.1065706478965;0.0297029702970297;4;4
31;10.3299999999981;0.480000000000018;10.9800000000032;NA;NA;-254.562148256418;-283.424277460026;3.45810482502017;11.0121507769333;8.58575385739372;3.28490305895264;538.778439779063;578.194208143265;57.724258407216;0.0099009900990099;10;10
32;8.35000000000218;0.240000000000009;8.72000000000116;NA;NA;-208.111757862049;-226.041892137413;3.30765874337968;9.18614885304706;5.66744689026533;2.50286119606808;434.787465660458;460.282006656278;35.8602685507273;0.0099009900990099;7;7
33;11.1800000000003;0.350000000000136;11.6700000000055;NA;NA;-245.974305717446;-266.834991744446;3.40172391292474;5.88595899695927;8.35579082382468;4.48840665259375;520.368305306601;548.935940443529;41.7213720540012;0.0099009900990099;9;9
34;9.5;0.389999999999873;10.0500000000029;NA;NA;-271.937874353018;-290.511392711973;3.4883838687579;4.25371364391178;7.70087281311228;4.91761964574647;569.614421065942;597.458974402029;37.147036717909;0.0099009900990099;8;8
35;12.510000000002;0.399999999999864;13.2099999999991;NA;NA;-319.961996461659;-362.486269055509;3.63987012367172;11.2092192009488;13.684855390318;4.97522040407765;689.492095906116;742.993352384723;85.0485451876988;0.0198019801980198;14;14
36;8.15999999999985;0.369999999999891;8.69000000000233;NA;NA;-235.377203069396;-250.561793370087;3.33494988656572;3.9363240208415;4.69519849984859;2.50693253623705;485.343815449221;508.913388361122;30.3691806013826;0.0297029702970297;5;5
37;7.77000000000044;0.279999999999973;8.26000000000204;NA;NA;-188.831216596481;-201.864077351104;2.99667537725487;6.31151969477945;4.52977649345798;1.99562903072355;391.2324308264;409.706524995589;26.0657215092475;0.0495049504950495;4;4
38;11.3099999999977;0.3599999999999;11.8700000000026;NA;NA;-276.397644674045;-302.839399360197;3.49985799913364;6.84480998522683;10.62644410927;5.49261228015268;590.004131193767;624.911360389215;52.8835093723029;0.0099009900990099;11;11
39;9.25;0.3900000000001;9.88999999999942;NA;NA;-239.791930237777;-254.628016432681;3.15993778774962;4.48397693775152;5.45180810322739;3.4210387315544;496.524285870235;519.886240368429;29.6721723898077;0.0297029702970297;5;5
40;11.4699999999975;0.529999999999973;12.2799999999988;NA;NA;-286.656635650868;-306.408042364007;3.54554019368896;6.20185170905182;10.3035923881972;6.17904362912281;608.90061865776;634.157745352082;39.5028134262797;0.0198019801980198;10;10
41;9.93000000000029;0.309999999999945;10.3899999999994;NA;NA;-268.319398846993;-293.711250542461;3.41330424353023;8.33291417256456;8.9478224753016;4.45335236422181;567.072108068559;602.569231485732;50.7837033909364;0.0099009900990099;9;9
42;10.1899999999987;0.450000000000045;10.9500000000044;NA;NA;-273.275210715557;-296.04883254603;3.45604728031777;5.44425689686836;9.20713823019089;5.49321236050921;578.350750288073;611.070548432998;45.547243660946;0.0099009900990099;10;10
43;13.4399999999987;0.539999999999964;14.5;NA;NA;-295.69961531953;-324.606998248269;3.5984497300892;6.95557273574977;11.9299591720073;5.80432234896169;634.168847344944;670.022839051923;57.8147658574767;0.0198019801980198;13;13
44;13.6999999999971;0.579999999999927;14.6500000000015;NA;NA;-325.073485575335;-371.612044851306;3.66620676277414;14.2708146464575;14.2262645335309;4.37647030224564;702.166875060049;759.22713562155;93.0771185519415;0.0099009900990099;15;15
45;9.02000000000044;0.3599999999999;9.62999999999738;NA;NA;-249.102448525889;-265.168573476621;3.20046949781696;4.04254688434493;5.71533489073834;2.95241669685043;515.964180300367;539.511203310323;32.1322499014634;0.0099009900990099;5;5
46;5.13999999999942;0.319999999999936;5.55999999999767;NA;NA;-200.640983069929;-213.935208945588;2.99384758591184;2.5536276706312;4.14541788115706;2.36114684455847;413.700528273809;434.943781696019;26.5884517513168;0.0297029702970297;4;4
47;8.33000000000175;0.389999999999873;8.91000000000349;NA;NA;-214.110634954438;-228.625319452955;3.11688800860832;4.61188296922135;4.92370115372009;2.7007741375188;443.520706440936;465.642765319427;29.0293689970337;0.0099009900990099;5;5
48;10.0699999999997;0.389999999999873;10.5299999999988;NA;NA;-269.222115627937;-286.035588467893;3.48618389314804;4.25867726053738;8.76844047677444;6.55960128264078;568.729351751813;594.727237129876;33.6269456799132;0.0198019801980198;10;10
49;5.27000000000044;0.279999999999973;5.87999999999738;NA;NA;-197.866870923441;-209.621965860078;2.85196548441386;4.66918654590349;3.36013502432758;1.6637528075095;405.316481479002;423.988773772972;23.5101898732726;0.0198019801980198;3;3
50;18.3400000000001;0.700000000000045;19.5;NA;NA;-371.701535386751;-420.620451516364;3.74734388360145;12.9234198818088;15.9511186055356;4.78771900529993;802.244824467597;858.902221303451;97.8378322592265;0.0099009900990099;16;16
51;9.11999999999898;0.370000000000118;9.75;NA;NA;-254.095344045915;-274.796312487885;3.3609291258531;5.5847601404813;6.8323436089694;3.4625684383913;531.026470199818;561.165587771331;41.4019368839388;0.0099009900990099;8;8
52;8.2699999999968;0.220000000000027;8.62000000000262;NA;NA;-217.956489264031;-239.408503122792;3.27605125482419;15.4825118477583;6.07561369625483;1.79119389389096;455.81389523249;484.684133792843;42.9040277175208;0.0297029702970297;7;7
53;9.40000000000146;0.389999999999873;9.92000000000553;NA;NA;-234.706409095057;-256.258822725972;3.27897139103616;7.24827154433258;6.92012425225998;3.26301815478028;492.079963142633;523.205792485279;43.1048272618295;0.0198019801980198;7;7
54;8.68000000000029;0.3599999999999;9.5199999999968;NA;NA;-235.742407444353;-249.589733636893;3.24099420701858;3.69809436985407;6.28964236419885;4.07908023587474;491.60201476883;512.226261937224;27.6946523850806;0.0297029702970297;6;6
55;11.5600000000013;0.529999999999973;12.4400000000023;NA;NA;-308.490920047157;-348.368750252707;3.59952601624859;10.0637006429426;13.1860214685864;5.35304644385924;664.254515210444;715.928491967468;79.7556604110991;0.0099009900990099;13;13
56;12.7799999999988;0.589999999999918;14;NA;NA;-302.821717848579;-338.574736670188;3.60332567987653;10.5028789361356;11.6043595014878;4.72021943917828;647.245758122574;694.071742165487;71.5060376432173;0.0297029702970297;13;13
57;10.8100000000013;0.509999999999991;11.5500000000029;NA;NA;-286.410270446093;-309.132317018641;3.77131151654047;5.92207140960801;8.3939617830433;4.84792352770435;601.812257801382;635.008768707583;45.4440931450955;0.0099009900990099;10;10
58;9.68999999999869;0.409999999999854;10.3099999999977;NA;NA;-281.039490882286;-300.510548429854;3.33804935755521;10.9283746039505;6.41748774554852;2.77641539457369;583.099720649695;610.11535700636;38.9421150951358;0.0099009900990099;7;7
59;16.1999999999971;0.6400000000001;17;NA;NA;-344.309534806342;-379.433023673565;3.66697647727053;7.35596382912182;15.2495402230742;7.32481205397917;744.380693839254;785.650029769513;70.2469777344468;0.0396039603960396;15;15
60;16.1100000000006;0.639999999999873;16.9199999999983;NA;NA;-304.59820287145;-346.649519786523;3.82263090016126;18.4341566628108;10.5055922138878;2.24993676169206;645.982080721488;701.177266783175;84.1026338301447;0.0099009900990099;11;11
61;11.7700000000004;0.430000000000064;12.6500000000015;NA;NA;-292.465928319373;-321.110582576621;3.56171110039557;7.82671542755955;11.211042021688;5.52293573256688;624.675431310188;661.800184504719;57.2893085144959;0.0099009900990099;12;12
62;8.57999999999811;0.309999999999945;9.0199999999968;NA;NA;-241.533130548504;-258.942045064468;3.58540280283622;12.2490322928222;5.30384292009079;2.08649325551142;500.030416128077;524.557665419731;34.8178290319281;0.0594059405940594;6;6
63;7.34000000000015;0.269999999999982;7.65000000000146;NA;NA;-232.22943595008;-243.681164649913;3.11819409053303;9.6404694567102;3.27446942718856;1.08700734059294;474.268305641955;490.618712271631;22.9034573996663;0.099009900990099;4;4
64;9.36999999999898;0.369999999999891;10.1100000000006;NA;NA;-240.017395872735;-257.497693328214;3.27625293470417;4.98722595215571;7.1405397585606;4.06344666255416;503.423916542421;528.305369418207;34.9605949109587;0.0099009900990099;7;7
65;9.62000000000262;0.349999999999909;10.0900000000038;NA;NA;-243.090859213461;-259.179995350323;3.3482080789021;4.25560019537188;8.03152509334948;5.50804457893053;513.025531841954;536.769560395064;32.1782722737226;0.0099009900990099;8;8
66;7.28000000000247;0.220000000000027;7.69999999999709;NA;NA;-233.052800833799;-248.021893308086;3.10841054220561;2.79482035924954;4.79636435749801;2.77487172519611;481.009364057144;504.666156763915;29.9381849485736;0.0198019801980198;5;5
67;16.75;0.639999999999873;17.7200000000012;NA;NA;-369.142780029564;-425.425449123933;3.98997369623518;15.8514734800574;16.0774326832113;4.30630919970819;797.593271159126;866.736353777732;112.565338188738;0.0099009900990099;16;16
68;13.2200000000012;0.629999999999882;14.2699999999968;NA;NA;-352.559250334827;-389.224987691646;4.09143078030315;7.02645133913227;16.5225860968476;9.51926945775095;767.041369224834;814.126017131146;73.3314747136379;0.0297029702970297;18;18
69;12.5300000000025;0.6099999999999;13.3300000000017;NA;NA;-349.740692940617;-403.576462831389;3.77598044701363;17.6049285249667;14.5393680003458;4.1437503408967;753.115361773511;822.438721158289;107.671539781543;0.0099009900990099;16;16
70;11.119999999999;0.470000000000027;11.75;NA;NA;-259.179751796278;-286.983601059175;3.45571690920045;9.81384128254642;9.18061012398359;3.57345119065124;550.068207616668;586.309465281554;55.6076985257945;0.0495049504950495;10;10
71;10.1400000000031;0.429999999999836;10.760000000002;NA;NA;-255.377701816184;-277.371407460653;3.20240844471186;6.40390747189908;6.32569713313584;2.76446928902317;530.987923422804;563.58487270925;43.9874112889384;0.0099009900990099;6;6
72;13.3400000000001;0.3900000000001;13.9100000000035;NA;NA;-259.614079683296;-286.138773029348;3.47944741510572;9.70483280286299;7.90226939783261;2.78702644509785;546.105337351689;581.756773106386;53.0493866921049;0.0198019801980198;9;9
73;10.0800000000017;0.330000000000155;10.5499999999956;NA;NA;-290.690810189544;-317.096268645285;3.34840715370973;10.9846545085979;7.43016853103883;2.58613797090753;606.215516229653;642.836201395419;52.8109169114833;0.0099009900990099;8;8
74;9.54999999999927;0.309999999999945;9.95000000000437;NA;NA;-246.317524910839;-262.556087383183;3.28348526129683;3.32657748843276;8.06553946678138;5.63201706453954;519.054048317852;543.560072885433;32.4771249446882;0.0099009900990099;7;7
75;11.7700000000004;0.5;12.4000000000015;NA;NA;-281.68576882681;-305.205528530155;3.4759212491342;5.37937252684219;9.22654104661269;5.70628833981817;595.238881464362;630.119878761697;47.0395194066908;0.0297029702970297;10;10
76;15.5099999999984;0.660000000000082;16.5;NA;NA;-362.80399795806;-415.222276739354;3.89491141041153;14.7117033972345;15.671266453206;4.52460274391719;783.417408755297;847.135267578771;104.836557562587;0.0198019801980198;16;16
77;10.739999999998;0.440000000000055;11.4599999999991;NA;NA;-277.965849369051;-305.628746707787;3.30936863203943;11.2039238167018;7.80316215921181;2.75622238412465;581.491269824286;620.285610545396;55.3257946774712;0.0099009900990099;7;7
78;8.97999999999956;0.389999999999873;9.62999999999738;NA;NA;-247.443717099268;-264.033883494459;3.12967000594871;3.71517363760737;5.56858227760613;3.10092469238914;512.190712458108;537.703282841878;33.1803327903815;0.0099009900990099;5;5
79;11.0299999999988;0.449999999999818;11.5999999999985;NA;NA;-267.840535394803;-287.948410165568;3.34296183862167;5.2038416118925;9.12459054279469;5.60592886237531;566.178243265872;594.63354924009;40.2157495415311;0.0198019801980198;8;8
80;16.4700000000012;0.880000000000109;17.6300000000047;NA;NA;-352.850241194287;-402.27588183481;3.75585507978333;14.9508523067216;14.5708950974744;4.02707116008693;758.477921984621;819.138273522216;98.851281281045;0.0198019801980198;14;14
81;8.92000000000189;0.3599999999999;9.43000000000029;NA;NA;-235.939778210131;-250.612382068386;3.4389781911577;3.75255413618999;5.5672085142127;3.71264089883261;489.686077040932;513.099515469228;29.3452077165104;0.0198019801980198;6;6
82;16.8899999999994;0.8599999999999;17.9000000000015;NA;NA;-329.1396943402;-368.309289748568;3.63309400875551;12.003929301017;12.128406548095;4.10988268677362;701.7604510911;751.352754583997;78.3391908167356;0.0198019801980198;13;13
83;13.869999999999;0.6400000000001;14.9300000000003;NA;NA;-266.94428957548;-305.916888116099;3.50539271765123;13.7617284109723;10.2807656806879;2.91440266763577;569.887016665111;622.038652559555;77.9451970812383;0.0099009900990099;11;11
84;9.61000000000058;0.3599999999999;10.2200000000012;NA;NA;-254.380342699787;-280.717263480727;3.52002047739421;15.6942775548171;7.10160785457814;2.20149193624647;532.49643097458;568.792586369154;52.6738415618799;0.0198019801980198;8;8
85;10.3899999999994;0.480000000000018;11.3400000000038;NA;NA;-250.228654442847;-277.383397021557;3.46327177722708;7.92236406714551;8.83929191490051;3.83477514367048;530.987141579504;568.011638164315;54.3094851574201;0.0099009900990099;10;10
86;11.0399999999972;0.559999999999945;11.8700000000026;NA;NA;-269.183954580885;-292.672789140556;3.34922422409095;5.93272134802104;8.53804834520631;4.33230795086202;566.904678211651;599.825476549213;46.977669119343;0.0099009900990099;8;8
87;11.7000000000007;0.360000000000127;12.3099999999977;NA;NA;-223.980810447019;-244.466538863873;3.35979586116017;7.11400583265551;7.43657590529383;3.77224413809221;472.816932149148;501.541071430305;40.9714568337083;0.0099009900990099;8;8
88;8.45999999999913;0.559999999999945;9.62999999999738;NA;NA;-206.361588264918;-222.127087123802;3.20108078543262;6.93421794823228;5.84914101640431;2.61513211572876;431.431448342524;452.618582339311;31.5309977177695;0.0099009900990099;6;6
89;10;0.279999999999973;10.3499999999985;NA;NA;-258.824941667339;-277.126315609118;3.36274979956694;7.54566884452866;7.57814306063019;4.29920615365964;542.978355323195;568.621893155444;36.6027478835585;0.0198019801980198;8;8
90;10.3600000000006;0.690000000000055;11.1800000000003;NA;NA;-250.181404032578;-270.009727478108;3.35065135226272;3.99295588432597;7.68624051650177;4.64849792785825;526.052574814298;555.556156838517;39.6566468910605;0.0198019801980198;8;8
91;15.6800000000003;0.669999999999845;16.7699999999968;NA;NA;-313.892024047393;-344.906321149196;3.46558778724908;10.0394516345957;10.2026634025575;3.37820192105634;663.022799084133;701.480538375215;62.0285942036064;0.0099009900990099;10;10
92;9.95000000000073;0.299999999999955;10.4500000000044;NA;NA;-213.099990625071;-232.320235614974;3.1980346655517;10.3396444288198;5.01744905552648;1.84680244524368;441.790721017089;470.379047946146;38.4404899798059;0.0099009900990099;5;5
93;7.87000000000262;0.25;8.27999999999884;NA;NA;-231.320117149302;-252.222955167268;3.19898428772235;6.53383377114119;5.92956725319127;2.79286742458871;481.605746600873;513.378798560256;41.8056760359325;0.0099009900990099;6;6
94;13.9200000000019;0.630000000000109;14.8099999999977;NA;NA;-331.63852436925;-373.245521058002;3.70078282675929;9.15612267645423;15.1999562886656;6.98001144424139;719.347855195188;772.239462922146;83.2139933775044;0.0198019801980198;16;16
95;15.8300000000017;0.730000000000018;16.9399999999951;NA;NA;-349.24297103809;-397.841565353805;3.75545412511873;19.3305055279363;12.4727239092417;3.04702349697294;743.663566945106;806.719796436342;97.197188631431;0.0099009900990099;14;14
96;11.7200000000012;0.480000000000018;12.7799999999988;NA;NA;-307.841422851607;-339.941879653185;3.58975664545882;9.77258790504927;11.3718521040402;5.17870020259437;655.996498294578;698.242450479291;64.2009136031547;0.0198019801980198;12;12
97;1.36999999999898;0.0500000000001819;1.44000000000233;NA;NA;NA;NA;NA;NA;NA;NA;NA;NA;NA;NA;NA;NA
98;11.9500000000044;0.529999999999973;12.7799999999988;NA;NA;-297.558557455539;-339.700365418012;3.6890608525366;13.6721059476657;12.3629466338693;4.15611316771266;639.897114000583;694.454645519778;84.2836159249476;0.0099009900990099;14;14
99;9.61000000000058;0.360000000000127;10.1900000000023;NA;NA;-219.578756929914;-242.449745614905;3.40592057842177;10.1066599066541;8.25043441682222;3.49189227869318;467.218869795899;496.776106105147;45.7419773699817;0.0594059405940594;9;9
100;15.8899999999994;0.8599999999999;16.9100000000035;NA;NA;-304.539067220925;-335.368148952599;3.47073532233234;8.20760876674618;11.37183088134;4.38538722054779;648.355046842984;685.882888766757;61.6581634633479;0.0099009900990099;10;10
101;10.6399999999994;0.379999999999882;11.4700000000012;NA;NA;-264.712980499056;-292.027766907736;3.49386580833229;7.83671331136536;9.39607433076815;4.54782060014586;561.878852028148;599.763149694732;54.6295728173601;0.0099009900990099;10;10
102;17.0699999999997;0.669999999999845;17.8700000000026;NA;NA;-368.003841665786;-415.493908911968;3.76716503036483;9.35263357260118;17.2004166576224;7.13727247713336;799.979331319551;857.532702845609;94.9801344923632;0.0099009900990099;17;17
103;15.4400000000023;0.589999999999918;16.4500000000044;NA;NA;-311.748320326865;-355.77531826853;3.64097018941437;14.3524942257691;12.1157386643799;3.31920849015167;666.932287944129;723.450197369069;88.0539958833292;0.0297029702970297;13;13
104;17.010000000002;0.75;18.0799999999945;NA;NA;-357.183756049391;-393.577364026542;3.77473373019195;8.07635439266556;15.0512413512518;7.09073394521171;769.404034649277;813.082778076862;72.787215954303;0.0099009900990099;15;15
105;0;0;0.0100000000020373;NA;NA;NA;NA;NA;NA;NA;NA;NA;NA;NA;NA;NA;NA
106;11.3399999999965;0.3599999999999;11.9400000000023;NA;NA;-289.098915925859;-319.115992062862;3.63101973411745;6.80285473836797;13.0057965652333;7.34364570555905;625.306306521819;664.831504268251;60.0341522740063;0.0099009900990099;14;14
107;5.45000000000437;0.320000000000164;6.12000000000262;NA;NA;-223.623253294531;-236.542690353456;2.99812150381531;2.93734853023121;3.73229456239293;1.9540380819717;458.427461864032;478.939155652829;25.8388741178512;0.0297029702970297;4;4
108;12.6399999999994;0.559999999999945;13.5999999999985;NA;NA;-336.307164434266;-364.527024942382;3.69730023039811;8.47871156279053;11.3187374561174;5.46334650641135;712.739687992456;748.421823140227;56.4397210162331;0.0099009900990099;12;12
109;9.80000000000291;0.440000000000055;10.4399999999951;NA;NA;-235.480467316537;-253.864466289537;3.35468010359571;4.94674286914827;7.84765236007662;4.52333896020601;497.190189133489;522.847314909879;36.7679979459998;0.0099009900990099;8;8
110;11.4399999999951;0.5;12.3499999999985;NA;NA;-311.996078565368;-350.789492382545;3.5475168871069;14.9204769243003;10.4373686817418;3.04507343472374;660.993030089172;712.373887076476;77.5868276343542;0.0198019801980198;12;12
111;17.4700000000012;0.769999999999982;18.4300000000003;NA;NA;-330.188242214087;-373.046276665523;3.55495069381651;11.612114038991;12.7945507528351;3.95051418103058;705.733658386594;760.09727787321;85.7160689028706;0.0099009900990099;12;12
112;10.5199999999968;0.6099999999999;11.3600000000006;NA;NA;-282.977794962523;-309.892689056407;3.48606157308877;8.73510639788569;9.47151976533994;4.14860426846281;598.669060254551;634.114149630755;53.8297881877689;0.0099009900990099;10;10
113;16.25;0.75;17.3699999999953;NA;NA;-331.692279663463;-367.776214705911;3.67502930570735;9.11968247981795;14.735104293037;5.99124689631456;717.265091887796;757.460083884931;72.1678700848959;0.0198019801980198;15;15
114;11.2900000000009;0.480000000000018;11.8700000000026;NA;NA;-299.895976497203;-338.940050444406;3.62245465269471;10.5434764226302;12.3533157331533;4.72290245831031;644.537067865928;694.986990859813;78.0881478944068;0.0099009900990099;14;14
115;13.1299999999974;0.450000000000045;14.0600000000049;NA;NA;-326.810690544157;-366.724167606574;3.7054475494259;8.99498114349684;14.2488926649635;6.21379698935455;706.183828483972;756.370283259214;79.8269541248349;0.0099009900990099;16;16
116;7.32999999999447;0.25;7.73999999999796;NA;NA;-201.251852555666;-217.018245493902;3.1096704659782;7.82857087172087;4.69907369231623;2.09816874040855;417.105155823008;440.556139210803;31.532785876471;0.0594059405940594;5;5
117;9.68000000000029;0.320000000000164;10.0699999999997;NA;NA;-285.563857853605;-312.683234811083;3.51514293810302;9.01781820806364;10.0287861995057;4.30845859521454;606.243838820867;640.452678406545;54.2387539149553;0.0495049504950495;11;11
118;7.51000000000204;0.329999999999927;7.95000000000437;NA;NA;-197.557797339856;-211.028557241627;3.16179402966104;6.07699404144497;4.05847813013408;2.03019159430292;407.726520207113;428.365537044905;26.941519803541;0.0495049504950495;5;5
119;13.5;0.450000000000045;14.1399999999994;NA;NA;-305.952682182941;-355.223389441267;3.68199335926073;16.6916905555895;13.7736662038904;3.7367463246622;662.270292609516;724.110603583987;98.5414145166524;0.0198019801980198;15;15
120;10.5;0.460000000000036;11.3299999999945;NA;NA;-230.760058735754;-247.812883141314;3.3034131379931;4.8988637990388;7.23117974035783;4.22391000578908;485.20613716962;509.461353170586;34.1056488111188;0.0099009900990099;7;7
121;12.5599999999977;0.5;13.3899999999994;NA;NA;-308.472842018642;-350.440483253586;3.61910379439679;11.4669044759209;12.616319603549;4.31636900850974;662.175943915191;716.355407399499;83.9352824698871;0.0198019801980198;13;13
122;7.54000000000087;0.25;8;NA;NA;-225.15306049674;-237.409528803548;3.10813080924175;5.45453745444576;5.02831652369981;3.11694202198958;465.930629288287;484.504344173181;24.5129366136168;0.0396039603960396;5;5
123;9.58000000000175;0.459999999999809;10.25;NA;NA;-235.061453371749;-255.732853887611;3.27800311536426;5.62774667093303;6.92817580082832;3.63714480145846;492.816424866762;523.379321667491;41.3428010317241;0.0198019801980198;7;7
124;8.13999999999942;0.369999999999891;8.69000000000233;NA;NA;-210.649206694275;-226.31968847019;3.10756652051317;7.8971924793794;4.58232249327271;2.09367719990868;435.537082626687;459.145068581397;31.3409635518298;0.0099009900990099;5;5
125;15.9099999999962;0.6400000000001;17.0500000000029;NA;NA;-324.116148162575;-348.933057438123;3.54731306329044;6.4545445264447;11.4921374010354;5.59566478464362;688.472391565559;717.459518262388;49.6338185510956;0.0198019801980198;11;11
126;8.59000000000378;0.380000000000109;9.13999999999942;NA;NA;-226.776652178498;-240.650340522478;3.43595159617907;4.06185654053291;5.33927706844943;3.07473096633101;470.630794265286;491.135099895122;27.7473766879595;0.0297029702970297;6;6
127;15.5599999999977;0.7199999999998;16.739999999998;NA;NA;-306.342093348479;-340.783032451273;3.72531537025212;13.3837543248629;9.73947721925433;2.64526537057772;646.787284947357;690.828548175555;68.881878205589;0.0099009900990099;11;11
128;12.0400000000009;0.430000000000064;12.5999999999985;NA;NA;-318.706719476207;-352.341390956025;3.57977109842188;10.3465643351964;12.2451715178468;5.07305804783826;680.823042416809;722.666967587813;67.2693429596368;0.0099009900990099;12;12
129;11.1399999999994;0.319999999999936;11.6500000000015;NA;NA;-256.034114722172;-285.956521258262;3.41893048073281;11.4841553472639;8.15346684424464;2.6758655562974;539.799779526458;581.014189440282;59.8448130721799;0.0099009900990099;9;9
130;7.33999999999651;0.340000000000146;7.7699999999968;NA;NA;-179.636344209797;-195.227339611228;3.10728018574796;6.03559257980876;4.86349892765816;2.68362643301869;374.385058330839;398.793522504346;31.1819908028635;0.0099009900990099;5;5
131;10.5899999999965;0.529999999999973;11.6299999999974;NA;NA;-233.992952908496;-261.272077365694;3.35779096644653;13.604814289434;7.01549595550648;1.74969067648029;491.433839086784;528.392156139283;54.5582489143956;0.0297029702970297;8;8
132;10.7299999999959;0.3900000000001;11.3499999999985;NA;NA;-296.402557817745;-312.993421617311;3.34280579642913;5.11116687281715;8.52657041280148;5.42959763107208;621.30352192459;644.134219235212;33.1817275991302;0.0099009900990099;8;8
133;10.1100000000006;0.379999999999882;10.5800000000017;NA;NA;-240.099318039361;-261.135203348782;3.34385194594734;7.9927751932653;7.68131525279352;3.44342918522801;505.871941090091;533.779400255048;42.0717706188415;0.0297029702970297;8;8
134;13.8199999999997;0.410000000000082;14.3899999999994;NA;NA;-270.198240319284;-298.22267859297;3.47353670770881;10.7262376173984;9.03177036945025;3.05376741027812;571.591110362629;606.992696160507;56.0488765473733;0.0099009900990099;10;10
135;7.80000000000291;0.430000000000064;8.25;NA;NA;-214.063419470315;-230.477932395952;2.99603956057122;4.43422270780409;5.38756426720063;2.85638976509448;444.266539091729;469.512843797046;32.8290258512736;0.0198019801980198;4;4
136;6.36000000000058;0.309999999999945;6.81999999999971;NA;NA;-227.334452147116;-239.32277444433;2.99613610557307;3.68250990497634;4.12303135014813;2.58649327858443;467.020402374746;486.393990278646;23.9766445944278;0.0099009900990099;4;4
137;9.77999999999884;0.490000000000009;10.6100000000006;NA;NA;-230.407294749835;-249.130746046381;3.40386248591955;6.84609008129451;8.47880003357566;4.22260513594288;489.652661973504;512.623405624925;37.4469025930932;0.0099009900990099;9;9
138;10.0400000000009;0.3599999999999;10.4499999999971;NA;NA;-284.623938121925;-300.282496197191;3.20394410239392;4.11320432920992;6.78523423105251;4.26461761068499;590.950209278954;614.205221825356;31.3171161505319;0.0099009900990099;6;6
139;9.68999999999505;0.420000000000073;10.260000000002;NA;NA;-231.218475118744;-254.617037290767;3.22294752789724;9.69081677528271;6.31115732334263;2.36603132665511;482.622964957701;516.80174256086;46.7971243440466;0.0099009900990099;6;6
140;8.45999999999913;0.350000000000136;9.23999999999796;NA;NA;-219.214876618638;-235.429218297626;3.20185312852579;7.35314300415136;6.05932342040359;3.24401984783678;457.810286076539;481.23431997862;32.4286833579751;0.0198019801980198;6;6
141;6;0.25;6.45999999999913;NA;NA;-212.21744839954;-224.746556577419;2.99851808891577;3.50973725835453;4.02083834359088;1.8441905932209;436.480251991719;455.017814433534;25.0582163557569;0.0495049504950495;4;4
142;9.97000000000116;0.5;10.7799999999988;NA;NA;-235.070328400477;-263.22562345287;3.408853797669;12.2319475822058;7.91959399808568;2.72676791598977;497.076759171071;535.725522802005;56.3105901047862;0.0099009900990099;9;9
143;11.7999999999956;0.450000000000045;12.4599999999991;NA;NA;-312.027422976236;-342.304120529643;3.45409745471121;7.55578698517889;10.6698742721093;5.18414656367777;660.907286117091;702.513648955417;60.5533951068137;0.0198019801980198;10;10
144;12.9599999999991;0.470000000000027;13.6100000000006;NA;NA;-293.014525713898;-332.041454027461;3.56592702315954;10.3777903513482;13.0274872105096;4.9968474868528;632.211994077597;681.796924364142;78.053856627126;0.0099009900990099;12;12
145;9.86000000000058;0.379999999999882;10.5;NA;NA;-257.527165936387;-278.981664967852;3.37196707251508;7.08773594872248;7.76728929563521;3.95560970805059;541.014988431669;571.184187457959;42.9089980629301;0.0198019801980198;8;8
146;6.90000000000146;0.259999999999991;7.25;NA;NA;-196.276796235992;-206.107812381675;2.99729275490991;4.33267789627737;4.0778115507218;2.35770646433923;404.769624139952;419.278682110139;19.6620322913676;0.099009900990099;4;4
147;13.0400000000009;0.779999999999973;14.2000000000044;NA;NA;-312.846900127341;-342.356629756257;3.54479013961127;6.79004480281875;11.2844898062651;5.98013029926361;665.206810645823;705.652881481421;59.0194592578321;0.0198019801980198;11;11
148;9.27999999999884;0.529999999999973;9.86000000000058;NA;NA;-260.48023079092;-281.353159373096;3.34556884468059;8.08099214598156;7.2326492814465;3.13370755369933;545.134187686273;573.180127878461;41.7458571643517;0.0297029702970297;8;8
149;15.8399999999965;0.779999999999973;16.6399999999994;NA;NA;-308.218122393102;-355.750319040105;3.64516975563777;18.7549086409683;13.1109067127105;3.30098683216549;663.439629012778;723.334873179199;95.064393294006;0.0198019801980198;13;13
150;11.9100000000035;0.420000000000073;12.4800000000032;NA;NA;-319.011445797946;-351.918123819503;3.46863451328668;12.6727489019297;9.79117148837524;3.17828023106446;671.840399864014;714.813638661116;65.8133560431137;0.0297029702970297;10;10
151;12.7299999999959;0.409999999999854;13.2900000000009;NA;NA;-323.961212443098;-353.616186704547;3.50889542805497;8.16799688338296;11.2010462063182;4.92403744434984;687.143254781065;724.474051681243;59.309948522898;0.0297029702970297;11;11
152;8.72000000000116;0.5;9.30999999999767;NA;NA;-236.187761836883;-257.241242892772;3.12091494643722;5.69332959443015;5.63489768693608;2.3117274705994;489.884864073273;521.66572591561;42.1069621117771;0.0099009900990099;5;5
153;7.71999999999389;0.220000000000027;8.01000000000204;NA;NA;-202.893366269201;-217.706539983796;3.00405040186293;10.4031325070076;4.1990528233812;1.20407347862383;418.365970599763;439.020161747235;29.6263474291891;0.0198019801980198;4;4
154;11.7099999999991;0.380000000000109;12.1999999999971;NA;NA;-316.462182765389;-350.08055713167;3.59514242715063;10.8394064824136;11.2687774553868;4.20833315475845;673.323606262604;715.248240162481;67.2367487325632;0.0099009900990099;13;13
155;10.2099999999991;0.509999999999991;10.75;NA;NA;-277.22649202421;-304.490320103268;3.51059060625222;7.06910794896961;10.3434118140098;5.14987707128213;590.670779048769;627.013103323982;54.5276561581152;0.0297029702970297;11;11
156;11.75;0.580000000000155;12.6699999999983;NA;NA;-310.060585894032;-337.989619305167;3.66137199969877;5.65274938264139;14.3653182092579;9.08221747386477;672.649540785556;709.189367605262;55.8580668222709;0.0297029702970297;15;15
157;18.1500000000015;0.619999999999891;19.0400000000009;NA;NA;-326.1154730659;-368.329922026811;3.59883016432298;11.0691429776644;13.6825059202913;4.39297268230635;701.283547683023;752.408913695244;84.4288979218209;0.0099009900990099;13;13
158;13.3499999999985;0.440000000000055;14.1500000000015;NA;NA;-291.936481205317;-320.499281278517;3.48682907770054;10.0077800248432;8.53513221472467;2.78001717776991;612.902631751495;650.45394970304;57.1256001464003;0.0198019801980198;9;9
159;10.2999999999956;0.329999999999927;10.7300000000032;NA;NA;-273.647145559722;-292.937389751043;3.34381262759277;7.85200133798139;8.12468982574173;3.75982494637457;574.449489565852;598.441264467342;38.5804883826419;0.0297029702970297;8;8
160;12.9499999999971;0.5;13.6999999999971;NA;NA;-286.921398286131;-308.510520293312;3.43789288514028;8.13846668195913;8.30741617459562;3.45465969295609;602.097958713675;628.771020088839;43.1782440143613;0.0198019801980198;9;9
161;14.3099999999977;0.5;15.0999999999985;NA;NA;-300.12110866008;-322.649629014004;3.45885173221337;5.31457066172251;10.4143717445883;5.99255059977083;636.212183018141;665.996794548074;45.0570407078472;0.0099009900990099;10;10
162;12.4300000000003;0.6099999999999;13.4000000000015;NA;NA;-357.653636172852;-391.216101386612;3.72575878376663;9.78702400497439;12.7565417983276;5.77300175143953;761.040237173215;803.128759114406;67.1249304275187;0.0198019801980198;13;13
163;14.5899999999965;0.660000000000082;15.7799999999988;NA;NA;-303.016366059911;-336.103909724227;3.58851231445312;13.5303481257105;10.3021710090176;2.95992604293511;642.106121091704;682.572097364376;66.1750873286323;0.0099009900990099;11;11
164;9.29000000000087;0.3599999999999;9.83999999999651;NA;NA;-256.353546243421;-274.180323663933;3.48329669159686;4.06485751853353;6.86500535956616;4.18411099476339;535.652040155372;562.345226040596;35.6535548410243;0.0099009900990099;8;8
165;0.470000000001164;0.0399999999999636;0.57999999999447;NA;NA;NA;NA;NA;NA;NA;NA;NA;NA;NA;NA;NA;NA
166;10.1500000000015;0.320000000000164;10.5599999999977;NA;NA;-242.189861370207;-262.681253170978;3.40475631373115;5.05639559432174;8.49428531742233;5.35424854209695;513.270463721121;543.573362464105;40.9827836015436;0.0099009900990099;9;9
167;8.94000000000233;0.490000000000009;9.52999999999884;NA;NA;-236.701051104486;-253.645160199366;3.27556632943091;5.90742653036897;6.45541311800783;3.22530708945459;494.547067174954;517.854943322832;33.8882181897584;0.0198019801980198;7;7
168;8.21999999999389;0.320000000000164;8.65000000000146;NA;NA;-232.110971810702;-246.875627728478;3.20385672463416;5.15999661468362;5.76038425922371;3.04645579838112;482.646330068039;503.495237176941;29.5293118355517;0.0297029702970297;6;6
169;9.20999999999913;0.420000000000073;9.7699999999968;NA;NA;-265.340402458851;-283.877376763049;3.24413655464321;7.18801765992513;6.44178423905479;3.38227301151655;551.28462523336;578.572834790801;37.0739486083947;0.0297029702970297;6;6
170;8.37000000000262;0.370000000000118;8.90999999999622;NA;NA;-262.531276065784;-276.661589178639;3.24692123215219;3.0521108770336;5.86115750513634;3.57630816477448;543.809258260817;564.761874234997;28.2606262257112;0.0099009900990099;6;6
171;14.1900000000023;0.649999999999864;15.0800000000017;NA;NA;-325.838296177564;-355.901882640085;3.60273903321999;8.25233605924772;11.3796930673893;5.16925192594495;692.018041462797;730.128961949386;60.127172925041;0.0099009900990099;12;12
172;9.88999999999942;0.529999999999973;10.6100000000006;NA;NA;-265.792382592859;-286.84927965918;3.22731013394927;6.53798684000715;6.04140036303676;2.67897840403106;550.907971756391;582.267177517576;42.1137941326419;0.0099009900990099;6;6
173;11.9700000000012;0.679999999999836;12.8299999999945;NA;NA;-317.79583058809;-354.531419375641;3.48369118063047;14.1490153822871;10.0767599424923;3.09031037887584;670.395557020074;719.736392667969;73.4711775751025;0.0099009900990099;10;10
174;8.88999999999942;0.380000000000109;9.4800000000032;NA;NA;-246.10231210742;-266.688790159862;3.27556331445279;6.63698780119941;6.83569377472566;3.26214906156084;514.595213746832;544.062880603311;41.1729561048853;0.0099009900990099;7;7
175;8.31000000000495;0.3599999999999;8.97999999999593;NA;NA;-230.533993733392;-250.776261225016;3.27747375832523;6.16042749196777;6.33764465890819;2.94978674677691;481.827197114516;511.214667424723;40.4845349832489;0.0297029702970297;7;7
176;9.84000000000378;0.559999999999945;10.6999999999971;NA;NA;-240.661570018041;-264.856639207556;3.40407163429336;6.61550596111476;8.01369532785513;4.04184017828281;508.579299602622;543.460374646584;48.3901383790283;0.0099009900990099;9;9
177;5.38999999999942;0.1099999999999;5.69999999999709;NA;NA;-180.970478552048;-190.489728604101;2.85124974951792;3.03957802495092;3.41696130289659;2.27565469632812;371.685759102116;387.469376895844;19.038500104106;0.0297029702970297;3;3
178;9.91000000000349;0.429999999999836;10.7300000000032;NA;NA;-294.215453507418;-314.47256173508;3.34449445159449;4.93281200952434;8.44973509460274;5.04453454819816;616.672506169371;645.805500870916;40.5142164553238;0.0099009900990099;8;8
179;10.6900000000023;0.559999999999945;11.5699999999997;NA;NA;-271.847823316963;-300.410822341387;3.41181598199257;8.72864370640948;9.73252654893282;3.89161112677963;576.797890449114;614.057782257624;57.1259980488475;0.0099009900990099;9;9
180;10.1300000000047;0.329999999999927;10.6200000000026;NA;NA;-258.836791062369;-285.57207527914;3.34686474919551;10.5041485455435;7.5575482573094;2.58726273079582;542.933219981352;579.791573954698;53.4705684335418;0.0198019801980198;8;8
181;11.1500000000015;0.299999999999955;11.6399999999994;NA;NA;-267.4015025637;-290.832629133329;3.52147249690463;4.60513918949393;11.0641830642968;7.4916397415404;573.544604251034;607.897480018484;46.8622531392569;0.0099009900990099;11;11
182;7.61000000000058;0.5;8.36000000000058;NA;NA;-235.985526175945;-250.595177861598;3.21072130695577;7.39896698276359;5.00881801133219;2.34583886351914;487.991580589026;508.693438819397;29.2193033713052;0.0099009900990099;6;6
183;11.6500000000015;0.470000000000027;12.1999999999971;NA;NA;-228.539249906734;-250.351852639233;3.29836356992359;9.05812792262141;6.61685514911512;2.24985016750951;478.752274637068;508.073179873048;43.6252054649966;0.0396039603960396;7;7
184;10.4300000000003;0.420000000000073;11.2200000000012;NA;NA;-300.326822143952;-336.131224811578;3.62245521615708;11.4135737453373;11.0680384940622;4.15437757128162;640.333223844869;687.156141530514;71.6088053352515;0.0297029702970297;13;13
185;7.23999999999796;0.440000000000055;7.77999999999884;NA;NA;-241.190933957173;-255.671150768432;3.23700819131849;3.35945085387978;4.56249325897775;2.96210701249743;496.049876218138;520.215981111924;28.960433622519;0.0396039603960396;4;4
186;11.25;0.490000000000009;11.8600000000006;NA;NA;-282.375210567754;-306.72778694263;3.44300662180078;9.75891282331457;7.97340052189117;3.53092285352884;591.869530113508;625.464939449533;48.7051527497522;0.0099009900990099;9;9
187;12.6599999999962;0.430000000000064;13.5799999999945;NA;NA;-304.433558369232;-336.264389255291;3.46901524557431;9.83251227544041;10.110927464649;4.17163126108811;643.789023023132;686.937082443457;63.6616617721186;0.0198019801980198;10;10
188;8.69999999999709;0.429999999999836;9.2300000000032;NA;NA;-238.387657646841;-258.863871309306;3.50082312255645;6.11208575247982;8.48160233366444;5.21126565741428;506.06973194098;535.726816546204;40.9524273249315;0.0099009900990099;10;10
189;13.0699999999997;0.5;13.739999999998;NA;NA;-378.630860748654;-457.912174062785;3.85745006276409;24.4725173552309;18.7914340330563;3.76930491886834;829.136068653124;930.241360142763;158.562626628262;0.0099009900990099;21;21
190;8.90999999999622;0.440000000000055;9.76000000000204;NA;NA;-214.691176107029;-228.716161597874;3.27413059732257;4.60983843780384;6.29006049638885;4.0159274414924;449.985698026122;470.586654840208;28.0499709816885;0.0099009900990099;7;7
191;10.4699999999939;0.360000000000127;10.9500000000044;NA;NA;-291.015151556079;-313.762255981552;3.47402738339558;5.66613759149112;9.80601433121972;6.20379540487891;615.899076743287;648.951662191993;45.4942088509458;0.0099009900990099;10;10
192;10.3499999999985;0.409999999999854;10.8499999999985;NA;NA;-258.421405607536;-287.34238978454;3.30592240699257;15.0640119880671;7.16868961612679;1.75806333647227;540.32414200119;580.443386644742;57.8419683540083;0.0198019801980198;7;7
193;11.489999999998;0.3599999999999;12.1599999999962;NA;NA;-293.447633139073;-325.184431702078;3.74373721334496;13.0566258929961;9.09548007634224;3.08297385628886;618.30994153426;661.017077869528;63.4735971260111;0.0099009900990099;10;10
194;14.0600000000049;0.539999999999964;14.5999999999985;NA;NA;-312.661412167874;-336.817666731475;3.50358155414762;6.01229912544144;10.3717637762678;5.90733524236966;661.145627324682;694.038546565547;48.3125091272022;0.0099009900990099;10;10
195;10.4700000000012;0.470000000000027;11.1900000000023;NA;NA;-236.686759626133;-255.312113535705;3.21796024841476;5.8434360498311;5.86551098141877;2.95438050708164;492.134149822282;520.073709210682;37.2507078191454;0.0099009900990099;6;6
196;12.6899999999951;0.650000000000091;13.6200000000026;NA;NA;-292.96516525933;-319.96498500334;3.40618876668078;9.19692195584396;8.51159751591292;3.14791641236559;614.879953703545;650.636655066109;53.9996394880204;0.0099009900990099;9;9
197;8.97000000000116;0.5;9.87000000000262;NA;NA;-257.074923865916;-276.506668764093;3.27925386635806;6.8709488894363;7.37230016101445;3.93479125466799;538.298113036262;565.901904333665;38.8634897963547;0.0099009900990099;7;7
198;14.8600000000006;0.810000000000173;15.8700000000026;NA;NA;-297.185478952661;-327.502059388103;3.46778698693521;8.63494028974123;10.1334215713836;4.00354926164526;629.370556082259;668.831888049604;60.6331608708857;0.0198019801980198;10;10
199;10.510000000002;0.400000000000091;11.2200000000012;NA;NA;-241.366921134607;-265.947942387669;3.42004718750545;13.1272113114823;7.37432424188605;2.50186530423159;507.381089424683;540.257883852195;49.1620425061245;0.0198019801980198;8;8
200;13.8399999999965;0.389999999999873;14.3700000000026;NA;NA;-336.392838380861;-371.583318744677;3.69143805197646;7.99159439009119;15.1869604156271;7.55809120034199;728.80854300937;771.047524830615;70.3809607276334;0.0099009900990099;16;16
201;11.4199999999983;0.409999999999854;12.1100000000006;NA;NA;-297.120774995284;-332.017975939703;3.4818020854344;19.3890363827232;8.95034687616273;2.5992562579467;624.68344635074;672.876535458203;69.7944018888381;0.0198019801980198;9;9
202;11.5;0.470000000000027;12.1800000000003;NA;NA;-288.589707227044;-327.372990546131;3.57322826764415;14.1035030723025;11.6008911252133;4.0754889525009;617.800314419149;669.016439047724;77.5665666381742;0.0297029702970297;11;11
203;12.3499999999985;0.550000000000182;13.1399999999994;NA;NA;-238.121750846201;-258.82043898731;3.34458461893928;5.64594658904851;8.2455464909238;4.60954503154756;503.802640079531;533.047387363168;41.3973762822184;0.0297029702970297;8;8
204;10.8099999999977;0.380000000000109;11.239999999998;NA;NA;-272.570760940662;-292.382422525982;3.45788258025864;4.96590830121449;10.2549763666762;6.70540858235948;580.560955447697;607.924505818226;39.6233231706385;0.0099009900990099;10;10
205;11.1399999999994;0.649999999999864;12.0199999999968;NA;NA;-309.333115850131;-339.890144019611;3.56657811606735;9.18761731095536;10.8581569213219;4.5981584886394;657.158815133804;696.080936532986;61.1140563389604;0.0198019801980198;12;12
206;12.8100000000049;0.639999999999873;13.6599999999962;NA;NA;-273.266167593971;-296.304191241769;3.28747870874774;7.96889904178124;7.41409130541403;2.88045541192126;570.8174890645;602.043429886042;46.0760472955955;0.0099009900990099;7;7
207;13.3099999999977;0.419999999999845;13.7699999999968;NA;NA;-353.928978007637;-416.397514443094;3.8236714790971;16.2477523334722;17.5412157585648;4.73700117732346;774.522491016591;850.797770835973;124.937072870913;0.0099009900990099;20;20
208;10.8499999999985;0.480000000000018;11.6299999999974;NA;NA;-248.370314027702;-266.480882878104;3.2183291115255;7.71788622549959;5.76042754390817;2.47438640769463;515.165152946579;540.876003651131;36.2211377008052;0.0297029702970297;6;6
209;11.9199999999983;0.5;12.5800000000017;NA;NA;-339.903270979;-367.808025576063;3.92049661121874;7.6278194915316;10.7713065898076;5.4757994098508;717.991237629719;755.027970428695;55.8095091941254;0.0198019801980198;12;12
210;10.8300000000017;0.420000000000073;11.2799999999988;NA;NA;-283.810810651907;-309.740850810113;3.64292544186345;6.82930085290739;7.82486173503617;3.61824815349174;594.235520548888;631.788077766085;51.8600803164103;0.0198019801980198;9;9
211;14.6399999999994;0.769999999999982;15.6400000000067;NA;NA;-322.609028541249;-363.505812882539;3.60859819920919;13.8380433065131;11.8817621222072;3.71433473035555;687.814884484027;740.327737785597;81.7935686825803;0.0198019801980198;13;13
212;8.61000000000058;0.360000000000127;9.02999999999884;NA;NA;-203.139293381096;-214.134152219173;3.31876025237598;3.66801471393806;6.54254666326412;4.82240634506728;427.708961155599;444.064290125725;21.9897176761535;0.0594059405940594;7;7
213;11.1100000000006;0.420000000000073;11.6500000000015;NA;NA;-276.50013235245;-303.382030463765;3.49957882324976;6.73983375220931;10.2878852915417;5.73098055025686;588.533361671005;626.558166502421;53.7637962226314;0.0099009900990099;10;10
214;11.8300000000017;0.5;12.5199999999968;NA;NA;-289.85929795095;-316.102153818246;3.40977803685776;6.79446417442197;9.60634729155989;4.99533692445753;612.391679157291;649.194434504478;52.4857117345925;0.0297029702970297;9;9
215;9.80000000000291;0.330000000000155;10.25;NA;NA;-237.303396942796;-254.297993733909;3.33676448671588;6.1411152027996;6.79749497469339;3.51874520605951;496.872261713727;520.12177872954;33.9891935822255;0.0198019801980198;7;7
216;10.5699999999997;0.430000000000064;11.1500000000015;NA;NA;-249.296900138324;-270.822498841995;3.29043567260472;6.5938287844566;6.59288327094563;3.256035888657;520.189054250413;552.310274024177;43.0511974073404;0.0198019801980198;7;7
217;9.18000000000029;0.230000000000018;9.48999999999796;NA;NA;-230.116696351785;-249.668351647548;3.29834619363935;4.72440801095658;6.58439639948665;3.74349524037598;481.800847588973;511.598672321875;39.1033105915279;0.0099009900990099;7;7
218;9.5;0.399999999999864;10.0899999999965;NA;NA;-218.759813342339;-236.284971243329;3.20042707435497;5.75278277232459;6.30938699978728;3.09190734012965;457.699979087266;482.459299364285;35.0503158019788;0.0099009900990099;6;6
219;10.0899999999965;0.370000000000118;10.6500000000015;NA;NA;-257.483441248601;-281.554738953425;3.34565670650181;7.82632384208414;8.00190925061808;3.52403375669283;541.71171070741;574.887876596193;48.1425954096475;0.0099009900990099;8;8
220;8.37000000000262;0.279999999999973;8.75;NA;NA;-231.973325652341;-250.067738087445;3.20104945107256;6.19722816629702;5.56771406381856;2.83236302554724;481.754788907985;509.194689691121;36.1888248702087;0.0198019801980198;6;6
221;8.04999999999563;0.319999999999936;8.62999999999738;NA;NA;-259.428052360311;-276.196051415164;3.10929758878064;4.37897311585038;5.27200592943091;2.4853664550362;535.237830092608;560.114892079835;33.5359981097054;0.0099009900990099;5;5
222;11.25;0.6099999999999;12.1399999999994;NA;NA;-266.727941669336;-293.768470378124;3.4129466984974;10.2149635248885;8.87505939095992;3.68005660066312;563.641712101301;600.053539630791;54.0810574175761;0.0099009900990099;9;9
223;12.2699999999968;0.549999999999955;12.8600000000006;NA;NA;-302.121142451966;-328.809773995271;3.46634789551675;5.94595310433433;11.1681775878873;6.46959689822832;642.815803748601;679.964744053853;53.3772630866097;0.0099009900990099;10;10
224;12.1699999999983;0.5;12.7300000000032;NA;NA;-273.877688584697;-307.881370375145;3.46285161194947;18.0800692986548;8.86091076984431;2.3368572832991;577.893083678931;623.710853623565;68.0073635808958;0.0396039603960396;9;9
225;9.79999999999563;0.5;10.5499999999956;NA;NA;-267.102956939553;-297.906791683318;3.54982749383759;8.64679491733756;10.4431926863111;4.82670524971217;571.227433157486;612.924438908687;61.6076694875308;0.0198019801980198;12;12
226;13.6599999999962;0.519999999999982;14.3000000000029;NA;NA;-302.161547780039;-331.242685438841;3.54730545160009;8.31118855547211;11.2295121479685;4.77002756776714;644.132147538767;679.395301859802;58.1622753176042;0.0198019801980198;12;12
227;9.31000000000495;0.370000000000118;9.86000000000058;NA;NA;-223.707152581676;-242.769422536802;3.27871675738162;5.37331415909404;6.56547204512233;3.63956175732107;468.919772565891;497.460375801885;38.1245399102515;0.0198019801980198;7;7
228;11.8499999999985;0.619999999999891;12.510000000002;NA;NA;-309.100445114047;-338.055708915869;3.62203326561285;9.57527543009693;9.99289899542233;4.1151573392602;653.626101072942;690.69980869507;57.9105276036441;0.0099009900990099;12;12
229;11.9199999999983;0.269999999999982;12.2799999999988;NA;NA;-216.647938280812;-238.68814530771;3.3957696826424;9.59462005410245;6.97642709232646;2.62414125520854;456.613229740916;486.146973320231;44.0804140537963;0.0099009900990099;8;8
230;6.11000000000058;0.25;6.48999999999796;NA;NA;-188.054178883204;-199.076600517096;2.99575162879763;4.60734571177747;3.74489957291758;1.90063970127773;387.327074278216;403.847008727707;22.0448432677831;0.0792079207920792;4;4
231;8.9800000000032;0.410000000000082;9.75;NA;NA;-203.377160132981;-218.50307303002;2.99554998059926;5.37085145979088;4.73719613283253;2.36017825456883;420.945691607244;444.076608228593;30.2518257940781;0.0198019801980198;4;4
232;13.4700000000012;0.710000000000036;14.2099999999991;NA;NA;-274.230029317732;-302.387843603428;3.56548924978629;6.83470282286238;10.7278113607495;5.47659171780064;586.490562049176;624.190415245547;56.3156285713926;0.0099009900990099;12;12
233;9.66999999999825;0.600000000000136;10.6699999999983;NA;NA;-240.773226297788;-260.413831838321;3.21943533998376;8.00579729484214;5.37526327660536;2.09125097368541;498.739043124932;527.516456361675;39.2812110810646;0.0297029702970297;6;6
234;10.4700000000012;0.3900000000001;11.0299999999988;NA;NA;-250.379519844941;-266.399401122668;3.24277406321113;3.93898957095666;5.97341180544555;3.74136936788465;519.864787250419;544.765440575605;32.0397625554533;0.0198019801980198;6;6
235;11.7699999999968;0.550000000000182;12.5600000000049;NA;NA;-311.3330024383;-355.888678679316;3.67107441846526;11.2410732257792;13.8450207148847;5.07509495502347;673.291848752491;730.335001304381;89.1113524820331;0.0099009900990099;15;15
236;13.1800000000003;0.490000000000009;13.75;NA;NA;-273.819547752487;-310.558025801067;3.58664263568273;12.5240640427301;9.99371289095653;2.73978140562583;583.067191640758;630.828681941694;73.4769560971605;0.0198019801980198;12;12
237;1.40000000000146;0.110000000000127;1.58000000000175;NA;NA;NA;NA;NA;NA;NA;NA;NA;NA;NA;NA;NA;NA
238;17.0900000000038;0.579999999999927;17.9199999999983;NA;NA;-389.265644341186;-442.349273525433;3.75531535297551;12.100535012623;17.6136478337071;6.31368635602571;844.039822657496;908.18035735313;106.167258368494;0.0099009900990099;17;17
239;11.4400000000023;0.769999999999982;12.3499999999985;NA;NA;-342.988724258911;-367.812643637908;3.57401569978538;6.63774392193055;12.862936667057;7.32253463730578;731.577053169399;761.58395388138;49.6478387579945;0.0099009900990099;12;12
240;15.7199999999939;0.699999999999818;16.5800000000017;NA;NA;-288.864042666522;-312.999443635299;3.48190814889956;6.55548637085912;10.6185476000394;5.93539324635299;614.403249452693;646.499009285763;48.2708019375534;0.0198019801980198;10;10
241;13.1100000000006;0.519999999999982;13.8799999999974;NA;NA;-288.230397766065;-310.098080168455;3.51275929213299;10.1832711933091;7.95395621617024;3.03673166617198;603.513770588424;630.524684128706;43.7353648047801;0.0198019801980198;9;9
242;8.62000000000262;0.3900000000001;9.05999999999767;NA;NA;-231.108063378193;-249.646728581236;3.1459108739008;7.26640545057508;5.19115525290787;2.50376189098908;478.346624493831;507.073406624602;37.0773304060846;0.0099009900990099;5;5
243;13.25;0.690000000000055;14.1100000000006;NA;NA;-342.971424810289;-392.597267642641;3.97095768432484;18.3754013802081;12.6074442940907;3.41709511397756;731.608447048921;797.571642509337;99.251685664705;0.0099009900990099;14;14
244;12.5199999999968;0.579999999999927;13.3199999999997;NA;NA;-285.569261936401;-321.047742727922;3.55257703780784;9.4599446556621;12.5786312713405;4.99837083389023;615.730254974153;659.814902088835;70.9569615830403;0.0099009900990099;12;12
245;10.760000000002;0.490000000000009;11.3499999999985;NA;NA;-309.89105779778;-330.609983505042;3.50719202475708;5.42225797792851;9.0958130229482;5.63522176188609;650.183104798497;680.054601748841;41.4378514145247;0.0099009900990099;8;8
246;9.06000000000495;0.419999999999845;9.56000000000495;NA;NA;-236.119708471293;-258.533872665485;3.4234273080128;10.5746256982337;6.68421536071857;2.5326549497278;494.580109137844;525.532652820514;44.8283283883849;0.0198019801980198;8;8
247;10.8400000000038;0.3900000000001;11.4199999999983;NA;NA;-279.040302461196;-304.309453290874;3.44006275662316;7.25891400685687;8.9945215653159;4.70664576898729;588.672748119649;624.627137847638;50.5383016593551;0.0099009900990099;9;9
248;12.6399999999994;0.6099999999999;13.3600000000006;NA;NA;-318.231524918743;-349.199073668376;3.53300806276631;9.82345062584313;11.1472008186925;4.35697716036526;675.495338345256;713.65424546499;61.935097499267;0.0099009900990099;11;11
249;10.4500000000044;0.420000000000073;10.8899999999994;NA;NA;-247.700155079412;-263.69008826163;3.19954306975331;3.83313216184165;7.10629930647799;4.61046566564968;518.129558545049;542.126588793736;31.9798663644368;0.0099009900990099;6;6
250;9.20000000000437;0.470000000000027;9.66999999999825;NA;NA;-253.4183934574;-271.485327947978;3.28763762356819;5.27592456850672;7.18940405289689;4.24373735849925;530.385968670608;556.871188074133;36.1338689811561;0.0198019801980198;7;7
