1;342.350000000006;4.88000000000011;352.559999999998;NA;NA;-5894.95557884517;-6763.53046455614;5.64789066140796;12.1544500133798;407.009666510997;217.69420190787;14028.891651335;14724.6076012331;1737.14977142195;0.0099009900990099;150;150
2;322.75;4.40000000000009;332.130000000005;NA;NA;-5833.7763753494;-6850.1647298181;5.64109995750721;13.9335513101332;396.505016826942;180.040066745024;13848.746642033;14690.7388545091;2032.7767089374;0.0099009900990099;150;150
3;268.739999999991;3.25;276.75999999998;NA;NA;-5884.95119472884;-6747.85601711276;5.62763608702832;11.8521549265138;414.513126199281;225.356187219404;14050.1597894248;14735.407670036;1725.80964476783;0.0099009900990099;150;150
4;325.940000000002;4.37999999999965;335.440000000002;NA;NA;-5851.10459388644;-6848.26028084561;5.65300996701685;13.717761404856;398.084911769258;185.790885445179;13892.0941600541;14718.565497318;1994.31137391834;0.0099009900990099;150;150
5;278.619999999995;3.48000000000002;288.140000000014;NA;NA;-5895.7734845697;-6722.50497578782;5.65259990015934;11.7906080709253;405.778265849512;227.083536211422;14023.7534662729;14694.2078204215;1653.46298243625;0.0099009900990099;150;150
6;343.059999999998;4.80999999999995;355.690000000002;NA;NA;-5889.06736944528;-6853.84498537291;5.62806773629172;13.016016838833;409.404994416289;197.631533478177;14030.2920509184;14794.8709022944;1929.55523185527;0.0099009900990099;150;150
7;341.970000000001;4.59999999999991;353.809999999998;NA;NA;-5885.6891790376;-6700.97211637139;5.62825674407257;11.5810046912845;407.74673563499;227.702609009164;14014.4135057658;14654.5476519535;1630.56587466756;0.0099009900990099;150;150
8;341.020000000019;4.74000000000024;353.930000000022;NA;NA;-5923.0699686403;-6853.32232015854;5.62219770418769;12.4169223788975;416.726685948799;212.046272883841;14138.574239932;14873.1217729287;1860.50470303649;0.0099009900990099;150;150
9;311.360000000015;4;322.510000000009;NA;NA;-5813.26753762858;-6813.99198988974;5.64755033692855;13.9330974628812;392.568417305643;180.043345228789;13786.0735361073;14618.4114097553;2001.44890452233;0.0099009900990099;150;150
10;346.880000000005;4.63999999999987;359.119999999995;NA;NA;-5904.17387672831;-6752.29262457717;5.63499387292489;11.8943186122893;411.021549984834;223.777673356326;14069.3978183664;14735.5974014037;1696.23749569773;0.0099009900990099;150;150
11;337.660000000003;4.57999999999993;349.549999999988;NA;NA;-5817.15379992373;-6576.21893385851;5.61915802680083;10.9746181577653;406.837578985481;240.273824182281;13872.3414314235;14474.1961691577;1518.13026786956;0.0099009900990099;150;150
12;326.239999999991;4.69999999999982;338.200000000012;NA;NA;-5900.25792783833;-6842.32822428068;5.63160017396929;12.6420076681272;412.192692837759;207.303059743472;14068.0084358846;14825.0409289038;1884.14059288471;0.0099009900990099;150;150
13;323.029999999999;4.76999999999998;334.700000000012;NA;NA;-5812.79239050565;-6894.57862641584;5.62956695733394;14.7783862680424;396.349365061501;166.353093595563;13805.9224242136;14704.2739251475;2163.57247182038;0.0099009900990099;150;150
14;328.339999999997;3.75;338.989999999991;NA;NA;-5844.88413677968;-6685.01972226487;5.63387925143034;11.8990809298582;402.370591802309;220.117815056121;13903.2289856461;14580.9185335673;1680.2711709704;0.0099009900990099;150;150
15;354.00999999998;4.01999999999998;364.929999999993;NA;NA;-5919.01691317593;-6728.27856120971;5.62082838525617;11.199044375169;423.401379740844;242.282756029542;14167.1859527581;14789.366658239;1618.52329606756;0.0099009900990099;150;150
16;285.640000000014;3.5;295.050000000017;NA;NA;-5888.61811092044;-6729.14671720408;5.62341843840974;11.6586787861325;415.429364110384;232.281519983056;14062.5338922961;14736.0856714683;1681.05721256726;0.0099009900990099;150;150
17;278.75;3.57999999999993;287.139999999985;NA;NA;-5922.85709628326;-6638.01510965781;5.60512078739031;10.2422959308263;428.830063765034;270.209136425367;14204.729780793;14762.4641677944;1430.31602674909;0.0099009900990099;150;150
18;327.380000000005;3.58999999999969;336.809999999998;NA;NA;-5863.11265588959;-6706.2267161329;5.62314312657825;11.7478599648562;411.17700328112;225.644857350531;13988.1305330322;14653.7370568782;1686.22812048661;0.0099009900990099;150;150
19;272.160000000003;3.30000000000018;279.180000000022;NA;NA;-5885.80726697499;-6661.62950713187;5.61780660587989;10.9868389153116;417.147167154172;249.13432267351;14066.3619247028;14693.7593602261;1551.64448031377;0.0099009900990099;150;150
20;331.079999999987;3.98000000000002;339.889999999985;NA;NA;-5853.5882497324;-6908.52138475119;5.6511384489063;14.3213889609773;400.573458446772;176.337029131239;13910.7510912487;14787.081569604;2109.86627003759;0.0099009900990099;150;150
21;321.00999999998;4.45000000000027;331.109999999986;NA;NA;-5814.26834615528;-6799.21177595393;5.66450771671117;13.8872187169324;390.655351713414;178.521056015773;13777.5512838364;14580.4767929292;1969.8868595973;0.0099009900990099;150;150
22;348.119999999995;4.44000000000005;359.339999999997;NA;NA;-5876.49608557257;-6687.33161245865;5.6313695436103;11.4463919202566;409.547390061969;232.446024231569;14005.9328087284;14653.3604080607;1621.67105377216;0.0099009900990099;150;150
23;281.080000000016;3.46000000000004;288.059999999998;NA;NA;-5908.21048671792;-6661.96163012996;5.60065252900241;10.6144452450419;426.670605103709;259.318543491713;14163.5572717649;14750.4475133457;1507.50228682408;0.0099009900990099;150;150
24;345.359999999986;4.05999999999995;353.26999999999;NA;NA;-5919.93638480417;-6803.15229443651;5.62650326103055;12.1467382698176;413.360244270375;220.426726972225;14113.788108532;14818.8830177822;1766.43181926468;0.0099009900990099;150;150
25;311.200000000012;4.51999999999998;319.919999999984;NA;NA;-5825.60705085387;-7019.76685578236;5.66162773631106;16.7511636236911;386.968691758392;142.725525382227;13779.9481927807;14824.6739516365;2388.31960985698;0.0099009900990099;150;150
26;355.23000000001;4.73000000000002;364.739999999991;NA;NA;-5917.79910481795;-6855.21337607146;5.63154403244837;12.6389834622116;412.804582234481;205.320600809387;14106.4568239611;14839.9056269234;1874.82854250703;0.0099009900990099;150;150
27;317.51999999999;4.19000000000005;324.890000000014;NA;NA;-5851.36997386985;-7054.59270915903;5.65630077170698;16.639601784574;391.711550914867;144.370819286347;13857.5647437989;14903.3765022905;2406.44547057836;0.0099009900990099;150;150
28;327.589999999997;4.57999999999993;335.659999999974;NA;NA;-5813.39136005229;-6689.88747339914;5.63454757276469;12.2467622750263;400.904106489339;210.484782643521;13832.1762232768;14537.6622436474;1752.99222669371;0.0099009900990099;150;150
29;339.339999999997;4.78999999999996;347.189999999973;NA;NA;-5842.45830454339;-6742.73195697477;5.63946578047052;12.4201327418778;404.635116833279;208.886568267574;13910.8345864153;14634.5593537327;1800.54730486277;0.0099009900990099;150;150
30;320.070000000007;4.42000000000007;328.130000000005;NA;NA;-5829.61062391859;-6910.01720934585;5.66317365228333;15.0564437981429;391.422795870679;161.647751249349;13812.4575879834;14709.2667678674;2160.81317085451;0.0099009900990099;150;150
31;350.75;4.67999999999984;359.319999999978;NA;NA;-5907.35584802148;-6682.18623816637;5.6266197102218;11.025265891037;414.997223149327;245.489428698248;14097.6321374987;14714.8220785819;1549.66078028978;0.0099009900990099;150;150
32;335.429999999993;4.25;343.51999999999;NA;NA;-5854.25861186548;-6722.9578547271;5.63627271657553;12.0962952842831;404.229504110614;214.366021765108;13932.2039052237;14625.1538964649;1737.39848572324;0.0099009900990099;150;150
33;358.829999999987;4.65999999999985;367.439999999973;NA;NA;-5888.87408064754;-6984.49477188526;5.61264076963614;14.1983245798312;414.840091250656;181.06546395199;14059.8042123321;14965.0396998674;2191.24138247544;0.0099009900990099;150;150
34;314.720000000001;4;323.210000000021;NA;NA;-5872.67636111652;-6706.61460696113;5.6337394329984;11.7371245521577;409.232019102433;231.395533160305;13996.5584884243;14686.1475932414;1667.8764916892;0.0099009900990099;150;150
35;292.700000000012;3.76999999999998;300.830000000016;NA;NA;-5907.87143874147;-6657.54933534591;5.61500706640265;10.8430151230315;414.392588820242;250.893636715303;14095.3371953106;14695.2770910241;1499.35579320888;0.0099009900990099;150;150
36;263.080000000016;3.18000000000029;270.030000000028;NA;NA;-5866.07710370728;-6631.17001235531;5.62393811618646;10.8694392319046;417.4492624175;250.890627327242;14028.5634392918;14642.501890249;1530.18581729606;0.0099009900990099;150;150
37;322.190000000002;3.90000000000009;331.429999999993;NA;NA;-5883.82532828416;-6884.48031677994;5.64917791214072;13.7229942410816;400.120564081344;185.952212387422;13968.7338538393;14791.8930367495;2001.30997699156;0.0099009900990099;150;150
38;322.970000000001;4.67000000000007;332.649999999994;NA;NA;-5798.03518929488;-6978.42444256454;5.65612106971229;16.3593918014924;391.442392589877;148.003660628566;13749.4145212666;14771.0244106787;2360.77850653931;0.0099009900990099;150;150
39;342.48000000001;4.44999999999982;352.589999999997;NA;NA;-5897.02381270739;-6797.35172693197;5.63778974663713;12.444076890337;406.327356188569;206.257506162953;14029.2746959144;14729.3362917652;1800.65582844915;0.0099009900990099;150;150
40;292.600000000006;3.30000000000018;302.279999999999;NA;NA;-5919.31434472386;-6747.59187962825;5.62948970423545;11.4739765141438;417.34042443291;235.154759534605;14134.4391981384;14788.7818305235;1656.55506980878;0.0099009900990099;150;150
41;325.089999999997;4.26000000000022;335.610000000015;NA;NA;-5840.51306422637;-6761.54283164765;5.65302303340455;12.9718056744226;394.718538090411;194.536858237953;13852.3925110752;14593.2426318594;1842.05953484255;0.0099009900990099;150;150
42;326.529999999999;4.39999999999964;337.25;NA;NA;-5845.64936802894;-7002.82112338032;5.66148200821505;15.8580090998313;395.7071689239;153.358102439021;13868.1036262484;14849.2728240065;2314.34351070276;0.0099009900990099;150;150
43;333.489999999991;4.14999999999964;343.940000000002;NA;NA;-5821.25956954675;-6839.38483005735;5.64445940888625;13.9127000857248;399.15520520515;181.061424969407;13838.2918489952;14674.7975975668;2036.25052102119;0.0099009900990099;150;150
44;265.690000000002;3.49000000000024;274.279999999999;NA;NA;-5891.62073032529;-6830.44058076562;5.6117238887652;12.3451709808323;420.286919912487;214.778939632316;14095.2607880653;14842.3908303426;1877.63970088065;0.0099009900990099;150;150
45;276.169999999984;3.07999999999993;283.320000000007;NA;NA;-5844.24676576294;-6609.3144350402;5.6048441378262;10.78219657864;417.026348832575;247.234113191202;13982.5762946603;14578.676068821;1530.13533855451;0.0099009900990099;150;150
46;328.25999999998;4.28999999999996;338.339999999997;NA;NA;-5878.97301074828;-6873.72458673131;5.64363134184832;13.4403956933449;405.829207104481;192.727787318137;13990.4327490167;14807.6543525869;1989.50315196606;0.0099009900990099;150;150
47;314.75;4.64000000000033;325.590000000026;NA;NA;-5881.44672562034;-7058.46030768288;5.68827463477461;16.4355606121364;391.334675508408;147.797199732404;13915.6450368751;14929.9603892189;2354.02716412508;0.0099009900990099;150;150
48;316.450000000012;3.7800000000002;326.25;NA;NA;-5743.01674151673;-6812.39260918533;5.66497474177211;15.0922636431851;385.7721976937;161.201738430267;13608.1856005269;14511.5640287634;2138.7517353372;0.0099009900990099;150;150
49;321.850000000006;4.42000000000007;333;NA;NA;-5774.8410816404;-6888.70160668222;5.65850556989375;15.3977403171968;390.913898213006;156.915316450362;13700.1190320077;14640.602202465;2227.72105008363;0.0099009900990099;150;150
50;308.5;4.2199999999998;318.890000000014;NA;NA;-5805.1743834946;-6901.06181742103;5.67077748002674;15.4322077161439;385.162640771623;156.614703995111;13729.1476814248;14663.6689398195;2191.77486785286;0.0099009900990099;150;150
51;341.420000000013;4.13999999999987;351.779999999999;NA;NA;-5881.79348820366;-6749.55944186939;5.65397051992845;12.1990741660937;403.955932424754;217.014248908712;13985.7687263993;14692.9251004676;1735.53190733145;0.0099009900990099;150;150
52;342.419999999984;3.61999999999989;352.470000000001;NA;NA;-5825.28973220463;-6887.64036372445;5.62697356338486;14.1951882755577;407.175990461085;177.677993289629;13890.4749144063;14752.6962383276;2124.70126303966;0.0099009900990099;150;150
53;349.489999999991;4.67000000000007;360.410000000003;NA;NA;-5878.90393518945;-6819.80684556775;5.62442964099884;12.768528990494;410.482324259164;203.084362182512;14015.8916276533;14756.7909055951;1881.8058207566;0.0099009900990099;150;150
54;338.25;4.7199999999998;347.829999999987;NA;NA;-5885.84407778809;-6746.33748592843;5.61288821283032;11.7592947185816;415.862049111441;226.360002604481;14059.3660478221;14737.8926462117;1720.98681628068;0.0099009900990099;150;150
55;316.209999999992;3.82000000000016;324.630000000005;NA;NA;-5832.85062113784;-6771.09512724066;5.65092891585774;13.1597106080134;397.314669658555;194.032059753505;13851.3490742549;14609.5703013826;1876.48901220564;0.0099009900990099;150;150
56;270.369999999995;3.09000000000015;277.380000000005;NA;NA;-5893.10531230735;-6512.3111109152;5.59478614376487;9.45994330404914;426.795644848677;292.201262270003;14134.0347728228;14632.0359524406;1238.41159721571;0.0099009900990099;150;150
57;333.020000000019;3.57999999999993;341.720000000001;NA;NA;-5865.04919088591;-6805.20036190042;5.64871552306157;13.0150652574672;401.228383601516;195.684582389157;13937.2757495262;14686.8713802158;1880.30234202903;0.0099009900990099;150;150
58;329.330000000016;4.40000000000009;338.75;NA;NA;-5844.51401437034;-6880.00379975273;5.65799731991342;14.1836549656379;399.431755784808;179.45905560651;13886.3220571867;14747.220823101;2070.97957076477;0.0099009900990099;150;150
59;333.299999999988;4.36999999999989;342.360000000015;NA;NA;-5863.49562761321;-6968.73257164176;5.64097220798951;14.8466365608309;403.254731324611;169.211155337353;13945.3156629621;14868.3041559171;2210.47388805711;0.0099009900990099;150;150
60;257.160000000003;3.61000000000013;266.920000000013;NA;NA;-5727.55888486152;-6784.30243561378;5.69507837802139;15.4867457238997;373.844170001905;156.601411598074;13511.6532114296;14430.0770540653;2113.48710150452;0.0099009900990099;150;150
61;359.989999999991;5.0300000000002;372.220000000001;NA;NA;-5839.8900902915;-6857.7982828996;5.66114193226923;14.1077987810839;394.146828716021;176.058765158395;13848.0015613968;14684.1046218951;2035.81638521619;0.0099009900990099;150;150
62;327.770000000019;4.69000000000005;341.700000000012;NA;NA;-5828.62285702015;-6820.87432517582;5.66289957432816;13.9580893706774;391.127212303198;180.810764233038;13808.8560342261;14636.3976905798;1984.50293631136;0.0099009900990099;150;150
63;357.25999999998;4.31999999999971;372.869999999995;NA;NA;-5911.12974572781;-6683.59746764593;5.61534818477151;10.8573558903515;420.400549182623;249.929543416135;14134.9038991578;14742.0698302573;1544.93544383624;0.0099009900990099;150;150
64;324.940000000002;4.2800000000002;336.669999999984;NA;NA;-5872.87292411988;-6825.57167095931;5.6653263152885;13.309497534193;398.557589243133;192.203590470933;13938.2310429011;14708.4648880182;1905.39749367887;0.0099009900990099;150;150
65;342;4.16000000000031;353.679999999993;NA;NA;-5885.37427293959;-6741.08395191855;5.62121804160031;11.6995196684281;416.801021024625;226.308045567546;14063.5917694936;14727.0997599381;1711.41935795791;0.0099009900990099;150;150
66;338.699999999983;4.1899999999996;349.760000000009;NA;NA;-5870.39371237037;-6851.57179673957;5.62935046695435;13.2364000826581;407.316392612953;193.693917199901;13981.4552339842;14768.6635013128;1962.35616873841;0.0099009900990099;150;150
67;332.960000000021;4.84000000000015;343.179999999993;NA;NA;-5901.04605966979;-6841.83664448485;5.63897987352247;12.995677099318;405.681995110875;201.644694156533;14033.769026334;14792.9308177493;1881.58116963012;0.0099009900990099;150;150
68;257.529999999999;3.3100000000004;266.569999999978;NA;NA;-5856.08736389821;-6819.48777040143;5.62629318236188;12.85414941527;414.639697497897;205.173862802692;13993.1284027957;14767.6472024832;1926.80081300643;0.0099009900990099;150;150
69;272.359999999986;3.62000000000035;281.920000000013;NA;NA;-5900.3191719481;-6793.42327109547;5.62832395361834;12.1918253466924;411.54407097458;217.319334418813;14064.5628228552;14782.3310495409;1786.20819829475;0.0099009900990099;150;150
70;307.5;4.59000000000015;319.559999999998;NA;NA;-5753.61160405825;-6769.36797252298;5.65381986928201;14.3323543821775;389.082811010974;175.080118053432;13647.5871747361;14501.8604145628;2031.51273692945;0.0099009900990099;150;150
71;339.940000000002;4.69000000000005;351.5;NA;NA;-5924.31481765961;-6736.02585802171;5.6083663469979;11.0933081876379;426.043102833714;246.498281533608;14192.3140123357;14828.0510681024;1623.42208072422;0.0099009900990099;150;150
72;352.989999999991;4.54999999999973;365;NA;NA;-5922.44104514397;-6809.03467844167;5.62517321006492;12.0487685845882;416.545374334293;218.297746746125;14136.3189886968;14818.9361592887;1773.18726659539;0.0099009900990099;150;150
73;312.109999999986;3.94999999999982;321.5;NA;NA;-5813.13957772754;-6982.91190335983;5.66409166842792;16.296822786045;390.361218366817;151.318103189752;13773.675704758;14798.2322462573;2339.54465126458;0.0099009900990099;150;150
74;320.950000000012;4.5;332.339999999997;NA;NA;-5809.31966265745;-6826.45236253235;5.65009870350564;14.1064563008767;392.898956246518;173.648591802917;13779.9960973795;14608.1542972148;2034.26539974979;0.0099009900990099;150;150
75;344.179999999993;4.13999999999987;355.450000000012;NA;NA;-5885.30337051245;-6843.55547433267;5.63000218032223;12.9130655745791;409.632672722802;199.769251463534;14024.0165227827;14786.0515735676;1916.50420764045;0.0099009900990099;150;150
76;283.540000000008;3.32999999999993;293.650000000023;NA;NA;-5840.62258681237;-6577.10362995357;5.636081323026;11.0510662210401;401.480350997191;243.438614257466;13889.8086266012;14493.3752295397;1472.96208628239;0.0099009900990099;150;150
77;339.169999999984;4.84999999999991;350.510000000009;NA;NA;-5897.77478146459;-6767.99847542982;5.63853986799369;12.2099271491898;405.084977718348;214.163091099426;14023.9422474438;14714.118806148;1740.44738793046;0.0099009900990099;150;150
78;343.880000000005;4.05999999999995;354.670000000013;NA;NA;-5913.02659683792;-6855.62125628498;5.63227135400636;12.7936266964427;409.742940454009;202.755301309107;14080.0695637276;14826.6095467381;1885.18931889411;0.0099009900990099;150;150
79;337.619999999995;4.07000000000016;347;NA;NA;-5899.18086175053;-6894.75102073098;5.64267611627362;13.4877561975533;404.250259313533;191.142329345984;14022.1625804012;14840.9855371344;1991.1403179609;0.0099009900990099;150;150
80;322.549999999988;4.17999999999984;336.820000000007;NA;NA;-5827.05054980227;-6945.83052501852;5.68985539019266;15.8086237679962;386.167311926775;153.393639525043;13778.4267602185;14735.4871185671;2237.55995043249;0.0099009900990099;150;150
81;306.73000000001;3.65999999999985;316.220000000001;NA;NA;-5863.59354204766;-6718.34383629067;5.60782362106678;11.5115789742703;423.070074802552;234.397213609297;14054.516685497;14726.1184458961;1709.50058848603;0.0099009900990099;150;150
82;339.200000000012;4.25;350.160000000003;NA;NA;-5858.9695459895;-6727.96656169298;5.64702840835035;12.2508282142545;403.891267054618;216.074765243381;13939.7651145417;14644.5711935722;1737.99403140695;0.0099009900990099;150;150
83;343.669999999984;4.42000000000007;353.489999999991;NA;NA;-5914.58500742577;-6766.35273301062;5.60216153493804;11.454964407785;424.645265769684;237.191702274373;14165.1648203979;14837.5088609852;1703.5354511697;0.0099009900990099;150;150
84;320.290000000008;3.90999999999985;330.220000000001;NA;NA;-5829.50655292161;-7050.96327239865;5.64692884641442;16.7437962516251;394.960963628251;144.283622711332;13831.7130834514;14895.6379560577;2442.91343895408;0.0099009900990099;150;150
85;311.890000000014;4.19999999999982;322.089999999997;NA;NA;-5702.46976377993;-6793.13586982614;5.65199892308813;15.3474738387434;384.813157186545;158.46609578178;13521.8159153476;14458.0016432708;2181.33221209241;0.0099009900990099;150;150
86;336.669999999984;4.25;347.279999999999;NA;NA;-5844.05405859035;-6801.56876744152;5.645641587451;13.2808090329892;400.746413875371;192.578958598698;13892.6341454114;14662.523999792;1915.02941770234;0.0099009900990099;150;150
87;262.739999999991;3.57999999999993;272.299999999988;NA;NA;-5851.16395414789;-6732.13830864499;5.62618530393833;12.2187661101046;405.998766412342;215.285078400732;13935.7473900329;14648.5705807331;1761.94870899419;0.0099009900990099;150;150
88;339.860000000015;3.97000000000025;351.01999999999;NA;NA;-5878.49205476544;-6917.54500478214;5.65442622339084;14.1006834053159;401.440078075246;179.005532775531;13965.3260191532;14819.8083814265;2078.1059000334;0.0099009900990099;150;150
89;315.25;4.5600000000004;325.609999999986;NA;NA;-5867.73402862758;-6887.15174622534;5.68674676428528;14.3739756078155;389.889273401049;172.791631177312;13880.2684137416;14724.8388814193;2038.83543519553;0.0099009900990099;150;150
90;333.419999999984;3.86999999999989;344.529999999999;NA;NA;-5870.31833346247;-6914.83877542849;5.65128944191136;14.1463108702218;401.555049881864;176.218122056678;13949.6110421949;14799.0622372055;2089.04088393204;0.0099009900990099;150;150
91;329.699999999983;3.97000000000025;340.070000000007;NA;NA;-5832.33476775257;-6724.81052680901;5.64341560462275;12.5486609032052;398.970481958007;205.661682480521;13859.4260736028;14580.9762356984;1784.95151811287;0.0099009900990099;150;150
92;351.109999999986;4.38000000000011;362.559999999998;NA;NA;-5885.82703989789;-6794.40343841931;5.64293386684027;12.5939359261531;406.90123205608;206.753155696342;14010.0380700908;14726.1663075662;1817.15279704283;0.0099009900990099;150;150
93;341.279999999999;3.98000000000047;351.199999999983;NA;NA;-5908.407543035;-6873.5318138804;5.64470351294459;13.2035348730506;406.918999867368;195.707373643848;14055.2968179819;14823.6596600055;1930.2485416908;0.0099009900990099;150;150
94;337.580000000016;4.79999999999927;348.350000000006;NA;NA;-5873.72355855162;-6921.02124510233;5.63226667436381;14.1120179577601;403.617580349333;178.257128574418;13967.7675754376;14822.6438531957;2094.59537310143;0.0099009900990099;150;150
95;287.540000000008;3.42000000000007;295.49000000002;NA;NA;-5866.23231376505;-6663.92284050719;5.64106761773644;11.3106749787528;411.719893330025;235.674732729369;13997.3563140435;14624.3041507832;1595.38105348428;0.0099009900990099;150;150
96;285.640000000014;3.40999999999985;294.350000000006;NA;NA;-5814.32131119381;-6824.0133668032;5.63974078203192;13.8091781456154;399.775714035495;184.411465217855;13827.8287823412;14662.4834097012;2019.38411121878;0.0099009900990099;150;150
97;347.449999999983;4.34999999999945;356.559999999998;NA;NA;-5863.8283098307;-6798.13308415397;5.63857585006967;12.7100800829289;407.535785984654;202.813109244158;13969.5313227948;14711.9512068126;1868.60954864653;0.0099009900990099;150;150
98;251.380000000005;3.02999999999975;257.899999999994;NA;NA;-5789.05564937094;-6679.97931347094;5.652456715402;12.5755461127959;396.864961574572;205.0852475634;13761.2852641014;14488.1428117672;1781.84732819999;0.0099009900990099;150;150
99;291.200000000012;3.19999999999982;299.229999999981;NA;NA;-5890.17902064253;-6729.86189433466;5.61542837988932;11.5027878428154;419.084775935651;235.449116651895;14085.7643146714;14754.9411331331;1679.36574738426;0.0099009900990099;150;150
100;255.059999999998;2.65999999999985;260.779999999999;NA;NA;-5873.03785406876;-6514.61785575831;5.61101951311521;9.7762900736786;419.817197179406;280.477500849948;14055.5110673487;14572.1564452979;1283.16000337911;0.0099009900990099;150;150
101;256.819999999978;2.72000000000025;263.940000000002;NA;NA;-5876.4012693576;-6801.83829308966;5.621338825241;12.3600981885343;414.9949285909;211.823647462905;14035.7103576904;14768.9290452368;1850.87404746413;0.0099009900990099;150;150
102;350.419999999984;4.30000000000018;361.26999999999;NA;NA;-5922.36456554909;-6683.27748162988;5.61205288578799;10.8214609614035;420.579667015313;252.019404829534;14158.3588749396;14752.9262901875;1521.82583216158;0.0099009900990099;150;150
103;333.699999999983;4.82999999999993;345.930000000022;NA;NA;-5868.62579533561;-7018.6018817297;5.63690870200205;15.4294947415708;402.873764966994;161.082463084237;13953.4802834556;14923.3264342193;2299.95217278818;0.0099009900990099;150;150
104;226.5;3.27999999999975;235.059999999998;NA;NA;-5765.80760920749;-6989.87661560264;5.68540348416947;17.557401355766;380.29645922515;136.419275773157;13623.6450252408;14730.2024773658;2448.1380127903;0.0099009900990099;150;150
105;343.01999999999;4.28999999999996;354.890000000014;NA;NA;-5846.90386427536;-6898.14658420734;5.62563052621943;14.0372392037094;406.154559410833;179.233845793052;13928.0842353499;14782.2675015838;2102.48543986397;0.0099009900990099;150;150
106;272.76999999999;3.48000000000047;282.029999999999;NA;NA;-5868.39760975579;-6748.67626462614;5.62190039065148;12.0164980578812;412.875938047491;222.669047338058;14008.0463657263;14722.2660744318;1760.55730974069;0.0099009900990099;150;150
107;344.360000000015;4;355.830000000016;NA;NA;-5878.9619421408;-6749.03990362254;5.64018579752381;12.1338344118877;406.827285355794;215.134496295473;13995.9010900869;14681.5454110101;1740.15592296348;0.0099009900990099;150;150
108;340.130000000005;3.97000000000025;352.089999999997;NA;NA;-5888.95428343241;-6759.81879285611;5.62445620311531;11.9035048244693;412.259327049601;222.364270152553;14045.7677051985;14742.8745363797;1741.72901884742;0.0099009900990099;150;150
109;350.329999999987;4.36000000000058;362.690000000002;NA;NA;-5875.78091542149;-6845.04101046638;5.61891287943899;12.9588966249327;412.414382081903;199.890435145925;14020.2739346498;14789.6892833214;1938.52019008979;0.0099009900990099;150;150
110;319.73000000001;4.32000000000062;331.809999999998;NA;NA;-5831.51543988521;-6836.09417725076;5.6686496613919;14.103838222776;391.638632140579;176.550561650161;13817.4545460121;14643.4018076494;2009.1574747311;0.0099009900990099;150;150
111;315.359999999986;4.64000000000033;327.970000000001;NA;NA;-5783.28221810625;-6793.01520865824;5.67570029015626;14.3577999762932;386.352721654416;172.68904781666;13691.9100449939;14536.0014900972;2019.46598110398;0.0099009900990099;150;150
112;278.5;3.74000000000069;289.420000000013;NA;NA;-5899.30857933275;-6802.2583706815;5.62563193919607;12.2518648474333;412.44989507453;214.821177673233;14067.5246212176;14786.258763746;1805.89958269751;0.0099009900990099;150;150
113;346.48000000001;4.10000000000036;357.669999999984;NA;NA;-5871.92666452828;-6813.98410547668;5.62493771404854;12.719683300762;409.015301819623;202.998616602457;13993.8669226565;14744.6737346966;1884.11488189679;0.0099009900990099;150;150
114;344.589999999997;3.89000000000033;356.410000000003;NA;NA;-5891.80325405948;-6906.28800748083;5.63227065269163;13.6057275688883;408.300386343834;189.253085388766;14029.6873159975;14853.6666853132;2028.9695068427;0.0099009900990099;150;150
115;351.600000000006;3.86999999999989;363.300000000017;NA;NA;-5926.35957761883;-6786.72421583469;5.62529993279247;11.7783804907099;418.692709684232;229.129221267796;14155.9686526028;14833.8997161322;1720.72927643172;0.0099009900990099;150;150
116;336.970000000001;4.07999999999993;347.820000000007;NA;NA;-5820.55330871301;-6807.38476606563;5.63476309897995;13.4430715461775;403.800409786095;190.803887686969;13862.4328296189;14664.3912433422;1973.66291470524;0.0099009900990099;150;150
117;332.609999999986;4.14000000000033;343.829999999987;NA;NA;-5871.68294459328;-6937.25652255726;5.65557979190124;14.6193984252298;397.647153924772;171.035313762845;13930.8427337121;14815.3868443098;2131.14715592797;0.0099009900990099;150;150
118;263.300000000017;3.23000000000047;271.809999999998;NA;NA;-5867.88773405013;-6571.03539622652;5.61091194522329;10.3632875608391;416.722367783927;264.046024124131;14028.1860163112;14594.6011524964;1406.29532435276;0.0099009900990099;150;150
119;336.399999999994;4.90999999999985;348.150000000023;NA;NA;-5848.39645222726;-6821.70722774834;5.64011636722552;13.425712900576;400.356865189338;188.756049870212;13899.1760059168;14681.7709086484;1946.62155104217;0.0099009900990099;150;150
120;341.079999999987;4.40000000000055;350.469999999972;NA;NA;-5848.48909035725;-6809.62831593369;5.63540188870621;13.1878267203508;403.055782196079;192.145673267424;13914.2081593625;14676.2595725392;1922.2784511529;0.0099009900990099;150;150
121;331.580000000016;4.46999999999935;343.869999999995;NA;NA;-5860.78175943767;-6831.84469842294;5.63992806830642;13.438170284342;399.135334883445;188.174432719185;13917.2269211454;14698.8463450151;1942.12587797056;0.0099009900990099;150;150
122;292.640000000014;3.66999999999916;301.559999999998;NA;NA;-5867.69747384545;-6713.89038030137;5.60858485615808;11.5843557661948;417.051771504144;232.722646424484;14029.6175622107;14707.9996562385;1692.38581291183;0.0099009900990099;150;150
123;272.910000000003;3.55000000000018;281.690000000002;NA;NA;-5844.24362757837;-6813.4600961943;5.63209653047059;13.258056750428;403.493748537239;196.212066794682;13908.126508511;14706.2925668507;1938.43293723187;0.0099009900990099;150;150
124;314.75999999998;4.17000000000007;324.820000000007;NA;NA;-5912.43817400162;-6677.81589395376;5.61428976769518;10.8337596881836;421.260704525547;250.933379725322;14142.2525131863;14736.0288365219;1530.75543990427;0.0099009900990099;150;150
125;323.98000000001;4.35999999999967;334.609999999986;NA;NA;-5794.27047868356;-6913.48409843542;5.65469823039585;15.5610009867798;390.839798640078;157.483906295897;13738.5702006443;14693.295027096;2238.42723950371;0.0099009900990099;150;150
126;331.450000000012;3.84000000000015;340.530000000028;NA;NA;-5842.68706757206;-7031.67346689567;5.63190994657633;16.1410463790953;397.73135719825;151.167232378671;13873.3141860805;14894.9254254657;2377.97279864723;0.0099009900990099;150;150
127;342.709999999992;3.6899999999996;352.160000000033;NA;NA;-5914.57319318259;-6734.66416428529;5.62342104785152;11.3113917730188;416.537761519638;236.523071352109;14120.5414063006;14770.4535514527;1640.1819422054;0.0099009900990099;150;150
128;252.410000000003;3.72999999999956;260.829999999958;NA;NA;-5811.5068464023;-6965.31530774205;5.66507906875725;15.8192010091769;392.596190477438;155.972907634479;13782.7049352592;14788.6453666428;2307.61692267949;0.0099009900990099;150;150
129;345.880000000005;4.67000000000007;356.760000000009;NA;NA;-5889.78713811097;-6908.367670482;5.64448135822538;13.6055143096153;408.21563644555;189.687142814608;14025.1888706793;14860.2137828835;2037.16106474207;0.0099009900990099;150;150
130;302.899999999994;4.38999999999942;312.039999999979;NA;NA;-5849.93486600552;-6648.47239794746;5.63675135996305;11.4672304320706;407.082532943945;232.878039556431;13939.2510675408;14578.0185169068;1597.07506388389;0.0099009900990099;150;150
131;284.920000000013;3.0600000000004;293.190000000002;NA;NA;-5889.11495953465;-6714.08030785958;5.60502852681421;11.2052956798294;424.540927626176;242.587336994331;14113.6507552796;14762.6456666309;1649.93069664986;0.0099009900990099;150;150
132;352.579999999987;4.40999999999985;362.159999999974;NA;NA;-5869.12244060255;-6674.39297910858;5.61175272427446;11.3457710108124;413.580937618008;233.656211487264;14013.3742652512;14634.1404418674;1610.54107701207;0.0099009900990099;150;150
133;352.770000000019;4.6899999999996;363.239999999991;NA;NA;-5866.74027337024;-6675.14439986298;5.63068635540685;11.4489381390601;409.744947313298;233.260299845966;13987.5079566254;14633.4653536732;1616.80825298547;0.0099009900990099;150;150
134;356.080000000016;4.57999999999993;366.059999999998;NA;NA;-5937.83064321577;-6656.63718541249;5.59810635678716;10.1720238423844;432.445322357865;271.250015498761;14254.564592653;14805.4342470478;1437.61308439343;0.0099009900990099;150;150
135;338.5;4.57999999999993;348.25;NA;NA;-5884.7539439375;-6841.77190085846;5.65571814725657;13.1917282522303;401.606609436191;194.956147824326;13978.7658948272;14756.0073032268;1914.03591384192;0.0099009900990099;150;150
136;274;3.68000000000029;281.889999999956;NA;NA;-5845.79344450566;-6730.93434331303;5.60154772401271;11.8574255588851;419.86858744401;225.314603324611;14001.3049486335;14701.3355673554;1770.28179761475;0.0099009900990099;150;150
137;340.640000000014;4.54999999999927;350.960000000021;NA;NA;-5882.53187042552;-6842.5042681649;5.65142734870546;13.175964744745;403.874904443772;194.87267748723;13986.7997518746;14757.0128633485;1919.94479547877;0.0099009900990099;150;150
138;335.679999999993;4.05000000000018;344.400000000023;NA;NA;-5870.03510208593;-6766.65012994428;5.65063357750404;12.5430476645071;401.476945229246;205.606298245435;13948.6149218488;14664.3507705269;1793.23005571671;0.0099009900990099;150;150
139;371.349999999977;4.1899999999996;380.829999999958;NA;NA;-5954.58497886031;-6715.5332123744;5.61485471618615;10.746904460959;424.283531163417;253.326970994933;14243.1748431399;14824.6307384269;1521.89646702819;0.0099009900990099;150;150
140;319.659999999974;4.69999999999982;330.320000000007;NA;NA;-5767.56756081152;-6753.25726311163;5.65790890718019;13.8814519546842;389.812567268661;180.484476337677;13679.513513846;14499.3686404506;1971.37940460023;0.0099009900990099;150;150
141;320.760000000009;4.05000000000018;329.75;NA;NA;-5829.91289301201;-7023.34787103068;5.67350729299206;16.5060679818479;392.409922424386;149.570323189746;13818.4923586202;14869.4895565687;2386.86995603734;0.0099009900990099;150;150
142;340.049999999988;4.44999999999982;350.830000000016;NA;NA;-5839.58161073549;-6873.37826035229;5.64194104738214;13.834765345964;404.781526874792;181.769967338755;13905.8866077468;14746.6821851013;2067.59329923359;0.0099009900990099;150;150
143;280.580000000016;3.52999999999975;288.859999999986;NA;NA;-5839.02932835092;-6795.05826632107;5.6217964072567;12.892211135591;408.948420080932;201.933351032759;13927.7043305184;14700.9619773078;1912.0578759403;0.0099009900990099;150;150
144;353.050000000047;4.19000000000051;365.070000000007;NA;NA;-5888.01460210917;-6831.12771687816;5.63452145204315;12.8172100463799;408.630846744999;202.650013071954;14023.9278912605;14777.0432720758;1886.22622953799;0.0099009900990099;150;150
145;334.659999999974;4.24000000000069;345.300000000047;NA;NA;-5821.75267817292;-6743.55199178975;5.64713029659582;12.8779764043603;398.578917552582;201.547969929;13836.1078791021;14595.8294275549;1843.59862723367;0.0099009900990099;150;150
146;303.159999999974;4.13000000000011;312.630000000005;NA;NA;-5901.49684206074;-6690.99397145114;5.62657463275187;11.3741509903422;408.370896167791;239.232239631862;14049.4623700615;14698.0164357346;1578.99425878079;0.0099009900990099;150;150
147;332.179999999993;4.16000000000076;341.630000000005;NA;NA;-5878.85878748754;-6751.99397945228;5.63884159020524;12.3364505636778;401.372811627673;210.656384823553;13965.6894485113;14662.8192479125;1746.27038392948;0.0099009900990099;150;150
148;326.200000000012;4.66000000000076;335.630000000005;NA;NA;-5860.55055893515;-6930.04050462182;5.67043792651366;14.7659570474466;394.405899015892;167.842612966892;13890.7476573367;14783.3916019788;2138.97989137334;0.0099009900990099;150;150
149;280.25;4.19999999999982;288.359999999986;NA;NA;-5861.70879315812;-6857.58103646712;5.64150854848574;13.5411034610622;403.578574196078;190.859207603944;13943.5234698543;14765.0881017701;1991.74448661798;0.0099009900990099;150;150
150;295.830000000016;3.33999999999924;303.369999999995;NA;NA;-5905.73052378583;-6786.85341998018;5.61385186761632;11.9493565114899;417.565002064836;223.334406796829;14108.5069690267;14802.2805607378;1762.24579238869;0.0099009900990099;150;150
151;331.080000000016;4.22000000000025;340.020000000019;NA;NA;-5868.89866850028;-6962.7847971296;5.64334758488344;14.6691365626109;403.635896058326;173.252993180792;13958.2185509644;14878.6429586405;2187.77225725864;0.0099009900990099;150;150
152;347.069999999949;4.10999999999967;356.75;NA;NA;-5909.73625908859;-6914.94502108704;5.63045675046002;13.4570525365877;409.130974655484;189.423115984411;14070.1224338216;14871.9160593203;2010.41752399691;0.0099009900990099;150;150
153;314.190000000002;4.98000000000047;324.240000000049;NA;NA;-5728.62150068715;-6820.58395925928;5.66551240895611;15.470785149797;381.434296313251;153.345542846954;13555.5321068232;14484.7294048215;2183.92491714427;0.0099009900990099;150;150
154;364.5;4.76000000000022;374.770000000019;NA;NA;-5897.25710115281;-6868.99807423599;5.63924350383354;13.2504603412165;406.221305546133;194.322365917486;14029.1578829271;14806.9731840736;1943.48194616636;0.0099009900990099;150;150
155;345.320000000007;4.42999999999938;354.350000000035;NA;NA;-5863.02736881436;-7007.5944809879;5.64334103387853;15.3272620166452;402.080019345349;161.531303925508;13937.9169961241;14903.78072861;2289.13422434708;0.0099009900990099;150;150
156;250.940000000002;3.4399999999996;256.989999999991;NA;NA;-5822.28876298149;-6835.54762427012;5.63135970432457;13.6408297262766;404.911513423689;188.365106473969;13872.0159747332;14707.3011025531;2026.51772257727;0.0099009900990099;150;150
157;305.090000000026;3.89000000000033;312.059999999998;NA;NA;-5777.93408252594;-6835.08558989327;5.65173966477356;14.9588298450451;382.630824570381;160.471237150165;13660.7394321747;14552.9314661704;2114.30301473465;0.0099009900990099;150;150
158;297.360000000044;3.6899999999996;304.139999999956;NA;NA;-5882.38808339013;-6677.48258195468;5.61229552755471;11.2195279028326;416.742764702321;243.018382697038;14057.2989194575;14691.8214187497;1590.18899712909;0.0099009900990099;150;150
159;349.869999999995;4.4399999999996;360.489999999991;NA;NA;-5851.26354870733;-6847.35185268171;5.61952528149552;13.3482731888805;407.930604340486;190.508263451911;13946.5737160331;14742.6991728996;1992.17660794875;0.0099009900990099;150;150
160;341.739999999991;4.03000000000065;350.880000000005;NA;NA;-5903.14123647742;-6889.92249726323;5.64499370757874;13.4414788339682;404.851024815096;190.198151364649;14033.3881708696;14826.1345199896;1973.56252157162;0.0099009900990099;150;150
161;347.510000000009;4.28000000000065;358.22000000003;NA;NA;-5839.36617651883;-6738.98656996132;5.63293677995066;12.3078470109399;406.813081840461;208.64753646892;13916.631424596;14625.7536538488;1799.24078688498;0.0099009900990099;150;150
162;349.119999999995;3.54999999999927;357.259999999951;NA;NA;-5880.19843754892;-6884.62497906831;5.63176207619365;13.5568425282041;407.359993405602;189.503715118509;14001.3045344782;14811.7193551431;2008.85308303879;0.0099009900990099;150;150
163;333.910000000033;4.86000000000058;344.059999999998;NA;NA;-5806.61579439052;-6801.93473971126;5.64582472667253;13.6918918909543;398.363548116117;183.28006213656;13804.649353516;14612.1022506868;1990.63789064147;0.0099009900990099;150;150
164;324.659999999974;5.02999999999975;334.059999999998;NA;NA;-5860.29127131213;-7034.21664220318;5.66009260377375;16.2336732874274;394.956548079502;151.948231791995;13893.2582300783;14904.3080928413;2347.8507417821;0.0099009900990099;150;150
165;266.380000000005;3.59000000000015;274.209999999963;NA;NA;-5840.75195625489;-6955.54858686286;5.66278760020207;15.3171214010911;393.77385855617;162.916438420098;13847.6735658554;14807.3086343614;2229.59326121594;0.0099009900990099;150;150
166;339.359999999986;4.69999999999982;350.809999999998;NA;NA;-5885.98800322766;-6748.42449795815;5.61696777773543;11.8719321344992;413.441711146703;225.014129182004;14046.3394987325;14734.6629533873;1724.87298946098;0.0099009900990099;150;150
167;322.52999999997;4.38999999999942;331.890000000014;NA;NA;-5871.7206439138;-6912.83872852311;5.6540745099612;14.4850940543262;393.922448889923;172.37335820226;13910.4283440169;14773.9119054987;2082.23616921862;0.0099009900990099;150;150
168;337.169999999984;5.13999999999942;347.869999999995;NA;NA;-5838.11337828962;-6658.93993851732;5.62852089478221;11.6202282864088;406.659237309461;229.245139601381;13913.2795216926;14578.9688340372;1641.65312045539;0.0099009900990099;150;150
169;317.790000000037;4.33000000000084;326.76999999996;NA;NA;-5812.42371897391;-6802.87322318934;5.6405232761428;13.7778910367724;395.297302144413;185.241478142262;13799.3976305236;14624.7690650054;1980.89900843086;0.0099009900990099;150;150
170;348.020000000019;4.90999999999985;358.619999999995;NA;NA;-5827.8336237533;-6710.12094966846;5.62899413545965;12.1915788170062;407.190206936647;210.571575446681;13895.6409030454;14578.6066477289;1764.57465183033;0.0099009900990099;150;150
171;336.200000000012;4.61000000000058;345.799999999988;NA;NA;-5865.00332029478;-6940.77838757321;5.64193482795049;14.5749602507667;400.920243706494;170.476609771283;13935.4889153989;14819.3571157932;2151.55013455686;0.0099009900990099;150;150
172;347.950000000012;4.75;357.890000000014;NA;NA;-5919.92194191345;-6811.23534698123;5.61660925354282;12.07651827173;416.754423670843;219.624041959744;14132.430773072;14830.6335125474;1782.62681013556;0.0099009900990099;150;150
173;349.950000000012;3.8100000000004;358.280000000028;NA;NA;-5920.69961464938;-6619.91175809708;5.61629152002846;10.3842471816735;415.067929958924;264.488840071042;14124.7086324438;14694.7898288671;1398.42428689539;0.0099009900990099;150;150
174;277.559999999998;3.21000000000004;284.709999999963;NA;NA;-5864.74149015465;-6946.88048470762;5.63518935119245;14.364843324956;408.207421376155;178.956430501587;13975.0523832598;14878.2092272172;2164.27798910594;0.0099009900990099;150;150
175;350.02999999997;4.94999999999982;360.859999999986;NA;NA;-5872.4236203035;-6786.0394470003;5.64182204832646;12.5547995385087;407.013922666585;207.885140980384;13983.851147576;14715.6654322851;1827.2316533936;0.0099009900990099;150;150
176;351.010000000009;4.51999999999953;360.520000000019;NA;NA;-5874.57426947991;-6752.10725278686;5.63433771632643;12.1260551959263;409.854341875473;218.490681917319;14003.7777337923;14706.1426539873;1755.06596661391;0.0099009900990099;150;150
177;297.979999999981;3.14999999999964;305.989999999991;NA;NA;-5922.54488494516;-6562.3782545585;5.5932934271296;9.62973700299508;428.392205595319;288.102198994836;14201.696678467;14709.6210880228;1279.66673922668;0.0099009900990099;150;150
178;254.690000000002;3.05000000000018;262.020000000019;NA;NA;-5835.17315725565;-6858.87582798147;5.62241958836115;13.6853611975102;408.426656664271;189.981436058562;13917.1217417261;14762.8490197088;2047.40534145165;0.0099009900990099;150;150
179;337.309999999998;4.84999999999945;347.479999999981;NA;NA;-5875.12166477695;-6736.17241377972;5.66864033629361;12.2451747841793;400.610548505019;212.074776814104;13954.0219555998;14638.9787617144;1722.10149800555;0.0099009900990099;150;150
180;354.320000000007;4.19999999999982;363.809999999998;NA;NA;-5918.42124769918;-6818.62160260692;5.61313736077135;12.1237582733329;419.335041967918;219.314973487747;14143.6254947217;14843.7058227055;1800.40070981548;0.0099009900990099;150;150
181;262.809999999998;3.38999999999942;269.630000000005;NA;NA;-5910.02642891292;-6698.60038290479;5.61595986640174;11.0293935931088;419.85281037838;245.028772868294;14129.6841270224;14745.116277342;1577.14790798374;0.0099009900990099;150;150
182;318.380000000005;4.35999999999967;328.399999999965;NA;NA;-5820.6745588866;-6963.18351596142;5.65957969106297;15.9914468199536;389.206035894188;150.972713650918;13782.3909506268;14756.8754663653;2285.01791414964;0.0099009900990099;150;150
183;337.609999999986;4.61000000000058;347.73000000004;NA;NA;-5853.13459228161;-6862.34150009832;5.6398037033764;13.7495437837841;401.806781574974;182.97626458582;13916.6283484436;14731.2445659685;2018.41381563341;0.0099009900990099;150;150
184;339.580000000016;4.65999999999985;349.47000000003;NA;NA;-5887.64356005077;-6731.45618058536;5.62393228871359;11.7331874896423;411.633987825799;227.303757800355;14039.7062361478;14713.3216799709;1687.62524106919;0.0099009900990099;150;150
185;310.309999999998;4.07999999999993;318.309999999998;NA;NA;-5881.19973476973;-6778.80218764098;5.608362959264;11.9698183910223;418.648598580571;221.784377483564;14065.4063095213;14777.6513074287;1795.2049057425;0.0099009900990099;150;150
186;351.489999999991;4.34000000000015;360.640000000014;NA;NA;-5904.04272753718;-6690.08648303073;5.61721161976149;11.1109465516336;417.034232787837;241.979467484735;14102.2115882403;14711.3140964557;1572.08751098712;0.0099009900990099;150;150
187;335.280000000028;4.26000000000022;344.829999999958;NA;NA;-5868.458689073;-7027.01275817356;5.64614197761315;15.505079999408;402.730696325537;161.213400448798;13952.3590431916;14940.868480086;2317.10813820112;0.0099009900990099;150;150
188;387.309999999998;4.92000000000007;398.410000000033;NA;NA;-5946.42115913973;-6790.36145510217;5.60970432368475;11.4100149212819;427.950223542198;238.86763368852;14247.0178615179;14894.745687541;1687.88059192487;0.0099009900990099;150;150
189;337.649999999965;4.94999999999982;347.309999999998;NA;NA;-5848.54608639744;-6905.80591101816;5.65824713107454;14.4705651606163;397.810642369059;174.629850828209;13885.4683754139;14772.2593490696;2114.51964924144;0.0099009900990099;150;150
190;340.899999999965;4.3100000000004;348.950000000012;NA;NA;-5892.83967363862;-6914.16452122274;5.63270290317547;13.744709970506;405.862037472879;183.344477392155;14018.3466762928;14836.9161652464;2042.64969516823;0.0099009900990099;150;150
191;317.030000000028;4.30000000000018;325.729999999981;NA;NA;-5815.16817124122;-7014.2660145193;5.67791369289385;16.7796700865076;387.387945635348;142.448706726246;13761.376770062;14812.1494758649;2398.19568655616;0.0099009900990099;150;150
192;324.22000000003;4.42000000000007;334.660000000033;NA;NA;-5761.07374609388;-6718.46048883202;5.64016059009975;13.3969479743632;392.258466170446;185.492122141385;13679.9808963702;14457.3224014422;1914.77348547627;0.0099009900990099;150;150
193;338.450000000012;4.70000000000073;350.380000000005;NA;NA;-5876.45538705106;-6982.67111994401;5.63260820025028;14.8279814140051;402.477945074504;169.581759909232;13966.9620418983;14898.2199667723;2212.43146578589;0.0099009900990099;150;150
194;322.700000000012;4.6899999999996;332.919999999984;NA;NA;-5759.7634914658;-6667.72660043949;5.63703300433144;12.6926114251302;393.503326231727;197.818973527118;13684.2084244553;14423.6652494939;1815.92621794738;0.0099009900990099;150;150
195;375.469999999972;4.67000000000007;386.789999999979;NA;NA;-5912.92045529217;-6964.44707362873;5.63996307924094;14.0231822353245;408.257601069805;181.091960092055;14071.6863545346;14925.0900599435;2103.05323667313;0.0099009900990099;150;150
196;360.450000000012;4.47999999999956;373.059999999998;NA;NA;-5906.23350030238;-6824.95448561522;5.63130980559058;12.5160290396186;410.79149222756;208.522199586124;14072.2515063072;14797.0000007075;1837.44197062568;0.0099009900990099;150;150
197;268.070000000007;4.13000000000011;279.059999999998;NA;NA;-5852.9098659109;-6688.71126839304;5.64684982828803;11.8671699085333;405.157909430304;224.216167768957;13934.6136173247;14610.8468686892;1671.60280496427;0.0099009900990099;150;150
198;362.859999999986;5.0600000000004;378.540000000037;NA;NA;-5881.72801384183;-7089.32321134407;5.62833340534419;15.8855844733411;408.758395476265;157.025919910056;14012.0563666638;15042.4538469418;2415.19039500447;0.0099009900990099;150;150
199;357.630000000005;4.49000000000069;368.280000000028;NA;NA;-5919.89525870664;-6801.2949374874;5.62551846998347;11.9878925422359;415.356310707381;218.933872483973;14124.6863174517;14806.9560368199;1762.79935756153;0.0099009900990099;150;150
200;359.520000000019;4.83999999999924;370.550000000047;NA;NA;-5927.52999130557;-7001.37757382001;5.61950749125614;14.0358928432432;416.069616150273;182.589960555863;14143.8797114995;15007.1916356586;2147.69516502889;0.0099009900990099;150;150
201;339.659999999974;4.51000000000022;349.859999999986;NA;NA;-5891.2606588559;-6752.36187743884;5.64365497969629;12.1375812221649;405.260630820636;216.508342368939;14011.8802787108;14695.746954476;1722.20243716589;0.0099009900990099;150;150
202;313.570000000007;4.67000000000007;323.679999999993;NA;NA;-5807.99632350378;-7011.42377062307;5.65776020499387;16.7036908780738;391.376244501968;147.721445974088;13768.9729057507;14835.4705898931;2406.85489423859;0.0099009900990099;150;150
203;291.079999999958;3.63000000000011;301.030000000028;NA;NA;-5836.35377681766;-6745.55923145754;5.6296589412489;12.3492666677778;409.670317602703;211.479844102295;13926.3244217567;14654.479642523;1818.41090927976;0.0099009900990099;150;150
204;314.760000000009;3.94999999999982;326.200000000012;NA;NA;-5911.16791302457;-6663.85226633346;5.61857905919924;10.8346266493826;415.55202686168;252.573188645657;14108.3082704226;14717.1222520123;1505.36870661777;0.0099009900990099;150;150
205;266.190000000002;3.80000000000018;275.639999999956;NA;NA;-5882.33872767323;-6830.96857706852;5.63604375564313;12.8024009823529;409.602146325064;204.692850805113;14017.9193098664;14787.9627448063;1897.25969879059;0.0099009900990099;150;150
206;357.340000000026;4.75;369.929999999993;NA;NA;-5913.78601188676;-6850.93390711704;5.63226205904785;12.5229018366142;415.897668263729;210.116293248678;14115.4458587543;14857.7280325269;1874.29579046057;0.0099009900990099;150;150
207;343.889999999956;4.4399999999996;363;NA;NA;-5877.98902501582;-6926.31407036403;5.64441132082748;14.1576676551792;402.259457226007;177.038977208629;13968.8274052662;14826.5283922451;2096.65009069642;0.0099009900990099;150;150
208;301.47000000003;3.52999999999975;311.440000000002;NA;NA;-5899.00664954781;-6718.98325646574;5.62157267926263;11.4914990730604;414.373338396166;237.114389449547;14077.5017193795;14742.3446061865;1639.95321383585;0.0099009900990099;150;150
209;254.609999999986;3.10000000000036;261.700000000012;NA;NA;-5807.91766736134;-6616.97794410336;5.61321931748097;11.3400818926165;411.413895454452;234.990877091346;13879.043711647;14526.6524339723;1618.12055348404;0.0099009900990099;150;150
210;346.699999999953;4.01999999999953;357.22000000003;NA;NA;-5906.69049997563;-6776.69267056018;5.63740922681215;12.0473886667362;411.004992968332;218.445494606682;14074.3399838868;14755.0649118823;1740.00434116911;0.0099009900990099;150;150
211;355.02999999997;4.35999999999967;365.390000000014;NA;NA;-5916.86086536458;-6962.88161484747;5.62431927365473;13.8652559801144;412.83338472037;185.020281343589;14104.7387889671;14943.5690336899;2092.04149896577;0.0099009900990099;150;150
212;326.179999999993;4.32999999999993;336.140000000014;NA;NA;-5844.451906998;-6843.30406772535;5.66735059750423;13.9847699600379;394.750918171306;179.768558525169;13860.4483210599;14675.5239500523;1997.7043214547;0.0099009900990099;150;150
213;238.039999999979;3.10999999999967;245.469999999972;NA;NA;-5779.79362849388;-6875.1293407531;5.65378692746839;14.9370245507926;397.787075203522;169.045062162465;13747.8338154526;14680.1840072932;2190.67142451845;0.0099009900990099;150;150
214;343.979999999981;4.1899999999996;354.309999999998;NA;NA;-5894.70251505669;-6793.20769919058;5.63282220930675;12.3655881795289;407.259074494485;210.506762905181;14029.7575295258;14744.4236097469;1797.01036826777;0.0099009900990099;150;150
215;290.409999999974;3.5;298.679999999993;NA;NA;-5885.25210368271;-6773.47682139437;5.62980937006316;12.2310268455059;411.446825158587;220.317714968205;14033.893732236;14758.9323912218;1776.44943542334;0.0099009900990099;150;150
216;323.799999999988;3.8100000000004;331.950000000012;NA;NA;-5860.36556226825;-6987.36461289314;5.65571047207172;15.4536343215693;396.578525025348;160.591028856654;13902.3293881397;14858.1484923276;2253.99810124978;0.0099009900990099;150;150
217;332.159999999974;4.71000000000004;342.299999999988;NA;NA;-5803.87110544338;-6818.10044673353;5.64895032566112;13.9773802481705;396.496762422408;178.574102661899;13788.8906943295;14618.5459467369;2028.45868258031;0.0099009900990099;150;150
218;331.319999999949;4.22000000000025;340.760000000009;NA;NA;-5854.36231089621;-6705.18816637862;5.64831371672126;12.1394722970851;399.62904815951;215.6811205385;13907.1039654406;14596.8489437709;1701.65171096483;0.0099009900990099;150;150
219;340.649999999965;4.07999999999993;350.289999999979;NA;NA;-5867.76156268771;-6825.39300037137;5.64577009674392;13.1683726514427;402.518552970931;193.494122242176;13949.797779237;14715.20682654;1915.26287536731;0.0099009900990099;150;150
220;333.859999999986;4.19999999999982;344.109999999986;NA;NA;-5879.19299161275;-7038.76442268958;5.65157623257331;15.728480678067;398.281363978875;156.455385785243;13949.3516489188;14938.1977329308;2319.14286215365;0.0099009900990099;150;150
221;341.319999999949;4.27000000000044;351.729999999981;NA;NA;-5901.57736578132;-6839.93667214458;5.62276724522953;12.6526224891512;413.40327304956;208.470884346787;14077.3067739486;14826.6820860729;1876.71861272652;0.0099009900990099;150;150
222;304.609999999986;4.09999999999945;313.199999999953;NA;NA;-5860.33700004275;-6848.66068581183;5.66892970673352;13.8744466328366;393.593671932562;182.017797527084;13885.8524378196;14698.6103622582;1976.64737153817;0.0099009900990099;150;150
223;333.380000000005;3.86999999999989;341.289999999979;NA;NA;-5915.9001292063;-6868.49085884971;5.62253487441913;12.8005663459498;413.87417139629;204.12175170146;14108.5427361114;14859.8656636899;1905.18145928683;0.0099009900990099;150;150
224;311.5;4.05000000000018;319.830000000016;NA;NA;-5865.93823539255;-6974.75582376647;5.66460828765099;15.0862191592966;399.116545188777;166.873748315234;13927.4365100068;14867.492467453;2217.63517674784;0.0099009900990099;150;150
225;308.25;4.1899999999996;316.050000000047;NA;NA;-5812.85078942894;-6940.60951506418;5.65323924992833;15.4987596773843;394.269815542954;159.6935666381;13794.5995163463;14759.7013122035;2255.51745127047;0.0099009900990099;150;150
226;221.459999999963;3.07999999999993;227.660000000033;NA;NA;-5769.83520795372;-7096.32322523443;5.68581473780567;19.0601329994496;384.31399073273;126.65376962538;13653.800864114;14889.3751598105;2652.97603456141;0.0099009900990099;150;150
227;301.649999999965;3.77000000000044;307.479999999981;NA;NA;-5851.14769876308;-6982.76636954992;5.63562103171601;14.8932140991064;407.015569899909;168.875032914924;13941.3083660079;14894.5227255082;2263.23734157367;0.0099009900990099;150;150
228;303.049999999988;3.81999999999971;309.559999999998;NA;NA;-5888.624993892;-6733.80870145897;5.62346157233149;11.8003985048274;409.326918229775;222.678046632578;14028.9777988122;14692.5804536659;1690.36741513394;0.0099009900990099;150;150
229;289.5;3.71000000000004;296.959999999963;NA;NA;-5855.38217182765;-6924.41122766171;5.64482088632404;14.5812117712088;398.328172792718;169.862758281775;13901.9875069703;14783.2459682826;2138.05811166812;0.0099009900990099;150;150
230;294.340000000026;3.71000000000004;301.420000000042;NA;NA;-5852.22797443768;-6883.35037821778;5.64839715765269;13.9301817075225;403.476357560842;181.203791207472;13923.9995336003;14763.5118576702;2062.24480756019;0.0099009900990099;150;150
231;267.860000000044;2.98999999999978;274.109999999986;NA;NA;-5844.70122756535;-6666.9667356985;5.64147381021816;11.7604691442761;404.158917396753;227.099875630171;13912.7008355867;14583.2212242011;1644.53101626629;0.0099009900990099;150;150
232;299.5;3.8100000000004;306.549999999988;NA;NA;-5903.04899969479;-6852.18808696041;5.64707068254128;13.0171752004526;406.226960445254;200.690128752061;14040.7727878934;14808.382590758;1898.27817453124;0.0099009900990099;150;150
233;312.369999999995;4.59999999999945;320.02999999997;NA;NA;-5916.60318063872;-6865.96852794442;5.63186934710759;12.6945555898613;415.1897570533;206.050198632493;14117.1859413503;14865.4294847162;1898.7306946114;0.0099009900990099;150;150
234;251.700000000012;3.09999999999945;257.339999999967;NA;NA;-5917.82146947021;-6737.28717553469;5.61117302384764;11.1800520729947;427.367319768258;245.264180196063;14186.6118994195;14823.7848500635;1638.93141212896;0.0099009900990099;150;150
235;229.079999999958;2.5;234;NA;NA;-5944.86962532407;-6624.20970687714;5.61611049588328;10.0128290897971;428.063046538813;279.518478350167;14244.5354388232;14786.0645168893;1358.68016310614;0.0099009900990099;150;150
236;321.75;4.15000000000055;331.059999999998;NA;NA;-5946.65126716669;-6784.10051736746;5.62230264901748;11.5185239323579;421.016236873802;234.552013783842;14209.3338707602;14858.4833715376;1674.89850040154;0.0099009900990099;150;150
237;221.770000000019;3.09999999999945;227.479999999981;NA;NA;-5808.22364549204;-6872.07734863547;5.65236895858852;14.5079232241842;399.150282527127;177.380334427878;13812.1929209882;14719.9327718918;2127.70740628686;0.0099009900990099;150;150
238;287.719999999972;3.72000000000025;295.429999999993;NA;NA;-5886.18261999193;-6880.29568619931;5.6482373103894;13.7497055744912;398.955350922135;184.160509609144;13967.0385414979;14773.667529162;1988.22613241475;0.0099009900990099;150;150
239;285.179999999993;4.09000000000015;294.010000000009;NA;NA;-5839.06090086446;-6949.47422479812;5.65303118316116;15.2277798291073;394.138277526735;161.178893136044;13846.2961420236;14785.601586885;2220.82664786733;0.0099009900990099;150;150
240;281.619999999995;3.89999999999964;290.080000000016;NA;NA;-5861.99389824822;-6818.85995020222;5.64549918618399;13.2003511473629;401.661370218433;195.870742706479;13933.5470452455;14715.2146340182;1913.732103908;0.0099009900990099;150;150
241;278.469999999972;3.10000000000036;284.910000000033;NA;NA;-5817.02641887143;-6784.76297883723;5.63823176472362;13.254574339628;402.337446726464;194.452842502796;13847.3312171127;14639.2207514853;1935.4731199316;0.0099009900990099;150;150
242;307.47000000003;3.93000000000029;315.070000000007;NA;NA;-5892.42446891908;-6756.60435207978;5.61102550355982;11.8185039423342;413.433387995536;223.14409191131;14059.1666440453;14740.7354932511;1728.35976632141;0.0099009900990099;150;150
243;300.080000000016;4.03999999999996;307.429999999993;NA;NA;-5868.58795654031;-6686.77797613389;5.6308525530155;11.4600227277229;409.308124483798;230.286631169589;13988.800338774;14640.374206379;1636.38003918715;0.0099009900990099;150;150
244;222.049999999988;2.94000000000051;227.359999999986;NA;NA;-5854.14422409066;-6748.89411498475;5.63682333682318;12.3571364897126;405.555579943452;210.716400504979;13939.269939029;14656.949668237;1789.49978178818;0.0099009900990099;150;150
245;303.840000000026;3.69000000000051;310.660000000033;NA;NA;-5918.87182472045;-6781.58002231648;5.60841414406862;11.6229909473706;423.240485112911;231.200780483157;14166.0106864669;14835.007079753;1725.41639519206;0.0099009900990099;150;150
246;312.390000000014;4.07999999999993;320.539999999979;NA;NA;-5908.33410392533;-6923.37567353126;5.62379078767153;13.3948520921012;412.715190364065;191.436252037912;14087.0350730342;14899.851726136;2030.08313921186;0.0099009900990099;150;150
247;276.520000000019;3.64000000000033;282.25;NA;NA;-5900.01853965028;-6927.96395472564;5.63996871127743;13.905100380916;404.792831167849;182.873866556476;14026.8226510568;14861.926178552;2055.89083015073;0.0099009900990099;150;150
248;231.440000000002;2.89999999999964;236.089999999967;NA;NA;-5882.458278646;-6699.34897333964;5.62240445576284;11.3967300808903;415.106335402054;235.694265777951;14048.4372306969;14695.2638687235;1633.78138938729;0.0099009900990099;150;150
249;264.609999999986;3.30000000000018;270.789999999979;NA;NA;-5853.00718287834;-6909.92406000905;5.65630040206752;14.6655552742883;393.254115879135;169.060691909111;13869.32488869;14749.8594258217;2113.83375426143;0.0099009900990099;150;150
250;269.219999999972;3.22000000000025;275.049999999988;NA;NA;-5864.91347382814;-6892.39752920265;5.65962023647636;14.2715138164788;396.390872419406;177.348133306433;13910.3929249065;14760.3959930496;2054.96811074903;0.0099009900990099;150;150
