1;154.529999999999;3.83999999999924;161.160000000033;NA;NA;-4826.34210093855;-6374.60104185976;5.9109911498253;45.3303955949523;257.923724010191;34.0735567697588;11066.2710029407;12935.9469452086;3096.51788184243;0.0099009900990099;144;144
2;148.380000000005;3.77999999999975;154.800000000047;NA;NA;-4880.83685914696;-6119.80561392896;7.39356514815873;39.8371544314424;202.418138771932;37.7724256613954;10869.6389139033;12446.3641070242;2477.937509564;0.0099009900990099;142;142
3;142.739999999991;2.88999999999942;148.190000000002;NA;NA;-5165.94207422088;-6249.88508609824;11.8236227132503;52.8064748815534;122.762772607946;27.8000681561133;11004.2748317509;12652.0354430635;2167.88602375471;0.0099009900990099;143;143
4;148.270000000019;3.60999999999967;154.270000000019;NA;NA;-4678.81209998337;-6045.07688017071;5.99410818641031;39.7056247448774;243.071288861392;36.9550780599418;10688.9632251312;12292.5624357126;2732.52956037468;0.0099009900990099;143;143
5;155.170000000013;3.59000000000015;161.340000000026;NA;NA;-4762.67785918253;-6159.59175854282;5.90630531415465;38.8283383304122;251.916606581513;39.3019397062831;10906.0196778319;12534.5832576027;2793.82779872059;0.0099009900990099;144;144
6;153.910000000003;3.75;161.070000000007;NA;NA;-4837.82061008574;-6331.3282383842;5.96673604120405;43.1237265025314;255.148174930243;35.8689655622017;11073.127217285;12859.1163460888;2987.01525659693;0.0099009900990099;143;143
7;158.610000000015;3.55999999999949;165.890000000014;NA;NA;-4816.4379782033;-6240.6817963489;6.09501999753827;40.0563748354564;251.129044504619;38.409006902667;11010.0925345999;12692.002394604;2848.48763629119;0.0099009900990099;145;145
8;154.359999999986;3.21999999999935;160.330000000016;NA;NA;-4878.60480340388;-6319.12558768475;6.11835649000448;41.1225322457913;251.420574768489;37.7201957600213;11134.2789615905;12844.8505186626;2881.04156856175;0.0099009900990099;143;143
9;186.289999999979;3.71999999999935;193.190000000002;NA;NA;-5005.70755497175;-6639.62882903893;5.86823749173001;42.7753242959447;281.82701034657;39.5490347489902;11561.759562834;13496.8188725437;3267.84254813435;0.0099009900990099;150;150
10;151.369999999995;3.1299999999992;156.950000000012;NA;NA;-4876.73031948778;-6409.22982318119;6.36355390723975;48.2462425782369;240.254736025609;31.68107937182;11070.2100967548;12992.0922031011;3064.99900738682;0.0099009900990099;144;144
11;125.860000000015;3.07999999999993;131.199999999953;NA;NA;-4425.4998909106;-5870.78593537695;5.99490492394407;53.9576459601375;220.206901156827;24.5201600605314;10053.9833093029;11875.5247509274;2890.5720889327;0.0099009900990099;139;139
12;147.820000000007;3.61000000000058;153.829999999958;NA;NA;-4786.67620457911;-6301.21845645038;6.00081159103905;46.0716756797746;250.079444085502;32.8457728747284;10943.9475443409;12782.4527341852;3029.08450374254;0.0099009900990099;144;144
13;140.890000000014;3.94000000000051;147.340000000026;NA;NA;-4591.00271028951;-5710.95653174705;5.91839346658587;29.1608999991436;237.552441672113;49.520232160108;10483.1168665365;11693.1430303025;2239.90764291508;0.0099009900990099;143;143
14;157.149999999994;4.14999999999964;164.150000000023;NA;NA;-5054.92182760548;-6545.32380326044;8.69677428519037;62.6945814666936;176.118921198955;24.3650372203502;11076.3025023778;13224.351615283;2980.80395130992;0.0099009900990099;146;146
15;143.850000000006;3.06999999999971;149.47000000003;NA;NA;-4698.74388409932;-6232.6614646889;5.97880423858189;49.9606114715319;243.084604934155;29.2790098248257;10731.4231877966;12625.9925376678;3067.83516117916;0.0099009900990099;146;146
16;122.459999999992;2.94999999999982;127.829999999958;NA;NA;-4429.5620392881;-5651.46148661676;6.14152870630099;40.7948481245413;214.441878033035;32.5691851577524;10025.0731405726;11480.0059722866;2443.79889465733;0.0099009900990099;132;132
17;138.869999999995;3.31999999999971;144.479999999981;NA;NA;-4629.90807246427;-6089.43803531385;5.89884784989201;46.4899110846315;239.929305264678;30.7790130089716;10574.7820342125;12347.5647273467;2919.05992569916;0.0099009900990099;144;144
18;157.149999999994;3.48999999999978;163.25;NA;NA;-4715.26277854248;-6129.18869645017;5.97781377474111;40.8057148643352;247.794824397333;36.7762503874795;10789.4569416394;12460.061996198;2827.85183581538;0.0099009900990099;145;145
19;137.910000000003;3.77999999999975;144.25;NA;NA;-4570.77756315437;-5683.99014447549;6.30767926243903;32.0691065940184;216.983725330361;43.900237387688;10326.1472052435;11607.6474501338;2226.42516264223;0.0099009900990099;138;138
20;155.899999999994;3.64000000000033;163.400000000023;NA;NA;-4882.49613441316;-6364.52455510575;6.61941508628067;47.3048563091816;231.949724002693;32.5772421902626;11037.8246330847;12907.8178859724;2964.05684138517;0.0099009900990099;146;146
21;163.290000000008;3.66000000000076;169.409999999974;NA;NA;-4770.25038396023;-6272.52135210479;5.90847158769869;42.5083766451668;257.562305134182;36.3997909256011;10954.7621381956;12744.9120840295;3004.54193628911;0.0099009900990099;147;147
22;102.800000000017;2.95000000000073;107.25;NA;NA;-4198.94655600194;-5314.66699490442;6.74365165135146;46.5275671421681;172.818082017333;25.3349187895187;9332.81977748617;10766.3930918869;2231.44087780496;0.0099009900990099;125;125
23;126.880000000005;3.32999999999993;132.010000000009;NA;NA;-4438.99969536835;-5768.65711592724;6.04245388321014;45.7160729859314;220.376718504938;29.641111162339;10080.3136644723;11699.027915957;2659.31484111778;0.0099009900990099;137;137
24;120.970000000001;3.15999999999985;126;NA;NA;-4455.57148507181;-5815.26989277135;5.97461054597076;48.0008628557027;220.520955300319;27.7207105970029;10113.4363871634;11781.6747550992;2719.39681539907;0.0099009900990099;136;136
25;128.779999999999;3.03999999999996;133.669999999984;NA;NA;-4724.38215905681;-5984.4709092262;8.6132341452538;56.5567456955536;160.397146476774;24.4201925948215;10323.2591390487;12102.0821667659;2520.17750033877;0.0099009900990099;136;136
26;135.279999999999;3.40000000000055;140.890000000014;NA;NA;-4570.23709188164;-5980.6652067936;5.81749434047156;45.0562638958558;236.077632729893;31.1481702458061;10431.845327131;12131.7144002403;2820.85622982392;0.0099009900990099;141;141
27;154.940000000002;3.57999999999993;160.360000000044;NA;NA;-4985.42182034536;-6319.90686891757;7.65270394204212;44.7833275006632;199.727378258866;34.7061156370977;11065.4772840333;12830.0254260738;2668.97009714441;0.0099009900990099;144;144
28;132.26999999999;3.1899999999996;137.400000000023;NA;NA;-4799.26541814738;-5865.9578249152;9.9387716629604;48.0005666269955;137.597285313124;28.5862446033802;10349.7238302241;11887.9782249019;2133.38481353563;0.0099009900990099;138;138
29;154.440000000002;3.92000000000007;160.800000000047;NA;NA;-4932.1224717716;-6421.32141802277;6.94335382399966;49.7091502360443;223.681517123884;31.3627372197951;11090.9365603019;13014.6391964101;2978.39789250233;0.0099009900990099;145;145
30;137.789999999979;2.98999999999978;143.110000000044;NA;NA;-4497.34024890543;-5906.05042464146;6.17126718312091;49.05120539782;220.436134583314;27.9289465459667;10201.2698205601;11964.9740103084;2817.42035147208;0.0099009900990099;142;142
31;142.959999999992;3.9399999999996;149.649999999965;NA;NA;-4754.92573519494;-6349.03431564122;6.19013313965474;55.4939844282701;238.851565777955;26.511331149454;10818.9106586937;12843.3676646897;3188.21716089256;0.0099009900990099;144;144
32;168.020000000019;3.76999999999953;174.5;NA;NA;-5296.45301177776;-6378.52992128223;9.90350807778175;38.9865607211275;159.10846327794;41.2062605764136;11465.4726109428;12983.0390609505;2164.15381900894;0.0099009900990099;145;145
33;142.130000000005;3.23999999999978;147.640000000014;NA;NA;-4727.23503354987;-6261.34988363765;5.97578459916042;49.5893935331005;244.723402842794;29.76548821321;10793.1345432025;12685.5203280472;3068.22970017555;0.0099009900990099;141;141
34;147.25;4.02999999999975;153.289999999979;NA;NA;-4810.18719259526;-6273.84235895691;6.0884249908184;43.8596485366792;246.984775763618;34.6365285209402;10973.1481830993;12737.3943390384;2927.31033272331;0.0099009900990099;143;143
35;165.639999999985;3.80999999999949;172.260000000009;NA;NA;-5063.40968949082;-6665.89597805516;6.29571443678507;46.1905297312481;263.377565341353;35.7449773898095;11573.9048526838;13528.1869583633;3204.97257712868;0.0099009900990099;148;148
36;170.059999999998;3.64000000000033;175.98000000004;NA;NA;-5015.24396597579;-6569.06561012782;6.17509784513036;42.7269538059868;266.17879608188;38.7179157091634;11490.2388398986;13350.4641086833;3107.64328830407;0.0099009900990099;145;145
37;114.229999999981;3;118.75;NA;NA;-4331.64651591359;-5676.46160318557;5.99343272842534;51.6153870691873;209.572872911233;24.430781316194;9803.55950903897;11485.8488114839;2689.63017454396;0.0099009900990099;133;133
38;121.410000000033;2.97999999999956;125.770000000019;NA;NA;-4284.38958981881;-5521.72267213072;6.08854389427283;43.6349758915968;209.048965939837;29.29670974743;9707.75522369834;11203.0646488684;2474.66616462382;0.0099009900990099;135;135
39;144.910000000033;3.43000000000029;151.639999999956;NA;NA;-4742.92642573899;-6183.2342083316;5.93010250627642;43.7091205738589;244.564175050853;33.8130789990968;10822.7759948738;12551.3094214995;2880.61556518522;0.0099009900990099;140;140
40;154.080000000016;3.77000000000044;160.109999999986;NA;NA;-5240.69591288245;-6482.59890375364;10.4139147300395;52.9607618483413;146.927378391164;28.9244886247582;11285.6202537467;13123.5202132534;2483.80598174237;0.0099009900990099;142;142
41;162.650000000023;3.73000000000047;169.239999999991;NA;NA;-4835.89846489378;-6202.79246652084;5.89604543279894;35.083420100103;259.195180907773;44.3954335731902;11095.0243369517;12649.3579753992;2733.78800325413;0.0099009900990099;147;147
42;139.080000000016;3.28999999999996;144.940000000002;NA;NA;-4684.04351335198;-6080.65486954293;6.06053753120118;42.4760191946761;239.215219251998;34.4554686810493;10675.7698171372;12349.6624014767;2793.22271238191;0.0099009900990099;140;140
43;144.909999999974;3.53999999999996;151.110000000044;NA;NA;-4683.71879349983;-6166.31125260804;5.90163057669341;46.1233566130055;245.290270150248;31.8867173801127;10709.2028908873;12507.0464275726;2965.18491821642;0.0099009900990099;141;141
44;164.52999999997;3.21000000000004;171.050000000047;NA;NA;-5173.25302517025;-6732.93586345412;8.25998286956637;60.2039396142707;193.434774440918;26.5474813326967;11408.6464478539;13611.642581488;3119.36567656774;0.0099009900990099;147;147
45;165.079999999958;4.11999999999989;172.080000000016;NA;NA;-4885.66498696616;-6377.91944921899;5.96423570821636;41.0019628483771;261.854201870503;38.9365091885273;11208.2642246235;12969.5043781427;2984.50892450567;0.0099009900990099;146;146
46;115.409999999974;2.99000000000069;120.669999999984;NA;NA;-4478.26113422131;-5572.26576388606;8.34664831128704;48.1638080280796;151.244777789193;26.1795658435039;9778.28519838522;11286.7737727386;2188.00925932951;0.0099009900990099;131;131
47;126.559999999998;3.32999999999993;132.329999999958;NA;NA;-4516.85702792262;-5906.97517754884;6.5347735959992;53.3084224633514;208.078215347922;25.2405930674923;10169.6877576735;11951.7478169573;2780.23629925244;0.0099009900990099;138;138
48;147.27999999997;3.8799999999992;153.479999999981;NA;NA;-4907.05119254921;-6306.49350160448;8.17021189146304;55.2207958732613;181.769710235296;26.7655994878789;10810.3165340986;12759.6795895688;2798.88461811053;0.0099009900990099;144;144
49;173;3.71000000000004;179.719999999972;NA;NA;-4820.44492746195;-6286.20614402042;6.03449052204128;40.1576511666254;259.977802215325;39.3669554242401;11070.1712289396;12788.8402125025;2931.52243311693;0.0099009900990099;149;149
50;143.869999999995;3.52999999999975;149.840000000026;NA;NA;-4703.78330421181;-6013.9387484614;6.06113633569277;37.667123084971;240.110581745873;39.0831737170227;10719.2833307285;12241.3876727451;2620.31088849918;0.0099009900990099;139;139
51;130.390000000014;3.39999999999964;136.669999999984;NA;NA;-4576.4335643944;-5949.57639022944;6.00158675584302;44.6073213060255;230.169265878987;31.0185956205292;10409.4438087188;12068.4944332295;2746.28565167008;0.0099009900990099;138;138
52;108.049999999988;2.89000000000033;113.110000000044;NA;NA;-4182.58654760501;-5464.35029898987;6.08830126652656;52.8218753096021;197.051689755415;22.6352326711801;9433.53758289356;11051.4231119879;2563.52750276972;0.0099009900990099;128;128
53;153.679999999993;3.75;160.75;NA;NA;-4865.94583322378;-6353.65508398037;6.13193271816137;43.2930818772127;252.35545064869;35.9271449827466;11115.8339775266;12904.3381930344;2975.41850151318;0.0099009900990099;145;145
54;170.219999999972;3.36999999999989;176.700000000012;NA;NA;-4864.46999853731;-6260.76444171654;6.00987059726444;36.143505617751;262.529683130796;44.6506390089341;11167.7703969739;12766.2429135375;2792.58888635847;0.0099009900990099;144;144
55;156.669999999984;3.78000000000065;163.109999999986;NA;NA;-4828.30225585163;-6430.53000685654;6.10598647348014;50.6963424671016;251.084871312104;30.3416813526743;11033.5788397292;13027.45680247;3204.45550200981;0.0099009900990099;145;145
56;153.390000000014;3.60999999999967;160.349999999977;NA;NA;-4836.08845570822;-6380.01438092047;5.96200697841208;45.6191584375342;255.835358633395;33.8801172827375;11075.2033828983;12945.8306840557;3087.85185042451;0.0099009900990099;145;145
57;119.760000000009;3;124.799999999988;NA;NA;-4525.116861666;-5790.61156069001;7.18883869575566;51.6976202095729;183.604894565341;25.4087799494348;10050.5810608185;11719.6595472246;2530.98939804802;0.0099009900990099;135;135
58;148.5;3.55000000000018;154.27999999997;NA;NA;-4684.49635819904;-6307.85151953327;6.08613229939363;57.5057021561103;239.854052554105;25.4098682769581;10686.0189825456;12755.2273188681;3246.71032266847;0.0099009900990099;147;147
59;130.940000000002;3.28999999999996;136.280000000028;NA;NA;-4561.83810765379;-6123.64353843942;6.08078808010387;60.9213084982213;225.72617479414;22.5928820256884;10354.3487998447;12370.464818849;3123.61086157127;0.0099009900990099;136;136
60;158.170000000042;3.22000000000025;163.400000000023;NA;NA;-4888.04463788061;-6423.07590086229;7.61557711132775;59.9789975409761;196.732103737749;25.2561496965214;10857.0020298934;12984.9176351019;3070.06252596337;0.0099009900990099;148;148
61;149.920000000042;3.77999999999975;155.600000000035;NA;NA;-4970.75792280571;-6401.39561148314;7.33027405287014;48.977758893582;209.14656237502;31.368218319938;11087.7726360471;12974.7091012464;2861.27537735488;0.0099009900990099;144;144
62;171.669999999984;3.78000000000065;177.979999999981;NA;NA;-5187.73726608502;-6507.90832806372;8.67693327518585;46.1064554715413;186.565643403944;35.5725348051987;11401.1574823154;13211.3839737613;2640.3421239574;0.0099009900990099;149;149
63;138.240000000049;3.55000000000018;143.789999999979;NA;NA;-4653.20346981551;-6067.14420593938;5.91229433814242;43.8146626499888;239.668632645925;32.9019998018014;10614.8440741176;12313.9122444357;2827.88147224775;0.0099009900990099;138;138
64;122.010000000009;3.19999999999982;127.330000000016;NA;NA;-4386.28319641268;-5538.16402754972;5.89796453181249;35.3761337193542;217.483918089718;36.8746160213208;9955.05543191574;11276.8202553912;2303.76166227409;0.0099009900990099;132;132
65;152.719999999972;3.3100000000004;158.630000000005;NA;NA;-4691.34091910488;-6021.49678944936;6.41208007225008;40.393675753114;229.384828602928;36.4521114893739;10639.0580047668;12242.64742861;2660.31174068895;0.0099009900990099;143;143
66;157.290000000037;3.5;162.740000000049;NA;NA;-4876.24858644412;-6368.31259237388;6.28050291652156;44.0198410691059;249.771808730805;35.6421743200114;11122.2705355351;12932.0904024537;2984.12801185952;0.0099009900990099;145;145
67;147.890000000014;3.23999999999978;153.5;NA;NA;-4960.53416170094;-6442.11421311239;7.80267363974549;58.0087583817603;192.224807850414;25.9678148795199;10973.9133117787;13026.4581626502;2963.1601028229;0.0099009900990099;143;143
68;152.559999999998;3.29999999999927;158;NA;NA;-4636.55765846735;-5886.05382673683;5.92840356357622;33.7194381821512;243.16481642274;43.704552746192;10606.6552787154;12011.7877538113;2498.99233653895;0.0099009900990099;145;145
69;173.200000000012;3.69999999999982;179.170000000042;NA;NA;-5036.94266026977;-6505.94408723344;6.112702171709;38.0190169632149;268.237004689462;44.2099263557255;11546.7609170403;13254.6426062345;2938.00285392735;0.0099009900990099;147;147
70;168.72000000003;3.35000000000036;174.030000000028;NA;NA;-4857.77934054205;-6265.48424181788;5.94369182170086;36.5452926373617;261.783233719484;43.4009413282526;11152.9969531259;12769.2808202261;2815.40980255166;0.0099009900990099;147;147
71;161.299999999988;4;168.190000000002;NA;NA;-5011.40818294604;-6407.72384762724;8.33193073327774;53.8923124931321;183.480047537787;28.0499375120807;11028.4042560843;12969.1792745805;2792.6313293624;0.0099009900990099;144;144
72;128.919999999984;3.47000000000025;134.5;NA;NA;-4482.65173727837;-5785.45879481974;5.97215379694268;43.2970295409254;221.601011958544;30.9411839763621;10172.6677053515;11739.4965977466;2605.61411508275;0.0099009900990099;135;135
73;152.760000000009;3.42999999999938;158.52999999997;NA;NA;-4712.85532399853;-6175.62912889505;6.11893492664032;46.5986998927192;238.31820782406;31.2776209873132;10731.0163135475;12522.5706231039;2925.54760979305;0.0099009900990099;143;143
74;139.259999999951;3.61000000000058;145.059999999998;NA;NA;-4505.02307258867;-5824.44776892586;5.96378783961889;41.7206859696768;228.712619473058;33.2411915116564;10258.6704692722;11830.371139762;2638.84939267438;0.0099009900990099;138;138
75;164.109999999986;4.07999999999993;170.549999999988;NA;NA;-4910.96466348475;-6470.08367093129;6.13064789149213;45.4214422531424;258.07140934661;34.9308023718851;11238.9861622903;13131.9705810887;3118.23801489307;0.0099009900990099;147;147
76;156.969999999972;3.89000000000033;162.5;NA;NA;-4936.0021260019;-6448.75673177378;7.93848240077255;60.0501034840618;192.263471828716;25.0972557674342;10928.3648301961;13035.4062799071;3025.50921154377;0.0099009900990099;148;148
77;120.169999999984;2.90999999999985;124.280000000028;NA;NA;-4379.02555885908;-5701.76360754036;5.99421309558315;47.1997361320151;214.941780174619;27.5837142451392;9927.5293191701;11553.6076345253;2645.47609736256;0.0099009900990099;133;133
78;147.090000000026;3.94999999999982;152.830000000016;NA;NA;-4788.29776626066;-6214.06129109187;5.94738058978984;41.1201552517007;249.389189093335;36.5399528502556;10940.7823830032;12628.0002247422;2851.52704966243;0.0099009900990099;141;141
79;169.070000000007;3.9399999999996;174.97000000003;NA;NA;-4997.61317194988;-6573.47037752208;5.92637954275385;42.7380150415852;271.354534236553;38.5834635644569;11485.2201347995;13358.8005690111;3151.7144111444;0.0099009900990099;147;147
80;134.580000000016;3.43000000000029;139.409999999974;NA;NA;-4655.16659622302;-6037.94957973968;6.11076737610438;43.9743700132108;232.942819799595;32.490009545701;10583.7275757943;12253.5075343845;2765.56596703332;0.0099009900990099;140;140
81;180.869999999995;3.69999999999982;186.5;NA;NA;-5043.56034305622;-6713.90920608795;6.00109325496705;45.6824046821351;277.474809654276;36.7836322009724;11611.6611907244;13629.9201354531;3340.69772606346;0.0099009900990099;148;148
82;147.940000000002;3.43000000000029;153.72000000003;NA;NA;-4631.00081402477;-6129.2966420528;6.19527550826276;50.6654616540422;232.933130198317;28.3410225219424;10539.4300081574;12414.0182614799;2996.59165605605;0.0099009900990099;145;145
83;124.599999999977;3.27000000000044;129.809999999998;NA;NA;-4542.44589169629;-6029.70640603252;6.28207620814928;58.1490143698375;217.795981039147;23.2388203157037;10273.1262690592;12186.1973724301;2974.52102867247;0.0099009900990099;137;137
84;115.859999999986;2.94999999999982;120.070000000007;NA;NA;-4286.09473916711;-5601.26300443388;6.16030101741203;52.291428436226;204.08756899053;23.9183173784871;9681.06478041095;11332.4821425971;2630.33653053354;0.0099009900990099;131;131
85;195.809999999998;3.76000000000022;202.690000000002;NA;NA;-5094.13463969995;-6689.7330641022;5.99040206106041;39.45148723859;285.29446224553;43.7998360801889;11757.6883582839;13620.4112129957;3191.1968488045;0.0099009900990099;150;150
86;146.149999999965;3.43000000000029;151.640000000014;NA;NA;-4956.55338723841;-6273.60227449144;7.77239823181977;46.3082136796261;192.837890246055;32.6701010863834;10969.3097099101;12726.1437430609;2634.09777450607;0.0099009900990099;143;143
87;156.320000000007;3.67000000000007;162.669999999984;NA;NA;-4913.66094389692;-6340.55398886765;6.74453935776856;43.9670725493337;229.434948593672;35.1974895929886;11085.5658931554;12874.1345003101;2853.78608994146;0.0099009900990099;145;145
88;108.840000000026;3.32999999999993;113.820000000007;NA;NA;-4236.29596241789;-5462.17635601997;5.99438912061542;46.2843296731177;202.447946765447;26.3728006505763;9569.41963737638;11067.2359522655;2451.76078720416;0.0099009900990099;127;127
89;173.690000000002;4.0600000000004;180.609999999986;NA;NA;-5003.27819372937;-6333.96159253841;6.27739491072301;33.1809555427988;260.395198408902;49.543710750106;11437.2557279699;12940.1330980467;2661.36679761808;0.0099009900990099;148;148
90;140.390000000014;3.34000000000015;145.969999999972;NA;NA;-4655.92024022024;-6023.89815752825;6.21732274404284;42.476011744106;232.137002743413;33.738965891563;10582.4762110782;12232.4714640846;2735.95583461601;0.0099009900990099;142;142
91;105.72000000003;2.92000000000007;110.059999999998;NA;NA;-4217.53668956942;-5343.72560007489;6.06527314468429;40.8328723886863;197.495669457005;29.6825921312854;9503.50305696683;10848.0307330333;2252.37782101095;0.0099009900990099;125;125
92;135.850000000035;3.4399999999996;141.280000000028;NA;NA;-4642.17475241799;-6068.1521263202;6.46384084843263;50.1564771429237;221.375025143503;28.2152558968819;10496.0779819589;12290.7445696427;2851.95474780442;0.0099009900990099;142;142
93;151.919999999984;4.09000000000015;158.089999999967;NA;NA;-4828.40184871985;-6337.91358166171;6.08057026099545;45.3952103931779;251.254296886441;34.1845157378376;11035.5705923395;12863.4159098706;3019.02346588372;0.0099009900990099;146;146
94;149.699999999953;3.21999999999935;155.299999999988;NA;NA;-4731.40764094579;-6098.47745103066;6.13671643447736;39.7817371096512;241.068323737642;37.2172622011477;10785.6862866755;12401.1859527444;2734.13962016973;0.0099009900990099;146;146
95;137.75;3.76999999999953;143.380000000005;NA;NA;-4592.31684103067;-6070.69016733537;5.94617740106237;49.3860161373166;236.529459585092;28.7543236390098;10478.4763690304;12298.6697117502;2956.7466526094;0.0099009900990099;141;141
96;191.790000000037;3.69999999999982;198.27999999997;NA;NA;-5010.84064596202;-6453.12372863717;5.96182758167664;33.8394285927902;280.106764382967;50.3131823436659;11562.5625858931;13183.0227850112;2884.56616535029;0.0099009900990099;150;150
97;168.669999999984;3.97000000000025;175.840000000026;NA;NA;-4919.48583900123;-6450.30016312053;5.8397463979787;40.9254802796811;268.599510422149;39.2912663086357;11313.8377748366;13116.3466486718;3061.6286482386;0.0099009900990099;147;147
98;105.670000000042;2.96000000000004;110.340000000026;NA;NA;-4209.76222191972;-5390.788714264;6.21107601105197;46.5101603156093;193.341491515728;25.7013348913464;9467.77317384301;10920.9235742934;2362.05298468856;0.0099009900990099;128;128
99;153.589999999967;3.52999999999975;160.719999999972;NA;NA;-4747.61514576257;-6341.54028392502;6.19694314479496;55.255477286824;240.911305219851;27.209741690943;10814.7387523759;12832.1125294095;3187.8502763249;0.0099009900990099;143;143
100;161.830000000016;4.15999999999985;170.309999999998;NA;NA;-4740.36474263484;-6166.82519850212;5.96066523743978;40.5320583964805;249.419129928622;37.0297795349252;10849.4258361851;12536.8526298849;2852.92091173457;0.0099009900990099;146;146
101;146.729999999981;2.95000000000073;151.929999999993;NA;NA;-4708.559565398;-6181.78964337054;6.31388115162616;48.3068063732185;234.209341459205;30.2920035849062;10703.1505786462;12529.9111204155;2946.46015594507;0.0099009900990099;147;147
102;118.01999999996;3.15000000000055;122.809999999998;NA;NA;-4475.34383831043;-5721.30800625684;6.87164928411805;48.0736933348828;189.000309044091;26.9721511504001;9979.02075041963;11589.3689741344;2491.92833589283;0.0099009900990099;133;133
103;114.599999999977;3.22000000000025;119.580000000016;NA;NA;-4394.98146883143;-5481.68144061149;6.69527924653984;38.3183221375094;187.983540223972;32.949345006287;9812.05449181886;11142.5128600231;2173.3999435601;0.0099009900990099;132;132
104;136.940000000002;2.95000000000073;142.090000000026;NA;NA;-4530.46647505172;-5886.10154899469;5.8950819821298;42.4154140222084;232.386754828741;32.8490499897922;10330.454643544;11951.6564476508;2711.27014788594;0.0099009900990099;139;139
105;124.549999999988;3.51000000000022;130.299999999988;NA;NA;-4420.79974434205;-5765.99909148809;6.0648557097385;47.8699736718288;217.44551868925;27.6270112571124;10027.1254416462;11682.6222981362;2690.39869429209;0.0099009900990099;136;136
106;152.75;3.56999999999971;158.829999999958;NA;NA;-4854.01448052565;-6281.23806892255;6.93343550648596;47.3317920990104;215.519229237771;31.7035633540942;10890.6984006178;12736.4505699032;2854.44717679379;0.0099009900990099;146;146
107;152.329999999958;4.32999999999993;159.619999999995;NA;NA;-4930.05987273996;-6258.66475350078;7.83480403797081;46.8242609616631;193.60324688054;32.2264812272835;10923.1852164942;12694.2834579141;2657.20976152163;0.0099009900990099;147;147
108;146.450000000012;3.44000000000051;152.450000000012;NA;NA;-4735.50479589853;-6181.2880668964;7.18067980449769;54.5713850693082;202.086769416209;26.5266589637316;10578.574206152;12507.9591734156;2891.56654199574;0.0099009900990099;144;144
109;151.830000000016;3.40999999999985;157.729999999981;NA;NA;-5091.76033878358;-6313.68950067292;10.0177400178883;51.3735654468765;152.213467519876;29.3016592644312;11017.7477323134;12787.970815629;2443.85832377868;0.0099009900990099;144;144
110;167.140000000014;3.78000000000065;173.619999999995;NA;NA;-4970.02970126771;-6673.50499029481;6.44092778195195;55.8140567807668;252.856682587789;29.0906951379203;11329.3395860129;13506.8441042722;3406.95057805421;0.0099009900990099;148;148
111;148.25;3.36999999999989;153.989999999991;NA;NA;-4843.93853144245;-6279.19703493213;7.88487878633013;57.5952933108816;188.375072040877;25.4982284394428;10720.9446343592;12698.228882642;2870.51700697935;0.0099009900990099;145;145
112;131.080000000016;3.39000000000033;136.360000000044;NA;NA;-4423.85214070558;-5740.12288041681;5.91533536615181;43.0144861422112;225.425085390983;31.7081598878453;10078.3807763454;11653.3519925731;2632.54147942246;0.0099009900990099;138;138
113;165;3.89000000000033;171.140000000014;NA;NA;-4929.9343298302;-6517.60186045244;6.09410707818444;46.2068630021792;262.022027271548;34.7411715857483;11298.6181348147;13225.9657072376;3175.33506124447;0.0099009900990099;147;147
114;154.409999999974;3.52000000000044;160.369999999995;NA;NA;-5083.81907244832;-6448.05490223281;8.14776303746643;48.9247043076802;188.384952665013;31.7152440022601;11200.7599026933;13070.0393469744;2728.47165956899;0.0099009900990099;145;145
115;143.669999999984;3.39000000000033;149.280000000028;NA;NA;-4730.99957218371;-6279.48308460974;6.01870442336178;50.7541855284544;244.476022897993;29.2282516174501;10801.883951286;12719.1556626953;3096.96702485208;0.0099009900990099;144;144
116;113.179999999993;3.47000000000025;118.520000000019;NA;NA;-4331.8550502751;-5523.94197045443;7.20478041501336;50.8908316963289;169.146297460631;24.2097338781023;9583.38105602474;11179.5154895843;2384.17384035866;0.0099009900990099;132;132
117;131.52999999997;3.39000000000033;136.72000000003;NA;NA;-4506.44571874524;-5824.30467261032;5.92164266019038;41.6676253160307;228.701558618817;33.0920704682417;10263.1007397508;11829.50891836;2635.71790773015;0.0099009900990099;140;140
118;145.869999999995;3.6899999999996;152.280000000028;NA;NA;-4699.73985624428;-6220.73316673115;5.97584653591644;48.3600054644178;245.076108123879;30.5060067972104;10741.7994426761;12608.5524485741;3041.98662097373;0.0099009900990099;143;143
119;131.469999999972;3.35000000000036;136.789999999979;NA;NA;-4560.61667859548;-5970.04541972691;6.68500505919337;54.3213432872815;206.782683177594;25.1524817588343;10250.1342836549;12077.4072700373;2818.85748226285;0.0099009900990099;138;138
120;158.540000000037;3.63000000000011;164.5;NA;NA;-4770.08495637609;-6123.7156227805;6.00777808215763;36.8995292549555;249.646642941769;40.8862968193922;10909.2568538024;12471.6557509808;2707.26133280881;0.0099009900990099;145;145
121;151.469999999972;3.71999999999935;156.890000000014;NA;NA;-4788.75956347872;-6351.59646493502;5.84244782136958;46.5857309714259;256.534763288658;32.6309689285253;10983.4935358276;12882.0314882861;3125.6738029126;0.0099009900990099;144;144
122;185.229999999981;4.20000000000073;192;NA;NA;-5117.98161671276;-6743.10832646447;5.95908884948776;41.3363314482828;284.208113893375;41.7643228463285;11798.45572344;13715.8245972764;3250.25341950343;0.0099009900990099;149;149
123;157.22000000003;3.47000000000025;163.800000000047;NA;NA;-4765.12992403608;-6290.63472617033;6.06236645447474;45.7549653076262;251.211383121599;33.3227847859558;10907.058732395;12763.8996036727;3051.00960426849;0.0099009900990099;144;144
124;126.890000000014;3.78999999999996;132.969999999972;NA;NA;-4523.51503981447;-5809.15719933294;5.95116311717589;40.8860147474727;225.380816221455;33.2088976942624;10272.4556060036;11798.875600012;2571.28431903694;0.0099009900990099;132;132
125;147.199999999953;3.52000000000044;153.099999999977;NA;NA;-4854.96849067468;-6229.56895517997;6.72473256954741;42.6740298077174;226.616350930463;35.3851100755128;10950.3546193648;12652.8234695906;2749.20092901058;0.0099009900990099;142;142
126;118.799999999988;2.72999999999956;123.700000000012;NA;NA;-4477.36600418063;-5516.27174650327;8.05130136035933;42.2020770619251;154.946483305157;30.0890044154236;9797.78138884842;11196.2549628689;2077.81148464527;0.0099009900990099;133;133
127;153.409999999974;3.6899999999996;159.459999999963;NA;NA;-4952.68630259671;-6395.86312660588;7.16444578431622;48.6050033303326;214.584908349391;31.6389532338075;11082.1775175516;12965.2374095825;2886.35364801834;0.0099009900990099;145;145
128;178.020000000019;3.27999999999975;184.590000000026;NA;NA;-4908.10678953145;-6388.17153381014;5.9588318183455;38.7741058697883;268.017979158183;42.2237468592153;11290.593862031;13008.6180069277;2960.12948855737;0.0099009900990099;150;150
129;154.059999999998;3.30999999999949;159.840000000026;NA;NA;-4804.13655883273;-6089.70615102003;6.615199783903;38.0099769839763;228.274396168531;39.7773983915378;10860.1525384649;12397.55549854;2571.13918437459;0.0099009900990099;145;145
130;132.329999999958;2.82999999999993;137.050000000047;NA;NA;-4721.39157954937;-5920.46454038064;8.28167349949667;48.394565619338;166.233201841011;28.6005939309511;10351.5058479219;11997.2757571835;2398.14592166253;0.0099009900990099;140;140
131;146.669999999984;3.53999999999996;153.420000000042;NA;NA;-4742.47772435338;-6136.79537211413;7.93904273162984;59.0369888560732;175.138113208299;23.6975258192954;10444.213969119;12403.3857565099;2788.63529552149;0.0099009900990099;143;143
132;135.47000000003;3.80000000000018;141.419999999984;NA;NA;-4622.01073924048;-5931.58461831752;6.03942418191001;39.6201730250415;232.963699578925;35.7443041040501;10515.0068310454;12058.1802492347;2619.14775815407;0.0099009900990099;137;137
133;159.51999999996;3.55000000000018;165.270000000019;NA;NA;-4808.8303241038;-6216.14290453097;5.88215352274481;37.7168460076353;257.27837659542;40.8489691140179;11028.6007732609;12656.3056056446;2814.62516085435;0.0099009900990099;145;145
134;165.079999999958;3.71000000000004;171.75;NA;NA;-4858.60302413162;-6405.07185892733;5.846595619102;43.2966858729481;263.985227792583;36.2726117852708;11165.8343795331;13009.1909657658;3092.93766959142;0.0099009900990099;146;146
135;153.420000000042;4.06999999999971;160;NA;NA;-4906.43223620502;-6403.81194655357;6.70987248875765;48.8246473353068;231.290126277946;31.4591280213975;11082.0772706825;12980.256977579;2994.7594206971;0.0099009900990099;146;146
136;152.859999999986;3.63000000000011;158.799999999988;NA;NA;-5099.44340035587;-6184.48366317393;10.8453970692031;47.1481423883359;138.898612744768;31.4317077380974;10961.571939313;12541.5572169089;2170.08052563612;0.0099009900990099;147;147
137;117.02999999997;3.25999999999931;122;NA;NA;-4330.70682260267;-5516.90897875418;5.83671697667486;38.9649574953848;213.434564587713;32.4283009854623;9820.25650665704;11209.8874014553;2372.40431230302;0.0099009900990099;130;130
138;126.240000000049;3.48999999999978;131.780000000028;NA;NA;-4435.03090604802;-5690.15894222661;6.06851717617709;40.954031066583;218.288933080261;32.3749924711757;10060.9857074214;11556.9468669712;2510.25607235718;0.0099009900990099;137;137
139;176.299999999988;3.60999999999967;182.619999999995;NA;NA;-5321.09483572116;-6462.97678969102;9.29270162338151;37.4289946184462;180.381894368699;43.6990785048531;11633.8761909603;13166.1982404124;2283.76390793972;0.0099009900990099;149;149
140;138.260000000009;4;144.559999999998;NA;NA;-4528.64007939599;-5839.28770897646;5.91235511483839;39.816559321465;232.477619504544;35.365240305961;10328.9588258281;11872.0272510693;2621.29525916093;0.0099009900990099;141;141
141;145.690000000002;3.78999999999996;151.320000000007;NA;NA;-4884.57126832174;-6157.98143378878;8.95319239166633;53.5047126674468;162.381628506454;26.8260184932703;10656.2283783347;12462.5125814412;2546.82033093408;0.0099009900990099;139;139
142;145.320000000007;3.52000000000044;150.759999999951;NA;NA;-4565.96754167585;-6020.3476593228;6.58551174962621;54.3773417525157;214.95225248331;25.6829516428206;10307.748026107;12181.1839462404;2908.7602352939;0.0099009900990099;141;141
143;139.770000000019;3.63999999999942;145.210000000021;NA;NA;-5178.33757619871;-6310.51711873398;12.2865997795765;58.4849840672071;119.028320743149;24.8812322466092;11007.773424071;12757.1373699975;2264.35908507054;0.0099009900990099;141;141
144;141.940000000002;3.10000000000036;147.110000000044;NA;NA;-4681.85050488308;-6036.72713913991;6.0621946457148;40.6809175664679;237.805061684568;35.9353899766948;10665.3616874346;12270.1518747817;2709.75326851365;0.0099009900990099;142;142
145;134.709999999963;3.34000000000015;140.140000000014;NA;NA;-4543.27928994341;-5966.90857175299;5.94537157806809;47.4215839619845;229.788293829929;29.2963019409862;10341.8849608192;12093.8619398588;2847.25856361917;0.0099009900990099;139;139
146;122.289999999979;3.32999999999993;127.659999999974;NA;NA;-4537.46827647536;-5859.47768647438;6.91933050872012;53.3357577524112;191.442204924085;24.6279221552717;10117.9844544335;11853.1373968767;2644.01881999804;0.0099009900990099;135;135
147;145.440000000002;4.11999999999989;151.72000000003;NA;NA;-4687.30749588064;-6116.52602684207;6.20013802550614;45.3908261379775;236.531097258527;32.1906423135549;10669.3024393968;12409.2522278588;2858.43706192285;0.0099009900990099;142;142
148;154.190000000002;3.64999999999964;160.789999999979;NA;NA;-4706.10230006079;-6013.87423336845;6.3209263695588;38.7230269076209;234.117013099467;38.3081374601518;10692.0177739452;12237.1619490681;2615.54386661532;0.0099009900990099;140;140
149;144.460000000021;3.38000000000011;149.889999999956;NA;NA;-4617.92507709044;-6128.32092701933;6.22628208994853;53.8083885707609;229.291996378684;26.3682515283144;10490.9133276726;12400.972323332;3020.79169985778;0.0099009900990099;142;142
150;159.130000000005;3.90999999999985;166.75;NA;NA;-4791.81871950107;-6219.54001329344;6.03227604614651;41.1789833490713;248.436359024985;36.5459313220274;10943.4900727315;12639.1195101608;2855.44258758474;0.0099009900990099;142;142
151;179.260000000009;4.07999999999993;185.190000000002;NA;NA;-5005.74421580001;-6690.02052042341;6.00278588164139;47.6787370634899;274.217918573601;35.3201566609572;11518.1344744488;13574.1019342517;3368.5526092468;0.0099009900990099;148;148
152;141.080000000016;3.57999999999993;146.299999999988;NA;NA;-4718.14250919419;-6190.18646150352;6.10572790534597;47.7935435659276;238.349784128332;30.6487535980778;10740.0850848835;12548.0250445531;2944.08790461867;0.0099009900990099;141;141
153;133.789999999979;3.51999999999953;138.960000000021;NA;NA;-4611.86917645878;-6020.03167593701;6.32165240436442;47.9915591559497;224.608904093659;29.3132282451395;10450.7698870381;12200.2006161058;2816.32499895646;0.0099009900990099;139;139
154;139.309999999998;3.47000000000025;144.420000000042;NA;NA;-4677.45954514289;-6086.7566323109;6.36174048100362;47.0857091737876;226.772416020688;30.5271674023404;10596.9866692804;12340.7152796391;2818.59417433603;0.0099009900990099;143;143
155;153.309999999998;3.47000000000025;158.309999999998;NA;NA;-4757.63560444685;-6261.43708015582;6.18904067764535;47.104229634081;243.950914360287;31.8835041796849;10853.1222097014;12697.7264583155;3007.60295141795;0.0099009900990099;145;145
156;164.089999999967;3.86999999999989;170.25;NA;NA;-4772.18415971986;-6176.95638932515;5.81350438964994;36.8504631507007;260.049023302243;42.1453245147631;10972.2841312762;12585.330587898;2809.54445921059;0.0099009900990099;147;147
157;136.679999999993;3.52999999999975;143.27999999997;NA;NA;-4487.5611005493;-5782.61916102544;6.02849181919962;40.8666938280166;226.988311723416;33.675796230428;10214.3329099614;11749.0865871945;2590.11612095228;0.0099009900990099;138;138
158;158.809999999998;3.72999999999956;165.559999999998;NA;NA;-4747.12137428434;-6167.59712992282;6.05876585828213;41.1241459438863;247.352507723621;36.6737909632702;10852.4426463835;12536.5681597798;2840.95151127697;0.0099009900990099;147;147
159;171.409999999974;3.98999999999978;179.5;NA;NA;-5024.24226334437;-6529.4794404514;5.98059780578754;38.6945321490053;271.638002748949;42.7237032386052;11540.0348286104;13293.5525379753;3010.47435421405;0.0099009900990099;147;147
160;135.640000000014;4.15999999999985;142.900000000023;NA;NA;-4608.09762928244;-6091.26074318542;6.14591072600688;52.1648997670559;229.33670276112;26.9013261981231;10471.5031389591;12329.769817593;2966.32622780597;0.0099009900990099;142;142
161;127.969999999972;3.35999999999967;134.320000000007;NA;NA;-4407.66989359975;-5665.27134983833;5.93636991984993;40.7390783192636;221.228755656716;32.5451307660795;10021.4921740296;11507.9806960921;2515.20291247717;0.0099009900990099;136;136
162;143.619999999995;3.40999999999985;149.359999999986;NA;NA;-4642.52768250725;-5980.71360682202;6.15438189230056;41.4618553216466;231.428708885499;34.2779116436695;10550.996373257;12148.9312369591;2676.37184862956;0.0099009900990099;141;141
163;148.359999999986;3.64000000000033;155.090000000026;NA;NA;-4601.41113361445;-6070.73321561814;6.29807423262627;51.5126428251856;225.314300200858;27.627804083976;10435.3167738151;12292.5936199331;2938.64416400739;0.0099009900990099;141;141
164;176.770000000019;4.13000000000011;184.48000000004;NA;NA;-4872.41274439002;-6323.54911262064;6.1244758351251;40.9655274510675;253.749785340995;37.7262605671556;11137.2864653747;12854.1224225702;2902.27273646124;0.0099009900990099;146;146
165;165.72000000003;3.5600000000004;173.729999999981;NA;NA;-4825.34535961944;-6461.08268100855;5.91170172861482;50.3402311794611;258.985097049779;30.8214205811874;11070.9906684763;13091.1930882668;3271.47464277822;0.0099009900990099;145;145
166;139.679999999993;3.57999999999993;147.289999999979;NA;NA;-4753.59959142976;-6063.4749879238;7.73912300817787;50.6991175004853;182.588165626807;27.5895294561945;10505.3271559607;12277.769614242;2619.75079298807;0.0099009900990099;140;140
167;145.079999999958;3.76000000000022;153.270000000019;NA;NA;-4675.75698722054;-6018.37936015592;6.49035208924064;42.8314321910438;225.735354079926;33.8388206498121;10584.6992701872;12221.6191566437;2685.24474587075;0.0099009900990099;139;139
168;156.490000000049;3.5;164.140000000014;NA;NA;-4777.3659755669;-6477.22255401576;6.23534582085826;61.5173078871713;243.502412104715;24.3636414618923;10890.1233211053;13088.057733336;3399.71315689771;0.0099009900990099;145;145
169;129.859999999986;3.64000000000033;136.729999999981;NA;NA;-4590.63965196672;-5835.35061095367;7.4935045625291;49.1643063813125;179.406498411265;27.4384416398044;10158.7522271817;11820.1959949314;2489.42191797391;0.0099009900990099;135;135
170;144.589999999967;3.67000000000007;154.160000000033;NA;NA;-4625.37530705339;-5871.84233474188;6.00853682724082;35.814329659929;234.798201487666;40.031450070832;10532.59831585;11962.23073136;2492.93405537699;0.0099009900990099;138;138
171;163.190000000002;3.28999999999996;170.25;NA;NA;-4996.59397528473;-6379.3562441275;6.35321177407027;36.5454343829658;254.064766007923;43.8687298135202;11384.7399495327;12998.9883030529;2765.52453768555;0.0099009900990099;143;143
172;147.800000000047;4.21999999999935;155.239999999991;NA;NA;-4752.08615694229;-6128.9905422064;6.05230769445987;40.0770720957287;243.788525671182;37.3011862897147;10838.5843540869;12462.1545661703;2753.80877052823;0.0099009900990099;142;142
173;129.280000000028;3.35000000000036;135.219999999972;NA;NA;-4657.93283518476;-6051.75790169336;6.80532374284481;51.9930535118139;205.433645659858;26.5951451437319;10435.1441130956;12248.4159853649;2787.6501330172;0.0099009900990099;135;135
174;137.169999999984;3.92000000000007;143.570000000007;NA;NA;-4595.99842273355;-6221.46683061766;6.22421775660435;63.8362130182256;229.350037025533;22.306623284867;10445.7510896215;12564.8740104886;3250.93681576822;0.0099009900990099;140;140
175;140.080000000016;3.8100000000004;146.440000000002;NA;NA;-4691.20621358294;-6114.12868735879;6.23460975843199;45.8120332414668;234.200717767322;31.8149690309867;10662.6831770332;12402.1756045446;2845.8449475517;0.0099009900990099;140;140
176;143.020000000019;3.30000000000018;149;NA;NA;-4768.65932159148;-6190.57333146724;6.53530377289293;46.5817985009159;229.760075728051;31.8977804200085;10794.9439172405;12555.7438148349;2843.82801975152;0.0099009900990099;142;142
177;128.899999999965;3.54999999999927;134.580000000016;NA;NA;-4508.38344905987;-5828.71277960853;5.90386442185277;42.2364558282456;228.165807322399;32.4752858772912;10264.0474872636;11834.9534464013;2640.65866109732;0.0099009900990099;140;140
178;158.02999999997;3.52999999999975;164.299999999988;NA;NA;-4889.34965031925;-6370.38384481527;6.23327527298726;42.9329275824041;251.21805459906;36.8788146172565;11158.1247175295;12943.2673639037;2962.06838899203;0.0099009900990099;147;147
179;123.539999999979;3.0600000000004;129.140000000014;NA;NA;-4868.13198559933;-5746.0414607848;12.4008593940955;47.2235373775907;103.803264349213;27.8906344613516;10302.5858006283;11644.2464901349;1755.81895037095;0.0099009900990099;137;137
180;141.089999999967;3.56999999999971;147.049999999988;NA;NA;-4648.1567102817;-6146.07580801913;5.84441668662468;47.2180411039395;244.187382668864;30.7959442150098;10630.3015809087;12460.3889120053;2995.83819547485;0.0099009900990099;139;139
181;141.75;3.59000000000015;147.799999999988;NA;NA;-4659.77059123405;-6086.4582440417;6.06586706972767;45.0166508238897;237.620266261409;32.2748257368691;10620.1903554443;12349.5774524997;2853.3753056153;0.0099009900990099;142;142
182;201.01999999996;4.88000000000011;222.600000000035;NA;NA;-5098.21613230789;-6698.97871921355;5.86601272906099;39.3725434426392;287.475981080747;44.1927405504907;11776.8905257995;13640.9161079646;3201.5251738113;0.0099009900990099;149;149
183;184.210000000021;3.69000000000051;191.73000000004;NA;NA;-5139.78311327074;-6475.69064379963;6.01717913150684;29.7522014875724;282.373669024544;58.3951577076486;11831.0227223588;13272.2240455759;2671.81506105778;0.0099009900990099;148;148
184;145.47000000003;3.36000000000058;152.920000000042;NA;NA;-4852.03426523736;-6272.9823193997;6.99536268179525;48.6307628599148;215.127907675063;30.7541942022509;10883.1069147758;12714.5172726003;2841.89610832467;0.0099009900990099;144;144
185;124.299999999988;3.69999999999982;130.630000000005;NA;NA;-4619.41910001801;-5887.86649425171;7.75831085913206;52.5639894193277;172.922824680244;25.3073280956609;10180.9856720249;11913.6166671457;2536.89478846741;0.0099009900990099;135;135
186;179.369999999995;3.81999999999971;187.070000000007;NA;NA;-5287.99651774678;-6716.60696815395;7.6713202326337;42.5047955733456;222.127423994623;40.0582607017417;11797.1841797692;13653.4424535451;2857.22090081434;0.0099009900990099;149;149
187;168.799999999988;3.71999999999935;175.590000000026;NA;NA;-4952.47604346477;-6378.62505886248;5.97593473761327;36.3648856022626;265.46901942245;44.4929312322444;11362.6288186951;13001.5585147138;2852.29803079544;0.0099009900990099;147;147
188;122.330000000016;3.5;128.420000000042;NA;NA;-4552.16840421067;-5764.58193535737;8.04432745609266;53.0160085993997;161.695267558131;24.427846089022;9986.50135601752;11662.4354260256;2424.82706229341;0.0099009900990099;137;137
189;171.419999999984;3.92000000000007;179;NA;NA;-5002.73823600483;-6625.23381001302;6.19912803149804;46.9759931452296;264.273626029016;35.0778027012459;11456.5893601346;13443.0780305;3244.99114801638;0.0099009900990099;147;147
190;144.700000000012;3.61000000000058;151.52999999997;NA;NA;-4791.84466893149;-6344.04713795605;5.86888658261726;48.052164596638;252.077397925179;31.3956504619009;10965.2345366265;12860.1624998572;3104.40493804913;0.0099009900990099;144;144
191;157.430000000051;4.01000000000022;176.119999999995;NA;NA;-4696.80678152934;-6037.74578519076;6.24233194768764;40.4310174437191;234.049411647804;36.0393074187307;10674.7171426683;12272.7579741538;2681.87800732285;0.0099009900990099;142;142
192;136.360000000044;3.73000000000047;144.050000000047;NA;NA;-4653.07534696912;-5976.48121353058;7.14118189711578;48.8960258056602;194.459560445151;28.5173042989613;10368.4772910972;12108.7515832575;2646.81173312292;0.0099009900990099;139;139
193;135.420000000042;3.23000000000047;141.349999999977;NA;NA;-4761.02825045572;-6126.43827973301;7.40828238642185;52.0177771200881;188.937973906064;27.1178211666083;10554.8960405898;12401.1175792661;2730.82005855458;0.0099009900990099;140;140
194;149.609999999986;3.44999999999982;155.820000000007;NA;NA;-4525.30971107952;-5843.8582147507;5.83303546889858;38.2312507650828;239.905263628269;37.5737599335868;10364.61763769;11893.5137211358;2637.09700734237;0.0099009900990099;143;143
195;133.22000000003;3.10999999999967;138.280000000028;NA;NA;-4663.82490299651;-6172.35735406879;6.33211976218546;55.0322956982434;222.667935548554;25.718325625118;10543.2740298004;12485.1202835907;3017.06490214455;0.0099009900990099;138;138
196;147.75;3.30000000000018;153.079999999958;NA;NA;-4787.39546572821;-6236.95715117777;5.97877264218839;42.2339353182578;250.242802261331;35.8469064438248;10943.6471417586;12670.000903298;2899.12337089913;0.0099009900990099;141;141
197;142.549999999988;3.22000000000025;148.75;NA;NA;-4619.25905628173;-6035.57769272371;6.10279725144399;44.6739197826569;235.670990714103;32.2041381433339;10529.3245607729;12247.5424284538;2832.63727288395;0.0099009900990099;143;143
198;132.400000000023;3.63000000000011;138.25;NA;NA;-4577.76190574629;-6019.08981836515;6.47473310275157;53.6181875870626;212.105590558262;25.6221329500545;10315.765194069;12178.3355792507;2882.65582523773;0.0099009900990099;141;141
199;125.160000000033;3.19000000000051;130.109999999986;NA;NA;-4796.36304024892;-5974.2993085407;9.54688498271112;55.8446186108655;140.932056459218;24.2247101125601;10361.0960682717;12080.6731832281;2355.87253658356;0.0099009900990099;136;136
200;119.390000000014;3.44999999999982;124.829999999958;NA;NA;-4399.18178661427;-5739.18986630231;5.96034727205724;48.0086217661694;216.672815144152;27.09442394094;9978.07168714788;11625.8994468052;2680.01615937608;0.0099009900990099;134;134
201;154.75;3.65999999999985;161.479999999981;NA;NA;-4893.19876887317;-6318.62382253937;6.17185126207091;40.6664072356831;250.179821610702;38.4009549213027;11157.5428059007;12847.7094133139;2850.8501073324;0.0099009900990099;144;144
202;143.580000000016;3.89000000000033;150.109999999986;NA;NA;-4773.97940235208;-6197.40324741918;7.02358121270464;50.6840395969741;211.585341527446;29.1338497140904;10706.1020211956;12554.2748690323;2846.84769013421;0.0099009900990099;142;142
203;136.589999999967;2.89000000000033;142.099999999977;NA;NA;-4598.19598046448;-5916.2312587232;6.6564974221664;44.8586054980858;209.658564005353;31.1121296043731;10341.7502470178;12002.4271244697;2636.07055651744;0.0099009900990099;139;139
204;147.320000000007;3.27999999999975;153.390000000014;NA;NA;-4740.02094679649;-6120.74282476785;6.08017362450145;40.4565996910746;242.562766485316;36.864497267284;10807.7445621729;12443.2688502587;2761.44375594271;0.0099009900990099;142;142
205;138;2.96999999999935;143.799999999988;NA;NA;-4501.76556194565;-5707.52995695036;6.04201051492401;35.6692801928808;225.966746580139;38.4742445951167;10238.7904298711;11625.3814297695;2411.52879000942;0.0099009900990099;140;140
206;101.799999999988;2.65000000000055;106.640000000014;NA;NA;-4590.79318094371;-5593.76415026673;13.4019681831243;74.4902938905594;87.8726076448412;15.8112801450956;9656.9674278825;11273.0655733148;2005.94193864604;0.0099009900990099;125;125
207;151.669999999984;3.59000000000015;157.829999999958;NA;NA;-4807.69595376318;-6287.05895426218;6.37716318663861;46.8002657688069;239.128877118148;32.3020567178704;10927.6201299718;12751.3765942132;2958.726000998;0.0099009900990099;146;146
208;163.77999999997;3.82000000000062;169.940000000002;NA;NA;-4845.75314456832;-6269.51028572698;6.23415522763674;40.3800762038481;250.750679276999;38.8204730268619;11068.3653721728;12752.1817921889;2847.51428231732;0.0099009900990099;147;147
209;125.989999999991;3.14000000000033;131.159999999974;NA;NA;-4725.98549695848;-5890.27960484591;10.159568568621;59.5426915695699;132.003368324114;22.3738836981676;10173.1013346637;11902.7870481169;2328.58821577486;0.0099009900990099;139;139
210;156.209999999963;3.42000000000007;162.349999999977;NA;NA;-4966.70526853673;-6334.03885200537;7.1925523301164;43.7877933311663;214.792266524869;35.3570559057831;11112.8238251387;12862.2214794679;2734.66716693728;0.0099009900990099;147;147
211;124.840000000026;3.6899999999996;130.640000000014;NA;NA;-4524.85595349941;-5986.04225063522;5.95624729070707;52.8223185287249;225.739582308113;25.4790234416781;10279.6245989334;12110.9036396272;2922.37259427163;0.0099009900990099;135;135
212;170.950000000012;3.78999999999996;177.950000000012;NA;NA;-4878.4219182749;-6392.80798727182;5.81833506873493;41.055332521074;266.361045453337;38.7068361742272;11217.594218119;12997.8881017033;3028.77213799384;0.0099009900990099;145;145
213;145.270000000019;3.76000000000022;151.340000000026;NA;NA;-4737.79918498067;-6191.42858063708;6.08777750914163;44.5114966210639;243.831812210856;33.3361104546759;10811.1028990791;12565.4441916199;2907.25879131282;0.0099009900990099;143;143
214;130.270000000019;3.38000000000011;136.359999999986;NA;NA;-4489.66988116835;-5778.84018879051;5.86731322344976;39.9145999118054;228.444192423197;34.078317882773;10223.1389311438;11743.2249651117;2578.34061524431;0.0099009900990099;134;134
215;155.77999999997;3.64000000000033;162.26999999996;NA;NA;-5077.95404861567;-6626.19777625781;8.43589929296111;63.5283867888157;185.654476181753;24.2263535664606;11174.6936416834;13385.338529792;3096.48745528428;0.0099009900990099;146;146
216;136.27999999997;3.57999999999993;142.619999999995;NA;NA;-4579.45923660064;-6249.33409884048;6.33312609186638;70.9629842759523;223.868984591048;19.6962373928037;10385.86354388;12606.6161629793;3339.74972447967;0.0099009900990099;144;144
217;135.309999999998;3.53000000000065;141.299999999988;NA;NA;-4601.76950570616;-5899.45553473438;5.92089868387737;38.1818734177366;235.841926182854;37.104528984247;10491.0847810849;12001.4780180287;2595.37205805645;0.0099009900990099;138;138
218;141.169999999984;3.13000000000011;146.739999999991;NA;NA;-4650.87033904554;-6036.79772102;6.20744166867873;43.670531585735;231.614347682157;32.842799020981;10568.6971513834;12253.2492382624;2771.85476394893;0.0099009900990099;141;141
219;136.289999999979;3.69999999999982;142.5;NA;NA;-4656.5552689744;-6075.51994612942;6.15459967195325;46.2489407942641;232.732024582505;30.946892134715;10584.5184294337;12320.1018120681;2837.92935431005;0.0099009900990099;139;139
220;173.409999999974;3.89000000000033;180.579999999958;NA;NA;-5106.83516135575;-6660.35580895843;6.55919674157808;44.2976922596954;259.067313832348;37.9483183895936;11635.3114261235;13528.9543654482;3107.04129520536;0.0099009900990099;146;146
221;144.489999999991;3.63000000000011;151.109999999986;NA;NA;-4751.25777923262;-6201.11146637886;6.16931814556055;44.9902189131374;239.999040449063;32.9324472013472;10816.1852987884;12582.4834841426;2899.70737429249;0.0099009900990099;142;142
222;151.25;3.40999999999985;157.270000000019;NA;NA;-4674.86848599929;-6167.84073819703;5.8511194550855;45.4781188353571;248.658331361388;32.783201048326;10712.5435014711;12515.3543640913;2985.94450439548;0.0099009900990099;144;144
223;156.889999999956;3.5;163.219999999972;NA;NA;-4833.24809781919;-6278.50397185157;6.09392401114204;41.2376914266998;251.465072504665;37.4628139800733;11042.9269341923;12762.0661181896;2890.51174806475;0.0099009900990099;142;142
224;123.609999999986;2.97999999999956;128.349999999977;NA;NA;-4518.83928603137;-5757.09509392175;5.96774014827812;37.3438279395372;227.821517873083;37.0647111223497;10278.9344185694;11716.132435482;2476.51161578078;0.0099009900990099;135;135
225;113.739999999991;2.43000000000029;117.76999999996;NA;NA;-4327.73228491986;-5511.13425850726;5.88340076914666;37.9481639677262;214.839043080135;33.8833356413005;9824.38378833181;11206.6245895882;2366.80394717478;0.0099009900990099;133;133
226;145.5;2.89000000000033;150.080000000016;NA;NA;-4965.49407927677;-6350.33150694247;8.71441732814661;56.2188857008116;172.18417262909;26.6188611826455;10875.2632324107;12846.6434877313;2769.6748553314;0.0099009900990099;145;145
227;121.659999999974;2.93000000000029;126.309999999998;NA;NA;-4468.24830157815;-5844.60541426228;6.08561787648557;48.3964808569308;220.772763538983;27.9370989418842;10142.5714194259;11841.8303407022;2752.71422536825;0.0099009900990099;139;139
228;115.190000000002;2.94999999999982;119.350000000035;NA;NA;-4532.36692842506;-5899.96434105971;6.70858082146592;53.8078632404676;198.725394297285;24.8725875813853;10148.1965737284;11935.5355149151;2735.19482526929;0.0099009900990099;136;136
229;128.419999999984;2.82000000000062;133.109999999986;NA;NA;-4671.41677559427;-6108.31890907383;6.3371388475092;48.6975061756292;228.320084961914;29.2670453100611;10592.5768258336;12376.8352578564;2873.80426695912;0.0099009900990099;142;142
230;136.570000000007;3.14000000000033;141.709999999963;NA;NA;-4716.59676019708;-6066.33289499582;6.40413559105697;41.5329787142816;232.194466162997;35.3570775492549;10705.7675494317;12326.4451654237;2699.47226959748;0.0099009900990099;144;144
231;142.640000000014;3.46000000000004;148.290000000037;NA;NA;-4888.63622572743;-6070.61683576711;7.21991235223185;35.4788504125973;208.380999864559;42.7049700165204;10918.6074010576;12375.1353940198;2363.96122007937;0.0099009900990099;143;143
232;145.020000000019;3.21000000000004;150.369999999995;NA;NA;-4837.77482259013;-6291.98068693075;6.37539166549939;43.971656140067;243.089846114981;35.2685340236788;11008.6784623603;12777.3775111379;2908.41172868125;0.0099009900990099;145;145
233;141.719999999972;3.68000000000029;147.640000000014;NA;NA;-4702.58786360065;-6064.12977365584;6.00687065963101;39.4293089420919;244.221900968595;37.657049540586;10741.9599102811;12334.3808984586;2723.08382011037;0.0099009900990099;142;142
234;159.910000000033;3.47000000000025;165.169999999984;NA;NA;-5104.31028661579;-6595.83969314693;5.91699633667223;35.5252176521769;282.813263894556;48.3119148388976;11762.4923520282;13457.1213956749;2983.05881306229;0.0099009900990099;148;148
235;138.639999999956;2.56999999999971;142.919999999984;NA;NA;-4841.12645868277;-6386.42576338849;6.13958095126509;46.8938570172273;252.547541798793;33.2950541080097;11067.2486753566;12955.4449045356;3090.59860941144;0.0099009900990099;145;145
236;123.820000000007;3.59999999999945;128.390000000014;NA;NA;-4832.9032306608;-6112.02597710468;7.27559110057742;43.1203263186315;199.588771413117;34.0968175608639;10756.8691552286;12410.4440310693;2558.24549288777;0.0099009900990099;140;140
237;116.059999999998;2.96000000000004;120.020000000019;NA;NA;-4583.78701266573;-6021.05491799949;6.14215623684265;49.3386938412457;225.583431471343;28.1784457639344;10398.2946813801;12195.8436232316;2874.53581066752;0.0099009900990099;137;137
238;148.320000000007;3.88000000000011;153.390000000014;NA;NA;-5034.40724992312;-6615.93518985664;6.0326615755619;42.9353624525587;270.969134341476;38.7868014905426;11556.6920797445;13444.8467117741;3163.05587986704;0.0099009900990099;147;147
239;121.159999999974;2.6899999999996;125.340000000026;NA;NA;-4601.55010820841;-6035.94565340737;6.53360736510181;52.2541723312535;215.296770981278;26.9400244747766;10381.558483159;12219.3514586964;2868.79109039792;0.0099009900990099;142;142
240;128.179999999993;2.38999999999942;132.399999999965;NA;NA;-4908.38822181197;-6129.62813127443;8.66640803986501;47.1972964279306;167.423173966151;30.8881904935725;10734.3624075323;12428.5432816395;2442.47981892493;0.0099009900990099;144;144
241;128.200000000012;2.98999999999978;132.960000000021;NA;NA;-4762.39970282112;-5951.20499004239;8.10582038810055;43.7495971669011;174.627493706804;32.9528017001481;10481.2611841088;12082.8975691267;2377.61057444254;0.0099009900990099;143;143
242;131.020000000019;3.57999999999993;136.23000000004;NA;NA;-4837.98128558695;-6287.42168579123;6.44439774604233;44.7179356587627;239.799766330293;34.1300315906944;10990.218504332;12761.8977511733;2898.88080040857;0.0099009900990099;144;144
243;114.409999999974;3.28000000000065;118.640000000014;NA;NA;-4602.36059918366;-5866.96798244857;7.44432582021313;49.7325980265738;183.52524684354;27.622543538246;10206.6514277631;11884.7373497734;2529.21476652982;0.0099009900990099;138;138
244;126.609999999986;3.13000000000011;131.159999999974;NA;NA;-4659.64908226243;-6173.52127795591;5.97327567982154;48.9709570893125;242.86468652644;30.1030605601457;10648.6534364705;12511.8160469849;3027.74439138696;0.0099009900990099;142;142
245;122.149999999965;3.30000000000018;126.760000000009;NA;NA;-4574.80593371966;-5965.72576193558;5.89030618385664;42.3350915119829;238.225609757864;33.8159276828864;10452.7326861933;12116.4284430774;2781.83965643184;0.0099009900990099;141;141
246;152.389999999956;3.25;157.580000000016;NA;NA;-4946.56730540457;-6438.92175932982;5.99390637012671;39.2333136873448;267.284150117877;41.5616979475516;11359.8658957293;13105.9148150953;2984.7089078505;0.0099009900990099;146;146
247;139.070000000007;3.60999999999967;144.27999999997;NA;NA;-4926.66562806679;-6572.36125351149;5.97224864300295;49.6691406089741;262.305101621918;31.8006283455927;11293.6350779864;13319.3381216651;3291.39125088939;0.0099009900990099;147;147
248;122.669999999984;3.27999999999975;127.679999999993;NA;NA;-4600.86732208747;-5981.32517776592;6.25990235906668;45.0576518118982;227.262943155882;31.2755301112561;10448.0671563727;12134.168463467;2760.91571135691;0.0099009900990099;145;145
249;149.840000000026;2.97000000000025;154.47000000003;NA;NA;-5028.58627579176;-6642.27944756609;6.13539649100967;45.4617418146783;267.542166465247;36.184167511491;11528.0405719842;13483.4887892145;3227.38634354865;0.0099009900990099;149;149
250;140.440000000002;3.50999999999931;145.809999999998;NA;NA;-4937.37761199171;-6499.14050713911;6.47682807902372;49.0349104705029;239.947108688852;32.0032809985422;11192.2924565807;13174.0093842146;3123.5257902948;0.0099009900990099;147;147
