1;25.5;0.730000000000018;26.570000000007;NA;NA;-1168.46052758678;-1255.86375206887;4.76290923057546;5.74502931810992;69.3080994133533;58.6461825822299;2641.69735539049;2769.61895839128;174.806448964182;0.534653465346535;66;66
2;36.8600000000006;0.909999999999854;38.5299999999988;NA;NA;-1275.03944257694;-1420.00460869947;4.94715543953824;7.77614500037372;77.8328318807171;49.6574694747771;2894.63181154815;3059.83452776527;289.930332245064;0.277227722772277;70;70
3;32.7299999999959;1;34.5800000000163;NA;NA;-1234.99385558571;-1337.10401934842;4.65155277886113;5.65067106789273;79.5635967820017;67.2861274413041;2821.04926790323;2971.09723930351;204.220327525426;0.0495049504950495;68;68
4;30.0799999999872;0.769999999999982;31;NA;NA;-1316.9564299382;-1393.49333314996;4.86181923877588;5.48179572704588;85.4602700241752;77.6252364324423;3015.74522400909;3133.81247828219;153.073806423529;0.673267326732673;76;76
5;22.5;0.7199999999998;23.4700000000012;NA;NA;-1087.26050689355;-1164.98818398797;4.60977256010955;5.05868393114867;63.5041864716881;59.085664562678;2451.78996269034;2587.95337734754;155.455354188837;0.326732673267327;62;62
6;36.109999999986;0.769999999999982;37.3500000000058;NA;NA;-1296.98353543639;-1460.64098679882;4.66572197714666;8.12714062316941;85.7437046879343;51.391934541273;2975.92249025998;3150.21339173816;327.314902724845;0.0297029702970297;74;74
7;47.0800000000017;1.05000000000018;48.8000000000175;NA;NA;-1503.68897771426;-1603.36514222558;6.45318007598453;7.95693150048093;76.0063244112682;61.4619513477271;3349.85825133965;3483.67443939998;199.352329022632;0.613861386138614;82;82
8;35.4499999999971;0.950000000000273;37.1300000000047;NA;NA;-1228.52014463673;-1381.70362759206;4.75068983197373;8.46972378484785;75.4909793322368;43.2428361826848;2792.28954974015;2955.44515135349;306.366965910669;0.0792079207920792;72;72
9;29.5799999999872;0.680000000000291;30.5899999999965;NA;NA;-1321.20549120996;-1425.33906340954;4.80760832766877;5.39507579339838;89.196009287508;82.1518083739336;3040.34373869674;3217.18438422338;208.267144399147;0.0099009900990099;75;75
10;36.1300000000047;1.11999999999989;37.8600000000151;NA;NA;-1331.7352479642;-1454.5145546722;4.7251190495974;6.64846059515432;88.1064708560231;66.0611244439491;3056.54246264105;3203.74952949227;245.558613416008;0.148514851485149;75;75
11;43.5300000000134;1;45.4300000000221;NA;NA;-1428.82054031319;-1690.08506557849;5.91474095421846;12.8601321404992;81.038774002198;38.4411049323521;3223.77373420165;3553.84679308261;522.529050530604;0.0396039603960396;84;84
12;34.9200000000128;1.11999999999989;36.6199999999953;NA;NA;-1327.30594990739;-1447.44806721699;4.9310126126867;6.44691912609584;85.5094790363889;68.3146000939119;3036.0978312208;3199.6700511873;240.284234619202;0.0594059405940594;75;75
13;40.7399999999907;1.03999999999996;42.75;NA;NA;-1349.82111057559;-1460.6269721351;5.96908274966533;8.24245443432143;69.9937921629308;49.1230493619809;3010.96164679129;3139.74417091006;221.61172311901;0.693069306930693;73;73
14;47.2100000000064;1;48.5299999999988;NA;NA;-1479.9324913282;-1589.62616569882;7.79843822677816;9.6022089227963;58.7843327204587;47.9448773507273;3223.64844906219;3394.39581195931;219.387348741233;0.831683168316832;79;79
15;32.6999999999971;0.769999999999982;34.3399999999965;NA;NA;-1365.3954890909;-1439.13396654675;5.71455467143991;5.95764564437253;76.5527347270047;74.0580958981935;3071.80414065605;3208.1684334365;147.476954911691;0.95049504950495;74;74
16;28.5900000000111;0.800000000000182;29.960000000021;NA;NA;-1095.24473336789;-1200.3777666509;5.01580849974945;7.06738287568014;58.6416149748638;42.1467583814744;2446.05091638253;2584.43203461403;210.266066566033;0.514851485148515;61;61
17;27.4599999999919;0.75;28.5500000000175;NA;NA;-1192.98589223513;-1330.52048699938;4.79143697823342;7.73885310533195;71.3890817021992;46.5452572543578;2701.48570739654;2866.75417775162;275.069189528487;0.0594059405940594;69;69
18;39.8400000000111;1.13999999999987;41.3099999999977;NA;NA;-1363.11101427446;-1472.59467704632;8.27055612234728;10.3691390803317;48.6269184283613;38.3544782696267;2941.83013937385;3115.25023536302;218.967325543724;0.504950495049505;71;71
19;41.2300000000105;1.19000000000005;43;NA;NA;-1366.86105097974;-1552.34643313191;4.79193330125562;7.73331389090595;96.0311757445186;62.7910034233405;3163.41242662451;3385.65044527752;370.970764304351;0.0099009900990099;77;77
20;44.4400000000023;1.13999999999987;46.8099999999977;NA;NA;-1428.43777268471;-1621.53619572146;5.2169812920832;9.54432247993288;90.4505315366752;49.8082710029842;3264.98883181469;3467.80757901827;386.196846073501;0.0792079207920792;83;83
21;35.5500000000029;0.840000000000146;36.9400000000023;NA;NA;-1311.24030238464;-1459.93356882527;4.69299131691871;7.41338522018616;86.9479592718141;58.8036674856281;3012.0891504659;3183.3628144045;297.386532881249;0.0198019801980198;78;78
22;39.7200000000012;1.15999999999985;41.5199999999895;NA;NA;-1372.15255122688;-1565.24121446339;5.80659990785673;11.3697685649869;74.3642550501646;38.7726705117914;3076.06852120941;3303.46007409515;386.177326473014;0.0297029702970297;75;75
23;28.8500000000058;0.710000000000036;30.0899999999965;NA;NA;-1139.90778693342;-1240.67350233017;4.60086061021173;6.1710159676468;68.6726905016566;52.9618464620521;2580.20039169783;2713.01019544667;201.531430793487;0.178217821782178;63;63
24;36.9599999999919;0.860000000000127;38.6199999999953;NA;NA;-1270.42625935328;-1384.0735320971;4.7096861673279;5.79334261617834;84.6713301637787;69.9118372515789;2916.87096582737;3078.61981131951;227.294545487645;0.108910891089109;72;72
25;44.6399999999994;1.20000000000027;46.7200000000012;NA;NA;-1387.63838625871;-1541.28371091553;5.65480868754277;8.90828985570109;79.7869696781536;49.8203054460709;3132.79735703931;3305.80919672222;307.290649313637;0.306930693069307;78;78
26;45.1300000000047;1.11999999999989;47.109999999986;NA;NA;-1342.16224348568;-1625.10173879848;5.03597181756747;14.3684227306886;85.1365859372681;29.8868238051223;3065.26710241513;3383.9317062109;565.878990625591;0.0396039603960396;77;77
27;33.0999999999913;0.619999999999891;34.0599999999977;NA;NA;-1163.66424412257;-1285.1429875702;4.80660977893058;7.47874065166496;68.8703164557438;46.7601776513453;2628.02677784264;2774.44803166398;242.957486895254;0.227722772277228;62;62
28;32.3600000000006;0.869999999999891;33.6499999999942;NA;NA;-1173.05417355523;-1268.58728031305;4.87491394825288;5.47085694191278;69.3059778237893;62.7848548086007;2650.34625428054;2812.78618070181;191.066213515635;0.158415841584158;65;65
29;38.820000000007;1.09000000000015;40.3500000000058;NA;NA;-1319.7470656718;-1458.53696022444;5.9704412621478;8.80950223452419;68.6183519421905;46.3503260564445;2944.22261607844;3122.91192480733;277.579789105285;0.336633663366337;72;72
30;41.7300000000105;1.13000000000011;43.6199999999953;NA;NA;-1415.61942024488;-1568.71951973073;6.38668699812145;9.8424636286125;69.4738247782328;44.9627329322301;3142.0986221517;3338.62423959767;306.200198971694;0.594059405940594;77;77
31;49.25;1.44000000000005;51.7300000000105;NA;NA;-1511.54053813366;-1631.90783143591;4.87010587360847;6.13189091737901;107.787410935667;87.4727619098056;3513.78217893429;3662.03453045447;240.734586604494;0.128712871287129;90;90
32;39.3699999999953;0.940000000000055;40.8600000000151;NA;NA;-1419.76586659009;-1540.58159187106;4.86501442455652;6.31669135768215;97.7094855650373;78.3092066075546;3277.98438902026;3432.56079284076;241.631450561941;0.0297029702970297;79;79
33;40.4699999999866;1;42.1699999999837;NA;NA;-1327.70356037103;-1506.08253722387;4.98968213633837;9.68720901815073;82.4717137749927;42.891293725908;3025.48318579575;3204.63156363035;356.757953705673;0.148514851485149;79;79
34;28.1900000000023;0.860000000000127;29.3000000000175;NA;NA;-1287.09336802103;-1377.76417796121;4.6111044072595;4.86021122126412;89.42336611803;85.6445717421209;2973.72602235478;3138.18417124076;181.341619880358;0.108910891089109;76;76
35;41.5899999999965;1.13000000000011;43.2099999999919;NA;NA;-1318.52382428738;-1525.5753951994;4.66162270353583;10.3600880990522;87.3555503281749;41.5509375925804;3026.18322398328;3236.24432994047;414.103141824041;0.0297029702970297;74;74
36;31.4500000000116;0.920000000000073;33.0599999999977;NA;NA;-1319.42302567397;-1449.28997805272;5.00620471293954;6.99018823960585;83.3258731817312;61.6433745775686;3012.22424838814;3174.80018855411;259.733904757498;0.227722772277228;78;78
37;26.8700000000099;0.630000000000109;28.1000000000058;NA;NA;-1259.76720245498;-1341.25527908991;4.59397451887374;4.91003253079378;83.427111997343;79.5126553978962;2890.60274950495;3036.16812472473;162.97615326987;0.207920792079208;73;73
38;39.3300000000017;0.870000000000346;40.6499999999942;NA;NA;-1365.21504389602;-1471.21156504155;4.98519524435518;6.21716021689202;89.408617982441;74.0761770402902;3130.48785851989;3273.87608081096;211.993042291056;0.198019801980198;77;77
39;35.3699999999953;0.820000000000164;36.8699999999953;NA;NA;-1225.74163100124;-1381.77775475778;4.95936768868049;8.84613435903809;72.8977965977386;41.9221533682076;2773.66515913319;2948.83626605893;312.072247513083;0.108910891089109;69;69
40;45.1499999999942;1.14999999999964;47.1000000000058;NA;NA;-1494.55084374149;-1658.88293283594;8.94038713761457;14.0453853395845;51.7012987854059;32.7674201266069;3221.10139182851;3464.80340554283;328.664178188909;0.237623762376238;79;79
41;29.7800000000134;0.679999999999836;31.0100000000093;NA;NA;-1349.62846352781;-1430.8388507004;4.69280661167626;4.96569141137176;91.3328127637737;87.8691816406986;3109.09548152193;3255.97387268924;162.42077434517;0.158415841584158;79;79
42;28.0799999999872;0.840000000000146;29.5100000000093;NA;NA;-1273.03383466592;-1345.8461940866;5.16018793452188;5.51047863028002;74.5274416626403;70.7722821188147;2878.05892559621;3006.95584449415;145.624718841361;0.821782178217822;74;74
43;35.1500000000087;0.699999999999818;36.2799999999988;NA;NA;-1271.39312347926;-1410.75304845196;4.90258863446224;7.11235418938518;80.1876938500655;56.3636512895745;2898.89323218456;3071.81245905708;278.719849945394;0.0693069306930693;72;72
44;27.4400000000023;0.5300000000002;28.9200000000128;NA;NA;-1228.14870697573;-1310.43801657773;4.70290109139485;5.23596891194464;78.5017041848921;71.8287728433812;2804.36808515342;2939.35942704871;164.578619203997;0.287128712871287;71;71
45;23.9700000000012;0.599999999999909;24.9400000000023;NA;NA;-1032.18168420662;-1193.32761931345;5.173164307761;8.99937585476846;52.9635174438888;31.5600763157194;2292.91476639709;2522.84520316383;322.291870213648;0.0099009900990099;56;56
46;37.8600000000006;1.16000000000031;39.4200000000128;NA;NA;-1276.17420608712;-1462.72411869837;4.77097361348432;8.81024245800344;83.5855737783097;45.7611290553017;2923.54510405364;3128.66966609742;373.099825222494;0.0099009900990099;72;72
47;28.6199999999953;0.710000000000036;29.6900000000023;NA;NA;-1240.349952155;-1370.30441603331;4.75412879062896;6.54926432198578;78.6874609904196;59.6723037455683;2829.03613080545;3004.76813840836;259.908927756621;0.0396039603960396;70;70
48;49.7700000000041;1.36000000000013;52.5199999999895;NA;NA;-1515.1508324536;-1677.87651351864;5.80851303985643;8.93958187956397;88.2828177367582;56.60297422694;3429.162860934;3611.48489624598;325.451362130078;0.356435643564356;84;84
49;37.8400000000111;1.06999999999971;39.75;NA;NA;-1332.91382601235;-1455.23405461618;4.65842895022887;6.26261744512007;91.225741561262;70.0928489610115;3072.81571206064;3223.17537949199;244.640457207649;0.128712871287129;75;75
50;33.1100000000006;0.789999999999964;34.2799999999988;NA;NA;-1173.68395006892;-1316.67630128382;4.83266755253568;8.26245640056873;67.9669505993849;39.9549358045814;2644.66570404186;2808.12158315417;285.984702429816;0.207920792079208;63;63
51;48.210000000021;1.01999999999998;50.1499999999942;NA;NA;-1421.10127481021;-1633.67651362558;4.98579734866086;8.90964465617766;99.2152769249225;56.3587594340569;3288.65241217168;3520.95671796035;425.150477630739;0.0297029702970297;81;81
52;30.7799999999988;0.75;32.3399999999965;NA;NA;-1291.81663256297;-1385.49758288619;4.64209623337144;5.13582968706214;87.5198178920063;81.7211082201424;2973.50058972191;3135.03145597716;187.361900646436;0.0594059405940594;74;74
53;31.6300000000047;0.700000000000273;33.0199999999895;NA;NA;-1140.34600271009;-1289.95818663699;4.59687031045971;8.52101292910463;69.2845977285412;38.2157621365648;2581.48095808604;2745.82451801667;299.224367853817;0.148514851485149;59;59
54;44.4500000000116;0.949999999999818;46.3699999999953;NA;NA;-1414.22690562414;-1505.96662271525;7.28614775943966;8.51558120427335;59.409142168452;51.0440094557885;3093.49754896676;3239.65737273635;183.479434182225;0.732673267326733;75;75
55;33.390000000014;0.700000000000273;34.6999999999825;NA;NA;-1295.64346825886;-1430.85797237138;4.93387652297278;7.03812629882745;82.51833924899;59.1105566301744;2957.16706647284;3123.80772141206;270.429008225042;0.277227722772277;71;71
56;24.6100000000151;0.539999999999964;25.75;NA;NA;-1176.34287344835;-1261.65739997215;4.65524913886054;5.165765863547;73.0785366603417;67.6457235861072;2672.91784096531;2819.74016242042;170.629053047604;0.207920792079208;64;64
57;32.929999999993;0.690000000000055;34.0299999999988;NA;NA;-1198.09712510419;-1387.08557935927;4.88076502130233;9.01602295802803;73.4207006195931;39.7513717296934;2718.49487997886;2948.67088474406;377.976908510163;0.0396039603960396;65;65
58;40.5;0.960000000000036;42.1399999999849;NA;NA;-1382.58681432169;-1574.46473869833;5.00467160353237;9.47022554878129;89.1577765624707;49.6909711430359;3164.68423193949;3371.59171309984;383.755848753285;0.0198019801980198;78;78
59;44.3800000000047;1.11999999999989;46.6300000000047;NA;NA;-1500.14360226387;-1595.64337916505;6.14577689786118;7.55235307120623;78.9043798872399;64.6530841077499;3356.30419241742;3483.00182274999;190.999553802345;0.95049504950495;83;83
60;37.7000000000116;0.879999999999654;39.3399999999965;NA;NA;-1292.28252439564;-1459.02766773314;4.99546169287879;8.17058084389334;82.1991110672936;50.6077688018864;2950.17147265852;3143.14931922494;333.490286675002;0.108910891089109;73;73
61;27.5099999999802;0.7800000000002;29.0199999999895;NA;NA;-1294.44779687296;-1366.41913526503;4.98852893169954;5.23683963628121;81.1406814898445;78.4157501146911;2950.34630479943;3082.15045421312;143.942676784137;0.613861386138614;74;74
62;34.9899999999907;0.7800000000002;36.609999999986;NA;NA;-1467.20940637918;-1532.88460851957;4.88298816707693;5.0231631469666;101.688172140574;99.5234511860887;3395.04169938072;3516.58643999583;131.350404280776;0.752475247524752;86;86
63;43.4100000000035;1.28999999999996;45.9500000000116;NA;NA;-1434.94223586897;-1598.01763219554;7.64474103256803;12.1610811137511;59.0089388193331;36.0040413874399;3134.29995692062;3357.36719583192;326.150792653149;0.0693069306930693;78;78
64;33.0500000000175;0.820000000000164;34.5599999999977;NA;NA;-1263.7980793493;-1364.50471530774;5.08557110521061;6.33226095950567;76.0914459110726;61.6272221004703;2863.89283079595;3001.37946452459;201.413271916875;0.326732673267327;69;69
65;37.75;0.9699999999998;39.4199999999837;NA;NA;-1241.02885991332;-1370.87840292517;4.66937233941515;6.51771177531008;80.4368702558365;59.6444710864488;2838.70877231069;3006.21591919199;259.699086023702;0.0198019801980198;71;71
66;36.7099999999919;1.0600000000004;38.3999999999942;NA;NA;-1263.56173261702;-1455.15176177459;4.61061638923464;9.06732916707976;85.2971448704635;44.2353920560302;2904.71965655899;3106.12620422026;383.180058315153;0.0792079207920792;70;70
67;34.0800000000163;0.829999999999927;35.4400000000023;NA;NA;-1158.48839938692;-1311.70901371609;4.58552107044772;7.80908431637165;71.3426001668606;42.8214212737695;2630.15502738238;2811.39459164001;306.441228658349;0.0099009900990099;65;65
68;35.6700000000128;0.920000000000073;37.210000000021;NA;NA;-1323.11923134802;-1448.09533393306;4.93992940234178;6.61739941987989;84.2942150906652;65.0543486615329;3021.73696015482;3185.98291694622;249.952205170083;0.188118811881188;74;74
69;42.3600000000151;0.910000000000309;44.3800000000047;NA;NA;-1343.19738779416;-1495.97024879558;4.68521345573953;6.57707074368159;94.4901943655161;69.0524870095892;3109.79962048241;3301.36051464337;305.545722002822;0.0396039603960396;78;78
70;50.5;1.13000000000011;53.4499999999825;NA;NA;-1463.41529392298;-1764.27211961557;4.89436483754108;12.902379025388;102.598289989857;40.7806775040662;3391.57608875156;3713.27086962401;601.713651385178;0.0099009900990099;86;86
71;33.5400000000081;0.940000000000055;35.1100000000151;NA;NA;-1272.00730905063;-1359.76897049361;5.244093378591;6.2143057231339;74.5633316616812;63.4795531792207;2874.09401396742;3000.55130367228;175.523322885958;0.831683168316832;70;70
72;45.4100000000035;1.0300000000002;46.7799999999988;NA;NA;-1378.59262731058;-1620.50739782469;4.91878339543133;10.7575244198989;92.7213155579728;43.3305492177283;3173.2544501991;3435.45235996218;483.829541028221;0.0198019801980198;79;79
73;34.2700000000186;0.950000000000273;36.0799999999872;NA;NA;-1371.68989345614;-1476.45824349923;5.04470692857806;5.84017928876884;91.0039679203911;80.4291065794297;3151.74271294694;3313.82674236076;209.536700086195;0.138613861386139;79;79
74;29.6300000000047;0.809999999999945;30.9100000000035;NA;NA;-1320.39753821508;-1381.80759953251;5.05054818903069;5.45556451872942;80.1832195763804;75.2590789137939;2998.51881124806;3099.37072160738;122.820122634847;1;75;75
75;35.0500000000175;1.03999999999996;36.8800000000047;NA;NA;-1485.18001147277;-1559.90292946006;4.8050865462766;4.926819445964;108.271680510906;106.33484969564;3460.80461415565;3601.47707381471;149.445835974577;0.386138613861386;86;86
76;21.2400000000198;0.550000000000182;22.140000000014;NA;NA;-1054.77837730024;-1125.66223949115;4.3925229494145;4.89085606533085;61.6907617483293;57.1581945396665;2374.07014923277;2496.40344445882;141.767724381807;0.504950495049505;53;53
77;31.2900000000081;0.849999999999909;33.1100000000151;NA;NA;-1158.79277552156;-1286.56537339258;4.68355978339214;6.75540675592207;70.8255379489479;50.0073937637341;2626.82063543185;2791.47064335942;255.545195742054;0.128712871287129;62;62
78;38.0100000000093;1.07000000000016;39.8300000000163;NA;NA;-1283.66280836109;-1491.75397320292;4.71578336729672;9.366607887297;85.52833433466;44.8605133827435;2947.73980915569;3183.03920237389;416.18232968367;0.0099009900990099;73;73
79;29.6300000000047;0.620000000000346;31.2200000000012;NA;NA;-1310.71628630749;-1400.67905997677;4.71277742836358;5.13374507472313;87.3000061087427;81.9217500756852;3012.05538523076;3167.91599154304;179.925547338557;0.138613861386139;77;77
80;30.320000000007;0.910000000000309;31.7699999999895;NA;NA;-1158.78517808531;-1251.89507977957;5.56814614184642;6.91595308002631;58.4570864113062;47.1095944406243;2572.32762627313;2709.09480972399;186.219803388522;0.673267326732673;61;61
81;45.75;0.889999999999873;47.4799999999814;NA;NA;-1422.47489170355;-1562.59195048883;4.85161513359591;6.5351350203694;98.964320520626;75.1272023846589;3292.06993950063;3464.60811245495;280.23411757056;0.0198019801980198;84;84
82;34.6000000000058;0.9699999999998;36.1600000000035;NA;NA;-1348.85027093392;-1423.19122756624;4.95426164218758;5.21257928327404;86.8172338119128;83.5858171923145;3086.16319572939;3220.38617474025;148.681913264637;0.772277227722772;77;77
83;40.210000000021;1.1899999999996;42.3300000000163;NA;NA;-1351.94496689805;-1500.65810571404;4.85531153060104;6.56155223491513;92.1685533459907;71.7909491383347;3118.63088144274;3324.36181860294;297.426277631971;0.0297029702970297;81;81
84;36.8099999999977;0.839999999999691;37.9700000000012;NA;NA;-1270.35536012951;-1421.20206689109;5.04405661404295;8.01943862847951;76.3402259121599;48.6158994984401;2879.19755884243;3057.96338749792;301.693413523163;0.099009900990099;71;71
85;37.8699999999953;1.13999999999987;39.570000000007;NA;NA;-1329.06964968755;-1555.23977796619;5.86340656666201;13.4520224275037;70.0829766428216;30.1136220103409;2971.2666584323;3245.02576648793;452.340256557274;0.138613861386139;76;76
86;47.6900000000023;0.880000000000109;49.2799999999988;NA;NA;-1415.88403508526;-1612.11202723937;5.18861409911168;9.13945085566551;91.4569381213634;51.5126518522864;3243.86797729729;3456.33721593195;392.455984308206;0.0099009900990099;82;82
87;31.8699999999953;0.829999999999927;33.2200000000012;NA;NA;-1268.36442125254;-1369.53718195153;4.69484624172768;5.48373465111582;86.019433056394;75.1364045995505;2918.13255993053;3072.22354903503;202.345521397982;0.138613861386139;71;71
88;25.6000000000058;0.809999999999945;26.9500000000116;NA;NA;-1178.39302252302;-1276.40147878648;4.72484955773876;5.83404182819525;72.1154101052955;60.9787162975402;2672.79769289788;2820.013316537;196.016912526903;0.118811881188119;64;64
89;28.1199999999953;0.900000000000091;29.5599999999977;NA;NA;-1065.31231620316;-1150.54448337269;7.02222446634869;8.51611798535597;38.4069258780169;31.1419310564691;2296.36053941028;2435.47452537851;170.464334339051;0.792079207920792;56;56
90;51.2200000000012;1.15000000000009;53.0199999999895;NA;NA;-1535.68000973675;-1681.87414219717;6.47035305406881;8.71111885765707;81.3963573415615;59.2574598631038;3439.5898731208;3631.82374238244;292.38826492085;0.346534653465347;85;85
91;37.6000000000058;1.07000000000016;39.4700000000012;NA;NA;-1271.10035647883;-1471.00304945015;4.82202231355017;9.34046006166951;82.3935445284905;43.6941318338051;2909.23244980311;3136.64674931401;399.805385942657;0.0099009900990099;74;74
92;46.070000000007;1.19000000000005;47.7300000000105;NA;NA;-1436.82751843748;-1606.45906587294;4.9251677406621;7.69265232305609;98.8072188796827;65.4291465562307;3320.06540877706;3508.52659010124;339.263094870916;0.0198019801980198;84;84
93;29.4700000000012;0.7199999999998;30.75;NA;NA;-1352.29592192197;-1414.35135877599;4.93905006758181;5.35817254712528;85.7107432905436;80.6364740512702;3089.20243525629;3190.54349484096;124.110873708056;0.940594059405941;79;79
94;38.4499999999825;0.819999999999709;39.7200000000012;NA;NA;-1323.69439397997;-1473.25221260746;4.92558286172248;8.26607687891116;83.7421895857288;50.3292747720673;3021.54485156848;3171.3731971702;299.115637254975;0.297029702970297;76;76
95;26.1600000000035;0.909999999999854;27.1699999999837;NA;NA;-1188.34236208048;-1296.63938613596;4.9352208322087;6.27508514248055;70.2026145952345;57.2845179298009;2685.92242574242;2845.61314418884;216.594048110971;0.0594059405940594;67;67
96;36.4900000000198;1.19000000000005;38.1000000000058;NA;NA;-1230.46038323747;-1400.1100622327;4.5932908545225;7.82040642337686;81.6327143488135;50.7015392185425;2822.29513688841;3024.66735692914;339.299357990462;0.0297029702970297;70;70
97;33.6499999999942;0.739999999999782;34.8300000000163;NA;NA;-1245.20504286776;-1399.68709397616;4.83115688714328;8.03661133755334;78.5383005054936;48.0004781327987;2835.77538728032;3010.45208877179;308.964102216803;0.0594059405940594;66;66
98;40.0799999999872;0.909999999999854;41.5599999999977;NA;NA;-1267.4112184826;-1524.49813755904;4.83681051366979;13.1529048840662;80.4476836635977;30.3472769453147;2892.63883608139;3183.97534306692;514.173838152893;0.0099009900990099;73;73
99;22.8699999999953;0.619999999999891;23.9499999999825;NA;NA;-1122.35532268746;-1202.39190166528;4.60334266027212;4.96782601345316;66.7872696554545;63.2235122527901;2535.7710375284;2680.31326223117;160.073157955633;0.198019801980198;61;61
100;31.25;0.920000000000073;32.5899999999965;NA;NA;-1170.53044211304;-1283.79266063691;4.6136232098484;5.96279952637882;73.0965026694369;58.6070990682741;2663.04596426146;2825.74557238019;226.524437047739;0.0594059405940594;67;67
101;29.0499999999884;0.840000000000146;30.25;NA;NA;-1258.86491274182;-1355.87642268399;4.87972952689101;5.87126987126094;78.7941928971991;67.4751482027842;2867.64838703257;3011.40445586449;194.023019884326;0.366336633663366;72;72
102;37.890000000014;0.880000000000109;39.4700000000012;NA;NA;-1289.85932800687;-1490.33368439357;4.96745357510369;11.2201500456242;78.3358404121904;35.2786047085354;2928.1419674324;3137.58006941178;400.948712773396;0.099009900990099;73;73
103;32.3699999999953;0.830000000000382;33.6700000000128;NA;NA;-1283.35179059732;-1376.394309994;4.74236409433595;5.61741389301715;84.2158746970459;72.5791698939504;2940.11045606478;3074.59921814735;186.085038793359;0.217821782178218;71;71
104;35.5899999999965;0.960000000000036;37.4700000000012;NA;NA;-1203.5645197335;-1359.60864804014;4.70793479739605;7.88045400957104;74.6505103350134;45.6655325270504;2735.39812405868;2920.02747799025;312.08825661328;0.0198019801980198;66;66
105;27.8699999999953;0.820000000000164;28.8899999999849;NA;NA;-1208.51648356224;-1399.07235736169;4.8790925610064;9.43607016538972;73.9950708072756;40.7007327384026;2742.97617816768;2977.42865047524;381.1117475989;0.0099009900990099;67;67
106;24.5;0.720000000000255;25.2900000000081;NA;NA;-1214.36940282956;-1289.75452156751;4.72255866263791;4.88430680692182;77.0214602845048;75.1505095674365;2766.84597361105;2909.40315142814;150.770237475904;0.376237623762376;65;65
107;39.5899999999965;1.33999999999969;41.4899999999907;NA;NA;-1366.15757367408;-1504.28042462711;4.87520212908105;6.89470704671521;91.1378694229807;66.8845933551151;3140.11043255663;3307.8351464919;276.245701906063;0.108910891089109;77;77
108;44.2799999999988;1.25;46.2300000000105;NA;NA;-1412.70809158115;-1569.7881710433;4.880501979748;7.23422603163803;96.229917322488;65.3487363879908;3260.75173784147;3435.20819125167;314.160158924296;0.0594059405940594;85;85
109;37.7400000000198;1;39.8699999999953;NA;NA;-1484.37320214036;-1577.78435842641;5.04415906455811;5.35330825352077;105.309464939856;100.387199049667;3446.38160562545;3610.87878853445;186.822312572091;0.0693069306930693;87;87
110;39.75;0.859999999999673;40.9700000000012;NA;NA;-1308.55809916713;-1542.42952045686;4.78420075812257;10.6011577367444;86.7751322909105;40.2344108211854;3003.66623331563;3264.08795707652;467.742842579461;0.0198019801980198;74;74
111;36.0799999999872;1.0300000000002;37.5299999999988;NA;NA;-1225.89352075096;-1432.19499888193;4.91303041694619;11.1698497654061;73.4940607272944;33.3332778832421;2776.60421044353;3011.71103087092;412.602956261939;0.0198019801980198;69;69
112;35.8299999999872;0.809999999999945;37.1900000000023;NA;NA;-1490.34673171613;-1565.40160586436;4.68638368178842;4.96090859969962;110.662986987246;106.347871374109;3481.97009605627;3612.53341168518;150.109748296464;0.475247524752475;86;86
113;40.9899999999907;1.07000000000016;42.6199999999953;NA;NA;-1424.41576907186;-1620.34388867674;7.27435329199587;13.6626411932695;59.5478104619345;32.4220058541155;3114.49392076206;3385.3330171642;391.856239209759;0.267326732673267;75;75
114;29.0500000000175;0.740000000000236;30.4100000000035;NA;NA;-1084.80964705409;-1187.40481171888;4.51563867363487;6.54951257801783;61.7259389264539;44.9382380870573;2436.52908874874;2569.12754079851;205.190329329578;0.0891089108910891;57;57
115;36.4800000000105;1.15999999999985;38.2000000000116;NA;NA;-1296.27468662383;-1401.60981267756;5.39071871095208;6.68791770915283;71.7470870082082;59.0359592391898;2912.6367439279;3066.59847119308;210.670252107456;0.504950495049505;75;75
116;35.6600000000035;1;37.1999999999825;NA;NA;-1448.72724336663;-1543.85223453876;4.81610725424143;5.11142795461931;104.092930093345;99.4635783976742;3370.16686986918;3539.39379262167;190.249982344262;0.0594059405940594;88;88
117;45.5400000000081;1.07999999999993;47.1300000000047;NA;NA;-1414.62110855385;-1565.33313730212;4.82339856814817;6.92575451889372;98.4230345710765;70.5890208907583;3275.07481828366;3450.41750901131;301.424057496551;0.0396039603960396;86;86
118;29.9100000000035;0.670000000000073;30.9200000000128;NA;NA;-1316.95525992593;-1408.89828665017;4.9277386402791;5.6055200168792;84.891022749848;76.6044613286509;3012.63731419888;3159.55428962769;183.886053448489;0.356435643564356;75;75
119;53.0899999999965;1.44999999999982;55.8099999999977;NA;NA;-1515.17465640603;-1712.26776194162;4.93398811353055;8.48064756627937;108.149791697313;64.6037309458094;3522.7001502466;3718.64335833554;394.186211071167;0.0297029702970297;90;90
120;32.7200000000012;0.860000000000127;33.8999999999942;NA;NA;-1424.11149922781;-1502.09890841922;4.92548419733617;5.37767138923509;95.9389919557802;89.9350002232737;3281.67473978075;3410.5235625876;155.974818382829;0.663366336633663;84;84
121;39.859999999986;0.829999999999927;41.5;NA;NA;-1495.82904708535;-1658.90726879952;4.92949354254045;7.21880068421455;105.984964848628;75.7852287175772;3472.96268676162;3661.97447277871;326.156443428347;0.0891089108910891;88;88
122;33.390000000014;1.13999999999987;34.8999999999942;NA;NA;-1211.37463581952;-1390.30218608031;5.36793628701459;11.3418739910006;64.360008268533;30.5845661502537;2706.25069313845;2915.32728803351;357.855100521587;0.108910891089109;67;67
123;36.5499999999884;1.13000000000011;38.0899999999965;NA;NA;-1395.93382107484;-1579.22599367617;5.24029322138632;9.51272369134103;87.1804587882849;49.5377956411752;3183.07330117075;3380.74338452565;366.584345202667;0.158415841584158;79;79
124;30.3099999999977;0.909999999999854;31.9800000000105;NA;NA;-1097.83116893325;-1234.14237221713;5.15550306118308;8.22152745247541;57.9432827032808;37.1401646296078;2447.21462928093;2629.52333983677;272.622406567775;0.0891089108910891;59;59
125;40.6199999999953;0.980000000000018;42.2300000000105;NA;NA;-1394.5263271275;-1536.68244834648;5.02661967973296;7.43339220998423;91.2222755697443;63.0238023060791;3197.8141527136;3355.77074228595;284.312242437951;0.188118811881188;78;78
126;34.5299999999988;0.960000000000036;36.3099999999977;NA;NA;-1341.29848846475;-1463.66783464556;5.67125297550301;7.19031578086892;76.2458003921262;62.929289620405;3025.68856685605;3210.50549527204;244.738692361636;0.0297029702970297;81;81
127;47.890000000014;1.51999999999998;50.2399999999907;NA;NA;-1556.5798729209;-1800.86554725705;7.28551260097639;15.124536502348;69.9026981292103;33.8807987976037;3430.20617005973;3755.39878397256;488.571348672303;0.0495049504950495;87;87
128;37.1699999999837;0.9699999999998;38.5599999999977;NA;NA;-1415.23413196339;-1554.6548259921;5.1482859676451;7.12401870689544;91.8418204113993;66.398832268965;3242.59089300114;3407.2617308909;278.841388057404;0.257425742574257;79;79
129;31.0899999999965;0.75;32.1300000000047;NA;NA;-1371.99526474504;-1535.33633882748;9.40586460469359;15.4282287587348;41.52849018525;26.781704977537;2927.53143713491;3189.038127926;326.682148164887;0.425742574257426;69;69
130;25.5;0.840000000000146;27.109999999986;NA;NA;-1215.38600272957;-1396.37343457755;4.69092718129522;8.89328588910738;77.695774475007;43.7847653080675;2774.1592295961;2986.25969685028;361.974863695954;0.0099009900990099;69;69
131;33.9100000000035;0.930000000000291;35.1700000000128;NA;NA;-1325.30315235935;-1527.09714381474;7.61582176433993;16.2989774682379;50.8108072513084;24.0386683670015;2875.53724848449;3160.60945115797;403.587982910776;0.0792079207920792;70;70
132;25.3999999999942;0.919999999999618;26.5200000000186;NA;NA;-1282.34592375862;-1382.4889992452;4.8178140923043;5.3860202344658;83.2337192812228;76.5298446842006;2933.15359894082;3103.76281853718;200.286150973142;0.0396039603960396;70;70
133;32.2200000000012;0.889999999999873;33.679999999993;NA;NA;-1467.68432632006;-1569.66765155192;5.03151353986336;5.66198855573456;101.014446804985;91.4600161521083;3392.93972603449;3553.62711073191;203.966650463722;0.128712871287129;86;86
134;31.609999999986;1.05999999999995;32.960000000021;NA;NA;-1281.0693535581;-1396.21101531941;4.68886962230028;6.35322336436128;83.2578637057603;63.8677686542676;2932.45426665272;3076.49403816881;230.283323522623;0.099009900990099;73;73
135;25.3300000000163;0.639999999999873;26.3299999999872;NA;NA;-1260.2204480719;-1372.72514666372;4.81397753024763;5.56307466595286;81.8251252359833;72.8576382201035;2883.24736713446;3068.4955991686;225.009397183632;0.0495049504950495;71;71
136;30.1900000000023;0.700000000000273;31.5400000000081;NA;NA;-1249.41475052517;-1352.71595986457;6.04407587722243;6.84469186718606;60.8137447162993;54.6701863414435;2766.25262004874;2945.8392785566;206.602418678802;0.574257425742574;66;66
137;34.8099999999977;0.970000000000255;36.2400000000198;NA;NA;-1288.50292716608;-1428.57137313372;5.22207460446434;7.42538342693312;76.3574198369855;54.7274322652695;2916.10290616445;3100.18279365411;280.136891935285;0.0594059405940594;72;72
138;32.3800000000047;0.829999999999927;33.4200000000128;NA;NA;-1443.72651999522;-1539.90048864969;4.81422962253052;5.86360300848158;100.288711389493;83.9469868264944;3340.55678541092;3459.07291748939;192.34793730894;0.712871287128713;84;84
139;33.5299999999988;0.4699999999998;34.4700000000012;NA;NA;-1443.35822913735;-1596.35577517976;5.06133632459229;7.90499965164875;93.2368346423622;61.8853686409909;3309.05682499038;3473.03733990854;305.995092084819;0.217821782178218;86;86
140;33;0.900000000000091;34.3199999999779;NA;NA;-1421.32225649147;-1651.51976700469;6.06588153981324;14.2250896319777;74.5716090417568;33.2873041662885;3178.66006075496;3453.03028634821;460.395021026442;0.0495049504950495;82;82
141;25.789999999979;0.740000000000236;27.1600000000035;NA;NA;-1259.67769188844;-1388.87037908868;4.69649510705242;6.03793575757565;83.0428370157865;67.6661442634677;2888.71454441644;3078.70723700946;258.385374400472;0.0198019801980198;73;73
142;31.8099999999977;0.860000000000127;32.9100000000035;NA;NA;-1226.79292989893;-1412.55590877493;4.81206975025885;10.0986852306665;75.3213857930886;37.1210831351669;2785.37139737194;2988.62764235381;371.525957751999;0.0396039603960396;67;67
143;31.859999999986;0.730000000000018;32.9599999999919;NA;NA;-1413.55074502703;-1677.97429385288;6.58512257733714;16.0069137594874;70.6026680059657;29.9780339753729;3145.23320893526;3491.02795151192;528.847097651686;0.0594059405940594;82;82
144;25.9200000000128;0.659999999999854;26.6900000000023;NA;NA;-1238.03979571135;-1463.12018469085;5.01557213552979;12.5278405994319;73.7072210543842;31.8845543472902;2804.91176526059;3068.48786111845;450.160777959007;0.0297029702970297;75;75
145;30.2200000000012;1.08999999999969;31.8699999999953;NA;NA;-1275.50453226229;-1388.52487815384;4.73799523157132;6.47864892781248;81.620684369351;62.151020911193;2916.21982128292;3055.14374137604;226.040691783084;0.178217821782178;77;77
146;35.1699999999837;0.75;36.3299999999872;NA;NA;-1568.75189382169;-1644.81974997043;4.80124200131697;5.00877509826296;116.484467007309;113.028096135794;3669.70790299854;3806.05185482123;152.135712297485;0.396039603960396;93;93
147;39.3600000000151;0.9699999999998;40.5299999999988;NA;NA;-1408.23233721536;-1593.41685656834;5.69910712511064;9.96536762571989;82.1737108147559;47.0116616536635;3184.68010160303;3397.49012509921;370.369038705946;0.237623762376238;78;78
148;27.0800000000163;0.470000000000255;27.7300000000105;NA;NA;-1346.93324729814;-1426.09596224383;4.69400762447263;5.29930078642801;92.4801363516078;84.0991914516148;3108.2643911258;3229.03531391436;158.325429891383;0.752475247524752;78;78
149;45.2200000000012;1.15999999999985;48.2200000000012;NA;NA;-1479.48896650234;-1637.72948900125;5.99308810050779;9.20739573451971;82.3666207788991;52.5131438251628;3330.61657048286;3512.39856634943;316.481044997831;0.247524752475248;83;83
150;29.140000000014;0.75;30.5799999999872;NA;NA;-1345.23000652742;-1434.7944393981;4.90358009474066;5.35734402975047;89.0589095173283;83.6630296086003;3089.52759910249;3244.47785338938;179.128865741366;0.138613861386139;78;78
151;28.0299999999988;0.690000000000055;29.4400000000023;NA;NA;-1326.10513673298;-1409.20332278613;4.91603362613703;5.13313741657513;86.8076700031788;84.2571172371985;3041.19019143643;3195.95769089064;166.196372106293;0.316831683168317;78;78
152;44.3899999999849;1.40999999999985;47.320000000007;NA;NA;-1425.36169687113;-1631.18188516336;5.52821225931478;11.1219424307807;82.8625107536771;41.5108872823985;3223.07424034102;3448.89702743033;411.640376584456;0.237623762376238;80;80
153;41.320000000007;1.15999999999985;43.8899999999849;NA;NA;-1359.26505022743;-1564.68220104285;6.30910160087986;12.2663108470165;67.0189360417467;34.5913766068909;3018.40551240541;3284.14309483407;410.834301630834;0.237623762376238;77;77
154;23.7999999999884;0.609999999999673;25.0599999999977;NA;NA;-1162.92573319963;-1252.10015923618;4.74602391678231;5.36881965181697;70.5413611964919;64.1795722114174;2634.41013473986;2784.93155189814;178.348852073098;0.099009900990099;63;63
155;37.1700000000128;1.01999999999998;39.2099999999919;NA;NA;-1354.98133084036;-1439.61894945191;5.85506798091964;6.21372621151859;74.2951685539473;69.7756231467439;3041.41786283695;3190.52992039122;169.275237223102;0.782178217821782;75;75
156;26.0299999999988;0.800000000000182;27.1699999999837;NA;NA;-1309.53435943593;-1395.30946836485;5.07148769305655;6.02239988845301;79.9203788868503;69.3189856047682;2973.98858022531;3098.45887821494;171.550217857849;0.495049504950495;72;72
157;24.0299999999988;0.480000000000018;24.6600000000035;NA;NA;-1229.33739934353;-1300.34160537936;4.82774484030038;5.13895897422506;74.9198816638965;70.8280506474139;2790.86393735474;2914.72947745769;142.008412071664;0.693069306930693;71;71
158;36.5799999999872;1.08999999999969;38.4199999999837;NA;NA;-1342.22292030515;-1583.45747463101;5.93107785520134;14.7793818554792;68.7120491639981;27.7126369878243;2991.44796182137;3290.73367455296;482.46910865172;0.0891089108910891;76;76
159;25.2400000000198;0.789999999999964;26.140000000014;NA;NA;-1327.99084857285;-1413.10097348107;4.70809815308113;4.91448292151756;88.8521131834286;86.0893581728409;3055.2474117013;3213.05294999404;170.220249816444;0.0792079207920792;80;80
160;35.9700000000012;0.859999999999673;37.0800000000163;NA;NA;-1374.1537722083;-1506.83003685034;5.98312022788405;8.45321298477861;71.7634685895161;52.1465542886954;3068.94326042998;3246.64836287638;265.35252928407;0.534653465346535;76;76
161;29.7099999999919;0.859999999999673;31.1199999999953;NA;NA;-1322.03302953971;-1472.67381332247;4.90403698414023;7.42718344209057;86.8188943482038;59.1196722526519;3030.81103729317;3208.70316150874;301.281567565508;0.0594059405940594;74;74
162;36.5299999999988;0.889999999999873;38.3299999999872;NA;NA;-1299.97463492117;-1574.01790150007;5.01609227594544;14.2264428856176;81.1637464617517;29.1801345834964;2961.50272652658;3278.02214524158;548.0865331578;0.0099009900990099;74;74
163;34.3099999999977;0.710000000000036;35.5299999999988;NA;NA;-1337.89788349906;-1517.0805441306;5.07397057788858;8.53344952874906;85.0023720176008;50.9181606073682;3056.13784389522;3261.99377689694;358.365321263075;0.158415841584158;77;77
164;24.2900000000081;0.610000000000127;25.4500000000116;NA;NA;-1293.93642646414;-1491.92205187968;10.8327814246323;25.3018081584284;33.9057944894078;15.2637134117514;2736.44894745064;3050.73010247368;395.971250831076;0.108910891089109;64;64
165;32.2400000000198;0.949999999999818;33.9199999999837;NA;NA;-1175.5210164547;-1365.69848827506;4.56248321631968;9.85629811689375;73.8446200279449;35.2701670726676;2674.04965898104;2885.67406448126;380.354943640727;0.0198019801980198;63;63
166;35.3999999999942;0.989999999999782;36.9599999999919;NA;NA;-1371.36318164707;-1555.30397337059;4.66051439606852;8.55725508460876;93.2368464823355;53.0360089247998;3161.10890543867;3348.59690793327;367.881583447041;0.0099009900990099;79;79
167;34.5799999999872;1.17000000000007;36.7300000000105;NA;NA;-1372.94614076208;-1436.54451950131;5.44008317126301;6.04904886119051;78.9501967036073;71.0567222608983;3101.15314012552;3192.83076497418;127.196757478467;0.97029702970297;81;81
168;28.5;0.650000000000091;29.7999999999884;NA;NA;-1384.93856293463;-1453.44383923554;4.90327056562474;5.20075457442227;91.6106366236082;87.6785107142329;3180.96236184756;3300.32825039151;137.010552601824;0.752475247524752;79;79
169;29.9100000000035;0.75;31.1300000000047;NA;NA;-1172.880703043;-1340.46567741817;4.95645284413746;10.1409301468441;67.5253359340341;33.7160872519008;2641.12752011689;2828.41066070235;335.169948750342;0.0396039603960396;63;63
170;35.0299999999988;1.05999999999995;36.5499999999884;NA;NA;-1474.09480251184;-1758.65724931356;5.2140420431635;13.1692242386949;98.3398600974218;40.989070794799;3394.21389072934;3703.2220340342;569.124893603432;0.0099009900990099;87;87
171;43.859999999986;1.25;45.609999999986;NA;NA;-1549.81936666516;-1807.31550983966;6.89123824443882;14.7039739213059;76.4604839622004;35.5203152770957;3446.86517375319;3775.93777576082;514.992286348996;0.0693069306930693;88;88
172;27.609999999986;0.559999999999945;28.5299999999988;NA;NA;-1420.36560745485;-1494.21381405753;4.67582179054129;4.8565196450392;101.930731849935;99.0629500127562;3300.02545755074;3434.79980433845;147.696413205377;0.396039603960396;82;82
173;27.9200000000128;0.860000000000127;29.4100000000035;NA;NA;-1156.20881468209;-1294.57653391202;5.0944467958461;7.74121192266292;65.4207440594524;43.580686846493;2598.05456055954;2779.43298330323;276.735438459864;0.0693069306930693;62;62
174;32.25;0.740000000000236;33.7099999999919;NA;NA;-1502.10609366143;-1570.95042304938;4.7821888674101;5.04106188648286;108.765702652961;104.843300047378;3497.5232901351;3617.42173832223;137.688658775914;0.782178217821782;87;87
175;42.9400000000023;1.19000000000005;45.0199999999895;NA;NA;-1508.61681828609;-1702.117646255;4.97943240501269;8.53376884247435;107.485291076742;64.5970100761187;3503.48749724977;3696.46639895335;387.001655937821;0.108910891089109;85;85
176;40.6600000000035;1.13000000000011;42.2399999999907;NA;NA;-1433.5369709626;-1584.65792332039;5.97789376455929;9.20320879200737;77.9689033684882;50.9136117062978;3218.39751011958;3398.72976631314;302.241904715588;0.178217821782178;82;82
177;32.5599999999977;0.730000000000018;34.1300000000047;NA;NA;-1320.94191061744;-1451.56699547658;4.79589076831419;6.91432018836092;86.23221718991;61.875217575226;3027.72882535619;3179.99389735847;261.250169718286;0.297029702970297;77;77
178;20.2000000000116;0.409999999999854;20.9899999999907;NA;NA;-1177.78936208929;-1228.92674726364;4.49341581744636;4.61096915865814;73.9374584901961;72.1692276273473;2680.71222570038;2775.21135561355;102.274770348699;0.97029702970297;66;66
179;29.4700000000012;0.789999999999964;30.9200000000128;NA;NA;-1196.33646760231;-1321.35804004573;4.54871124209517;5.99902867562092;77.4607853087648;60.4208461377426;2735.02159221171;2909.75436853686;250.043144886848;0.0396039603960396;69;69
180;40.5799999999872;0.890000000000327;42.179999999993;NA;NA;-1413.50435330055;-1633.61975648858;5.24293522251295;10.6715400917827;88.1385782376959;43.277792810963;3223.06808165884;3461.71253395513;440.23080637606;0.0891089108910891;80;80
181;40.8699999999953;1.02000000000044;42.140000000014;NA;NA;-1434.74559721536;-1657.79509101145;4.90574735812043;9.88585457421945;99.5726574236917;51.6115897195452;3318.76356210934;3548.46195337969;446.098987592176;0.099009900990099;83;83
182;38.8300000000163;0.869999999999891;40.3099999999977;NA;NA;-1481.2873085714;-1626.30914053427;4.83831819918871;6.78449132368548;105.34654797213;78.7422103613222;3439.76906366645;3609.30149674792;290.043663925753;0.0198019801980198;86;86
183;30.8099999999977;0.859999999999673;32.1600000000035;NA;NA;-1419.96375430567;-1522.13558258894;4.91263450354663;5.62274792187938;96.3117042499591;87.2698143573686;3276.19629280982;3439.58236959917;204.343656566557;0.0198019801980198;86;86
184;21.6900000000023;0.720000000000255;22.7000000000116;NA;NA;-1157.95254270732;-1233.63758647349;4.69513153274257;5.2892848844015;70.0282961803366;64.1817355331683;2622.7709444577;2748.52124751291;151.370087532337;0.613861386138614;64;64
185;40.4499999999825;1.19999999999982;42.4199999999837;NA;NA;-1444.1459217661;-1613.55959267017;5.7817881885234;9.96020027110013;79.8503167912646;46.9643441928806;3249.05505516246;3439.30378677934;338.82734180814;0.217821782178218;84;84
186;43.7300000000105;1.13999999999942;45.4700000000012;NA;NA;-1471.25189604124;-1709.78974803077;5.31743062281047;10.2958108636548;95.7028037857655;50.6162274573622;3377.65518431638;3649.72658660033;477.075703979059;0.0198019801980198;89;89
187;37.0099999999802;0.989999999999782;38.9100000000035;NA;NA;-1361.53006183754;-1565.5410620071;4.90138174475675;8.89141312515442;91.5902746006624;51.8826128621486;3132.87969033352;3363.23024250143;408.022000339105;0.0099009900990099;77;77
188;32.7699999999895;0.649999999999636;34.109999999986;NA;NA;-1273.41213376555;-1440.61875905942;4.81086886612184;8.37343567631538;80.5346954254065;47.7496779353373;2904.47225835201;3093.289929638;334.413250587733;0.0198019801980198;72;72
189;27.3099999999977;0.960000000000036;28.5;NA;NA;-1120.51232951991;-1250.5109838552;4.72181915742627;6.6095216119613;66.2900488286289;48.1174324051566;2529.91815187865;2710.71879792239;259.997308670575;0.0099009900990099;61;61
190;37.2200000000012;1.11000000000058;38.8800000000047;NA;NA;-1522.25184141304;-1709.30914639571;5.17796115307899;8.86865994580153;101.379678691049;61.4809094887316;3505.46727617482;3698.16604167156;374.114609965343;0.207920792079208;89;89
191;27.2399999999907;0.949999999999818;28.7300000000105;NA;NA;-1188.45804031724;-1313.24801576089;4.64248262264605;6.00927996807985;74.8637918706675;59.4276426478595;2706.1230521094;2887.82388800804;249.579950887286;0.0594059405940594;66;66
192;35.7200000000012;0.900000000000546;37.0299999999988;NA;NA;-1320.23461287249;-1503.92283213803;4.79751710713687;7.80898054477534;88.8855297958313;56.1593374836324;3038.18644476147;3259.12993492286;367.376438531087;0.0198019801980198;77;77
193;27.6999999999825;0.809999999999491;28.890000000014;NA;NA;-1195.17110468763;-1329.52228803535;4.76884515595969;7.35862125221431;72.8524369653033;48.891536778816;2709.58352855813;2873.28859244561;268.702366695436;0.0495049504950495;64;64
194;36.0800000000163;0.949999999999818;37.359999999986;NA;NA;-1356.59640931893;-1530.71641647224;5.74029943215396;10.1441150646236;73.7887994602446;42.4262457240101;3043.35990188868;3251.26855200271;348.24001430662;0.188118811881188;77;77
195;31.25;0.699999999999818;32.2900000000081;NA;NA;-1379.86734771061;-1583.50934290849;5.05228217816749;9.90108565768216;87.9612371052086;46.3221839172012;3155.54352076145;3375.45969695843;407.283990395765;0.128712871287129;81;81
196;34.75;0.909999999999854;36.2099999999919;NA;NA;-1509.36804592043;-1596.76155273559;4.89487799908303;5.34878453012971;107.941114029591;101.541615058615;3508.30724066725;3654.06907615947;174.787013630313;0.099009900990099;87;87
197;32.570000000007;0.930000000000291;34.0199999999895;NA;NA;-1232.76053070009;-1434.53330771171;4.79488319998694;10.4921671086366;76.9365065195878;35.510404047651;2806.10610536341;3026.26523374958;403.545554023237;0.0198019801980198;70;70
198;24.0299999999988;0.950000000000728;25.3299999999872;NA;NA;-1064.87838412992;-1150.72854224814;4.60684838351896;5.48533332972104;59.5825999539587;50.5822610822067;2386.33443974461;2519.27703154351;171.700316236442;0.485148514851485;55;55
199;43.1600000000035;1.15999999999985;45.2300000000105;NA;NA;-1482.27753436931;-1696.12476664866;5.50581488249209;9.62641251812765;94.9626309168007;54.5371673544676;3393.02697193832;3638.3215267319;427.694464558705;0.0693069306930693;83;83
200;22.9199999999837;0.699999999999818;23.9200000000128;NA;NA;-1248.2117498603;-1338.1951731877;4.73633346205233;4.85522921904799;81.2756954140978;79.4740229750424;2857.3622108423;3029.32797765764;179.966846654804;0.0891089108910891;72;72
201;36.2999999999884;1.09000000000015;38.140000000014;NA;NA;-1365.72061111223;-1606.73269634011;6.06665401920514;14.1063729438534;72.0163115702309;30.84415458711;3051.25976755294;3350.4417586847;482.024170455764;0.0594059405940594;72;72
202;37.75;1.13000000000011;39.3899999999849;NA;NA;-1426.80540509877;-1561.94203881121;4.73462177232899;6.46060894806956;99.4603266174833;74.8187886353779;3304.14209408782;3462.79513944359;270.273267424879;0.0198019801980198;86;86
203;35.0299999999988;1.11999999999989;36.5;NA;NA;-1361.72119072486;-1475.37368182238;4.88576700945088;6.67631843483;87.267984011519;65.6132584960355;3115.04079319441;3245.17433027492;227.30498219504;0.178217821782178;79;79
204;35.6100000000151;1.02000000000044;37.0400000000081;NA;NA;-1360.34537262548;-1539.68649004741;5.08696116772124;9.57765597898529;85.6323692981554;46.5059450695225;3102.72493056402;3286.85130847072;358.682234843859;0.217821782178218;75;75
205;22.1300000000047;0.630000000000109;23.070000000007;NA;NA;-1148.55010753557;-1263.04906515594;5.01190803636034;7.48725294648247;61.9771594063763;42.8469388806954;2570.10535078979;2714.83595689657;228.997915240734;0.584158415841584;67;67
206;43.6499999999942;1.01999999999953;45.1399999999849;NA;NA;-1439.06431911644;-1661.59626231013;4.81154037063614;9.65386879570024;100.506597693576;52.283665284851;3332.81151309413;3559.71915854807;445.063886387368;0.0099009900990099;85;85
207;19.6900000000023;0.539999999999964;20.6000000000058;NA;NA;-1120.05569944599;-1186.90367966507;4.78492068481937;4.95795530144219;65.5006589961012;63.617986891323;2526.09725087065;2651.57317819565;133.695960438154;0.811881188118812;62;62
208;43.4400000000023;0.980000000000473;45.140000000014;NA;NA;-1501.07628010558;-1675.7865837595;5.08300030698783;7.88834534177177;102.653414443755;67.2580391017154;3468.907706829;3657.38896597303;349.420607307833;0.0594059405940594;89;89
209;27.7300000000105;0.770000000000437;28.890000000014;NA;NA;-1382.44747395021;-1444.1852450083;4.82068873517574;5.11508013795101;91.2608620095492;87.3525405947817;3176.1113469071;3281.97620879352;123.475542116164;0.871287128712871;82;82
210;27.9199999999837;0.579999999999927;28.7900000000081;NA;NA;-1363.83520479886;-1445.71495855309;5.09684379063627;5.49578819639233;87.3815429046158;82.4590810748588;3120.32797188617;3261.96791274153;163.759507508471;0.425742574257426;80;80
211;39.710000000021;1.02999999999975;41.0299999999988;NA;NA;-1441.64397960265;-1644.15018361554;6.09844746585234;10.3624274839577;78.8596042020623;46.0825399969266;3240.04176812769;3496.77366398512;405.012408025792;0.0297029702970297;85;85
212;18.7799999999988;0.630000000000109;19.8500000000058;NA;NA;-1054.99679782245;-1120.23658526019;4.51564892093264;4.73128113099412;60.0657889112616;57.7438602472268;2370.24704216974;2490.66614920898;130.479574875477;0.792079207920792;58;58
213;28.2200000000012;0.8100000000004;29.5499999999884;NA;NA;-1254.13127070293;-1381.72139657827;4.80427793323351;6.58931186410302;80.2642394714431;61.8979652791275;2863.0014519296;3037.00941399976;255.180251750672;0.0297029702970297;69;69
214;31.4199999999837;1.03999999999996;32.7799999999988;NA;NA;-1323.36016005886;-1471.4661675737;8.7060708433533;14.313520332166;41.9910857520454;25.7919768731442;2833.19929507724;3057.47239343226;296.212015029687;0.613861386138614;72;72
215;36.9200000000128;1.17000000000007;38.8099999999977;NA;NA;-1398.28091391982;-1644.2121762382;4.98869097582106;10.5808402893471;94.8300265798325;47.5305188983657;3224.4354195553;3502.88231026291;491.862524636744;0.0099009900990099;83;83
216;24.1499999999942;0.6200000000008;24.9800000000105;NA;NA;-1239.97878595775;-1327.04759350901;4.75136717968992;5.18268793161667;79.4344914610213;74.4899124153019;2831.6007773366;2983.84956816247;174.137615102512;0.099009900990099;70;70
217;33.8699999999953;1.02999999999975;35.2799999999988;NA;NA;-1300.94774504719;-1478.03209271889;5.09422107393401;9.53871366389553;78.7166821050045;42.5621858125245;2952.54821072981;3145.66244913802;354.168695343403;0.128712871287129;74;74
218;37.4899999999907;0.989999999999782;39.0299999999988;NA;NA;-1339.54139810237;-1602.99916397662;5.21389350910773;12.8620513565073;84.3384445922833;34.4705348710736;3055.34435750991;3359.78272998145;526.915531748489;0.0693069306930693;75;75
219;28.140000000014;0.569999999999709;29.179999999993;NA;NA;-1385.55230269606;-1465.40295121115;4.86840586252853;5.44495514781446;91.0310410488283;83.5557877896874;3181.28544385506;3307.30366295678;159.701297030179;0.465346534653465;82;82
220;29.2099999999919;0.670000000000073;30.25;NA;NA;-1264.70194425014;-1329.91834328076;5.08827736957979;5.15465416981387;74.4346780137215;73.810135701259;2858.91375618887;2986.58180991002;130.432798061251;0.910891089108911;70;70
221;41.390000000014;1.11999999999989;43.0299999999988;NA;NA;-1419.8700243173;-1678.60919054001;4.78468672811901;10.0314883358095;101.828776642467;50.1119608657946;3299.80179884591;3583.62389416386;517.478332445419;0.0099009900990099;84;84
222;28.710000000021;1.02000000000044;30.2799999999988;NA;NA;-1253.99127720502;-1355.67082496723;4.74790167261374;5.76022430808132;80.679574272163;68.5051437520105;2863.9681820841;3013.60956368415;203.359095524403;0.207920792079208;68;68
223;21.3800000000047;0.650000000000546;22.3600000000151;NA;NA;-1127.54459416063;-1201.79911354711;4.69647772535754;5.20347785742131;65.6676322358144;60.7996610347243;2543.35556342435;2670.49528577052;148.509038772948;0.633663366336634;65;65
224;30.0500000000175;0.890000000000327;31.2699999999895;NA;NA;-1242.57904525181;-1356.99864439614;4.7049347118483;5.91419658303625;79.8488277065851;64.7997942017898;2839.20180640895;3001.31471834059;228.839198288653;0.0693069306930693;71;71
225;28;0.529999999999745;28.9700000000012;NA;NA;-1359.33027385931;-1443.72989247236;4.74967235151572;5.12296596038126;92.9136073515331;87.8699163132174;3136.17698601159;3282.31190120571;168.799237226102;0.128712871287129;80;80
226;30.7799999999988;1;32.1600000000035;NA;NA;-1451.739657982;-1545.33223842716;6.06272747006971;6.41484312208788;80.5239066364104;77.0352716428478;3266.80361728634;3438.24803825792;187.185160890323;0.732673267326733;83;83
227;45.5299999999988;1.22999999999956;47.2900000000081;NA;NA;-1471.21687452956;-1710.36174392884;4.78374807816291;9.45956366397067;107.453649632265;55.5586147772407;3429.17285774621;3672.39060878945;478.289738798554;0.0099009900990099;86;86
228;37.3399999999965;1.13000000000011;38.7799999999988;NA;NA;-1412.37974121262;-1597.79048474527;7.1057810127573;12.5341492769459;61.5194768778072;35.4431565423261;3100.02763141859;3354.17094117163;370.821487065292;0.118811881188119;77;77
229;26.4799999999814;0.75;27.8999999999942;NA;NA;-1167.52838751929;-1273.83767732911;4.63020072475263;5.76707152268366;71.7505063818075;59.8602458954092;2651.64432871227;2811.79904891466;212.618579619638;0.099009900990099;68;68
230;29.4100000000035;0.960000000000036;31.0299999999988;NA;NA;-1214.49995614701;-1320.26471196604;4.7537878260365;6.05163842441535;76.2963642371631;61.023808376184;2765.64533162397;2909.78715023806;211.529511638068;0.168316831683168;68;68
231;24.9700000000012;0.579999999999927;26.0599999999977;NA;NA;-1302.83249782938;-1374.54780230179;4.80381494651209;5.02091811073616;85.8175423140767;83.066719421305;2988.52529874551;3119.68358133297;143.430608944815;0.683168316831683;75;75
232;39.320000000007;1.11000000000058;40.7799999999988;NA;NA;-1592.90836174278;-1778.02733570164;13.3197761912733;23.0391121697362;35.525929473958;20.0064976121385;3345.2325472305;3645.83000858138;370.237947917715;0.504950495049505;79;79
233;37.2200000000012;0.8799999999992;38.4100000000035;NA;NA;-1349.45471469563;-1538.3395343512;5.3100134846467;9.73168787274845;83.0303923053121;45.1780094862707;3069.33533889914;3278.23303935174;377.76963931115;0.0693069306930693;75;75
234;25.6499999999942;0.759999999999309;26.820000000007;NA;NA;-1274.92251764;-1356.80978038874;4.83695734411372;5.17837176882321;81.2867406035984;77.1901323258406;2912.49194062399;3057.99014819675;163.774525497485;0.277227722772277;75;75
235;29.6700000000128;0.949999999999818;31.0400000000081;NA;NA;-1265.20309481867;-1400.70587876381;10.4334349004412;18.1724414186744;30.9803035802793;17.912369627583;2666.1627050764;2879.90423832582;271.005567890296;0.336633663366337;64;64
236;39.0599999999977;0.920000000000073;40.4800000000105;NA;NA;-1449.08875107697;-1548.21459505863;4.87349253730774;5.8952023221225;101.338962645108;86.4093226595229;3354.18354624562;3485.25469582727;198.251687963333;0.336633663366337;81;81
237;28.4200000000128;0.739999999999782;29.3800000000047;NA;NA;-1346.5758117258;-1469.97645600124;4.63718799873788;4.7817712863739;97.9114699944673;95.3715070439022;3134.9287044843;3370.26966649432;246.801288550882;0.0099009900990099;83;83
238;40.3600000000151;1.25999999999931;42.0299999999988;NA;NA;-1419.01878622681;-1565.16902577225;4.86260376918205;7.41221664718335;95.3223465966277;65.0516327229513;3269.82480517384;3425.00625349546;292.300479090874;0.0495049504950495;86;86
239;25.7400000000198;0.890000000000327;27.070000000007;NA;NA;-1283.28873474853;-1389.13897334657;4.85430151693283;5.72348941394433;82.4517016119081;72.1559041808493;2933.30736933042;3099.21404619514;211.700477196077;0.148514851485149;73;73
240;29.6000000000058;0.899999999999636;30.9100000000035;NA;NA;-1297.13597730443;-1394.92267094959;4.80837332080042;5.80652111995516;84.9674556933726;72.9817410761078;2972.19146271304;3114.45461097749;195.573387290322;0.346534653465347;73;73
241;37.1300000000047;1.17000000000007;39;NA;NA;-1409.93068640878;-1533.51127283105;7.13443814406382;9.4005601416287;61.2122358548528;46.3057048910342;3094.53959085613;3274.81055286133;247.16117284453;0.376237623762376;79;79
242;28.640000000014;0.880000000000109;29.8399999999965;NA;NA;-1153.91638633279;-1276.13032947226;5.21406674567096;8.1112275021954;60.1277133038518;39.1168481103038;2570.84055749871;2723.36371618461;244.427886278932;0.148514851485149;63;63
243;35.2000000000116;0.860000000000582;36.7000000000116;NA;NA;-1391.737935587;-1489.9759608996;5.3438285584637;6.07716270813438;86.3057609970031;75.2993940904133;3170.20676525011;3317.36395158231;196.476050625198;0.425742574257426;78;78
244;24.2399999999907;0.779999999999745;25.2999999999884;NA;NA;-1256.33186632765;-1339.86157809932;5.07807908823315;5.98469660425225;74.3273950291472;65.8213227848422;2842.22583000232;2971.56996690176;167.059423543336;0.534653465346535;71;71
245;36.3099999999977;0.970000000000255;37.4599999999919;NA;NA;-1343.66687514501;-1496.00184352805;4.96710136263317;7.59872517033129;87.1009361235716;57.8134916900542;3076.49653141423;3250.3115791858;304.669936766087;0.0396039603960396;76;76
246;36.140000000014;0.949999999999818;37.6499999999942;NA;NA;-1351.55361852239;-1552.45709653161;6.17573288696672;12.04118796517;69.1773774117017;36.7603103268921;3011.73028739571;3268.91403707888;401.80695601843;0.099009900990099;75;75
247;20.25;0.5;21.0899999999965;NA;NA;-1146.3227583779;-1210.79816827244;4.88068356991871;5.20154314604473;64.5702635996385;61.7954873713924;2574.56912074777;2691.40484496609;128.95081978907;0.732673267326733;62;62
248;30.570000000007;0.6899999999996;31.6399999999849;NA;NA;-1294.62406533964;-1422.18495718414;4.67937194917022;6.73349369357185;84.9794136350262;62.7426754766327;2967.22082549349;3123.43771579615;255.121783689003;0.0396039603960396;73;73
249;33.9400000000023;1.24000000000069;35.7200000000012;NA;NA;-1319.85464816809;-1452.29286594732;4.74887733172734;6.44811528298785;88.5994088270989;66.869662702792;3034.38578575517;3202.46451092435;264.876435558455;0.0594059405940594;74;74
250;36.5599999999977;0.680000000000291;37.820000000007;NA;NA;-1350.88430268942;-1502.73099349804;4.8293884231166;7.3531719321072;89.9449116904677;60.9822782328637;3104.80631356682;3278.71988671626;303.693381617227;0.0396039603960396;78;78
