1;53.9100000000035;1.13999999999987;55.7799999999988;NA;NA;-1755.4918795557;-1878.56829595135;4.83940111795247;5.62789988129147;155.156105975568;137.09426250854;4224.7243470367;4387.79008058615;246.152832791306;0.0594059405940594;99;99
2;54.75;1.27999999999975;56.3300000000017;NA;NA;-1777.88402183321;-1902.88819847959;4.73636284857248;5.6318815048117;161.424553840142;142.741738323665;4299.15558629747;4463.12639458344;250.008353292773;0.0396039603960396;100;100
3;58.1499999999942;1.14000000000033;60.1700000000128;NA;NA;-1786.63372695663;-1894.92416945217;4.73111416443223;5.26654264303907;170.243218878419;157.936720957419;4357.26644985879;4517.17381753016;216.58088499108;0.0396039603960396;100;100
4;49.9199999999983;1.23000000000002;51.5800000000017;NA;NA;-1787.51527451319;-1850.93278521975;4.79083480587662;4.83880410553811;161.155645824466;159.626013951783;4317.17972448087;4436.97053079838;126.835021413123;0.851485148514851;100;100
5;46.7799999999988;0.989999999999782;48.3799999999901;NA;NA;-1744.50005834099;-1829.14296193323;4.75267084960576;4.87198054136929;153.42182663729;150.808270665009;4195.53373859186;4352.78367573338;169.285807184481;0.128712871287129;100;100
6;53.1100000000006;1;54.6800000000076;NA;NA;-1789.18405004936;-1863.85224017133;4.68645917035637;4.86366697574165;167.978950606435;163.772134599598;4351.93975530505;4481.90303189636;149.336380243938;0.326732673267327;100;100
7;56.0299999999988;1.15000000000009;57.8099999999977;NA;NA;-1778.74630786011;-1932.70113736194;4.81927661895199;6.1179180071483;158.090753253164;127.116543274914;4285.5274392821;4450.79558995938;307.909659003653;0.188118811881188;100;100
8;48;0.789999999999964;49.6000000000058;NA;NA;-1744.53558804527;-1820.41213280583;4.79897305484529;4.91590400809952;149.653763305147;146.605807113748;4177.50018979283;4315.23223882483;151.753089521133;0.495049504950495;99;99
9;52.6000000000058;0.970000000000255;53.8899999999994;NA;NA;-1770.91546338444;-1857.65286961469;4.78258302991495;4.92767204682689;163.171708987062;159.640402056301;4293.26441619282;4450.4769592582;173.474812460497;0.0891089108910891;100;100
10;56.6600000000035;0.949999999999818;57.9499999999971;NA;NA;-1807.23823229242;-1913.50331704084;4.76281341079372;5.30532172341996;171.861160934027;159.128866006205;4405.92635904753;4559.82214354355;212.53016949683;0.0792079207920792;100;100
11;52.6599999999889;1.02999999999975;54.3400000000111;NA;NA;-1801.25319235764;-1877.85384446079;4.78940964319449;4.9628125482039;164.218238622684;160.48853288125;4358.75932121594;4494.78469573928;153.201304206305;0.435643564356436;100;100
12;56.070000000007;0.889999999999873;57.5;NA;NA;-1800.76179228693;-1895.32438661979;4.88322324259631;5.30310398282398;162.267864586076;152.39085706122;4348.79471670961;4492.43460479509;189.125188665724;0.158415841584158;100;100
13;50.2199999999866;1.01999999999998;51.5199999999895;NA;NA;-1786.14031581797;-1864.4658583232;4.77915294540911;4.88523732939975;161.993155081933;159.342006794621;4318.2866797534;4462.72877571249;156.651085010453;0.168316831683168;100;100
14;57.8499999999913;1.17999999999984;59.7799999999988;NA;NA;-1777.16784445076;-1891.8091029063;4.80861456752958;5.21230633644604;165.80127596976;156.517407570533;4317.87878179624;4504.40750474457;229.282516911085;0.0099009900990099;100;100
15;52.9100000000035;0.75;54.1100000000006;NA;NA;-1767.95334915402;-1846.6007635797;4.74234217402082;4.79820126003477;167.4996074923;165.606363355513;4307.27089689629;4455.84701429411;157.294828851354;0.108910891089109;100;100
16;52.5;1.18000000000029;54.2200000000012;NA;NA;-1781.7104949414;-1848.29190717721;4.71566101000161;4.75386811334901;162.706579286964;161.143863715289;4312.71247787923;4438.678731191;133.162824471633;0.693069306930693;100;100
17;54.7799999999988;0.970000000000255;56.4000000000087;NA;NA;-1794.26773039491;-1865.39128903796;4.76079227627154;4.82459770725503;171.250284921332;169.283240134433;4377.1721672515;4510.36070853048;142.247117286111;0.356435643564356;100;100
18;55.3300000000017;1.13000000000011;57.1399999999994;NA;NA;-1774.00987676278;-1868.4551321358;4.72132298227135;4.92583104346159;165.402083448198;160.799652838383;4309.72449692152;4477.42003144015;188.890510746032;0.0099009900990099;100;100
19;54.7100000000064;1.11000000000013;56.6100000000006;NA;NA;-1787.32885700311;-1889.40846848265;4.73370042700745;5.14938072601689;165.81407739819;156.950236750905;4338.2597596575;4501.59948793435;204.15922295908;0.0198019801980198;100;100
20;49.9400000000023;0.870000000000346;51.3000000000029;NA;NA;-1792.93381460091;-1848.32003838503;4.83184833527351;4.88145311569956;158.368855698917;156.737563760948;4315.18316185553;4418.4432324264;110.772447568243;0.98019801980198;100;100
21;50.1899999999878;1.19999999999982;51.9499999999971;NA;NA;-1790.7454961097;-1859.28577417587;4.81668294786995;5.12737676309147;157.938656361546;151.401006692111;4308.82538371062;4415.79895049883;137.080556132331;0.831683168316832;100;100
22;57.1900000000023;1.40999999999985;59.1599999999889;NA;NA;-1809.06424691019;-1889.42825861625;4.76827010494489;4.90705292902903;172.491206768472;168.908981626456;4412.47985657565;4556.71112356426;160.728023412115;0.217821782178218;100;100
23;53.6199999999953;0.75;55.1600000000035;NA;NA;-1795.26531957675;-1881.02976581169;4.8694512600508;5.42175494542814;155.458635270288;143.517927198272;4306.44411145463;4422.98401111166;171.528892469867;0.475247524752475;100;100
24;51.5200000000041;1.0300000000002;53.8199999999924;NA;NA;-1768.23599086067;-1838.55473663917;4.70276722668864;4.76269747484783;160.831828846483;159.001476106696;4277.12992488309;4409.338330573;140.637491557013;0.366336633663366;100;100
25;53;1.26999999999998;54.9700000000012;NA;NA;-1778.27901739494;-1857.1087010908;4.92000867793895;4.97374784601637;159.882450399397;158.143031248579;4292.8439286319;4442.49297480934;157.659367391726;0.198019801980198;100;100
26;54.2999999999884;1.23000000000002;56.1100000000006;NA;NA;-1795.0121601723;-1870.53319918035;4.72327237080422;4.84328668184996;170.058767508713;167.229631965034;4373.17388634159;4511.18731369983;151.042078016108;0.168316831683168;100;100
27;52.4499999999971;0.920000000000073;54.2700000000041;NA;NA;-1763.1067900053;-1855.6080129358;4.69109637395636;4.874010323422;162.982968168606;158.860096136222;4276.77788584451;4442.79380434134;185.002445861012;0.0297029702970297;100;100
28;52.1500000000087;0.950000000000273;53.7099999999919;NA;NA;-1771.85171809756;-1849.20345559477;4.87125046648856;4.94284459889044;155.995235496114;153.835416615357;4261.30414160388;4406.07213653407;154.703474994419;0.386138613861386;99;99
29;56.8000000000029;0.970000000000255;58.2099999999919;NA;NA;-1789.25702601702;-1882.73780890316;4.76874143067047;5.06530971528496;169.90093542201;163.458089477257;4360.93677441098;4518.22793812555;186.961565772262;0.0198019801980198;100;100
30;50.9899999999907;0.860000000000127;52.3100000000122;NA;NA;-1778.67479492235;-1848.36676420809;4.79242800299288;4.81170978804078;164.412612407864;163.16755282195;4313.67144971918;4447.32793363934;139.383938571498;0.653465346534653;99;99
31;53.1100000000006;0.890000000000327;54.6600000000035;NA;NA;-1790.56842226138;-1874.33798951852;4.78382338935152;5.01751965688401;162.116488660074;157.322962941512;4327.7108647572;4473.1749975466;167.539134514282;0.158415841584158;100;100
32;54.4600000000064;0.859999999999673;55.6700000000128;NA;NA;-1770.40488121794;-1920.38697755585;4.87151670856564;6.21683345853738;155.988659901093;128.787068326777;4259.16408836463;4433.86032251098;299.964192675814;0.0594059405940594;100;100
33;52.8999999999942;1.01999999999998;54.2099999999919;NA;NA;-1756.78957161289;-1869.45357535315;4.84456339808223;5.14824145596577;158.828933051734;152.062461652452;4245.01341038792;4439.18066551612;225.328007480516;0.0099009900990099;100;100
34;60.7299999999959;1.07999999999993;62.2799999999988;NA;NA;-1806.05668396994;-1945.71225843652;4.84314842342834;6.00242940026853;166.669230842312;139.511848253748;4379.65354073645;4533.9003210433;279.31114893317;0.118811881188119;100;100
35;52.4000000000087;0.859999999999673;53.7799999999988;NA;NA;-1787.28977666762;-1869.2593300776;4.71455811705128;4.95857156188033;163.822832976632;158.679794475496;4329.01157954333;4469.26611879247;163.939106819963;0.168316831683168;100;100
36;49.5499999999884;1.06999999999971;51.2299999999959;NA;NA;-1758.53313843465;-1826.4051249374;4.7747797321838;4.83101526933789;156.271589836704;154.651745266015;4235.93825232113;4364.23070539476;135.743973005513;0.584158415841584;99;99
37;53.8499999999913;1.0300000000002;55.4699999999866;NA;NA;-1764.7593084944;-1840.46230901135;4.68254807876512;4.79132325320686;168.032654218709;165.066408742753;4302.49319416462;4440.25403584996;151.406001033907;0.108910891089109;99;99
38;49.8899999999994;1.21000000000004;51.5599999999977;NA;NA;-1753.49858808167;-1838.24368447366;4.81594537779117;5.22643566601556;152.502733675429;142.638582532488;4208.5318667211;4332.64553376747;169.490192783974;0.554455445544555;99;99
39;51.3899999999994;1.04999999999973;52.7300000000105;NA;NA;-1802.30590253209;-1872.02327934693;4.77058585856731;5.01108954689973;160.22951540397;155.100570145146;4342.49599231786;4458.31108015604;139.434753629674;0.811881188118812;100;100
40;65.6999999999971;1.07999999999993;67.4499999999971;NA;NA;-1809.37302022002;-1949.73967150816;5.27562707144407;6.22831807152047;148.48472520619;128.997188301882;4302.54347003422;4493.53334866044;280.733302576281;0.0792079207920792;100;100
41;51.5500000000029;1.12999999999965;53.1900000000023;NA;NA;-1744.66192944511;-1855.72973848343;4.78553046074975;5.22599588796589;151.513278083355;141.872368804822;4187.06828990101;4364.80588000234;222.135618076649;0.0891089108910891;100;100
42;52.5600000000122;0.940000000000055;54.1100000000006;NA;NA;-1780.58581055502;-1867.60932316338;4.78008013231373;4.90082737667912;163.276246767473;160.118631706723;4313.08652480363;4472.59219528378;174.047025216737;0.0594059405940594;100;100
43;53.2799999999988;1.12999999999965;55.0299999999988;NA;NA;-1794.6309132056;-1895.47424684059;4.82977930295778;5.25364018722658;160.787159688007;151.128372818762;4329.71406049611;4486.92037044303;201.686667269977;0.099009900990099;100;100
44;51.1399999999994;1.20000000000027;52.9100000000035;NA;NA;-1769.11432745739;-1835.69442384864;4.73006286328723;4.7700720718061;162.678890937807;161.106942423315;4286.57514460607;4412.50414626098;133.160192782505;0.722772277227723;99;99
45;50.5899999999965;1.05999999999995;52.4700000000012;NA;NA;-1761.7081845799;-1835.07380932629;4.74617063866045;4.86451227353635;157.617210891271;154.761604171236;4248.478396602;4382.07344106808;146.731249492788;0.594059405940594;99;99
46;54.9799999999959;0.929999999999836;56.3800000000047;NA;NA;-1752.15737999715;-1866.62460130034;4.72272413303359;5.08325570035252;167.12782250393;159.200584193841;4273.12698006519;4465.59497685243;228.934442606384;0.0198019801980198;99;99
47;51.0800000000017;1.21000000000004;52.7399999999907;NA;NA;-1797.36611445753;-1870.59411918459;4.76319185964048;4.85571750451691;164.100155752297;161.596517221422;4350.44137370154;4485.36770163679;146.456009454126;0.435643564356436;100;100
48;55.8600000000006;1.17000000000007;57.8300000000017;NA;NA;-1779.96846078048;-1906.63291729415;4.90239957204423;5.56422663426164;157.797617868683;140.230028541063;4286.62180678976;4459.04898120587;253.328913027348;0.118811881188119;100;100
49;51.7299999999959;1.17000000000007;53.8600000000006;NA;NA;-1781.79658018009;-1857.27611953142;4.70725335820489;4.83436587011125;164.447475128696;161.304593756527;4320.90176998387;4457.38734509331;150.959078702657;0.267326732673267;100;100
50;51.0099999999948;1.00999999999976;52.3899999999994;NA;NA;-1792.81770412736;-1875.8743741487;4.80027166798055;4.93413532108418;162.988124390663;159.993559861214;4336.22345936873;4488.54632012037;166.113340042678;0.138613861386139;100;100
51;58.3000000000029;1.48000000000002;60.7000000000116;NA;NA;-1781.82350048349;-2200.2774184197;4.8963905572854;12.3226787628826;154.420785691452;64.1324819348133;4274.7809993301;4695.89583059903;836.907835872433;0.0198019801980198;100;100
52;53.2799999999988;1.02999999999975;54.9000000000087;NA;NA;-1774.19325018821;-1845.778214555;4.72713518044058;4.78505313498157;162.297326243382;160.394058110184;4295.79330845801;4430.19836352867;143.169928733597;0.524752475247525;100;100
53;60.3000000000029;1.14000000000033;62.1699999999983;NA;NA;-1782.72077051886;-1850.39768614009;4.67485298306542;4.74498272117678;174.513042785939;172.160642497511;4369.1038027416;4493.62443031028;135.353831242459;0.148514851485149;100;100
54;59.7200000000012;1.14999999999964;61.5500000000029;NA;NA;-1823.0721618372;-1892.89511836421;4.86901512987595;4.90169505006966;172.606698389832;171.081993894952;4441.02754500109;4573.65193437286;139.645913054024;0.772277227722772;100;100
55;55.6100000000006;1.21000000000004;57.75;NA;NA;-1789.00403023248;-1862.74462152407;4.75880274442561;4.80929119254465;169.126930359756;167.422620909707;4356.8663578054;4496.49890532151;147.481182583172;0.237623762376238;100;100
56;55;1.13999999999987;56.8800000000047;NA;NA;-1773.14517106764;-1852.64992261635;4.71245155098302;4.8994171149591;161.91133982703;157.451612256419;4291.9196170801;4430.39131573173;159.009503097427;0.316831683168317;100;100
57;62.1600000000035;1.09000000000015;64.7400000000052;NA;NA;-1815.86677559363;-1936.66962449836;5.29852258173996;5.9747961036175;152.479064516218;135.575721525847;4333.9255930847;4497.68851971138;241.605697809468;0.326732673267327;100;100
58;55.5499999999884;1.13999999999987;57.8600000000006;NA;NA;-1776.7790479081;-1855.33521940534;4.80407244885441;4.92695530360763;166.801456392844;163.714820534413;4320.86898444712;4463.78235487487;157.112342994485;0.108910891089109;99;99
59;56.1399999999994;1;58.3199999999924;NA;NA;-1776.99047969196;-1864.10807559344;4.73963113626714;4.77561141651913;166.385316353603;164.938074485859;4320.21365764173;4487.78405434344;174.235191802957;0.0396039603960396;100;100
60;58.5800000000017;0.920000000000073;60.1399999999994;NA;NA;-1819.24830577661;-1885.87910446801;4.82382301282572;5.01169419243223;176.041686702915;171.057833788939;4449.19853864855;4559.50864518054;133.261597382786;0.673267326732673;100;100
61;54.6100000000006;1.02999999999975;56.5299999999988;NA;NA;-1800.00282080152;-1884.03433323241;4.81692075655404;5.10062110811327;171.320853419318;164.744413569032;4388.96732800772;4526.74472814101;168.063024861771;0.0693069306930693;100;100
62;48.4400000000023;1.19000000000005;50.7000000000116;NA;NA;-1748.20743384888;-1827.93571523298;4.78426183644949;4.82930212543441;157.5290936567;155.810352565744;4220.27189614476;4371.83072529505;159.456562768195;0.128712871287129;98;98
63;58.6300000000047;1.29999999999973;60.7299999999959;NA;NA;-1793.27709566989;-2053.77023870314;5.07296930714815;8.27993552137096;155.665887810827;99.9232302111749;4303.42209686157;4567.70395806241;520.986286066502;0.0099009900990099;100;100
64;58.1100000000006;1.17000000000007;60.2699999999895;NA;NA;-1791.72198912709;-1888.48183317867;4.83005645977448;5.17149770138781;167.639458744709;159.82365856697;4355.4522156605;4512.9788138055;193.519688103159;0.0396039603960396;100;100
65;53.6999999999971;1.11000000000013;55.4000000000087;NA;NA;-1779.13454470428;-1856.00728589728;4.76034924536453;4.84784408502609;169.753111829616;167.277818688704;4340.01105898501;4482.3573951969;153.745482386003;0.148514851485149;100;100
66;55.5299999999988;1.0300000000002;57.4899999999907;NA;NA;-1789.43943643228;-1866.85527068401;4.69829718258454;4.77088338784973;166.352017508123;164.237834926323;4344.95822427194;4490.05372218195;154.831668503446;0.425742574257426;100;100
67;63.4500000000116;1.48000000000002;65.6499999999942;NA;NA;-1774.19859761648;-1890.8191179817;4.80927230442543;5.43921274201378;162.085908962945;147.257697816826;4294.8303907579;4459.78499560669;233.241040730439;0.0396039603960396;100;100
68;55.6300000000047;1.36000000000013;58.3500000000058;NA;NA;-1788.80826367818;-1915.78273862189;5.18415030652064;6.37017225335061;144.117748544415;120.667796780915;4241.30328622483;4387.26121738811;253.948949887406;0.415841584158416;100;100
69;58.1699999999983;1.19000000000005;59.9599999999919;NA;NA;-1768.88665897975;-1878.35789813806;4.69628698619114;5.09933450131383;169.641999266072;160.882369387294;4318.15111573728;4496.79802630698;218.942478316622;0.0099009900990099;99;99
70;54.6500000000087;1.07999999999993;57.0899999999965;NA;NA;-1797.36703650241;-1867.68793153348;4.83994342952873;4.98720582086244;158.282661522484;155.079967135377;4323.65266680701;4449.54550416281;140.641790062142;0.683168316831683;100;100
71;57.5500000000029;1.09999999999991;59.3800000000047;NA;NA;-1804.65989406023;-1876.18950530002;4.71875110452577;4.82370334005498;172.103113901216;169.206733862905;4401.88391717406;4531.6048166539;143.059222479565;0.643564356435644;100;100
72;57.6399999999994;1.04999999999973;59.5800000000017;NA;NA;-1793.52009717007;-1864.47569877578;4.7090884949935;4.74050405552277;170.04071471007;168.662284826635;4370.10662412705;4505.66992313582;141.911203211435;0.405940594059406;100;100
73;57.3299999999872;1.28999999999996;59.8699999999953;NA;NA;-1824.99598810465;-1897.77322860128;5.56141703507312;5.561204701472;141.206316104797;141.162452857667;4300.27109320831;4445.62357648363;145.554480993264;0.801980198019802;100;100
74;56.2299999999959;1.3100000000004;58.4199999999983;NA;NA;-1783.77430649021;-1850.67745979151;4.76032041027238;4.81321306099548;164.766410109369;163.100673240301;4326.32597246837;4452.46127730383;133.806306602597;0.663366336633663;100;100
75;57.8199999999924;1.05000000000018;60.1600000000035;NA;NA;-1822.78326740321;-1903.15821413159;5.2745915336136;5.44939786500806;151.057371084705;146.787605864241;4341.21143649945;4482.29833446175;160.749893456751;0.762376237623762;100;100
76;59.4100000000035;1.15000000000009;61.3899999999994;NA;NA;-1780.23477690278;-1860.8241715018;4.66943547654658;4.86439451563407;173.35707832245;168.533053768852;4358.8084024261;4497.77173757345;161.178789198052;0.0495049504950495;100;100
77;54.7699999999895;1.31999999999971;56.9700000000012;NA;NA;-1774.08126960237;-1873.1811708446;4.73679198465783;5.16987592645907;162.697223720596;153.909594437644;4297.41094322585;4455.14221733095;198.199802484459;0.0099009900990099;100;100
78;53.9899999999907;1.10999999999967;56.5200000000041;NA;NA;-1762.85367095534;-1857.9249816134;4.73707587686412;5.03558526709685;159.609942893793;153.446411129342;4260.73829231243;4422.49680090651;190.142621316115;0.0495049504950495;100;100
79;48;0.849999999999909;50.1600000000035;NA;NA;-1744.04990561703;-1817.33879312075;4.79479034236183;4.91624659696566;146.151376883419;143.446489646907;4161.15177469869;4295.27308364808;146.577775007439;0.623762376237624;100;100
80;52.640000000014;0.940000000000055;54.5;NA;NA;-1769.49894537806;-1851.84263143696;4.84611485489814;5.10496515469656;152.21452375577;146.084390932866;4239.97167743056;4376.42874463618;164.687372117803;0.475247524752475;100;100
81;55.9599999999919;1.36000000000013;58.4899999999907;NA;NA;-1790.23584705653;-1884.16061734733;4.92288023154514;5.37958863653519;156.596876522907;147.144202012241;4301.62696109521;4445.94532684245;187.84954058161;0.198019801980198;100;100
82;62.5200000000041;1.15000000000009;64.6499999999942;NA;NA;-1787.50338594001;-1890.76538799075;5.09344719238969;5.39237561490483;155.896576775646;147.7110403375;4292.15363286733;4461.02298230271;206.524004101477;0.475247524752475;99;99
83;60.8999999999942;1.40000000000009;63.2200000000012;NA;NA;-1793.28430157274;-1905.5827322443;4.83013363561592;5.31337948253297;166.811458064147;155.830906722431;4354.7637565037;4528.79331018224;224.596861343118;0.0099009900990099;100;100
84;56.9499999999971;1.15000000000009;59.5299999999988;NA;NA;-1766.45229323504;-1880.2254292421;4.82986107666008;5.22142655102066;159.631502878879;151.004283327853;4268.03482427237;4455.85128202212;227.546272014111;0.0396039603960396;100;100
85;56.2200000000012;1.17999999999984;58.390000000014;NA;NA;-1797.86178112701;-1876.72460522755;4.77592564806661;4.94825483334154;163.607495208766;159.938901755679;4349.16392139363;4489.99507240004;157.72564820108;0.336633663366337;100;100
86;76.75;1.69000000000005;79.8000000000029;NA;NA;-1795.44201680461;-1965.19875806293;5.04344069768928;6.60407347798559;159.8844262444;125.783646317411;4327.17902655374;4509.65261403167;339.51348251664;0.0198019801980198;100;100
87;61;1.13000000000011;63.3000000000029;NA;NA;-1789.69095790264;-1869.58141010566;4.74890710347967;4.9931467091221;171.836626613656;165.526733335661;4370.71882554725;4501.4415975527;159.780904406039;0.108910891089109;100;100
88;55.1699999999983;1.17000000000007;57.6200000000099;NA;NA;-1780.64540779356;-1849.630797972;4.75851046792826;4.85267745972039;159.646787610504;157.228925604381;4296.49144217979;4423.32755651224;137.970780356886;0.554455445544555;100;100
89;52.6699999999983;0.980000000000018;54.4599999999919;NA;NA;-1778.48309145928;-1853.23432407312;4.81317006169013;4.88610262321681;159.104221299773;156.986032540792;4288.86867388324;4428.62716364398;149.502465227677;0.504950495049505;99;99
90;53.2300000000105;1.11999999999989;55.4400000000023;NA;NA;-1779.94532674643;-1863.00345445736;4.78307223947476;4.92163146684996;160.891257830297;157.802576776115;4300.82227723907;4452.71463075619;166.116255421862;0.188118811881188;100;100
91;52.5899999999965;1.30999999999995;55.2100000000064;NA;NA;-1777.82881393011;-1858.46074663212;4.88795163428343;4.99288736468315;156.962820848682;154.502377881872;4278.49813074116;4428.43123755011;161.263865404025;0.257425742574257;100;100
92;56.8100000000122;1.12000000000035;58.6300000000047;NA;NA;-1767.13326991997;-1886.27364764019;5.00336164050199;5.53427313990625;153.650072997608;143.502267892248;4241.07915766465;4432.67853800541;238.28075544044;0.0099009900990099;99;99
93;59.3899999999994;1.07999999999993;61.2900000000081;NA;NA;-1787.70187164354;-1858.08442377104;4.72016286350926;4.77728497819138;169.333986624471;167.509830405242;4355.21556996459;4487.58012438422;140.76510425501;0.247524752475248;100;100
94;52.1699999999983;1.15999999999985;54.25;NA;NA;-1763.5963331456;-1847.71671643377;4.79163487155489;4.98686929811466;156.044575321729;151.929988568994;4245.02034205295;4394.33341287731;168.240766576336;0.178217821782178;99;99
95;61.2099999999919;1.13999999999987;63.6199999999953;NA;NA;-1800.93109129295;-1877.42366877481;4.71029116381141;4.83006481193088;174.678079714447;171.534110625698;4406.28446743252;4544.79110968307;152.985154963717;0.128712871287129;100;100
96;65.0299999999988;1.40999999999985;67.6699999999983;NA;NA;-1789.91892642163;-1902.5938606997;4.68775900949233;5.28542262430148;175.393013673735;162.397599124429;4387.55253024415;4553.05630316326;225.349868556124;0.0198019801980198;100;100
97;61.0099999999948;1.09999999999991;63.1700000000128;NA;NA;-1790.82415726024;-1864.12990787397;4.69266972090832;4.73781317032003;175.812447107126;174.053727791187;4391.29455426383;4529.806853732;146.611501227448;0.0297029702970297;100;100
98;71.0299999999988;1.7199999999998;73.9699999999866;NA;NA;-1790.43340555839;-2026.81846238646;4.78480783623701;7.54235067318783;165.181250368755;111.011955000171;4341.5545805992;4564.86587022796;472.770113656147;0.0198019801980198;100;100
99;53.9100000000035;1.0300000000002;55.9199999999983;NA;NA;-1777.9669547045;-1856.62635542167;4.76313027176252;4.79241811203417;162.711540750491;161.446940174757;4305.24824578934;4456.74334635513;157.318801434343;0.217821782178218;100;100
100;53.9500000000116;1.33999999999969;56.4300000000076;NA;NA;-1779.25550541247;-1859.58066546468;4.7191002075331;4.94977355542968;158.668017156902;153.840305523415;4289.20423290574;4427.62211932909;160.650320104426;0.425742574257426;100;100
101;49.9700000000012;1.17000000000007;52.1199999999953;NA;NA;-1768.97797581995;-1852.21108385475;4.73586675014103;4.90867067055846;160.091967247783;156.311851067595;4273.58956064648;4422.6858826739;166.466216069588;0.237623762376238;98;98
102;52.4100000000035;1.29999999999973;54.5899999999965;NA;NA;-1742.8639206813;-1852.56274550436;4.98303500368827;5.41948716247452;150.091349462853;141.529309182478;4175.4079232816;4355.46240849422;219.397649646115;0.0693069306930693;98;98
103;53.3499999999913;1.01999999999998;55.1100000000006;NA;NA;-1769.37628772106;-1873.99813078004;4.74505114868273;5.09078759356949;160.32323221889;153.329245434872;4277.0683445778;4454.1035312768;209.243686117955;0.0594059405940594;100;100
104;60.0100000000093;1.01999999999998;62.3899999999994;NA;NA;-1806.71143217678;-1874.06185364775;4.78800466801755;4.84270637593354;169.136506719078;167.342119351113;4392.32526245842;4518.76264619131;134.700842941951;0.762376237623762;100;100
105;58.0299999999988;1.16999999999962;60.5800000000017;NA;NA;-1753.52512731425;-1853.89974028635;4.6958100447529;4.81412859091283;167.450318760482;164.511014416039;4278.18747021848;4465.40069942811;200.749225944201;0.0099009900990099;100;100
106;59.4100000000035;1.44000000000005;62.0100000000093;NA;NA;-1779.37613200531;-1853.45043752637;4.73647419458459;4.86144705583848;164.472632938062;161.239523103201;4316.17672962794;4449.43631965053;148.148611042114;0.356435643564356;100;100
107;65.3699999999953;1.07999999999993;67.7900000000081;NA;NA;-1796.49804045805;-1876.68106430265;4.75792707874604;4.80226810637825;171.50967177167;169.805577784115;4382.8273079676;4535.34571283118;160.366047689192;0.0495049504950495;100;100
108;61.6900000000023;0.809999999999945;63.4899999999907;NA;NA;-1783.9906257439;-1862.88803432219;4.79350596205136;5.01758125634796;162.727893929541;157.944953976811;4317.37089704075;4453.13946172565;157.794817156585;0.217821782178218;100;100
109;58.8399999999965;1.36000000000013;61.3000000000029;NA;NA;-1769.5195621343;-1880.7418377003;4.87626154759313;5.40262034261297;154.721086172821;143.648323871253;4251.55605745537;4423.00865375966;222.444551132009;0.0099009900990099;100;100
110;58.6800000000076;1.17000000000007;60.7799999999988;NA;NA;-1811.06211517237;-1892.33748054584;4.72466052621306;5.09944299813489;164.51470727463;156.605587275211;4379.74245544242;4505.87034257063;162.550730746933;0.435643564356436;100;100
111;58.0599999999977;1.28999999999996;59.9900000000052;NA;NA;-1772.4031411068;-1870.04275737635;4.73388975945435;5.10768621240254;161.442597821853;153.813961607985;4288.27692045127;4448.4249849385;195.279232539086;0.0396039603960396;100;100
112;58.7400000000052;1.2800000000002;61.1999999999971;NA;NA;-1781.01121082133;-1874.38303129062;4.75244065143548;5.0241521767476;163.56980251765;157.924406177076;4315.2891995249;4476.03482954779;186.743640938585;0.0792079207920792;100;100
113;59.0399999999936;1.09000000000015;60.8699999999953;NA;NA;-1780.73763466137;-1870.26894318118;4.68778389718356;4.88001472322926;171.633573244269;167.205161090687;4351.87708374186;4510.54610916052;179.062617039602;0.0198019801980198;100;100
114;61.9099999999889;1.10999999999967;64.5299999999988;NA;NA;-1822.35369884687;-1896.14527859558;4.94232776897755;5.02951750070327;170.204189963334;167.159450450416;4428.52665884314;4562.08827471156;147.583159497411;0.554455445544555;100;100
115;56.5100000000093;1.45000000000027;59.5299999999988;NA;NA;-1794.61460504291;-1884.19969344953;4.76737183804136;5.15434192425645;166.893174414955;158.640654529723;4357.80068114649;4498.96659942499;179.170176813238;0.099009900990099;100;100
116;53.8699999999953;1.13999999999987;56.0500000000029;NA;NA;-1791.33239827006;-1873.87890189327;4.86463715435802;5.13854993020433;160.58075492631;154.477947488563;4322.16650157022;4459.1550419535;165.093007246425;0.297029702970297;100;100
117;52.3899999999994;1.21000000000004;54.5200000000041;NA;NA;-1769.57613786587;-1849.29062136175;4.7228327940359;4.83734048821495;162.42996713051;159.5933184979;4287.16991767219;4433.53563495294;159.428966991767;0.148514851485149;100;100
118;50.9700000000012;1.17000000000007;52.8099999999977;NA;NA;-1764.68670527644;-1838.67657180525;4.73192374588494;4.7929812496255;159.916280671203;157.990949926479;4265.81509855402;4404.92835586787;147.979733057622;0.247524752475248;100;100
119;55.2299999999959;1.40000000000009;57.75;NA;NA;-1774.33868349404;-1895.26130025386;4.82853109724481;5.64603335578042;154.723962449582;138.596521965806;4261.20754591883;4428.7831713463;241.845233519646;0.0099009900990099;100;100
120;58.3799999999901;1.2199999999998;60.0800000000017;NA;NA;-1769.19121818802;-1859.76134883662;4.84692709413625;5.12668208519314;155.469803208195;148.979335388166;4254.34733893185;4405.59789133114;181.140261297201;0.0693069306930693;100;100
121;57.8400000000111;1.23000000000002;59.8499999999913;NA;NA;-1789.14084776183;-1876.55310895634;4.77007433434047;4.94034323921078;169.943153413318;165.83277923697;4360.89883893548;4516.79438871431;174.82452238901;0.0396039603960396;100;100
122;61.75;1.51999999999998;64.2200000000012;NA;NA;-1803.3524542718;-1919.79463113616;4.75605591086054;5.44870901975549;169.074156741888;153.87797271652;4385.32017439243;4548.22351450672;232.884353728702;0.108910891089109;100;100
123;54.5099999999948;0.970000000000255;56.3600000000006;NA;NA;-1783.18059739381;-1861.41194988118;4.69882655612801;4.83460299158191;171.579300625649;168.439668535789;4356.51307456154;4498.51723944109;156.462704974748;0.0792079207920792;100;100
124;52.7700000000041;1.05000000000018;55.070000000007;NA;NA;-1763.61014522777;-1861.66439836883;4.72838391601335;5.02286096400856;163.345068822683;157.106792683332;4279.45213142593;4446.83231441916;196.108506282129;0.0198019801980198;100;100
125;54.1100000000006;1.11000000000013;56.0299999999988;NA;NA;-1797.440075693;-1858.21104358519;4.77934608741995;4.88616948906451;162.236455522486;159.671075452513;4342.00663943855;4451.73456340895;121.541935784376;0.940594059405941;100;100
126;52.6200000000099;1.11000000000013;54.5299999999988;NA;NA;-1734.65896801317;-1839.54482118859;4.76690825732851;5.14117669244245;149.70110141433;142.077984335146;4157.2048013007;4331.94775995578;209.77170635084;0.0594059405940594;98;98
127;64.0300000000134;1.35999999999967;66.6500000000087;NA;NA;-1788.4820411216;-1930.53211700527;4.90267759022938;5.88863388251027;164.176034085827;141.382578858332;4333.02265966902;4512.15507098704;284.100151767333;0.0396039603960396;100;100
128;57.9499999999971;1.11000000000013;60.2200000000012;NA;NA;-1795.97196819309;-1868.38690753779;4.83870149239698;4.87682996639613;164.558346557138;163.201768993756;4349.76312780661;4488.34573594615;144.829878689404;0.702970297029703;100;100
129;62.7199999999866;1.26000000000022;64.9799999999959;NA;NA;-1800.31888489911;-1871.61122324808;4.75515363502466;4.81024778349388;174.383627361934;172.315780059462;4403.70405144985;4536.76593940127;142.584676697945;0.237623762376238;100;100
130;60.0499999999884;1.55999999999995;62.2299999999959;NA;NA;-1781.05775396434;-1893.51863118165;4.8116264484779;5.35901343054816;160.343512151162;148.67491729652;4300.52466960382;4471.71055890148;224.921754434628;0.0099009900990099;100;100
131;66.4100000000035;1.49000000000024;68.6699999999983;NA;NA;-1799.89772708492;-1874.72116830374;4.80843626623222;4.92894495816105;177.174970199971;173.773028386981;4415.71634463808;4549.69670606406;149.646882437626;0.0693069306930693;100;100
132;57.9100000000035;1.25;59.6800000000076;NA;NA;-1791.1677402424;-1885.43190979982;4.95587054308086;5.23504438815177;160.767255578915;154.511821586625;4322.69605275994;4482.41705375308;188.528339114846;0.0693069306930693;100;100
133;55.2100000000064;1.26000000000022;57.5599999999977;NA;NA;-1758.21354059019;-1873.29820570194;4.77349759703412;5.39108456470399;155.798268740282;143.136255541269;4233.90462341168;4405.76322795651;230.169330223519;0.0297029702970297;100;100
134;55.6300000000047;1.01999999999998;57.359999999986;NA;NA;-1770.92356608145;-1858.61095449928;4.74226734564241;4.99959728020775;160.120361459552;154.194959399459;4279.22864692607;4427.31593885459;175.374776835651;0.178217821782178;100;100
135;57.8000000000029;1;59.6100000000006;NA;NA;-1779.85547337803;-1871.32841843385;5.02327577304621;5.41137689049465;154.69269043272;145.210247721639;4271.31975598064;4410.64503449586;182.945890111651;0.495049504950495;99;99
136;52.1399999999994;1.28999999999996;54.0800000000017;NA;NA;-1776.95088969729;-1847.35972058818;4.81446816032891;4.85390223037058;157.839320809929;156.277883107737;4280.77871376507;4414.40568919344;140.817661781781;0.514851485148515;100;100
137;57.3199999999924;1.44999999999982;59.5800000000017;NA;NA;-1767.95757650379;-1855.16615434494;4.71783692815111;4.87107431230363;165.870004228131;161.800690312427;4299.7747512287;4455.45202378895;174.417155682285;0.0396039603960396;100;100
138;60.5300000000134;1.02999999999975;62.3000000000029;NA;NA;-1791.05670923182;-1854.60382855195;4.69762249655142;4.74125623956217;172.460721131699;170.681104776956;4376.32438967335;4495.22319213424;127.09423864025;0.821782178217822;100;100
139;53.0499999999884;1.30000000000018;55.5;NA;NA;-1759.71786019047;-1843.38533905298;4.73792684190694;4.90721210601821;159.036543534469;155.30678213096;4251.82606914847;4401.98484085721;167.334957725037;0.118811881188119;100;100
140;68.4400000000023;1.36000000000013;71.4700000000012;NA;NA;-1808.87348988702;-1970.43009580658;4.80210472281949;6.21402981385116;170.976848003226;138.984138848274;4405.12446269271;4580.90580416246;323.113211839126;0.0396039603960396;100;100
141;57.8300000000017;1.26000000000022;60.2000000000116;NA;NA;-1793.73871854596;-1868.52198473861;4.78100462965895;4.92811657699068;161.726387185679;158.118239186079;4332.25497364698;4465.20537043788;149.566532385294;0.514851485148515;100;100
142;62.8300000000017;1.30999999999995;65.8999999999942;NA;NA;-1795.19052056546;-1878.90463816256;4.73591172064763;4.83524796404911;171.710810891297;169.058556700627;4381.13854805936;4536.35270132903;167.428235194207;0.0099009900990099;100;100
143;62.7399999999907;1.30999999999995;66.1500000000087;NA;NA;-1793.9882005664;-1874.2503564044;4.75623080282;5.00851989603346;162.712593472179;156.682390818478;4337.29558547568;4470.0497876754;160.524311676005;0.356435643564356;100;100
144;58.3999999999942;1.07000000000016;60.7699999999895;NA;NA;-1791.18976078584;-1871.56284581361;4.74810134530752;4.96737430774587;162.926635471514;158.302939561125;4332.68440574844;4472.13766924839;160.746170055554;0.386138613861386;100;100
145;60.3799999999901;1.13000000000011;62.2899999999936;NA;NA;-1802.54231952985;-1865.06556016523;4.83701841502219;4.89994801592982;164.320108390945;162.247129373419;4361.80670318;4477.30676328309;125.046481270774;0.841584158415842;100;100
146;58.8899999999994;1.09000000000015;61.0500000000029;NA;NA;-1765.48124262382;-1847.52997799273;4.89677737753412;5.11046782080777;153.63435373812;148.738129525977;4237.70279219912;4379.27692152014;164.097470737815;0.495049504950495;99;99
147;66.5199999999895;1.53999999999996;69.5499999999884;NA;NA;-1797.24033101682;-1986.61577954792;5.13736785064863;7.02822583341061;153.917575652575;117.404932562917;4303.29729252843;4513.90125422253;378.750897062212;0.0693069306930693;100;100
148;63.6100000000006;1.19000000000005;65.9499999999971;NA;NA;-1790.240392969;-1865.53877335424;4.73974161888479;4.97050356314558;169.776554174982;164.739843464396;4362.33071150442;4489.73256227507;150.596760770483;0.267326732673267;100;100
149;60.25;1.47000000000025;62.8099999999977;NA;NA;-1782.53870295667;-1852.72290545084;4.73279801293412;4.84487462710233;165.651983801704;162.76228050739;4327.93298296674;4454.99381249775;140.368404988341;0.485148514851485;100;100
150;58.3600000000006;1.27999999999975;61.3799999999901;NA;NA;-1785.06179938637;-1875.51600717714;4.91028815411342;5.11857240628038;157.81840101895;152.992593534104;4296.90419394552;4455.58894477452;180.908415581534;0.158415841584158;100;100
151;59.0500000000029;1.0300000000002;61.5;NA;NA;-1795.43842662927;-1862.66801619291;4.80239454143396;4.85991865831365;166.180202750213;164.189600368911;4356.16496846528;4481.45708485404;134.45917912728;0.722772277227723;100;100
152;50.4599999999919;1.2800000000002;53.4799999999959;NA;NA;-1742.32910791821;-1819.28472387827;4.83481438211162;5.03141805463803;148.545123461689;144.615836736521;4167.98732548601;4303.82326865283;153.911231920131;0.485148514851485;99;99
153;58.1399999999994;1.17000000000007;60.5999999999913;NA;NA;-1791.42435319305;-1870.60841319808;4.82740393256;5.01774126428999;160.268612306373;155.785838377007;4320.91294152908;4458.63712468911;158.368120010069;0.356435643564356;100;100
154;61.5900000000111;1.38999999999987;65.5599999999977;NA;NA;-1800.38726211334;-1860.81840441997;4.72967524584932;4.75806699377828;171.215246360369;169.766003636198;4389.24987215205;4503.4381473797;120.862284613264;0.900990099009901;100;100
155;61.4000000000087;1.19999999999982;64.0799999999872;NA;NA;-1779.98531607266;-1881.83715369696;4.73633541788131;5.1723041485494;166.961722721741;157.773228944564;4328.85777982469;4490.2468774765;203.703675248599;0.0099009900990099;100;100
156;58.3199999999924;0.7199999999998;60.5699999999924;NA;NA;-1788.55972418806;-1865.70886320276;4.72328174176734;4.87594717876066;168.372099127708;164.710737144729;4352.50161943127;4489.93870241656;154.298278029411;0.257425742574257;100;100
157;54.6700000000128;1.40000000000009;57.8399999999965;NA;NA;-1749.62082439613;-1821.65111184298;4.69173217162673;4.73309742544708;158.522694369229;156.95669703939;4228.46903154453;4365.32579162308;144.060574893708;0.435643564356436;99;99
158;62.2200000000012;1.39000000000033;65.929999999993;NA;NA;-1770.34572552968;-1867.86799955913;4.78612671372737;5.14603934912913;163.271158486091;155.297140878316;4291.76245736225;4450.12536804881;195.044548058899;0.0792079207920792;99;99
159;58.3299999999872;1.01000000000022;61.0800000000017;NA;NA;-1792.14342296799;-1858.55245908338;4.68591735879417;4.69720195763633;171.79822717505;170.752969411167;4375.44691972813;4503.45140206801;132.81807223079;0.544554455445545;100;100
160;53.1100000000006;1.13000000000011;55.1699999999983;NA;NA;-1768.22048526356;-1846.79938553093;4.90184966940959;5.05654713793541;153.810653114416;150.122095563052;4243.99228017617;4384.18218106716;157.157800534728;0.504950495049505;99;99
161;56.1100000000006;1.05000000000018;58.1399999999994;NA;NA;-1765.76846999067;-1851.80658995893;4.7248738442032;4.83216335886991;167.867638403009;165.109706313363;4304.59598354711;4463.97147684941;172.076239936517;0.0099009900990099;100;100
162;61.75;1.27999999999975;64.2300000000105;NA;NA;-1799.41713854875;-1904.8343343059;4.81080342750016;5.34973701292351;164.270205205697;153.141908985944;4355.32652855693;4514.91322209917;210.83439151429;0.0693069306930693;100;100
163;57.7199999999866;1.15999999999985;59.5299999999988;NA;NA;-1769.79383170837;-1862.12451056353;4.75844319000023;5.20281892963329;155.531754662625;143.899262190376;4255.83786296347;4386.92961315186;184.661357710318;0.524752475247525;100;100
164;56.6499999999942;1.25;58.9399999999878;NA;NA;-1797.20943552027;-1908.29433502505;5.03325834780562;5.54118388841305;156.296053280717;145.297635024832;4314.18879579651;4485.70900696103;222.169799009552;0.0891089108910891;100;100
165;57.6500000000087;1.07999999999993;59.6999999999971;NA;NA;-1783.05919107215;-1863.93734650318;4.6621191108844;4.81606874974291;172.006539236219;168.035437414076;4358.23776842993;4501.70647957514;161.756310862069;0.0396039603960396;100;100
166;64.6199999999953;1.02999999999975;66.8899999999994;NA;NA;-1783.46764040595;-1900.46596922243;4.7056356171077;5.26153972061378;171.090273108478;158.684095954768;4354.83510564361;4531.69920612623;233.996657632968;0.0594059405940594;100;100
167;59.4199999999983;1.34999999999991;61.8999999999942;NA;NA;-1815.38711232622;-1928.5059552303;5.46275023558678;5.86670382858027;146.506074223908;137.769865433981;4305.45962973453;4491.46558728475;226.237685808158;0.297029702970297;100;100
168;56.6399999999994;1.01999999999998;58.320000000007;NA;NA;-1792.74136915575;-1868.00283735704;4.75966976256044;4.86074013330871;173.221369566364;170.378797194691;4383.19662501455;4520.62903187958;150.52293640257;0.0792079207920792;100;100
169;61.5300000000134;1.34000000000015;63.5999999999913;NA;NA;-1807.73192350803;-1900.8910326418;4.85832931810979;5.37856788258165;163.304459597985;151.436913684018;4367.5086755956;4499.1748252393;186.318218267547;0.227722772277228;100;100
170;59.1900000000023;1.05000000000018;61.5;NA;NA;-1787.34199151228;-1859.77780584995;4.72429160534339;4.80207445080406;173.310840478705;170.887373345574;4372.80989850563;4506.52104859276;144.871628675337;0.227722772277228;100;100
171;61.9500000000116;1.55000000000018;64.570000000007;NA;NA;-1787.9310816092;-1948.023623828;5.02034873963899;6.28535939789299;156.301053268301;127.276868261313;4295.65511376812;4482.17888673893;320.185084437593;0.0396039603960396;100;100
172;53.3400000000111;0.829999999999927;55.2700000000041;NA;NA;-1761.39429114837;-1842.98363416518;4.73709226955134;4.85904846811816;158.746261587046;155.983004865587;4253.84213329447;4404.29555185819;163.178686033615;0.198019801980198;100;100
173;52.8699999999953;1.21000000000004;55.4700000000012;NA;NA;-1766.01810402084;-1860.86448464956;4.748128049478;4.9036308839459;161.809503260986;158.290945928787;4277.19650826871;4450.68571420221;189.692761257436;0.0198019801980198;100;100
174;58.5699999999924;1.07000000000016;60.4300000000076;NA;NA;-1785.99197507026;-1863.36532771974;4.72103141584314;4.74198681786158;163.985658665557;162.768324167869;4327.16581635676;4476.30648912061;154.746705298977;0.445544554455446;100;100
175;54.5899999999965;1.00999999999976;56.6199999999953;NA;NA;-1782.98266870898;-1872.54148249898;4.80679819802905;5.04620426245374;160.93538325751;155.791302782753;4307.10016626601;4462.52842780934;179.117627580009;0.178217821782178;100;100
176;57.1399999999994;1;58.8999999999942;NA;NA;-1795.53268112581;-1857.99223181841;4.80984787791116;4.90003631665411;163.683217427677;161.058705757279;4344.85443509617;4457.68721358407;124.919101385202;0.811881188118812;100;100
177;56.3300000000017;1.0300000000002;58.3300000000017;NA;NA;-1771.39173321706;-1858.0877075108;4.77044591075348;4.85390608098754;160.352432201246;158.140568295211;4281.23370645797;4444.43964532992;173.39194858748;0.0693069306930693;100;100
178;54.1900000000023;1.10999999999967;55.929999999993;NA;NA;-1764.45359473734;-1849.3609967498;4.72357626070657;4.82687389428434;162.960912334026;160.165450901116;4279.36992443675;4436.31115281476;169.814804024926;0.0792079207920792;100;100
179;58.9700000000012;1.13000000000011;60.9599999999919;NA;NA;-1793.57613049076;-1853.19440605039;4.7051583782739;4.77324038210026;169.430752643477;167.40224257291;4367.40971164478;4477.30462866509;119.236551119262;0.920792079207921;100;100
180;64.5900000000111;1.22000000000025;66.9099999999889;NA;NA;-1793.04912235999;-1927.13528386928;4.82950046696877;5.80096068824324;165.989440549187;144.437593969223;4350.50786752594;4519.43026922148;268.17232301859;0.0099009900990099;100;100
181;58.4799999999959;1;60.3199999999924;NA;NA;-1777.07845171206;-1870.03680372668;4.76425015206226;5.0087957330602;163.131622597182;157.72175098933;4305.40578820052;4466.40911279127;185.916704029246;0.0198019801980198;100;100
182;62.1999999999971;1.21000000000004;64.9400000000023;NA;NA;-1774.78104536615;-1858.24292225834;4.72587943550976;4.82632920434988;172.454285944629;169.70070274929;4343.74342681037;4497.98646135893;166.923753784375;0.0099009900990099;100;100
183;61.8499999999913;1.10999999999967;64.4799999999959;NA;NA;-1794.29467544632;-1878.28213525926;4.70638330378405;4.95563394504183;173.309884730066;167.660552038544;4386.71086498857;4528.66964613274;167.974919625894;0.0297029702970297;100;100
184;58.2299999999959;1.29999999999973;60.5199999999895;NA;NA;-1785.74146062833;-1875.92750590611;4.71582931459035;4.95518149552923;171.895673972736;166.578934346231;4363.09175413623;4518.97935387716;180.372090555567;0.0099009900990099;100;100
185;66.0099999999948;1.55999999999995;69.5800000000017;NA;NA;-1797.32451483113;-2031.60852448588;4.85924698439263;7.2980892391281;167.506154384954;114.693905762526;4366.04337780538;4591.40200430388;468.568019309496;0.0297029702970297;100;100
186;67.3600000000006;1.27999999999975;69.6600000000035;NA;NA;-1801.8589408737;-1926.93518956771;4.78358336760215;5.74443677304234;176.295067301392;152.170336312642;4415.58666962053;4554.64067511419;250.15249738803;0.168316831683168;100;100
187;59.4899999999907;1.04999999999973;61.1399999999994;NA;NA;-1806.76471917069;-1877.92474287823;4.80901171470372;4.85453546708004;167.664266004613;165.893955648347;4385.65191740141;4519.81938434385;142.320047415065;0.663366336633663;100;100
188;60.1600000000035;1.2800000000002;62.9200000000128;NA;NA;-1784.42736709166;-1896.31333905081;4.78063301030749;5.3259968347468;163.44051300251;151.998168349546;4321.52611184508;4492.60411130974;223.771943918295;0.0198019801980198;100;100
189;58.9399999999878;1.17000000000007;61.4800000000105;NA;NA;-1786.24479756431;-1880.17545922754;4.68840747028668;5.09846661787414;165.920919558907;156.971466897478;4336.58366711302;4483.23123786216;187.86132332647;0.0495049504950495;100;100
190;57.7000000000116;1.08999999999969;60.6300000000047;NA;NA;-1795.29768833944;-1874.95477091856;4.71165271184421;4.80433017480875;167.423323534706;164.806837715794;4361.60827465995;4508.87307733286;159.314165158226;0.257425742574257;100;100
191;60.1699999999983;1.28999999999996;62.7699999999895;NA;NA;-1781.58616894525;-1858.90142948671;4.72539133955208;4.84731431260763;167.529827831335;164.695939075678;4334.67570628307;4476.25568735804;154.630521082924;0.207920792079208;100;100
192;62.5800000000017;1.30000000000018;64.3800000000047;NA;NA;-1799.61536551896;-1879.39601482444;4.76364814766842;5.02938563757797;168.33167612422;162.02923558394;4374.42674728258;4504.96423461848;159.561298610962;0.346534653465347;100;100
193;56.5;1.30000000000018;58.2200000000012;NA;NA;-1796.23809299977;-1862.01868991517;4.72541579390763;4.83326622985525;167.426262677193;164.683026060524;4363.50261923196;4482.43074158257;131.561193830802;0.801980198019802;100;100
194;58.570000000007;1.06999999999971;60.3300000000017;NA;NA;-1794.69047844864;-1869.04069738035;4.9225444186815;5.1272850537508;160.27266458015;155.143636025561;4327.46385345065;4452.5442419314;148.700437863428;0.603960396039604;100;100
195;55.25;1.11000000000013;56.9000000000087;NA;NA;-1757.362360131;-1841.79876143138;4.70343441643718;4.78984157756661;158.104196634539;155.74786881561;4242.82145288297;4400.84296486359;168.872802600765;0.108910891089109;100;100
196;62.2200000000012;1.48000000000002;64.8600000000006;NA;NA;-1783.71409096246;-1865.89981907204;4.72864346222968;4.93039654721287;169.47045368866;164.934040968315;4347.86846265781;4491.3489662659;164.371456219159;0.0891089108910891;100;100
197;53.6000000000058;1.05999999999995;55.1000000000058;NA;NA;-1761.89558632653;-1846.06877593413;4.7601144702513;5.11270274371969;154.161656509975;146.992752959301;4233.73183703533;4369.06419535274;168.346379215196;0.415841584158416;100;100
198;56.9400000000023;1.20000000000027;59.1500000000087;NA;NA;-1777.28353912142;-1849.53972615024;4.77568568308224;4.82034084899433;167.419102005243;165.592351685664;4324.71922626056;4460.82828393634;144.512374057635;0.326732673267327;99;99
199;61.7000000000116;1.63999999999987;64.5299999999988;NA;NA;-1772.47029965079;-1902.89032800386;4.93612901192331;5.76193609996989;156.086685331219;137.297263895031;4262.96198721369;4437.3679805079;260.840056706144;0.0594059405940594;99;99
200;56.3600000000006;1.39000000000033;58.4199999999983;NA;NA;-1773.45504982526;-1841.90119540982;4.7406142828176;4.78528649555298;156.646391222774;155.126064468871;4268.29339025226;4398.18431798135;136.89229116912;0.742574257425743;100;100
201;62.3600000000006;1.09999999999991;64.25;NA;NA;-1805.45014724216;-1877.82120462738;4.94163241305632;5.13085560613803;166.640726093966;161.275370086671;4378.30919806365;4498.34293531209;144.742114770444;0.584158415841584;100;100
202;59.1899999999878;0.9699999999998;61.0499999999884;NA;NA;-1796.99592998136;-1868.36956188977;4.77709927615448;4.79619652535273;163.26377070341;161.974278158848;4345.84930925807;4482.65824045361;142.747263816809;0.584158415841584;100;100
203;58.6999999999971;1.17000000000007;61.1600000000035;NA;NA;-1800.84627122295;-1880.37920524535;4.9721892093371;5.27251016539949;155.991809044001;148.988862359742;4319.27748567804;4446.12878342149;159.065868044792;0.643564356435644;99;99
204;59.8399999999965;1.25;62.1399999999994;NA;NA;-1796.66812085216;-1861.60126065289;4.70067363512265;4.78185732760548;167.803072071679;165.617872756997;4366.09794632602;4485.90101119307;129.866279601463;0.673267326732673;100;100
205;53.5299999999988;1.40999999999985;55.7399999999907;NA;NA;-1754.44344206107;-1840.05926866495;4.74707054627086;4.77713743980051;157.010170388996;155.767956832322;4231.94543969445;4397.4564880664;171.231653207774;0.108910891089109;100;100
206;77.4300000000076;1.73000000000002;80.3199999999924;NA;NA;-1764.23333404784;-1947.41142587556;4.73739939364736;6.49292513977153;157.913281741161;123.440847377432;4255.68420514161;4463.28896182677;366.356183655434;0.0099009900990099;100;100
207;65.4499999999971;1.11000000000013;67.6199999999953;NA;NA;-1785.10249311473;-1858.14337692266;4.70854560546054;4.7364650408224;174.732631611531;173.202763920848;4374.87849184613;4513.91495838435;146.081767615858;0.148514851485149;100;100
208;60.3299999999872;1.50999999999976;62.6499999999942;NA;NA;-1798.63054718768;-1878.00972154331;4.73308325858355;4.84396108648739;170.460392444915;167.781607359823;4382.26021155452;4528.68229905725;158.758348711264;0.148514851485149;100;100
209;60.0299999999988;1.11000000000013;61.6399999999994;NA;NA;-1784.65831042268;-1866.83818922858;4.82831902711531;4.95866530419855;163.493190278684;159.865094791167;4322.23058632883;4469.8823467696;164.3597576118;0.158415841584158;100;100
210;61.9499999999971;1.16999999999962;63.8699999999953;NA;NA;-1791.92711676781;-1887.66664636179;5.00246187604996;5.37852630969886;155.083163594343;146.181234927249;4298.038594869;4448.52275756146;191.479059187954;0.198019801980198;100;100
211;58.25;1.11999999999989;60.0599999999977;NA;NA;-1797.45585130111;-1886.15024444593;4.76182174002828;5.23903873421332;162.34176830598;152.502460131898;4342.5231739455;4474.60027158112;177.388786289652;0.316831683168317;100;100
212;53.4000000000087;0.980000000000018;55.3000000000029;NA;NA;-1733.08157183874;-1834.07984077397;4.76744950446095;4.94510507954077;154.270758450848;150.524561737527;4175.83100459769;4360.59449432068;201.996537870455;0.0297029702970297;99;99
213;63;1.5;69.0999999999913;NA;NA;-1794.61331475121;-1872.05629405175;4.70752986705336;4.79757860133478;170.328392540266;167.660829170701;4373.61786465613;4516.21923995846;154.885958601075;0.168316831683168;100;100
214;66.8199999999924;1.15000000000009;73.6199999999953;NA;NA;-1800.33337087622;-1872.98270975836;4.75575643357756;4.82526431200784;172.893699596042;170.768789451335;4396.87165247731;4532.38475739529;145.298677764285;0.247524752475248;100;100
215;57.570000000007;0.929999999999836;59.0400000000081;NA;NA;-1790.26816812239;-1849.98267228363;4.73268718569118;4.82837894672118;159.821094605738;157.374416267255;4316.53967621511;4424.7013143985;119.429008322474;0.920792079207921;100;100
216;62.0199999999895;1.11000000000013;64.0100000000093;NA;NA;-1806.23767584172;-1893.97774301328;4.82933909329387;5.08803015106375;167.337850972276;161.497546770171;4383.09463396829;4531.67917352277;175.480134343115;0.168316831683168;100;100
217;63;1.42999999999984;65.5;NA;NA;-1832.66599830114;-1939.93403588853;5.52677806986179;5.99988494335262;142.776451764054;132.979980997824;4322.84185552727;4492.26351560151;214.536075174785;0.386138613861386;100;100
218;56.0599999999977;1.13999999999987;58.3700000000099;NA;NA;-1767.53360487912;-1864.46235768373;4.91779878145386;5.21828127460693;154.684837911139;148.333393930405;4247.41721353102;4412.02523868219;193.857505609215;0.0198019801980198;100;100
219;61.8799999999901;1.25999999999976;64.3000000000029;NA;NA;-1780.84277401736;-1884.54962953008;4.73236067293741;5.11324430902815;166.185784225805;158.144151099427;4326.99936688644;4497.37998879164;207.41371102545;0.0297029702970297;100;100
220;55.0500000000029;0.930000000000291;56.9700000000012;NA;NA;-1769.03067506063;-1851.24525855256;4.80391793167766;4.8817035066101;158.561443271602;156.443205163247;4268.26378132288;4422.93810132333;164.429166983863;0.118811881188119;100;100
221;57.8600000000006;1.33000000000038;60.3300000000017;NA;NA;-1786.49311773672;-1870.54952924245;4.69530114675189;4.8630857237119;166.967728477174;162.912740198698;4341.90104067868;4491.33995256556;168.112823011443;0.158415841584158;100;100
222;70.4900000000052;1.82999999999993;73.6199999999953;NA;NA;-1878.65963389078;-2113.89078766283;6.30094663960049;9.4163413388293;130.800725154723;87.7226334677545;4359.67886756971;4631.75923160773;470.4623075441;0.128712871287129;100;100
223;57.2799999999988;1.19999999999982;59.4600000000064;NA;NA;-1782.23293472768;-1883.45375370364;4.8384554774318;5.27706242602951;159.853792803743;149.080870878382;4300.61979019229;4453.45028927754;202.441637951903;0.128712871287129;100;100
224;64.8899999999994;1.39000000000033;66.8300000000017;NA;NA;-1784.5063693863;-1959.5462914605;4.72618948280335;6.4551138184037;162.73191347802;128.301821855092;4318.42089503037;4509.94430773602;350.079844148393;0.0198019801980198;100;100
225;62.5899999999965;1.5300000000002;65.1699999999983;NA;NA;-1780.78503099134;-1887.20565540874;4.76405685030873;5.21003507638952;162.260920443486;152.166784654354;4308.80921516002;4475.16525080539;212.841248834799;0.0792079207920792;100;100
226;58.7300000000105;1.0300000000002;60.1399999999994;NA;NA;-1792.71463450153;-1870.60455530545;4.90993623599343;5.00638249527429;159.405382420647;156.805700607549;4319.51818361265;4463.32604804176;155.779841607841;0.396039603960396;100;100
227;63.1399999999994;1.44999999999982;65.3999999999942;NA;NA;-1795.43399165528;-1879.36418607876;4.7168633987323;5.01999414624868;170.381242947785;163.665517126847;4375.50260358528;4512.4359321044;167.860388846972;0.0495049504950495;100;100
228;67.3600000000006;1.32999999999993;69.609999999986;NA;NA;-1811.48025828966;-1950.56419614628;4.77710654840498;5.72971531238434;175.205770384306;152.589972335716;4429.81290676621;4603.83118357374;278.167875713226;0.0297029702970297;100;100
229;66.5;1.48000000000002;68.5899999999965;NA;NA;-1786.11654206881;-2020.39795299686;4.83243589539885;7.5071462792879;161.167402581701;111.160037959612;4314.43640146;4552.70679867862;468.562821856098;0.0099009900990099;100;100
230;53.2799999999988;0.920000000000073;54.8100000000122;NA;NA;-1766.69810270302;-1841.00983321197;4.82973214504116;4.90094093752314;153.74205855935;151.72771864368;4240.63197015432;4379.98917544448;148.623461017915;0.485148514851485;99;99
231;62.7200000000012;1.32000000000016;64.7700000000041;NA;NA;-1787.53051275094;-1868.02325966017;4.68898544737639;4.82578179741394;171.109134750702;167.607052006904;4363.04771140604;4507.90551818389;160.985493818455;0.198019801980198;100;100
232;70.25;1.59999999999991;72.4799999999959;NA;NA;-1866.77135759359;-2065.08876488377;5.79764491039237;8.17923301775987;144.183498738464;103.489931316073;4397.53226488902;4606.76627601428;396.634814580354;0.386138613861386;100;100
233;63.1200000000099;1.53999999999996;65.4800000000105;NA;NA;-1803.44181172997;-1885.6111081184;4.85372396925525;5.00336953915274;173.03991987887;168.997884421867;4403.76190347189;4549.48623507144;164.338592776857;0.0693069306930693;100;100
234;58.3600000000006;1.11000000000013;59.9399999999878;NA;NA;-1780.50318671805;-1850.23435961336;4.72754581586675;4.79508652475716;160.384344767798;158.553668916997;4299.60357626;4430.63534820231;139.462345790623;0.742574257425743;100;100
235;65.8800000000047;1.17000000000007;67.9500000000116;NA;NA;-1816.71780716209;-1924.90087419141;5.03961340926083;5.55421502018985;162.807355427581;150.928003741589;4383.19119359885;4544.85089144429;216.366134058634;0.0495049504950495;100;100
236;62.6600000000035;1.27999999999975;64.5800000000017;NA;NA;-1785.86098031282;-1906.26391192601;4.80960457938323;5.58489256732569;161.887739999316;143.809160735131;4317.24255434748;4474.79348334141;240.80586322637;0.0297029702970297;100;100
237;69.0899999999965;1.57999999999993;71.8500000000058;NA;NA;-1807.03591687196;-2023.03715222024;4.87726971459871;7.32868412416304;162.84913121945;114.401133457563;4364.01979764979;4572.9109934825;432.002470696563;0.0396039603960396;100;100
238;55.3500000000058;1.22000000000025;57.4799999999959;NA;NA;-1820.28933019268;-1880.21938089663;7.01213893246134;6.85120985856032;101.216462457234;103.80289113909;4104.6317666867;4236.35002075973;119.860101407906;0.98019801980198;96;96
239;59.0900000000111;1.08999999999969;61.6000000000058;NA;NA;-1783.48502705189;-1854.18201614634;4.79285255365664;4.84111849240269;165.881192075283;164.249859766366;4330.88117426503;4464.76258954147;141.393978188898;0.386138613861386;100;100
240;58.8000000000029;1.19000000000005;60.9499999999971;NA;NA;-1775.471000246;-1859.40367567735;4.7432000618434;4.89122491107156;165.533957576877;162.187344242492;4313.25404669365;4465.70767360482;167.865350862706;0.0792079207920792;100;100
241;62.7400000000052;1.25;64.6600000000035;NA;NA;-1819.90274160232;-1886.62137641196;4.95548047086501;5.08469746742411;165.246428916222;161.546163557474;4400.79341099062;4517.19032889955;133.437269619281;0.782178217821782;100;100
242;59.8500000000058;1.28999999999996;61.8899999999994;NA;NA;-1791.96809674947;-1858.68207918405;4.70815598117107;4.80232768139695;166.549265121473;164.236004947793;4350.92390373458;4473.69891181946;133.427964869146;0.782178217821782;100;100
243;64.5800000000017;0.950000000000273;66.1100000000006;NA;NA;-1809.16763192849;-1875.69395756778;4.86514738713838;4.88513370840621;173.648301363845;172.434126984232;4418.01524414523;4545.47641577023;133.052651278579;0.475247524752475;100;100
244;61.1699999999983;1.34000000000015;63.1500000000087;NA;NA;-1783.84336624313;-1857.60200935248;4.69546537484321;4.75068127150305;166.162262677331;164.309082540769;4332.05723733119;4471.04962617711;147.517286218696;0.415841584158416;99;99
245;66.3899999999994;1.11000000000013;68.4699999999866;NA;NA;-1798.91763559173;-1903.25577738056;4.74842327016529;5.38195009253629;171.670240525219;157.88233556998;4388.4059446716;4533.58657942215;208.67628357765;0.0693069306930693;100;100
246;57.429999999993;1.19000000000005;59.570000000007;NA;NA;-1753.93757478063;-1897.09737911978;4.98514096958752;6.26719625589826;145.301612172134;121.627832534925;4175.54605894064;4353.08302066457;286.319608678305;0.0594059405940594;98;98
247;59.8099999999977;1.08000000000038;61.5799999999872;NA;NA;-1783.88552896663;-1868.41147881768;4.87827882924994;4.97228067278882;163.692464210603;161.059944680036;4321.60271378684;4478.53141303274;169.051899702099;0.0594059405940594;100;100
248;64.7799999999988;1.26000000000022;66.9199999999983;NA;NA;-1795.12270885085;-1882.08629052331;4.68398673618333;4.89193370039397;178.87406826171;173.983338315935;4413.99094390693;4565.39546351784;173.927163344912;0.0099009900990099;100;100
249;59.9199999999983;1.03999999999996;61.8099999999977;NA;NA;-1791.19219445668;-1873.33830857456;4.75172340903321;4.93332283341901;163.474599713843;159.476583979409;4335.21274168188;4481.09342705433;164.292228235769;0.237623762376238;100;100
250;64.7200000000012;0.849999999999909;66.3099999999977;NA;NA;-1779.16132672885;-1851.86151327433;4.71525417181383;4.75026118375429;173.102649862433;171.537671709049;4355.48981571972;4493.68319807698;145.400373090952;0.128712871287129;100;100
