1;23.1499999999942;1.02000000000044;24.4899999999907;NA;NA;-1154.79506115984;-1226.87917455716;4.81157040100363;5.33591046189365;30.2805204664919;27.2285276304619;2452.29391465471;2582.07893583824;144.168226794634;0.336633663366337;31;31
2;20.5800000000163;0.760000000000218;21.5899999999965;NA;NA;-1047.68601800315;-1114.94097996369;4.57576648489499;4.84009388234144;20.2268232553003;18.7724910042064;2185.74450663248;2313.7565442081;134.509923921092;0.326732673267327;19;19
3;25.1300000000047;1.02999999999975;26.8600000000151;NA;NA;-1203.34160808248;-1287.71112352642;4.95976768140445;5.87275956332656;33.0081092001782;28.494526181119;2562.24138650376;2709.70913790517;168.739030887885;0.0792079207920792;31;31
4;24.8300000000163;0.8100000000004;26.3699999999953;NA;NA;-1246.99987548499;-1329.03401073039;5.02128283298599;5.33700317370293;32.6322213246391;30.3600248429728;2648.80655385449;2802.09555592366;164.0682704908;0.0495049504950495;33;33
5;20.679999999993;1.00999999999931;21.9899999999907;NA;NA;-1047.64874460535;-1128.95898119952;4.83731024817628;5.33515419230915;27.564704594576;24.9349029372634;2224.75046492234;2375.02051915725;162.620473188338;0.0495049504950495;30;30
6;23.6600000000035;0.899999999999636;25.1499999999942;NA;NA;-1021.01480345118;-1087.47963658463;4.7617930005725;5.55307311221302;27.1963675342048;23.388388462462;2169.29175034236;2284.40243478255;132.929666266908;0.584158415841584;29;29
7;20.0100000000093;0.950000000000728;21.3099999999977;NA;NA;-1025.02498581911;-1115.46779346465;4.70866575505814;5.1993455137795;23.323702548953;21.1644020280749;2156.98353121469;2327.96927360144;180.885615291068;0.0495049504950495;24;24
8;23.0500000000175;0.889999999999418;24.1699999999837;NA;NA;-1143.38704024387;-1215.89261422699;5.0415337553479;5.74086386935392;29.4274554064283;26.0786842035019;2425.9247527424;2555.10090044516;145.011147966237;0.465346534653465;32;32
9;23.4500000000116;1.15999999999985;24.7799999999988;NA;NA;-1241.06190799452;-1310.86358966028;4.67958203054061;4.95382824086732;32.8847154731513;30.9718496037878;2634.20840825705;2764.96518673539;139.60336333151;0.267326732673267;26;26
10;22.7000000000116;1.14000000000033;24.0199999999895;NA;NA;-1117.10544557237;-1201.24447512469;4.87967660191306;6.87749677363782;25.3771707052199;18.9894688048235;2351.57473644759;2490.31107609156;168.278059104626;0.188118811881188;26;26
11;28.140000000014;0.979999999999563;29.4799999999814;NA;NA;-1448.31523189793;-1591.97560543977;5.35260038089244;10.8897471739472;45.1664559026698;23.44509180554;3118.40015482637;3299.06785357341;287.320747083678;0.0099009900990099;46;46
12;24.25;1.03999999999996;25.8299999999872;NA;NA;-1216.58262286946;-1293.37682481084;4.93625066734509;6.57708894262232;32.8733154950776;26.2387868307053;2590.54597222948;2712.37162491429;153.588403882748;0.386138613861386;36;36
13;25.9899999999907;0.869999999999891;27.3099999999977;NA;NA;-1307.2002675558;-1382.33711317367;5.27306310203089;6.74694673135897;36.1032600342924;28.6107005000292;2788.68949575779;2902.79275771468;150.27369123574;0.564356435643564;39;39
14;25.2399999999907;0.949999999999818;26.9400000000023;NA;NA;-1247.92772261045;-1342.78899512554;5.00781605754559;5.8002262375781;39.7149355837351;35.1022797353116;2687.57981688276;2855.03470539448;189.722545030179;0.0297029702970297;39;39
15;23.2200000000012;0.949999999999818;24.3099999999977;NA;NA;-1062.97076197302;-1138.15941797823;4.92245532410017;6.00660233861298;29.5159245659838;24.6009422050766;2265.51053148847;2392.64685680146;150.377312010415;0.425742574257426;32;32
16;24.6399999999849;0.890000000000327;26.3399999999965;NA;NA;-1081.87090315067;-1170.3358994265;4.94662288395729;8.16939235761344;26.7366077146091;17.5602407154367;2289.74410930899;2423.42839965785;176.92999255166;0.188118811881188;31;31
17;26.429999999993;1.07999999999993;27.9700000000012;NA;NA;-1437.40799650128;-1504.96106790627;5.18731007876642;6.24400949826867;42.1643855733135;35.8104789450267;3080.90821906264;3184.95756492428;135.106142809975;0.732673267326733;44;44
18;27.0899999999965;0.960000000000036;28.5199999999895;NA;NA;-1386.109231651;-1465.95779231566;5.10154871338162;6.28478365219148;44.0158713741162;36.378124935519;2986.85447997838;3109.30741141014;159.69712132933;0.306930693069307;43;43
19;22.8300000000163;0.930000000000291;23.859999999986;NA;NA;-1154.03081113016;-1242.00303360634;5.25077365791404;6.25519799131076;26.0292592081871;21.9661809364346;2429.40572159202;2586.40876796454;175.944444952354;0.0099009900990099;28;28
20;25.0200000000186;1.0600000000004;27;NA;NA;-1231.54455419467;-1312.56589861726;4.95985311500931;6.09188928629722;33.4333650407824;28.0022906053844;2623.15106745551;2759.19253228678;162.04268884517;0.207920792079208;36;36
21;24.2999999999884;0.960000000000036;25.4400000000023;NA;NA;-1171.03626130498;-1238.09937328921;5.16657852274163;5.57123909455621;31.0511005058076;28.387721793094;2489.84199405936;2611.29343168414;134.126223968465;0.693069306930693;34;34
22;23.2200000000012;1.05000000000018;24.6600000000035;NA;NA;-1052.39378344934;-1121.697507626;4.84194547423861;6.04674390692468;26.3527083429734;21.8382311563414;2228.10190823335;2345.58440147789;138.607448353311;0.554455445544555;29;29
23;24.4300000000221;0.990000000000691;25.960000000021;NA;NA;-1210.599760449;-1286.02000361388;4.94047175235221;5.70649510296269;33.9569635628283;29.904747324573;2583.28990484365;2714.78751663534;150.840486329761;0.297029702970297;35;35
24;27;1;28.2900000000081;NA;NA;-1319.94723148874;-1393.13875797938;5.41620214417456;6.19780523427561;35.996005653897;31.9371292890749;2811.19630552478;2938.26352089198;146.38305298127;0.584158415841584;34;34
25;28.5200000000186;1.14000000000033;30.0199999999895;NA;NA;-1344.21041764376;-1450.56097232179;5.34647251403314;8.67969410709217;40.7472432662284;26.358895788328;2887.58631478792;3029.95966955378;212.701109356056;0.138613861386139;44;44
26;23.5800000000163;1.01999999999953;25.0099999999802;NA;NA;-1243.46512533787;-1310.5506771612;4.82565580116933;5.15610819348683;32.6368284914283;30.4806472339654;2640.20359889935;2764.24856174176;134.171103646661;0.455445544554455;30;30
27;21.9899999999907;0.800000000000182;23.25;NA;NA;-1090.75633535169;-1161.06189321736;4.76264581971325;5.48166691949576;24.960387079554;22.0967505140892;2296.45950111287;2423.88308310942;140.611115731331;0.366336633663366;25;25
28;27.2399999999907;0.970000000000255;28.9500000000116;NA;NA;-1370.30081607742;-1460.25378718388;6.14219891370253;8.30387048065048;35.5073008754812;27.0415324499601;2913.32927918908;3052.05292298949;179.905942212923;0.376237623762376;42;42
29;22.6399999999849;0.840000000000146;24;NA;NA;-1095.69478371828;-1162.70909573392;4.75817892779046;5.04670907993445;26.1558210447491;24.3517261075634;2312.35449967913;2438.03958054797;134.028624031274;0.495049504950495;26;26
30;23.2200000000012;0.880000000000109;24.609999999986;NA;NA;-999.741050308039;-1075.39329794053;4.71793005117836;5.87999043012983;24.4194252212344;19.7353732588769;2113.32142028201;2242.78964037493;151.304495264988;0.336633663366337;28;28
31;24.9500000000116;1;26.640000000014;NA;NA;-1191.08510214093;-1303.45862141769;4.9234465857917;8.17924172342546;33.377672521982;21.689121892991;2541.01162846461;2710.13387690378;224.747038553533;0.0198019801980198;34;34
32;21.7699999999895;1;23.0299999999988;NA;NA;-1118.5411318699;-1199.02977410115;4.95548398288819;4.98912824213097;27.2462391844651;25.7574904678093;2364.57777559201;2518.58863880405;160.977284462487;0.158415841584158;29;29
33;28.7600000000093;1.27000000000044;30.5599999999977;NA;NA;-1356.51264770042;-1478.13333608516;5.98522975146478;8.48334393235709;41.2794668160102;29.755262599658;2917.01365980153;3103.30654012867;243.241376769486;0.0198019801980198;49;49
34;25.2299999999814;1.09000000000015;26.6900000000023;NA;NA;-1234.35512551626;-1319.70267862544;4.96441818567964;6.77622296257559;36.3015973398272;27.2419925370695;2644.4162260542;2771.26128676965;170.695106218355;0.178217821782178;40;40
35;22.7000000000116;0.990000000000691;23.8699999999953;NA;NA;-1126.81819047996;-1219.02335236604;4.90591903401571;6.18183593109677;26.8234801991786;21.6380144690538;2378.19525373912;2538.52608590977;184.410323772165;0.0396039603960396;27;27
36;23.5599999999977;0.890000000000327;24.9700000000012;NA;NA;-1156.1279380071;-1248.32234325462;5.05032365953939;6.86547548021038;32.668324207462;24.952370874342;2469.10274769381;2616.44579071575;184.388810495057;0.099009900990099;37;37
37;21.3099999999977;0.800000000000182;22.4700000000012;NA;NA;-1127.61087675147;-1184.57569019768;4.80695310936766;5.33035012969511;24.2115005800971;21.9685496313014;2366.22565326043;2469.87189018049;113.929626892424;0.930693069306931;24;24
38;24.2200000000012;0.890000000000327;25.289999999979;NA;NA;-1221.52714379627;-1300.92641028909;5.49623429879121;5.88510570420702;28.8749232140089;26.4311360515629;2579.13388538485;2726.41551937509;158.798532985636;0.217821782178218;31;31
39;23.4599999999919;1.1899999999996;25;NA;NA;-1186.11886006478;-1252.44948648491;4.89553967469846;5.50822944300724;28.6432675842798;25.6786727722463;2506.75598460678;2625.49451903443;132.661252840262;0.504950495049505;30;30
40;24.2400000000198;0.890000000000327;25.2299999999814;NA;NA;-1069.03192230597;-1169.23659176777;6.03257835901291;9.49463214155561;23.7749656406523;15.7178580151435;2251.20682663893;2413.2730950807;200.4093389236;0.108910891089109;34;34
41;22.1900000000023;0.850000000000364;23.4800000000105;NA;NA;-1135.63706815446;-1219.25827696328;4.83514033562382;6.0827727619721;31.2181653322602;25.8688969976557;2419.83865465523;2561.62437213763;167.242417617637;0.108910891089109;34;34
42;27.0599999999977;1.03000000000065;28.1900000000023;NA;NA;-1213.36479258837;-1314.90207505181;5.30660963662933;7.81154802297392;38.7920117380824;27.2922326564437;2617.61755217604;2764.10393434364;203.074564926884;0.138613861386139;47;47
43;21.4599999999919;1.06999999999971;22.6699999999837;NA;NA;-966.023955327493;-1044.12589002344;4.61364822717663;5.02978098809427;19.6427941456264;17.9640721188271;2019.27995174216;2168.02875401224;156.203869391899;0.168316831683168;18;18
44;17.2200000000012;0.699999999999818;18.2200000000012;NA;NA;-945.07182459388;-1002.63662650443;4.4818311147476;5.00274907583853;15.2317033140299;13.4225262433404;1957.78639692856;2064.88159345535;115.129603821099;0.861386138613861;18;18
45;25.5899999999965;1.15999999999985;27.0099999999802;NA;NA;-1271.24572702966;-1357.46189846672;4.93787042327179;5.97824200949429;37.4188358366689;31.3143186359553;2723.13137412106;2866.0940802602;172.432342874121;0.099009900990099;39;39
46;24.2200000000012;0.860000000000582;25.429999999993;NA;NA;-1143.64593718042;-1216.91310967316;5.04590170406563;5.33304765184407;30.0574707046145;27.9224156964949;2429.42163709622;2565.86016049001;146.534344985479;0.237623762376238;32;32
47;37.1900000000023;1.27999999999975;38.5899999999965;NA;NA;-1482.88516090299;-1590.2924515295;5.85629467727489;9.38863947934074;43.6153430970277;26.9090068090805;3179.44465801684;3312.41383663479;214.814581253012;0.396039603960396;45;45
48;27.6600000000035;1.11999999999989;28.9500000000116;NA;NA;-1277.86487000813;-1352.2453580021;4.96495509205228;5.9016805104699;34.7703666206115;29.708660586665;2720.6798743669;2845.42818751889;148.760975987935;0.356435643564356;33;33
49;37.9300000000221;1.53000000000065;40.0299999999988;NA;NA;-1553.13247480851;-1651.69507991473;5.2640892303889;7.33381395772385;55.592924188742;41.2621370962872;3382.63706303963;3508.51885561308;197.12521021244;0.227722772277228;52;52
50;20.789999999979;0.829999999999927;21.7399999999907;NA;NA;-1010.4445880383;-1073.25343492182;4.74432595464112;4.87209583290789;22.5967641156755;20.9217356344876;2124.48989799147;2242.42798953799;125.617693767032;0.663366336633663;24;24
51;20.1600000000035;0.970000000000255;21.3699999999953;NA;NA;-984.049328352684;-1058.27356504793;4.50651886765274;5.25466162096742;17.2306595263845;15.0922266338797;2044.61860537567;2183.57047331592;148.448473390483;0.207920792079208;18;18
52;23.6900000000023;0.769999999999527;24.8699999999953;NA;NA;-1318.76049897125;-1377.60036648194;4.86368257021621;5.11793183905727;32.4276923042751;30.6503177098608;2788.69353361074;2898.08744237754;117.679735021372;0.772277227722772;28;28
53;23.9899999999907;0.949999999999818;25.3399999999965;NA;NA;-1215.57124471366;-1294.57036761775;4.92917648075215;6.07445187130831;35.7831767152754;29.613233379282;2602.45415248222;2730.9138455159;157.998245808183;0.306930693069307;36;36
54;20.6600000000035;0.860000000000582;21.640000000014;NA;NA;-973.945416511185;-1064.17699126778;4.84194687011431;5.33266144384966;20.8685399496044;18.9034274727226;2043.12398480479;2214.61938404737;180.463149513197;0.0099009900990099;23;23
55;20.2699999999895;0.729999999999563;21.2200000000012;NA;NA;-1035.22856228059;-1105.85315994879;4.61107558327241;4.79661461114693;24.6919773021151;23.3436195389824;2183.13845386831;2318.23444635375;141.249195336407;0.306930693069307;23;23
56;25.0899999999965;1.1299999999992;26.5499999999884;NA;NA;-1244.36805185902;-1328.66374161847;5.11628553296279;6.53622672041463;35.0018987438875;27.9262373628298;2657.70822831069;2792.14175984528;168.591379518896;0.277227722772277;39;39
57;28.5;1.03999999999996;29.929999999993;NA;NA;-1434.65349908252;-1536.2441245498;5.2638149116098;6.91828233396231;46.8750191803525;36.9479117786467;3100.46331676574;3254.69069756954;203.18125093456;0.0198019801980198;48;48
58;32.1499999999942;1.5600000000004;34.3000000000175;NA;NA;-1302.15889459886;-1369.04774743969;5.21017093257966;6.27715990483532;35.5707162024599;29.5130200442583;2773.59571644319;2878.54537593915;133.777705681673;0.861386138613861;34;34
59;29.7999999999884;1.32999999999993;31.4700000000012;NA;NA;-1246.29429029304;-1339.61585067278;4.96291709872863;6.37716067843289;36.0106589944077;29.0002311360621;2665.96281130792;2818.85404940509;186.643120759476;0.0396039603960396;38;38
60;22.640000000014;1.11000000000058;24.0299999999988;NA;NA;-1135.29838587876;-1222.13930912211;4.89352629430637;5.87562008613356;29.5985854216822;25.2683809750201;2411.45385096455;2564.52863322717;173.681846486688;0.0792079207920792;34;34
61;21.3399999999965;0.779999999999745;22.25;NA;NA;-1187.19984472344;-1250.73673976391;4.82516699338774;5.23125039864063;30.6944499455083;27.9671829685707;2520.01373193239;2634.14940550841;127.073790080935;0.554455445544555;33;33
62;21.0299999999988;0.960000000000036;22.1700000000128;NA;NA;-1033.46620011161;-1129.00766138322;4.90305578742371;5.65955328416385;24.965996046963;21.7786429333477;2183.75778751272;2359.9258730422;191.082922543234;0.0099009900990099;29;29
63;26.4599999999919;1.03000000000065;28.1700000000128;NA;NA;-1317.16830079984;-1400.25321657658;4.96693513593223;6.23321432972716;38.9436745511194;32.2941306124945;2822.83068476291;2956.81557992782;166.169831553472;0.138613861386139;40;40
64;21.9100000000035;0.609999999999673;22.7600000000093;NA;NA;-1135.66947913054;-1209.05080198744;4.88346759740771;5.62646944537138;24.5891257178421;21.4345954384515;2385.52226927434;2517.63637822738;146.762645713783;0.277227722772277;27;27
65;20.9899999999907;0.979999999999563;22.2000000000116;NA;NA;-948.100119869396;-1005.02401860148;4.50766052284594;5.15425361395311;17.3430838937923;14.7905035304481;1973.2194558231;2075.73145281598;113.847797464178;0.851485148514851;18;18
66;21.9800000000105;0.829999999999927;23.0899999999965;NA;NA;-999.751257445503;-1084.44992190719;4.67316207559405;5.44407766349839;21.8299080582332;19.1864889897209;2098.63766127022;2256.03055409613;169.397328923374;0.0297029702970297;22;22
67;22.5499999999884;0.899999999999636;23.8299999999872;NA;NA;-1188.27007065948;-1261.86813073151;4.88784892981791;5.1341294123487;27.0915731745837;25.5639088929477;2501.30144639406;2641.46241253414;147.196120144074;0.138613861386139;25;25
68;26.75;1.09999999999945;28.0899999999965;NA;NA;-1370.91274303464;-1454.82896373213;5.08575813231296;7.0892393195648;41.0939563436112;30.7018829919531;2940.20709850994;3057.87166969877;167.832441394979;0.326732673267327;39;39
69;25.7200000000012;0.960000000000036;27.0899999999965;NA;NA;-1248.36597487539;-1332.0259757026;4.99504419874134;6.16548604327724;37.0437746314354;30.8226646060735;2675.56125693223;2812.84876846371;167.320001654425;0.0792079207920792;39;39
70;23.2399999999907;1.01999999999953;24.75;NA;NA;-1134.00966043067;-1191.45528614411;4.88473135603252;5.3945083449896;31.7330873106256;28.8431967104916;2419.94121433394;2520.99713837513;114.891251426872;0.940594059405941;36;36
71;27.25;1.35999999999967;29.1399999999849;NA;NA;-1342.28686255393;-1455.60126561748;4.96387263700451;7.39015122383426;39.5483361220709;28.0030429751786;2874.98019205303;3046.02389161179;226.628806127102;0.0099009900990099;38;38
72;20.2799999999988;0.869999999999891;21.3699999999953;NA;NA;-1012.66678370188;-1074.65577463844;4.65495448940434;5.17055208795609;22.5567566108745;20.4652954917987;2128.27086111141;2242.70450329039;123.97798187313;0.900990099009901;23;23
73;23.7400000000198;0.830000000000837;24.8600000000151;NA;NA;-1152.58255429107;-1229.59448317856;4.9562084931394;6.38372264637926;34.8007573054395;28.0802725252335;2473.1662202464;2594.74684972931;154.02385777498;0.504950495049505;39;39
74;23.3500000000058;1.01000000000022;24.7699999999895;NA;NA;-1162.7617995278;-1237.4822276022;4.76030956714907;6.67840854179071;28.7459862801578;21.150653167537;2459.53263045631;2573.56530044416;149.440856148801;0.633663366336634;28;28
75;21.4199999999837;0.8100000000004;22.609999999986;NA;NA;-1041.98399073415;-1113.78518215604;4.75964879198139;5.30591486389373;26.3783568381872;23.7545849064255;2207.40234186333;2338.72709831036;143.602382843779;0.287128712871287;29;29
76;23.8800000000047;1.10999999999967;25.4100000000035;NA;NA;-1094.61335510917;-1201.60222803613;4.89987307405572;8.59742864856453;26.1256944169848;15.6328715140182;2311.02037453618;2476.08231627813;213.977745853922;0.0297029702970297;28;28
77;24.6499999999942;1.06999999999971;26.1600000000035;NA;NA;-1136.67381496427;-1221.92555902512;5.67616188798199;7.08504076859808;27.9996628077306;22.5238693511605;2405.74684177981;2550.35749173098;170.503488121704;0.287128712871287;32;32
78;25.3999999999942;0.800000000000182;26.7400000000198;NA;NA;-1334.20776053519;-1397.23732972289;5.02864326095622;5.79016499755934;38.081852614576;33.44446164424;2850.19567642017;2954.11866350227;126.059138375401;0.702970297029703;35;35
79;22.25;1.05000000000018;23.6600000000035;NA;NA;-1127.45912806935;-1215.43821468044;4.99329459654542;5.40119275437018;29.6807556800768;27.1476376826123;2393.80579624915;2557.91054729876;175.958173222192;0.0792079207920792;29;29
80;27.4700000000012;0.8700000000008;28.5299999999988;NA;NA;-1630.03294970773;-1691.91066482293;5.16173500123342;5.57495503096773;58.4068501453481;54.8318795100297;3548.08951405581;3654.21557440827;123.755430230398;0.712871287128713;48;48
81;25.5299999999988;1.09000000000015;26.8099999999977;NA;NA;-1156.50767419234;-1265.60283053947;4.74527801411623;6.04874891950759;27.603302870275;22.2330690884853;2438.98245189499;2632.66581345213;218.190312694265;0.0099009900990099;23;23
82;24.4400000000023;0.770000000000437;25.5;NA;NA;-1268.44645604292;-1340.44564832694;4.93058826588627;5.51957766630078;35.5602310748179;32.2360206133162;2707.13722472795;2835.22097916029;143.998384568046;0.277227722772277;36;36
83;27.1699999999837;0.899999999999636;28.5;NA;NA;-1253.80448275437;-1393.01619955159;5.79065571845164;8.53076734270515;32.3683044734757;22.6182293571617;2662.57195590336;2894.31698538695;278.423433594445;0.0099009900990099;36;36
84;24.9900000000198;0.890000000000327;26.5899999999965;NA;NA;-1425.93069166373;-1494.64574495451;5.0876330527866;5.34333127862635;44.8973756043439;43.052768302943;3069.17240362852;3197.67429359772;137.430106581555;0.396039603960396;40;40
85;24.8300000000163;0.829999999999927;25.8399999999965;NA;NA;-1190.86000125229;-1273.00525509829;5.02796650699943;5.66956288725783;28.7213496390327;25.2938657068458;2515.61418196102;2663.92632671157;164.290507691987;0.128712871287129;28;28
86;14.5;0.719999999999345;15.460000000021;NA;NA;-711.566053785316;-786.619652008615;4.32978315158212;4.65652609545613;11.4346890869358;10.2577639484087;1472.4757747298;1617.50423209873;150.107196446598;0.0792079207920792;14;14
87;24.4100000000035;1.20000000000073;25.8800000000047;NA;NA;-1233.59875179809;-1332.17692676934;4.93886402537507;6.66036902245471;39.7198563084193;30.8849914283026;2659.44843996848;2813.84252428906;197.156349942501;0.0594059405940594;40;40
88;22.6499999999942;1.13000000000011;24.1700000000128;NA;NA;-1075.35945855637;-1169.06397111278;4.81786558514389;5.33543956723153;26.9690584133241;24.3151831127827;2276.91739475583;2451.90792836441;187.409025112808;0.0099009900990099;29;29
89;20.7299999999814;0.799999999999272;21.8299999999872;NA;NA;-1035.33985509175;-1105.87769449038;4.57236585433355;5.09721046615658;22.562012790379;20.103748672261;2172.61473714624;2302.58399465519;141.075678797246;0.316831683168317;21;21
90;21.8899999999849;0.970000000000255;23.3099999999977;NA;NA;-953.012870055088;-1045.99175468989;4.92108314632151;6.83268057118353;23.7230078306322;17.5951837591465;2016.18710218453;2173.68939687492;185.957769269595;0.0792079207920792;27;27
91;20.1999999999825;0.849999999999454;21.3299999999872;NA;NA;-964.592087881198;-1029.62865987855;4.60997195008168;5.19739366024926;19.665742629972;17.5568168956384;2017.55412558242;2138.15060424982;130.073143994714;0.673267326732673;20;20
92;27.3800000000047;1.13000000000011;29.359999999986;NA;NA;-1424.10597083806;-1525.74085728749;5.1626531369117;7.88996650530564;43.1450314921244;29.7450561353242;3057.57399684369;3195.82014401159;203.269772898863;0.168316831683168;41;41
93;32.1900000000023;1.23999999999978;33.7000000000116;NA;NA;-1193.51008114977;-1282.65045360266;4.92087119038124;7.32527661306348;30.9988848298317;21.3872404419602;2534.07843963071;2666.76167760166;178.28074490578;0.138613861386139;33;33
94;23.3800000000047;1.10999999999967;25.2099999999919;NA;NA;-1156.48548694388;-1231.91565818959;4.92771126273684;5.261712029059;29.5314141943856;27.6223796815744;2451.66026879093;2593.55515338775;150.860342491409;0.198019801980198;30;30
95;25.0299999999988;0.920000000000073;26.4200000000128;NA;NA;-1244.9177125447;-1316.00234299978;4.79243189967016;5.56989555984083;33.0821008365719;28.659859607928;2644.63915233957;2766.11506525545;142.169260910175;0.336633663366337;29;29
96;21.7799999999988;0.670000000000073;22.5299999999988;NA;NA;-1089.45593822752;-1163.35886232797;4.67946018352294;4.83527266909414;25.645969849719;24.450928181125;2296.49247237737;2438.81934230727;147.805848200898;0.118811881188119;24;24
97;21.4100000000035;0.920000000000073;22.6999999999825;NA;NA;-1096.79043711325;-1161.09647060907;4.61090462455032;4.74671662334217;24.4033566258179;23.2670506383773;2304.40270292093;2427.85451636977;128.612066991642;0.475247524752475;22;22
98;26.8800000000047;0.680000000000291;28.1199999999953;NA;NA;-1379.61937731884;-1467.93911936654;5.06723931711184;6.49459255398;42.5908788055294;34.2690255736573;2964.84677986787;3101.31240849827;176.639484095401;0.118811881188119;39;39
99;24.8399999999965;1.32999999999993;26.3099999999977;NA;NA;-1192.53136315802;-1261.60456159554;4.89807323096757;5.81803860637631;31.5510023049563;26.8448571343234;2531.57456046202;2647.86726299029;138.146396875039;0.732673267326733;27;27
100;22.0899999999965;0.919999999999163;23.2599999999802;NA;NA;-1071.37654906131;-1135.13485932657;4.74074361050253;5.08870079995164;25.118512769;22.8098809933613;2258.42812424278;2375.3131025497;127.516620530511;0.712871287128713;25;25
101;24.7600000000093;1.11000000000058;26.1600000000035;NA;NA;-1181.1900096397;-1241.25003564753;6.05506154617786;6.19744817466665;26.0022447248729;25.2811992752276;2487.22176860955;2603.87994353602;120.120052015649;0.900990099009901;37;37
102;23.7600000000093;0.75;24.8000000000175;NA;NA;-1161.77431973427;-1246.63511277769;5.04785004769747;5.96958747400586;33.5068973869174;28.9429681862727;2484.42166134297;2632.23095057789;169.721586086824;0.108910891089109;37;37
103;23.4800000000105;1.01999999999953;24.8600000000151;NA;NA;-1094.13548641413;-1162.93597717714;4.68155302562504;5.20093567753257;24.4514746073454;21.7852072053611;2299.85477304661;2425.28829825805;137.600981526005;0.306930693069307;23;23
104;26.179999999993;0.909999999999854;27.570000000007;NA;NA;-1298.22210715092;-1403.1820210151;5.1509547590908;6.67738895253109;41.9562268260393;32.833869441792;2800.54309423391;2966.08660251427;209.919827728354;0.0099009900990099;42;42
105;25.5799999999872;1.05000000000018;27.140000000014;NA;NA;-1311.40909964869;-1388.95500033561;4.97999413666713;5.62639321193975;35.9327508525422;32.4968708770587;2792.72981306191;2931.57471161078;155.091801373852;0.198019801980198;32;32
106;25.5299999999988;0.979999999999563;26.9700000000012;NA;NA;-1211.9917024764;-1301.97251202251;5.05999375542788;6.30472446555224;33.5779512342813;27.66743732896;2585.19756993603;2736.78168150197;179.961619092228;0.0297029702970297;37;37
107;24.3300000000163;0.989999999999782;25.609999999986;NA;NA;-1245.25095758116;-1315.87756564191;4.79865679859875;5.55669927701745;31.1946788159272;27.5346525786427;2635.35910748669;2759.61644018542;141.253216121513;0.415841584158416;27;27
108;23.0299999999988;0.829999999999927;24.0599999999977;NA;NA;-1279.22045030462;-1340.30708595781;5.02006824208764;5.25926338350567;33.7894167705051;31.690876838312;2717.68115935168;2829.96458721821;122.173271306369;0.722772277227723;31;31
109;22.7599999999802;1.17000000000007;24.1399999999849;NA;NA;-1098.33633008562;-1192.54447769087;4.80080841384724;6.12958535131605;27.0438874463289;21.4280330158893;2322.25502721942;2484.59325603609;188.416295210496;0.0198019801980198;27;27
110;28.1600000000035;1.26999999999953;29.7900000000081;NA;NA;-1462.42913566378;-1575.32893005175;5.55340337837104;8.21388091981174;46.0856116983758;32.2829584312618;3150.63461032403;3308.81412402139;225.799588775943;0.0396039603960396;45;45
111;21.75;1.17000000000007;23.1600000000035;NA;NA;-1095.62898875159;-1153.58049698811;4.56862452252496;4.79002898041268;24.0649995790266;22.5948530837058;2299.98348899621;2409.24439317049;115.903016473038;0.792079207920792;21;21
112;30.8600000000151;1.25999999999931;32.8800000000047;NA;NA;-1534.63277828517;-1669.78124893576;5.37072970445875;10.4184497978399;52.3055566341511;28.7035901614053;3331.69602419772;3483.57581258164;270.296941301174;0.0198019801980198;57;57
113;24.859999999986;1.05999999999949;26.4499999999825;NA;NA;-1238.82965200057;-1318.85414794284;4.94281281449618;5.60488896998378;36.28055999529;31.8541775961273;2651.84921046553;2790.64629399513;160.048991884545;0.168316831683168;37;37
114;33.6100000000151;1.47000000000025;35.609999999986;NA;NA;-1143.31060854055;-1259.01443651562;5.24055986969119;8.67675202953964;27.4969919427917;16.9786692102144;2412.6883035532;2595.87198270514;231.407655950134;0.0099009900990099;24;24
115;22.25;0.940000000000509;23.6199999999953;NA;NA;-1086.59254466642;-1193.06040585033;4.80291548364995;7.14608055422738;28.5177264160615;20.0935447273553;2305.07331558003;2479.04904638689;212.935722367815;0.0099009900990099;26;26
116;25.5299999999988;0.859999999999673;26.859999999986;NA;NA;-1278.70720221355;-1351.42509532125;4.99458127110668;5.37499611964959;39.958897487441;37.1166675747691;2749.26471259933;2881.0544094847;145.435786215386;0.257425742574257;37;37
117;25.039999999979;0.890000000000327;26.1600000000035;NA;NA;-1209.34947721784;-1305.97587329579;5.01732306781321;7.87448077084615;33.8056780602426;22.7722251221404;2579.0726197092;2719.98286499611;193.252792155896;0.188118811881188;33;33
118;23.2300000000105;1.03999999999996;24.6199999999953;NA;NA;-1165.55600574967;-1236.53823812122;4.76437408900919;4.98375453274226;32.5042367233244;30.9292359981004;2483.76266489679;2618.33040496508;141.964464743095;0.277227722772277;30;30
119;22.1600000000035;1.26000000000022;23.6699999999837;NA;NA;-1125.81498897205;-1194.9315385522;4.84803237411237;5.12674509637109;26.604402004795;25.1639893627051;2376.12208961348;2507.61495039306;138.233099160305;0.465346534653465;29;29
120;23.3099999999977;1.14999999999964;24.6199999999953;NA;NA;-1155.49209929804;-1229.09732657763;4.82417187748482;5.30174044527162;28.7149965845167;26.0876445199306;2445.35258472787;2580.26866008769;147.210454559191;0.316831683168317;29;29
121;24.1800000000221;0.880000000000109;25.2000000000116;NA;NA;-1198.78551911615;-1274.84687199927;4.79443534239009;6.06664794664997;31.16489434944;25.2116210772403;2543.93169656736;2668.09586072592;152.122705766235;0.445544554455446;30;30
122;27.9499999999825;1.30999999999949;29.4700000000012;NA;NA;-1377.92154642761;-1500.3282059315;5.21131231716993;7.77516150099182;45.231802118023;31.2729191424399;2979.3624850527;3155.19599577611;244.813319007787;0.0297029702970297;49;49
123;27.1399999999849;1.08999999999924;28.4100000000035;NA;NA;-1436.21694687374;-1517.50928899649;5.05575468833984;5.92346969780184;45.7623714832553;40.2963944318833;3095.58642537285;3231.51718900005;162.584684245495;0.178217821782178;43;43
124;22.679999999993;0.930000000000291;23.9100000000035;NA;NA;-1153.75140641736;-1235.27139523163;4.73580782659077;5.10587346191787;29.4856060094076;27.0683856164101;2444.42366801355;2596.23891845625;163.039977628547;0.0792079207920792;27;27
125;24.0500000000175;0.979999999999563;25.4400000000023;NA;NA;-1102.73953600026;-1176.70750280705;5.02184152544569;5.62625014792904;28.1966255786149;24.8907235457457;2339.66434693561;2471.86778192263;147.935933613574;0.346534653465347;34;34
126;21.2799999999988;0.9399999999996;22.5100000000093;NA;NA;-1123.09846997284;-1202.85231290442;4.75278761094196;5.22749797198551;25.6806357126041;23.6511610532323;2365.44884211733;2515.53235654455;159.50768586315;0.0396039603960396;27;27
127;23.7699999999895;0.970000000000255;25.0299999999988;NA;NA;-1248.71166484012;-1331.42032576747;4.97178937401515;5.23503364790937;34.8240576467388;32.6533041977339;2664.14321811417;2819.16807575613;165.417321854688;0.0495049504950495;36;36
128;20.2999999999884;0.75;21.4199999999837;NA;NA;-962.259830592463;-1051.85056393504;4.60801856713214;5.15418889705265;20.0802836218131;18.0368037708103;2015.24225191414;2185.19128993057;179.181466685148;0.0396039603960396;21;21
129;22.7000000000116;1.11999999999989;24.1000000000058;NA;NA;-1119.11255003119;-1193.95026438462;4.74499936121371;5.57071384092629;26.343540263087;22.7527828308079;2360.55529941824;2493.55650483764;149.675428706873;0.306930693069307;27;27
130;20.4100000000035;1.02999999999975;21.7799999999988;NA;NA;-988.895857094475;-1064.46836385908;4.75286789247819;5.22217902337884;25.038416266661;22.5773838200155;2094.06137357668;2233.77821204616;151.145013529208;0.297029702970297;27;27
131;22.6700000000128;1.05000000000018;24.1499999999942;NA;NA;-1082.64723710758;-1156.53410868254;4.96292593228526;5.47391055434435;28.4610020754447;25.7777718826669;2300.31307115212;2435.35760768706;147.773743149921;0.237623762376238;33;33
132;28.2900000000081;0.880000000000109;29.5499999999884;NA;NA;-1376.09192636755;-1485.47583349899;5.62873941414057;7.93674672494132;42.3053834876724;30.9909972655916;2961.66927212281;3124.41114482822;218.767814262889;0.0396039603960396;50;50
133;22.8099999999977;0.690000000000509;23.7799999999988;NA;NA;-1154.68235885693;-1219.58864368274;4.79923613720038;5.16361084447324;31.5017618025301;29.412738764818;2457.30741709976;2577.30924317406;129.81256965162;0.504950495049505;30;30
134;24.1399999999849;1.11999999999989;25.4199999999837;NA;NA;-1399.32829280045;-1479.65018360298;5.04734074257418;6.29384456160558;43.3883262187918;35.6408976331022;3008.66354731848;3131.80844200634;160.643781605043;0.326732673267327;40;40
135;24.25;0.960000000000036;25.4700000000012;NA;NA;-1198.30964520009;-1291.40807935484;4.95625375054801;6.35751679405585;33.665248351649;26.7298398189096;2556.82926280375;2710.02112850548;186.19686830951;0.0594059405940594;34;34
136;25.6700000000128;0.989999999999782;27.1900000000023;NA;NA;-1206.95730742507;-1302.5887896791;5.65155047422028;9.27469730401017;31.4247151719826;19.8943701175119;2566.40362051149;2701.71537455779;191.262964508065;0.435643564356436;41;41
137;22.9800000000105;1.05999999999949;24.4100000000035;NA;NA;-1187.79643082353;-1277.52450443869;5.00932523138659;5.76052537497047;32.4298638684911;28.2678837629352;2530.39377828446;2689.98310344056;179.456147230326;0.0792079207920792;35;35
138;25.0599999999977;1.16000000000076;26.5599999999977;NA;NA;-1302.40148534903;-1395.89289396426;5.01997536423457;5.60262637746259;40.3443037238318;36.0020423050678;2798.50368791238;2964.63847770124;186.982817230461;0.0099009900990099;37;37
139;24.0799999999872;0.8100000000004;25.1300000000047;NA;NA;-1257.24137684706;-1339.94734134439;5.03667065581665;5.65416139248202;36.252924163565;32.6801309879704;2688.53997524559;2836.79824097942;165.411928994659;0.0495049504950495;37;37
140;20.2999999999884;0.859999999999673;21.2599999999802;NA;NA;-1030.54187058079;-1090.47619161707;4.70474405083867;4.9932965413852;23.6917434249116;21.8892086865594;2170.65285517255;2282.18516965989;119.868642072564;0.712871287128713;26;26
141;22.5899999999965;0.859999999999673;23.7000000000116;NA;NA;-1251.85415636795;-1341.91772351293;5.04444257953182;5.43020111357564;36.530735251218;34.1261085517351;2678.59890610887;2847.21390993058;180.127134289959;0.0396039603960396;36;36
142;20.179999999993;0.6899999999996;20.859999999986;NA;NA;-1047.97030146465;-1124.13239147719;4.53708146052561;4.69259940524915;22.6289499837386;21.0360285117992;2197.62601660368;2342.79224723467;152.324180025074;0.0891089108910891;20;20
143;27.6199999999953;1.10999999999967;29.0899999999965;NA;NA;-1364.71220592152;-1481.9622464205;5.53657159867441;7.23861789277761;41.2160210040305;32.1924628268935;2929.92251089893;3120.52688781961;234.500080997963;0.0198019801980198;42;42
144;23.7600000000093;0.759999999999309;24.75;NA;NA;-1151.19878222574;-1221.61374347473;4.82129390879625;5.22602118875564;30.2591740687195;27.8993750139372;2444.50466058712;2574.25218571441;140.829922497987;0.376237623762376;30;30
145;25.3600000000151;0.909999999999854;26.5299999999988;NA;NA;-1183.37183121007;-1291.41081803045;5.02914603575154;9.7605347924109;32.270884310538;17.8622404566408;2522.11265311042;2668.81984560823;216.077973640755;0.138613861386139;38;38
146;27.320000000007;1.04999999999927;28.6999999999825;NA;NA;-1482.41493370328;-1565.43947203088;5.19468755895618;7.06030278832488;50.4858205074758;38.269852332;3213.26079963128;3319.19746588381;166.049076655197;0.514851485148515;47;47
147;24.1499999999942;0.989999999999782;25.390000000014;NA;NA;-1229.35451767088;-1314.94908272085;4.8741404646329;5.24506968832225;33.466805106739;30.9516910861264;2615.3129401322;2774.73289551216;171.189130099955;0.0099009900990099;29;29
148;26.6600000000035;1.01000000000022;27.890000000014;NA;NA;-1468.06861175722;-1535.4008872054;5.31379061744267;5.67084277570262;48.0238846410856;44.9359024903258;3171.40928477331;3290.9456149693;134.66455089637;0.643564356435644;45;45
149;22.5299999999988;0.9399999999996;24.0299999999988;NA;NA;-1088.67394128821;-1154.23583116954;4.58354788461449;5.05570391944083;25.7046572660278;22.9748507287685;2294.07924735807;2412.80628362843;131.123779762654;0.514851485148515;22;22
150;27.9500000000116;0.759999999999309;29.1700000000128;NA;NA;-1381.42682757115;-1454.77191987078;4.98950533914701;5.69119000365089;42.830406035532;38.1673842757163;2969.06173089752;3093.30167901062;146.69018459926;0.287128712871287;38;38
151;31.9100000000035;0.949999999999818;33.0599999999977;NA;NA;-1524.06506978933;-1653.94840961949;5.6505307674242;9.44374584568141;53.2428701722856;33.1591445069825;3317.06888581282;3475.38926885804;259.766679660329;0.0792079207920792;61;61
152;25.7099999999919;0.970000000000255;26.8899999999849;NA;NA;-1217.70154062514;-1283.68158055999;4.86735907184384;5.61639305566692;34.0559720383492;29.7529338638129;2597.96607287716;2709.38600319689;131.9600798697;0.732673267326733;35;35
153;25.3999999999942;0.920000000000073;26.4899999999907;NA;NA;-1095.16518642574;-1196.36108275807;4.85790171731476;7.51624172173794;26.255754005679;17.8454740924777;2312.73035345068;2475.91481282044;202.391792664661;0.0396039603960396;28;28
154;27.0800000000163;1.10999999999967;28.5;NA;NA;-1302.10191738477;-1419.42497543498;5.34674522956502;6.71170047622108;37.0103273747737;29.5228968068017;2782.8716748814;2981.37212185492;234.646116100422;0.0099009900990099;39;39
155;27.3000000000175;1.05000000000018;28.6900000000023;NA;NA;-1326.19192277014;-1417.51209162337;5.06345191770267;6.05083820408524;38.8643842277577;32.7969323325446;2837.89934222575;2991.57726680457;182.640337706466;0.0297029702970297;35;35
156;26.890000000014;0.809999999999491;27.9700000000012;NA;NA;-1394.14146571517;-1450.92246831642;5.35148306904613;6.08842279966367;42.8905908052655;38.2971325627;2998.40666012871;3089.46502163159;113.562005202501;1;45;45
157;20.9400000000023;0.75;22.0299999999988;NA;NA;-977.474801556191;-1037.26387096286;4.64121758546801;4.70868132270921;21.2863867218266;20.31192046671;2050.60207664727;2165.8013554457;119.578138813338;0.752475247524752;20;20
158;21.5599999999977;0.920000000000073;22.820000000007;NA;NA;-1043.15295282039;-1118.53991248878;4.70994462847086;5.86769687161039;25.9396611360573;21.4864890606413;2207.23231358612;2337.24628157974;150.773919336775;0.326732673267327;28;28
159;22.0499999999884;0.779999999999745;23.1900000000023;NA;NA;-1073.52776520583;-1150.19685756909;4.82937755181878;5.38165947583457;25.2338278062105;22.6182386520182;2264.23261273309;2405.42491503567;153.338184726508;0.188118811881188;27;27
160;24.4100000000035;1.08999999999924;25.5899999999965;NA;NA;-1387.72605260213;-1449.53247785432;5.11649595382677;5.56555079360381;41.2199276267619;38.1012494248688;2973.90649182933;3082.50438706153;123.612850504371;0.782178217821782;38;38
161;19.8099999999977;0.779999999999745;21.0500000000175;NA;NA;-933.558629641367;-1006.18509407098;4.62868952073371;4.85577965252801;22.3071560222603;21.0986653290196;1968.91550585064;2108.6535123485;145.252928859225;0.188118811881188;23;23
162;22.1300000000047;1.09000000000015;23.609999999986;NA;NA;-1152.74303861374;-1218.85881291894;4.94217620976256;5.22415609387105;29.1219112963541;27.5547050727052;2441.24760884887;2566.17310137234;132.231548610388;0.534653465346535;28;28
163;28.9199999999837;1.15999999999985;30.359999999986;NA;NA;-1530.77594559022;-1658.14152790548;5.21956218517391;8.4684365598669;53.5630034672703;34.2906664827175;3328.34268910167;3487.08068999824;254.73116463052;0.0495049504950495;53;53
164;25.9100000000035;1.19999999999982;27.5;NA;NA;-1394.67730435034;-1476.0998469069;5.07573834600753;6.26555803910846;45.0895576146787;37.4230475877663;3009.2262763057;3134.68691070558;162.845085113117;0.356435643564356;43;43
165;23.3699999999953;0.869999999999891;24.3699999999953;NA;NA;-1204.21855163273;-1286.84108715723;5.14344383995551;6.33851243582844;32.3748335639258;26.8508524377034;2562.50610455928;2701.46303257883;165.245071048998;0.277227722772277;34;34
166;25.359999999986;1.11999999999989;27.0599999999977;NA;NA;-1226.67933828257;-1313.97091646278;5.01959018494271;5.8890484559214;40.522145303052;35.1768006654887;2651.42391614311;2799.87995217591;174.583156360412;0.0693069306930693;44;44
167;24.4200000000128;1.07000000000062;25.9700000000012;NA;NA;-1164.96942649684;-1231.87006656167;4.87842597248553;5.51279128047483;29.6955826259274;26.6554075412484;2468.89577402081;2588.47091908951;133.801280129662;0.574257425742574;29;29
168;24.179999999993;1.05000000000018;25.789999999979;NA;NA;-1060.41698241185;-1143.00957023205;5.09132937527857;6.29510075083438;28.6222895740055;23.7473265472837;2255.72296952365;2397.93378076448;165.185175640414;0.188118811881188;31;31
169;30.7700000000186;1.03999999999996;33.1000000000058;NA;NA;-1369.87909168729;-1507.6059063346;5.33240225055858;9.82370310417063;42.2936854962313;24.4189460987661;2946.9576350495;3134.84178066041;275.453629294639;0.0099009900990099;45;45
170;20.1499999999942;1;21.3600000000151;NA;NA;-1002.32540762645;-1057.57926690293;4.92384778083805;5.02522952799464;21.5291729196216;20.5881244514734;2103.79632051133;2209.97035071519;110.507718552944;0.861386138613861;25;25
171;24.890000000014;0.970000000000255;26.25;NA;NA;-1218.59786018397;-1316.72213185578;4.98516653309736;8.64723954715477;35.0323087035645;21.2863119287097;2605.39253367781;2735.64391786009;196.248543343615;0.386138613861386;37;37
172;26.8800000000047;0.789999999999964;28.3999999999942;NA;NA;-1383.54584319487;-1468.68256939025;5.01582913336174;6.80968955609318;43.9285975607464;33.3502503442024;2981.3021269483;3099.99204279424;170.273452390764;0.415841584158416;43;43
173;24.4499999999825;1.02999999999975;25.8899999999849;NA;NA;-1210.64836949562;-1278.14286197994;5.24188743483359;5.37152504171687;29.9647117709798;28.4566136706619;2562.02094272016;2689.92739988296;134.988984968655;0.574257425742574;30;30
174;24.0599999999977;0.909999999999854;25.3999999999942;NA;NA;-1122.49545678994;-1213.00492964242;5.05157487942001;7.23236086627688;28.4186081555073;20.9503423633139;2379.80839435186;2525.39799128895;181.018945704971;0.158415841584158;33;33
175;25.5800000000163;1.07999999999993;27.109999999986;NA;NA;-1301.05857402827;-1380.79534889657;4.9276658382446;6.66599585922737;38.7128714632183;29.928781785965;2789.49410457605;2906.45114940596;159.473549736604;0.435643564356436;40;40
176;27.5899999999965;1.18000000000029;29.3899999999849;NA;NA;-1351.22941748169;-1438.97236952883;5.41164928664317;7.29539880511482;37.3224468837291;28.4825615381161;2882.63343609244;3015.44467790816;175.485904094274;0.306930693069307;39;39
177;27.9200000000128;1;29.5299999999988;NA;NA;-1455.27637993332;-1538.80758685538;5.15218423811875;6.2956987395269;47.8684143039952;40.1392459450317;3147.58488247627;3276.37443500317;167.062413844126;0.207920792079208;50;50
178;25.7299999999814;1.22000000000025;27.5799999999872;NA;NA;-1251.59483861291;-1335.45168971033;5.06001209120487;5.95953742323342;35.9991282837723;30.9591642362068;2675.53520663174;2819.12012256493;167.713702194827;0.0693069306930693;36;36
179;17.0500000000175;0.799999999999272;18.2300000000105;NA;NA;-860.407251405781;-936.264208464315;4.48338391109074;4.67220621152405;15.0169845519303;14.1548771787771;1787.50370210407;1935.3890679383;151.713914117069;0.108910891089109;18;18
180;25.7400000000198;0.950000000000728;27.1199999999953;NA;NA;-1338.36376478034;-1413.12630593324;5.13993845920556;5.78706031849274;40.1632324694353;35.9437232076362;2871.12448281328;3000.2264145338;149.5250823058;0.396039603960396;40;40
181;21.9700000000012;0.799999999999272;23.0400000000081;NA;NA;-1091.05451706606;-1183.70586041978;4.90368176245512;6.48217917063151;28.9476303295715;22.5683149920491;2319.43618872027;2474.47549243059;185.302686707428;0.0396039603960396;33;33
182;23.7900000000081;0.970000000000255;25.1900000000023;NA;NA;-1169.69567441681;-1248.8651459867;4.97563147088417;5.62699261068753;32.5153656306032;29.011742591221;2494.12912994124;2635.79463747796;158.338943139767;0.099009900990099;34;34
183;23.8899999999849;1.0600000000004;25.5299999999988;NA;NA;-1170.47795476481;-1271.96793575335;4.87534908990766;7.95079297088969;33.9023440032349;21.8352076106811;2502.29419940172;2647.84771472833;202.979961977094;0.148514851485149;34;34
184;26.3600000000151;1.1899999999996;28.1600000000035;NA;NA;-1169.41603020182;-1277.26472134849;5.12504567008496;8.39112156003857;31.0810576269877;19.6853209387413;2484.79899374311;2646.97822496544;215.697382293327;0.0594059405940594;30;30
185;28.9100000000035;1.30999999999949;30.5;NA;NA;-1228.48755511562;-1318.64573419568;4.82310532432967;6.69722289806081;32.0672277623088;23.089146146846;2607.02986052382;2745.33436144138;180.316358160109;0.128712871287129;29;29
186;23.5299999999988;1;24.9799999999814;NA;NA;-1206.92743009867;-1274.41667115065;4.88109298899735;5.38833964395372;32.3840138057372;29.4103017703605;2565.39197282556;2686.45532574473;134.978482103957;0.514851485148515;29;29
187;23.3699999999953;1;24.5599999999977;NA;NA;-1173.86750928326;-1260.10692275749;5.03095145144633;7.94272037080839;32.0489371963597;21.5182655774746;2501.16904075904;2623.23236428612;172.478826948448;0.594059405940594;36;36
188;21.2699999999895;1.01000000000022;22.7700000000186;NA;NA;-951.458588174824;-1029.34042185622;4.67845899449765;6.10513888743783;20.8141612225842;16.5097267107865;1997.90217193251;2134.02264115162;155.763667362788;0.227722772277228;23;23
189;25.7200000000012;1.03999999999996;27.2099999999919;NA;NA;-1316.36148111299;-1389.15458403537;4.99907546740345;6.08113460160386;37.4487901491005;31.8675673169585;2813.02111185363;2931.73637886997;145.586205844751;0.405940594059406;38;38
190;26.7799999999988;0.899999999999636;28.25;NA;NA;-1418.45160847048;-1494.45983378497;5.86176099639091;6.97034425880375;40.3632323755428;34.4057173362827;3035.52285599731;3158.22353043272;152.016450628983;0.475247524752475;47;47
191;23.7799999999988;0.819999999999709;25.2300000000105;NA;NA;-1282.02082167977;-1359.34267745881;5.01788053110712;5.30365421149404;40.5943934432212;38.2792182316029;2761.51579344542;2904.8971798784;154.643711558086;0.198019801980198;42;42
192;21.2799999999988;0.760000000000218;22.2799999999988;NA;NA;-1111.72598157655;-1178.72070756554;4.78083590241904;5.3079764721288;27.2502058423039;24.8651884057506;2350.96603650542;2473.79508514144;133.989451977962;0.455445544554455;29;29
193;25.75;0.970000000000255;27.2399999999907;NA;NA;-1161.22356118892;-1285.61808115869;5.9020487272351;11.9524382791604;27.2881539268309;14.5294639982594;2451.48189317483;2639.940189048;248.789039939533;0.0198019801980198;32;32
194;24.109999999986;0.980000000000473;25.2799999999988;NA;NA;-1121.02475717543;-1189.98154219877;5.51459536831628;5.48221199258657;26.8336941809615;26.3248596200304;2368.06942322174;2503.59333776418;137.913570046682;0.455445544554455;30;30
195;24.0599999999977;1;25.3500000000058;NA;NA;-1229.64689472527;-1299.19164949857;4.90679880769036;5.37611953532434;33.7651474767553;31.3282467948935;2619.47517820121;2747.00406489739;139.089509546613;0.376237623762376;33;33
196;29.5299999999988;1.19999999999982;31.5299999999988;NA;NA;-1492.30824851283;-1660.00725031028;5.37075078661743;11.530316614869;49.2024484804054;24.5420223621116;3229.21929262481;3442.02158491881;335.398003594889;0.0099009900990099;52;52
197;24.3699999999953;1.06999999999971;25.8000000000175;NA;NA;-1152.08264135975;-1251.90532350149;4.97267081723267;8.72870731184881;28.7753763085563;17.4629938282352;2439.30397348921;2585.82264564938;199.645364283466;0.0891089108910891;30;30
198;19.5;0.820000000000618;20.7600000000093;NA;NA;-1029.81901113227;-1093.36401435467;4.71505231218778;5.42310498341297;21.2732785134598;18.7552976694873;2157.1708814035;2272.71655203685;127.09000644479;0.702970297029703;24;24
199;24.390000000014;0.800000000000182;25.3699999999953;NA;NA;-1174.72829913946;-1250.47655391242;4.9140784125421;6.26193947329902;34.3875573082422;27.8850030676928;2515.01636478154;2635.20616207437;151.496509545925;0.504950495049505;38;38
200;24.710000000021;1.06999999999971;26.5299999999988;NA;NA;-1206.42649377897;-1293.64631687876;5.04293234511127;5.98236522549494;35.9410607347157;30.8973371557352;2584.92051905222;2735.21338026456;174.43964619958;0.099009900990099;36;36
201;26.4200000000128;0.9399999999996;28.1000000000058;NA;NA;-1314.52301486095;-1391.55344869726;5.29480617680671;7.0958392810889;35.013212420051;27.1729701613976;2798.07277123438;2914.2847667227;154.060867672632;0.485148514851485;39;39
202;24.4100000000035;1.05999999999949;25.7799999999988;NA;NA;-1192.18819440576;-1280.09259984896;4.85305388129356;5.80459931718239;30.997944372872;26.3791331629624;2531.430204628;2685.32743954721;175.808810886408;0.0297029702970297;33;33
203;23.0499999999884;0.920000000000073;24.3600000000151;NA;NA;-1082.99987442818;-1150.21089013852;4.74307054380558;4.86227150085677;26.0428081997984;24.5659459890661;2284.84556711298;2412.52796828564;134.422031420686;0.356435643564356;23;23
204;26.320000000007;0.980000000000473;27.7600000000093;NA;NA;-1260.20258438209;-1349.79950958049;4.88230699871297;5.4163302797659;37.8845166260507;34.4935120757975;2701.77697929069;2864.73642340342;179.193850396804;0.0495049504950495;36;36
205;22.5;0.859999999999673;23.6900000000023;NA;NA;-1182.54054195332;-1259.63911040989;5.13601582346028;7.05358237876921;30.1977697241217;22.7551534691794;2507.87426461722;2626.87824463301;154.197136913146;0.603960396039604;32;32
206;38.1199999999953;1.69000000000051;40.7000000000116;NA;NA;-1459.89997668414;-1559.99195496827;5.13026559722627;7.13119766288274;47.7898877766799;34.927943985834;3152.27706833243;3289.89323651627;200.183956568267;0.0891089108910891;42;42
207;25.7200000000012;0.860000000000582;27.0199999999895;NA;NA;-1226.30139863503;-1323.5982539453;5.38707494940332;8.48524540862241;31.0433769692527;20.6927742153728;2599.87214469017;2745.36274019283;194.593710620532;0.247524752475248;33;33
208;25.25;1.03999999999996;26.5499999999884;NA;NA;-1194.45887898613;-1312.70965027495;5.09332291384086;9.09000248898839;33.3540514616482;19.7550408101142;2548.13019749319;2719.71813689457;236.501542577641;0.0297029702970297;35;35
209;23.2200000000012;1.03999999999996;24.8300000000163;NA;NA;-1195.80200769188;-1249.70649619417;4.98652046418841;5.32791735386574;30.2130832974567;28.1676276670647;2533.98999482728;2632.15930015472;107.808977004577;0.97029702970297;31;31
210;26.5199999999895;1.13000000000011;28.2200000000012;NA;NA;-1035.25087965629;-1100.11957216835;4.97182416838541;5.27921977422336;22.1362632715535;20.7023191670397;2171.99119575094;2295.15429236576;129.73738502411;0.643564356435644;24;24
211;22.5499999999884;0.970000000000255;23.8099999999977;NA;NA;-1011.73678327362;-1093.21340051658;4.83523154442006;6.73469277092626;23.6312343593538;17.7524720403135;2132.29942247703;2268.17995600081;162.953234485932;0.366336633663366;25;25
212;31.1000000000058;1.42000000000007;32.8299999999872;NA;NA;-1397.13191068734;-1474.8620483054;5.09531269373732;5.71308394221847;44.4590585904317;39.9004450639562;3008.89050898333;3142.34401771797;155.46027523612;0.247524752475248;39;39
213;25.2600000000093;0.809999999999491;26.3699999999953;NA;NA;-1247.6198227804;-1350.82561304081;4.9257678944179;7.97169265539758;34.5176630131554;22.431053642899;2659.50618478276;2808.39864845541;206.411580520831;0.0792079207920792;34;34
214;27.1800000000221;1.05999999999949;28.4800000000105;NA;NA;-1252.80152367975;-1355.63381127261;4.964821186669;7.20122904079568;39.6514440129225;28.4850246643107;2696.50592985932;2848.40949598426;205.664575185721;0.0396039603960396;38;38
215;26.4199999999837;0.930000000000291;27.6999999999825;NA;NA;-1384.18613068828;-1458.02078832603;5.07042720667643;5.80377947830124;42.1963467085313;37.4036127263693;2971.52764242637;3096.12221843256;147.669315275495;0.386138613861386;38;38
216;24.0499999999884;0.980000000000473;25.5099999999802;NA;NA;-1290.79452074817;-1356.13714514501;4.86917373251183;5.47234985179915;33.7006834855903;30.3083906034789;2739.85860487067;2854.61252356181;130.685248793671;0.584158415841584;30;30
217;24.9200000000128;1.14000000000033;26.3699999999953;NA;NA;-1280.18211951831;-1375.17028135025;5.0520379340477;6.64929075057186;39.6818946973395;31.2830057190623;2752.92135950819;2902.14192064731;189.976323663879;0.0792079207920792;41;41
218;26.0099999999802;1.10000000000036;27.7399999999907;NA;NA;-1336.54400101437;-1445.15526290799;5.05533267949915;6.48134115217644;40.6450380654818;32.3123563938497;2868.2326023267;3045.44832795076;217.222523787245;0.0099009900990099;37;37
219;24.0799999999872;0.989999999999782;25.5;NA;NA;-1141.43801971316;-1234.40562234115;4.90357715871688;5.32001476801198;32.4750970066304;29.7429235022903;2435.92226940848;2608.98148989338;185.935205255973;0.0099009900990099;31;31
220;20.3800000000047;0.829999999999927;21.429999999993;NA;NA;-1086.23966736198;-1171.68657043322;4.63938895186228;5.15254657887067;25.0049780021572;22.4960869967102;2287.12113738329;2446.51228243503;170.893806142483;0.0396039603960396;24;24
221;23.4199999999837;0.760000000000218;24.3199999999779;NA;NA;-1115.20492699571;-1196.10242728495;4.73891636194643;5.83349411527128;27.9920849514759;23.1926758497769;2360.90432214689;2500.32527165798;161.795000578468;0.168316831683168;28;28
222;23.390000000014;1.07999999999993;25.429999999993;NA;NA;-1198.60836875666;-1262.11371281708;4.74877850269825;4.94474118213465;28.9820821762289;27.5452633595871;2531.25250724496;2651.61822365939;127.010688120832;0.603960396039604;26;26
223;26.1999999999825;1.14000000000033;27.6199999999953;NA;NA;-1250.24550094173;-1368.03283210049;5.31226500834424;7.09327784593019;38.6747001275081;29.3340899631027;2688.16069226631;2878.40987276337;235.574662317517;0.0099009900990099;41;41
224;25.140000000014;1.10999999999967;26.4200000000128;NA;NA;-1238.69580016651;-1319.28688256244;4.98864890439085;6.15696644736475;33.9444065362382;27.9525748468191;2640.36518729815;2772.77942233187;161.182164791855;0.178217821782178;37;37
225;29.9599999999919;1;31.3999999999942;NA;NA;-1357.88508666748;-1526.19131377287;5.3015918411244;10.4152267086756;46.4159283550249;25.0574194031469;2945.60995768665;3176.46054812461;336.612454210785;0.0099009900990099;50;50
226;22.7399999999907;0.869999999999891;23.8500000000058;NA;NA;-1128.53655950498;-1222.67637721044;4.96324689183735;6.13769541855239;29.1273803878611;23.8309946680998;2394.34247825799;2557.66169963921;188.27963541094;0.0396039603960396;31;31
227;24.5500000000175;1.17000000000007;26.0800000000163;NA;NA;-1298.21578062676;-1367.05926482748;4.9577536596312;5.25545065136285;37.6113082955719;35.4422161872454;2776.49538915381;2903.79784699728;137.68696840142;0.356435643564356;36;36
228;26.1600000000035;0.930000000000291;27.3300000000163;NA;NA;-1280.8496780726;-1336.73510752467;4.9651742587474;5.17982347432113;38.6204553784989;36.7276543326447;2746.05048132382;2848.78623178289;111.770858904136;0.930693069306931;35;35
229;24.6900000000023;1.08000000000084;25.9400000000023;NA;NA;-1248.54981238805;-1327.70462476682;4.98168420563879;6.08359893396303;34.3192333433994;28.5485521969482;2659.38155928395;2790.40393987423;158.309624757524;0.297029702970297;32;32
230;27.5200000000186;1.24000000000069;29.1399999999849;NA;NA;-1335.73831595244;-1392.748928157;5.03137138666743;5.40213253079639;38.8761060916759;36.6217061604618;2856.48462053005;2959.77735284567;114.021224409121;0.891089108910891;34;34
231;26.7099999999919;1.03999999999996;28.070000000007;NA;NA;-1360.56922841491;-1448.424567186;5.53110509966642;7.00326637939855;41.581528234354;33.5675530934167;2926.61950074963;3062.72797876161;175.710677542173;0.277227722772277;49;49
232;26.1900000000023;0.840000000000146;27.4400000000023;NA;NA;-1305.35885712393;-1410.32178662577;5.1510594953586;7.69196672874212;39.5811016354239;27.5483223552645;2804.18329509383;2955.29500955778;209.925859003679;0.0792079207920792;44;44
233;23.1199999999953;0.840000000000146;24.2699999999895;NA;NA;-1134.85061663561;-1209.06958126018;5.0707298713922;5.74254967778467;29.3641104373887;26.0849793383879;2409.44246653615;2542.27529769151;148.437929249138;0.435643564356436;34;34
234;27.140000000014;1.07999999999993;28.8899999999849;NA;NA;-1308.09922363919;-1397.5776753997;5.371141458329;6.10634587997522;39.0911379448202;34.3746493822438;2807.70841507812;2963.55894154708;178.956903521014;0.0594059405940594;45;45
235;23.7799999999988;0.929999999999382;25.1300000000047;NA;NA;-1170.98066690738;-1256.24534523304;5.22347422161901;6.75330729367779;28.3726095525829;22.5344918229952;2476.12406172763;2619.04729356951;170.529356651317;0.128712871287129;32;32
236;25.7600000000093;0.949999999999818;26.9400000000023;NA;NA;-1318.22758350111;-1400.85557875616;4.98243034814588;5.3393114354139;39.5366309633169;36.9733622637893;2827.81926118935;2980.66859030996;165.255990510106;0.0693069306930693;40;40
237;23.8099999999977;0.840000000000146;24.9100000000035;NA;NA;-1072.55463387652;-1143.2099573967;4.69443160210416;5.86898205066504;24.5618298365247;19.996619744764;2257.71934278801;2378.09960091171;141.310647040371;0.455445544554455;24;24
238;27.890000000014;1.10999999999967;29.5899999999965;NA;NA;-1432.15277649924;-1537.45990032101;6.55913384834868;9.6879505225731;36.9945974137126;26.0567484173953;3045.95098597017;3202.85981564425;210.614247643538;0.336633663366337;46;46
239;21.5099999999802;0.770000000000437;22.3099999999977;NA;NA;-1135.23032901565;-1193.20507849522;4.67981512597746;5.05591806560223;26.7852512387134;24.7336039011211;2392.69459978797;2499.28144842386;115.949498959138;0.841584158415842;23;23
240;20.8600000000151;0.920000000000073;22.1999999999825;NA;NA;-945.08916336527;-1017.27818770859;4.54873770003316;5.42540045194787;19.2743637547089;16.5852583555221;1976.78957705884;2109.08386599849;144.378048686643;0.356435643564356;20;20
241;25.9499999999825;1;27.320000000007;NA;NA;-1285.61908940853;-1350.7539897564;4.91486632674282;5.31920079950953;39.5996190863443;36.4330985366591;2760.82102821026;2875.93113792103;130.269800695742;0.633663366336634;36;36
242;28.4499999999825;1.02999999999975;29.9400000000023;NA;NA;-1428.94796950562;-1556.64218678806;5.38500806961376;9.73841807307839;43.6304299946228;25.3964540100369;3072.12366146719;3237.98230806125;255.388434564882;0.0396039603960396;46;46
243;23.1699999999837;0.779999999999745;25.1000000000058;NA;NA;-1193.05475955908;-1268.00719909911;5.49405388500982;6.6705426830524;25.8669861496765;21.3443145142142;2507.58944712821;2636.25436336489;149.904879080049;0.415841584158416;30;30
244;25.1300000000047;1.06999999999971;26.3800000000047;NA;NA;-1121.74040243372;-1193.8402227465;4.85791627600319;5.53038199978128;29.5082895893856;25.8378365217331;2381.56131056992;2508.58550582772;144.199640625563;0.376237623762376;29;29
245;37.140000000014;1.46999999999935;39.0499999999884;NA;NA;-1452.74936469122;-1564.48707647505;5.29280507818652;7.57089554746991;47.0208208882759;33.6660022006896;3135.32837153833;3293.5277505359;223.475423567642;0.0099009900990099;44;44
246;20.6900000000023;0.860000000000582;21.9400000000023;NA;NA;-976.345550628877;-1056.73244886066;4.85043536897451;5.32774731750743;18.4611863056789;16.8046707205584;2035.64825869378;2188.97833935737;160.773796463574;0.099009900990099;20;20
247;28.5;1.20000000000073;30.3300000000163;NA;NA;-1328.27532889262;-1461.00865605246;5.13028362737681;9.6754825984326;44.3567517431188;25.0621883242987;2876.63311727611;3046.36699574673;265.466654319682;0.0297029702970297;51;51
248;27.7200000000012;0.880000000000109;29.4499999999825;NA;NA;-1387.32379425205;-1499.4398736145;5.14768066695171;7.05416369156151;44.006086558393;33.1446190013493;2990.71980458736;3161.6215822557;224.232158724893;0.0099009900990099;46;46
249;27.5500000000175;1.17000000000007;29.25;NA;NA;-1342.26138546732;-1450.80272504403;5.39287034757104;8.65861462074933;43.0305653707801;28.1828702435339;2898.02516432288;3041.43884985164;217.082679153435;0.108910891089109;51;51
250;22.8099999999977;1.03000000000065;24;NA;NA;-1242.33638103461;-1334.03591156623;5.29481685094201;7.32552159002011;32.1518233210871;23.8834843045601;2638.59935073431;2782.41380702941;183.39906106325;0.158415841584158;36;36
