1;202.52999999997;2.34000000000015;205.440000000002;NA;NA;-2692.35683009804;-3674.63184077387;5.03121213106563;23.0288877051518;236.86090356858;53.8162654741775;6523.51784747232;7608.00705177987;1964.55002135166;0.0099009900990099;150;150
2;192.48000000004;2.31999999999971;195.399999999965;NA;NA;-2683.25769609988;-3946.97653698902;5.34315591187984;38.7380885388625;226.189557028464;31.508130118026;6452.49470969439;8045.2296319705;2527.43768177828;0.0198019801980198;148;148
3;195.089999999967;2.69999999999982;198.490000000049;NA;NA;-2677.48915972152;-4018.8711283127;5.00278685278577;41.5610225350163;236.055130238653;29.0905426365837;6489.90842691847;8177.60675627714;2682.76393718235;0.0099009900990099;150;150
4;212.559999999998;2.5;215.630000000005;NA;NA;-2667.46648108039;-3720.0081103963;4.99000480084709;24.7304847146666;239.040644574382;49.679037916824;6484.21713219139;7678.86820331555;2105.08325863181;0.0099009900990099;150;150
5;242.52999999997;2.66000000000076;246.080000000016;NA;NA;-2663.91185833914;-3916.50096563512;5.06296394316261;35.0080109976118;235.245661553481;34.674686008964;6457.28312379526;7999.48172963518;2505.17821459195;0.0198019801980198;148;148
6;246.990000000049;2.60999999999967;250.5;NA;NA;-2654.87196473309;-3954.10769449135;4.91831458066607;36.3957258718401;239.990278814354;33.4750091193184;6462.79120249554;8069.04802008074;2598.47145951653;0.0198019801980198;149;149
7;234.820000000007;2.52999999999975;238.299999999988;NA;NA;-2687.13325359112;-3751.60909076578;5.03602799517394;25.8621837164242;238.29763884585;47.6843332359432;6519.97837793478;7732.47981795373;2128.95167434931;0.0099009900990099;150;150
8;193.909999999974;2.68000000000029;197.059999999998;NA;NA;-2711.31667975323;-3805.61062010812;5.08040374572836;28.9588730132624;233.071944536618;42.3074169410553;6543.22060027103;7814.63118605125;2188.58788070977;0.0198019801980198;150;150
9;200.490000000049;2.47000000000025;203.530000000028;NA;NA;-2678.70672403837;-3945.50367188654;4.9887476771631;34.3938282067018;241.491082261948;35.7372737452458;6518.47908417971;8062.82868013448;2533.59389569633;0.0396039603960396;150;150
10;196.640000000014;2.27000000000044;199.52999999997;NA;NA;-2706.89027390459;-3794.95166447857;5.06647319309172;27.4060992662176;237.262572399705;45.5739675288252;6554.51591975918;7809.01853231358;2176.12278114797;0.0198019801980198;150;150
11;191.320000000007;2.28999999999996;193.989999999991;NA;NA;-2656.84369965071;-3850.96297195229;5.041827701008;33.0515398988475;230.845691485946;35.9431819298881;6422.79896987613;7874.6170550321;2388.23854460314;0.0099009900990099;149;149
12;202.459999999963;2.26999999999953;205.429999999993;NA;NA;-2696.78557003905;-3698.12139459855;4.98789599108522;22.9893059341076;240.919560929545;54.5277401734074;6551.88895720102;7658.40686058513;2002.67164911899;0.0099009900990099;150;150
13;198.51999999996;2.32999999999993;201.140000000014;NA;NA;-2702.37073117763;-3923.40129848096;5.17457922963147;35.01498743122;230.443130777948;34.9395756669565;6512.68962224645;8014.78867854699;2442.06113460666;0.0099009900990099;150;150
14;199.979999999981;2.18000000000029;202.920000000042;NA;NA;-2682.77793732269;-3863.47198399749;5.03060989724752;32.1207143499608;235.187817948296;38.1343951199484;6496.31602898353;7910.29043078204;2361.38809334961;0.0198019801980198;150;150
15;193.859999999986;2.40999999999985;196.669999999984;NA;NA;-2667.48715319774;-3769.42235171918;5.08676617347717;28.8100229806541;230.430940775654;41.6395068525608;6442.09318302503;7738.90413944482;2203.87039704288;0.0198019801980198;149;149
16;201.050000000047;2.32999999999993;203.660000000033;NA;NA;-2661.32727827601;-3752.60491366535;4.94264453197296;27.2577854421916;235.202322118789;43.971904118589;6452.69781275838;7716.47540185454;2182.55527077869;0.0099009900990099;149;149
17;202.640000000014;2.35000000000036;205.440000000002;NA;NA;-2673.17648482688;-3602.13572894491;4.98940385603222;20.8134479638388;236.151185115779;58.9584239521677;6480.95509339661;7487.54063985841;1857.91848823605;0.0099009900990099;149;149
18;212.27999999997;2.75;215.520000000019;NA;NA;-2703.12215640823;-3873.57537663344;5.06649495714445;31.1250085937703;237.751067057226;39.620596913488;6549.32831956885;7937.64272972935;2340.90644045043;0.0099009900990099;150;150
19;210.929999999993;2.25;213.52999999997;NA;NA;-2695.21042412784;-3902.18337570111;4.98331441301845;32.2253930763081;239.491176193446;38.2289132315417;6541.87113049208;7988.16764807698;2413.94590314653;0.0198019801980198;150;150
20;215.27999999997;2.52999999999975;218.609999999986;NA;NA;-2751.77124260935;-3675.51246951682;5.12734621550466;21.3657421133326;239.074785016744;59.7317624117079;6652.99079917569;7638.20944320044;1847.48245381495;0.0099009900990099;150;150
21;212.389999999956;2.71999999999935;215.880000000005;NA;NA;-2705.30170529024;-3844.01302954357;5.03635325436055;29.9268737354948;237.079144350891;41.9527878983933;6550.45687831198;7889.73098297623;2277.42264850667;0.0198019801980198;150;150
22;213.200000000012;2.57000000000062;216.270000000019;NA;NA;-2715.19041771211;-3799.35358747672;5.07578174235556;27.1687670272077;236.472807516471;45.4424731351184;6567.31909462812;7817.19016605407;2168.32633952923;0.0297029702970297;150;150
23;203.690000000002;2.39999999999964;206.640000000014;NA;NA;-2675.25094421883;-3781.85998705777;5.10569348100622;29.3543029204457;231.564649315717;41.6860725845771;6462.28805188162;7763.86278021658;2213.21808567787;0.0198019801980198;148;148
24;208.690000000002;2.6899999999996;212.030000000028;NA;NA;-2688.24572586331;-3665.94469174294;4.98977725915517;22.4207772518328;237.510344048609;54.8364944437716;6518.41808566629;7595.5379153764;1955.39793175926;0.0198019801980198;150;150
25;220.229999999981;2.23000000000047;223.020000000019;NA;NA;-2745.2368547935;-3878.31742576372;5.52222137411959;32.0090937606502;222.445366754156;38.602776405734;6559.96939791398;7942.23324598181;2266.16114194046;0.0198019801980198;150;150
26;207.270000000019;2.38999999999942;210.309999999998;NA;NA;-2661.3705243858;-3747.8880806422;4.98117410306197;26.9479619763611;235.859455895599;45.0802011157177;6456.7303730369;7712.51738375032;2173.03511251281;0.0198019801980198;150;150
27;213.300000000047;2.42000000000007;216.490000000049;NA;NA;-2655.65594000567;-3864.93844371347;4.98066094933072;32.2033298821758;237.011042624442;37.6413233542826;6450.04523923778;7910.72681793785;2418.56500741559;0.0099009900990099;149;149
28;203.280000000028;2.10000000000036;206.010000000009;NA;NA;-2745.58901997089;-3754.93449784088;5.84555929041959;27.9745632138331;206.304614987274;42.9568404274343;6482.38057905988;7716.25763757807;2018.69095573999;0.0099009900990099;149;149
29;205.989999999991;2.43000000000029;209.179999999993;NA;NA;-2782.06201010618;-4067.2599668149;5.83273466213825;44.5472539395503;210.194972040792;27.3934361756502;6574.72100223037;8266.22491047789;2570.39591341745;0.0099009900990099;150;150
30;209.959999999963;2.6899999999996;213.5;NA;NA;-2685.9418053054;-3624.74496856534;5.01190205536955;21.1314371081813;235.916005666207;58.3054952055202;6506.14482067316;7529.81708728881;1877.60632651987;0.0198019801980198;150;150
31;220.099999999977;2.80999999999949;223.770000000019;NA;NA;-2678.25915944592;-3745.44809082878;4.97721854502439;25.4800038671691;241.29415911651;48.991760040701;6516.63716766428;7726.44379899674;2134.37786276574;0.0198019801980198;150;150
32;207.809999999998;2.47000000000025;210.859999999986;NA;NA;-2692.69320817883;-3899.4304644854;5.06169244396436;34.0733195804091;233.355111387459;35.5791195821444;6507.33509580026;7969.92187549807;2413.47451261314;0.0198019801980198;150;150
33;207.440000000002;2.35999999999967;210.429999999993;NA;NA;-2671.04665834047;-3709.24873886113;5.0177043562466;25.3491307784768;234.450587646615;49.1371008215277;6467.73542192918;7654.41409524812;2076.40416104131;0.0099009900990099;148;148
34;214.309999999998;2.51000000000022;217.340000000026;NA;NA;-2692.22351348432;-3645.24431177713;4.98842991717346;21.4031327420544;237.082866816199;57.7072153449274;6524.31839195131;7567.93930233134;1906.04159658561;0.0099009900990099;150;150
35;221.260000000009;2.28999999999996;224.27999999997;NA;NA;-2709.01804641879;-3836.2315994629;5.22438797071916;29.6046113523119;233.094460729636;42.6308459632314;6538.73158926826;7877.42816004273;2254.42710608821;0.0099009900990099;150;150
36;210.479999999981;2.61999999999989;213.679999999993;NA;NA;-2667.6588411099;-3808.38486186404;5.0852997285146;30.6402427521514;231.264802642123;39.1183760783562;6447.21636051818;7804.8470712612;2281.45204150827;0.0297029702970297;150;150
37;216.280000000028;2.17000000000007;219.190000000002;NA;NA;-2690.21684977757;-3769.47847008956;4.96922174494819;26.8588574685507;237.438526658784;46.0587566379738;6522.01504246948;7760.40296242176;2158.52324062398;0.0099009900990099;150;150
38;214.229999999981;1.96000000000004;216.710000000021;NA;NA;-2674.42010238346;-3807.19023292072;5.06017530520555;29.8856592326424;232.8210279802;40.735056759776;6468.22106313236;7810.23065685254;2265.54026107452;0.0099009900990099;150;150
39;216.059999999998;2.5;219.239999999991;NA;NA;-2696.26051132313;-3734.81208608975;5.14353831634695;26.3133875773625;230.656624964211;46.6696432979486;6501.49564182056;7694.00727806849;2077.10314953324;0.0198019801980198;150;150
40;219.340000000026;2.47999999999956;222.469999999972;NA;NA;-2889.4493976631;-3914.38531648691;7.21406758545289;34.4437064588495;173.55993538588;36.3057342654803;6612.7776140539;8003.2036479149;2049.8718376476;0.0099009900990099;149;149
41;212.010000000009;2.34000000000015;214.900000000023;NA;NA;-2657.93328567793;-3796.95872932816;4.98358192625165;29.3567055862203;234.152309076885;41.0096389743748;6440.86497874337;7790.95065775477;2278.05088730046;0.0099009900990099;149;149
42;232.97000000003;2.82999999999993;236.660000000033;NA;NA;-2703.0488130673;-3873.31067711353;5.13584968204053;32.0883157906872;231.543557904358;37.874300563338;6518.56213656447;7928.59063730887;2340.52372809245;0.0198019801980198;149;149
43;219.880000000005;2.24000000000069;222.640000000014;NA;NA;-2698.05630110693;-3739.42030720262;5.0739745113807;25.7310445768178;234.037797471992;48.2309806653818;6521.34356995288;7710.73047850124;2082.72801219138;0.0099009900990099;150;150
44;227.630000000005;2.30999999999949;230.799999999988;NA;NA;-2730.36300589095;-3757.73723995828;5.35682510397512;25.2521933791355;231.424125873712;50.0237508898602;6573.39070068199;7755.9838088871;2054.74846813465;0.0198019801980198;150;150
45;225.75;2.61999999999989;229.049999999988;NA;NA;-2697.25995562868;-3746.23001162106;4.9833371472088;24.757859104249;239.487564434699;50.0959620843127;6545.95282850898;7733.31653661233;2097.94011198475;0.0099009900990099;150;150
46;222.330000000016;2.52000000000044;225.640000000014;NA;NA;-2690.16972448636;-3929.42232198625;4.95188203197742;34.4589908025297;237.886879011907;35.4704874406022;6524.07642639415;8029.3832977288;2478.50519499977;0.0198019801980198;150;150
47;229.590000000026;2.65999999999985;232.789999999979;NA;NA;-2695.86373968464;-3987.57573556807;5.0843181773005;37.396644636889;237.736482287842;33.2411116909749;6534.74136396898;8134.97150311723;2583.42399176687;0.0099009900990099;150;150
48;222.440000000002;2.72999999999956;225.75;NA;NA;-2869.54178379387;-3924.44720625324;6.76565961864515;34.7901305875532;182.792842371039;35.4964272828607;6617.93377528357;8019.55778250145;2109.81084491873;0.0495049504950495;150;150
49;217.660000000033;2.36000000000058;220.559999999998;NA;NA;-2676.47698842735;-3836.64303479555;4.99979863399923;31.189814790092;233.508630676367;38.6797263052115;6475.64076210709;7859.25443167801;2320.33209273641;0.0198019801980198;150;150
50;221.419999999984;2.55999999999949;224.780000000028;NA;NA;-2706.55213742484;-3805.37123825151;5.10966959476924;28.6124400094397;232.521172540066;42.8664609421206;6531.04345742288;7816.84025152255;2197.63820165333;0.0099009900990099;150;150
51;230.429999999993;2.35999999999967;233.359999999986;NA;NA;-2713.82783435339;-3810.52703154082;5.03748008958923;28.5278068449869;236.637787092733;44.1456296467958;6565.38713366745;7833.30195682135;2193.39839437485;0.0099009900990099;150;150
52;218.359999999986;2.3100000000004;221.380000000005;NA;NA;-2685.34687849505;-3896.38214153332;5.04973612452069;34.1058770156374;232.471770427447;35.0816214309635;6488.39541901068;7961.43330686969;2422.07052607653;0.0198019801980198;150;150
53;222.199999999953;2.59999999999945;225.209999999963;NA;NA;-2673.5249532933;-3850.24950355486;5.00130358708388;30.7650894741199;237.040077255479;39.7158035012243;6485.92276438901;7891.31589831673;2353.44910052313;0.0099009900990099;149;149
54;237.859999999986;2.72000000000025;241.27999999997;NA;NA;-2734.56235178433;-3812.05838776151;5.28297672346503;27.5366865629655;233.359859304477;46.188525327739;6591.09621053451;7846.18671300477;2154.99207195436;0.0099009900990099;150;150
55;235.510000000009;2.57999999999993;238.920000000042;NA;NA;-2703.8263820048;-3703.03762420221;5.17260898297558;24.0360633617904;235.215164279901;51.9338645730553;6538.54439685041;7655.7682181862;1998.42248439482;0.0099009900990099;150;150
56;229.27999999997;2.76000000000022;232.719999999972;NA;NA;-2662.60255149149;-3841.03576542908;5.00645693647149;30.6833129833753;237.149616223508;39.7149218531174;6464.6042471375;7872.88418613548;2356.86642787517;0.0099009900990099;149;149
57;228.830000000016;2.40999999999985;231.789999999979;NA;NA;-2699.11015296117;-3583.31329864935;5.0515668468466;19.0509128517424;236.586086595386;65.6870106885582;6535.70319992015;7482.4433559734;1768.40629137636;0.0099009900990099;150;150
58;237.859999999986;2.53999999999996;241.049999999988;NA;NA;-2680.71252851764;-3824.3775622802;4.97956757446931;28.6557882840151;241.924114841775;43.4454521224539;6524.57267166532;7857.63663286233;2287.33006752514;0.0099009900990099;150;150
59;236.059999999998;2.52000000000044;239.429999999993;NA;NA;-2716.7151170189;-3780.60415017822;5.08241636968393;27.1326157886775;237.439801380661;46.1303014232601;6575.01770569096;7782.99830296831;2127.77806631864;0.0099009900990099;150;150
60;225.890000000014;2.31999999999971;229.089999999967;NA;NA;-2679.06401177155;-3674.24812123903;4.98749818426557;23.6666421785499;236.857241786057;51.9891929140044;6496.12243768325;7598.28134799419;1990.36821893494;0.0297029702970297;149;149
61;227.830000000016;2.52999999999975;230.900000000023;NA;NA;-2674.12857441031;-3698.11539057796;4.99468375341998;24.2805762515519;236.498221920912;50.4610769418965;6485.31759800928;7638.84273125035;2047.9736323353;0.0099009900990099;150;150
62;232.169999999984;2.42000000000007;235.25;NA;NA;-2726.46371717281;-3589.83514302502;5.16787679723102;19.0778955112195;234.645046724387;66.3974408395369;6581.07799742912;7498.90272379424;1726.74285170443;0.0198019801980198;150;150
63;235.729999999981;2.77999999999975;239.049999999988;NA;NA;-2716.9281640474;-3752.73922535632;4.99319163624931;24.5015371802439;240.955899167389;51.3899987635657;6592.34885593101;7752.55656657876;2071.62212261785;0.0099009900990099;150;150
64;230.919999999984;2.92000000000007;234.619999999995;NA;NA;-2675.3116577629;-3893.72991322416;5.04767808351124;33.5892512194306;235.475622643229;36.1743057956305;6482.76720684531;7961.38237040226;2436.83651092254;0.0099009900990099;150;150
65;237.940000000002;3.07999999999993;241.609999999986;NA;NA;-2698.65487528207;-3957.16458600124;5.06207074495517;34.9849681846544;239.381443883204;35.4940082607213;6548.23245052544;8084.98091157427;2517.01942143834;0.0099009900990099;150;150
66;238.080000000016;2.34000000000015;241.289999999979;NA;NA;-2693.6443745761;-3766.1100614338;5.02898208289195;26.1103586626693;237.811146286982;47.9373483021205;6530.66161099796;7762.69823111973;2144.9313737154;0.0198019801980198;150;150
67;224.619999999995;2.63000000000011;227.960000000021;NA;NA;-2706.87520634729;-4028.69441636725;5.40290502912948;43.3066698037919;224.032512149789;27.9403380292345;6490.1276663085;8191.62981420795;2643.63842003992;0.0198019801980198;149;149
68;234.820000000007;2.35999999999967;237.73000000004;NA;NA;-2709.17591658633;-3815.35904403097;5.11595155428595;28.964341070033;234.762192320348;42.4872311215562;6547.06562088798;7834.99256298808;2212.36625488928;0.0198019801980198;150;150
69;234.989999999991;2.78999999999996;238.660000000033;NA;NA;-2676.30525805108;-3949.15926011763;5.10671011100745;36.1177153862438;234.835579740343;33.7616944481325;6481.67714339516;8060.64146348089;2545.70800413308;0.0099009900990099;150;150
70;244.719999999972;2.25;247.849999999977;NA;NA;-2708.88658595829;-3885.9675685901;5.08528937509061;30.8140980420929;239.854636498768;40.989159909237;6570.97093595082;7969.00703141985;2354.16196526363;0.0198019801980198;150;150
71;238.889999999956;2.5;242.070000000007;NA;NA;-2822.59903859528;-3797.49998185188;6.41882896216145;28.8084925501294;190.015072538264;42.9589138828092;6558.13656081225;7801.3985676372;1949.80188651321;0.0198019801980198;149;149
72;239.430000000051;2.45000000000073;242.5;NA;NA;-2694.30447738597;-3737.20794113808;4.98768381701219;24.6065700649658;239.298508209409;50.2813143914567;6539.13290807997;7716.16355151177;2085.80692750422;0.0099009900990099;150;150
73;239.940000000002;2.42000000000007;243.080000000016;NA;NA;-2693.43245368273;-3799.65189076499;4.99051005025779;27.1880849902776;239.205242496101;45.5627053065289;6536.94044819492;7818.36483721698;2212.43887416452;0.0099009900990099;150;150
74;234.190000000002;3.21000000000004;238.080000000016;NA;NA;-2669.20936173512;-3646.88704817756;4.95920021915123;22.3005031047332;237.11557079762;55.1740160958483;6478.44732601478;7559.04539952149;1955.35537288489;0.0099009900990099;150;150
75;232.599999999977;3.15999999999985;236.479999999981;NA;NA;-2814.39290122128;-3719.06842638588;6.14988757623561;25.3615633419831;194.553091317987;48.4311718804616;6564.17814327398;7670.98921675929;1809.35105032921;0.0297029702970297;150;150
76;243.280000000028;2.28000000000065;246.210000000021;NA;NA;-2714.99884492646;-3911.69256661231;5.07847059177349;33.1718784060775;237.680800632847;37.8964094735858;6572.743862471;8005.58738417044;2393.3874433717;0.0099009900990099;150;150
77;254.559999999998;2.27999999999975;257.619999999995;NA;NA;-2687.37227311299;-3898.83539744864;5.02655463141403;30.9359586292488;246.000889979302;41.0573434282865;6557.49289921027;7995.07050886499;2422.92624867131;0.0099009900990099;150;150
78;224.179999999993;2.58999999999924;227.600000000035;NA;NA;-2660.49242087748;-3790.30513735094;4.95585608404804;29.179311746404;233.787303175129;40.8538776934313;6444.22955702737;7776.89510965356;2259.6254329469;0.0396039603960396;149;149
79;221.469999999972;2.30000000000018;224.5;NA;NA;-2657.8632588055;-3646.68094448037;5.05845663775715;23.5180478114989;229.96604497446;51.474189130163;6419.83747591168;7540.49931437747;1977.63537134974;0.0099009900990099;148;148
80;228.25;2.51000000000022;231.530000000028;NA;NA;-2689.98279980177;-3645.12193776803;5.05006088395105;22.6948537256059;233.254904586226;54.1501411923665;6500.65237484549;7550.41138292212;1910.27827593252;0.0099009900990099;149;149
81;240.849999999977;2.60999999999967;244.280000000028;NA;NA;-2703.80831992428;-3746.86459811088;4.99173387729093;24.4361322859191;241.248451526183;51.4308459351336;6567.51573097223;7741.00370131597;2086.11255637319;0.0198019801980198;150;150
82;245.669999999984;2.57999999999993;249.130000000005;NA;NA;-2704.45054658887;-3853.29571535083;5.05541407855766;28.7755120059713;241.627409289593;43.6471231595306;6570.62217637047;7916.44255373532;2297.6903375239;0.0099009900990099;150;150
83;236.289999999979;2.59000000000015;239.599999999977;NA;NA;-2677.03055099355;-3988.85647572015;5.01534841533277;39.2879610374297;237.901600665778;31.2992861947551;6497.07319919456;8128.09219502019;2623.6518494532;0.0099009900990099;149;149
84;236.399999999965;2.85999999999967;240.119999999995;NA;NA;-2713.25385443609;-3927.54468353229;5.19155823094332;33.9476178369877;233.968165240925;36.592123670554;6551.40389161666;8031.0207387242;2428.58165819241;0.0099009900990099;150;150
85;231.25;2.92000000000007;234.780000000028;NA;NA;-2676.83969291714;-3881.12468661795;5.10880514523383;33.6611622077804;234.103968755533;36.2672947127333;6478.44553933223;7936.49770310687;2408.56998740161;0.0198019801980198;149;149
86;234.109999999986;2.38000000000011;237.109999999986;NA;NA;-2810.14057873107;-3739.0536582405;6.45120927964593;26.4915003495003;190.032299535245;46.7393034881205;6533.30240919423;7702.66902246559;1857.82615901886;0.0099009900990099;149;149
87;229.270000000019;2.47000000000025;232.419999999984;NA;NA;-2681.80181169553;-3721.96889526241;4.98659213244007;25.5568834618394;235.056647096432;47.942067362007;6492.94697546752;7674.27824559764;2080.33416713375;0.0099009900990099;149;149
88;234.669999999984;2.88999999999942;238.260000000009;NA;NA;-2681.17470851508;-3914.94324751127;4.94484355288858;32.9129390789495;241.368074060115;37.315519079881;6522.82364166249;8009.2958814528;2467.53707799239;0.0099009900990099;150;150
89;247.609999999986;3.11999999999989;251.350000000035;NA;NA;-2735.65988808636;-3799.25099464038;5.21601807140687;26.4612929134573;237.659806136627;48.5604107794564;6613.9650092949;7831.97572132489;2127.18221310805;0.0099009900990099;150;150
90;242.349999999977;2.5;245.859999999986;NA;NA;-2701.13383608123;-3792.39816548988;5.00881828302455;27.4305332913289;239.512523800958;45.5660159938059;6553.82059161951;7803.87330412919;2182.5286588173;0.0198019801980198;150;150
91;248.589999999967;2.84000000000015;252.300000000047;NA;NA;-2699.07878729938;-3863.99623982097;5.0198521600292;29.6166971782112;241.158547714466;42.3442340996314;6557.62441693973;7931.57943879455;2329.83490504319;0.0198019801980198;150;150
92;240.369999999995;2.55000000000018;243.609999999986;NA;NA;-2718.26498868172;-4014.05813301686;5.25652166732353;40.2464441333215;230.097733818626;30.6197275890864;6542.8175022675;8175.33293820863;2591.58628867027;0.0099009900990099;150;150
93;221.77999999997;2.08999999999924;224.559999999998;NA;NA;-2694.18873573113;-3762.72759688691;5.38009383820075;30.1763639755657;218.526019024216;39.0761967384914;6437.56267750106;7713.06748685158;2137.07772231157;0.0099009900990099;148;148
94;225.789999999979;2.64000000000033;229.520000000019;NA;NA;-2683.61799137222;-3792.09226122026;5.30030162498325;31.7126148975011;222.233090008677;37.5973949381311;6434.9678078723;7764.82339631739;2216.94853969609;0.0099009900990099;149;149
95;236.640000000014;2.57999999999993;240.109999999986;NA;NA;-2699.09781142216;-3878.89699999084;5.06978954384329;32.1707213658396;233.971065100134;38.0597185541795;6523.10574782983;7940.78142510355;2359.59837713736;0.0396039603960396;150;150
96;238.580000000016;2.55999999999949;241.97000000003;NA;NA;-2702.34781769534;-3882.45892548141;5.11172837276583;32.2154803909437;233.88350392397;38.7355178842449;6529.18477475741;7951.15445353544;2360.22221557214;0.0198019801980198;150;150
97;256.330000000016;2.67000000000007;259.950000000012;NA;NA;-2686.45240311799;-3772.41736644985;4.94317559332412;24.7268608587456;247.559189861846;51.4368455170533;6563.14531349538;7792.13808340028;2171.92992666372;0.0099009900990099;150;150
98;237.719999999972;2.55999999999949;241.070000000007;NA;NA;-2696.11240397419;-3864.39361816814;5.00275024050558;30.0564294501621;240.373681834925;41.3984492752751;6547.91809147655;7927.82695404037;2336.5624283879;0.0099009900990099;150;150
99;222.940000000002;2.52999999999975;226.229999999981;NA;NA;-2693.29674636573;-3858.54523364941;5.1233291737945;33.6114934537403;229.688643703293;35.8228667751847;6490.91415214909;7889.32332662339;2330.49697456735;0.0198019801980198;150;150
100;227.25;2.44999999999982;230.330000000016;NA;NA;-2668.78893056856;-3804.9866512091;4.98078718281564;28.9703103653906;236.945437455957;42.2071339529925;6475.99601651034;7812.75993589068;2272.39544128108;0.0297029702970297;149;149
101;243.330000000016;2.55000000000018;246.799999999988;NA;NA;-2708.72995422688;-3812.27685631715;5.07348615535988;27.7285096236812;235.439803051985;44.5588229169135;6549.43158266239;7838.78819942957;2207.09380418054;0.0198019801980198;150;150
102;241.619999999995;2.51999999999953;245.02999999997;NA;NA;-2710.45693845627;-3777.79053438798;5.09112292206451;26.6161713393445;235.719072922683;46.603457542372;6554.22825349771;7779.64595998936;2134.66719186342;0.0198019801980198;150;150
103;235.559999999998;2.34000000000015;238.640000000014;NA;NA;-2667.89164298634;-3846.52587359592;5.01492057567135;31.4636547982683;237.271157448346;38.9811296694321;6476.55993400156;7880.46922733944;2357.26846121916;0.0099009900990099;150;150
104;226.299999999988;2.23000000000047;229.47000000003;NA;NA;-2661.44905123731;-3809.80842579185;4.98926886462929;29.7094732315512;235.938620909878;40.953899304807;6456.47894910921;7816.38224619311;2296.71874910909;0.0198019801980198;149;149
105;230.729999999981;2.26999999999953;233.700000000012;NA;NA;-2705.57291574377;-3807.04121865355;5.07179762884976;28.7195055944322;234.029771086102;42.8457811565172;6536.33820914385;7820.08078592876;2202.93660581956;0.0198019801980198;150;150
106;249.599999999977;2.83999999999924;253.309999999998;NA;NA;-2676.21039407371;-3905.30851758013;4.97370763948705;31.9352004200017;242.077639526031;38.7072938819912;6516.30653452757;7996.7179394751;2458.19624701283;0.0099009900990099;150;150
107;243.26999999996;2.59000000000015;246.719999999972;NA;NA;-2713.08323501915;-3769.67402247313;5.14303925866817;26.3443572663212;236.850679261955;47.4679708415898;6564.92149984271;7767.56943201979;2113.18157490796;0.0198019801980198;150;150
108;239.369999999995;3.10000000000036;243.140000000014;NA;NA;-2738.06391203864;-4031.93118241561;5.4610925284077;40.449781883082;225.194535709453;30.3389047996632;6558.84124935729;8209.7288683474;2587.73454075393;0.0099009900990099;150;150
109;239.610000000044;2.39000000000033;242.809999999998;NA;NA;-2699.89647718122;-3795.00669720199;5.00591698432239;27.4455778339433;238.24676331154;45.1867733777196;6545.26022049418;7807.26700594038;2190.22044004153;0.0099009900990099;150;150
110;230.859999999986;2.27999999999975;234.049999999988;NA;NA;-2779.75511110842;-3689.11909205369;5.84751275852571;23.8687241019542;204.211126622246;51.2274283923933;6540.65447454791;7624.36334760973;1818.72796189055;0.0297029702970297;149;149
111;232.809999999998;2.86999999999989;236.330000000016;NA;NA;-2701.56376463977;-3874.25624254195;5.17701377873733;32.6540564119162;230.248571645978;36.8325729132369;6510.14026778704;7925.59991331626;2345.38495580436;0.0198019801980198;150;150
112;245.080000000016;2.63000000000011;248.850000000035;NA;NA;-2694.92941979114;-4041.56494110952;5.01989065199418;41.1406342460347;237.52646546471;29.5367486771722;6531.8629837226;8225.13969711595;2693.27104263675;0.0297029702970297;150;150
113;228.5;2.53000000000065;231.830000000016;NA;NA;-2666.20779919873;-3840.04835040972;5.00093035134034;30.9541383896012;235.72297335846;39.3711259078783;6465.7487278985;7869.38924495048;2347.68110242198;0.0198019801980198;150;150
114;236.789999999979;2.30999999999949;239.699999999953;NA;NA;-2690.92704545323;-3801.43086163639;5.15961868579318;29.5785219953203;231.392470186943;41.4330123132787;6494.36658234339;7802.067616702;2221.00763236633;0.0099009900990099;150;150
115;236.530000000028;2.82999999999993;240.070000000007;NA;NA;-2726.04028766635;-3875.45684498317;5.28709304093064;32.029038495471;227.176740128222;38.4314311419431;6544.32424666903;7935.68827305743;2298.83311463363;0.0099009900990099;150;150
116;236.589999999967;2.44000000000051;239.75;NA;NA;-2713.74285025289;-3839.96457356146;5.14744765284731;29.8704627937674;232.66836265848;41.3314417695709;6546.13255885261;7878.64669925673;2252.44344661714;0.0099009900990099;150;150
117;256.010000000009;2.6299999999992;259.460000000021;NA;NA;-2694.63217899944;-3763.4308466504;5.0154209290305;25.7126732176073;237.970335214782;48.3392566401131;6533.40258472679;7759.2721377524;2137.59733530191;0.0099009900990099;150;150
118;240.429999999993;2.6200000000008;243.690000000002;NA;NA;-2675.05090010816;-3633.04703024446;4.92111261666843;20.9294358075696;241.295117821239;59.4518725183329;6510.22525834785;7551.93288127046;1915.99226027261;0.0099009900990099;150;150
119;236.419999999984;2.38999999999942;239.660000000033;NA;NA;-2708.42980354839;-3837.06881494838;5.15477881705356;30.0385596037195;231.841670304496;41.001055196447;6531.53180900972;7871.26671552038;2257.27802279998;0.0099009900990099;150;150
120;235.140000000014;2.53000000000065;238.559999999998;NA;NA;-2690.21159718319;-3850.96350478612;5.10798780885621;31.5653052613;232.782419363644;38.2890979770866;6499.61842625849;7886.01726865001;2321.50381520586;0.0297029702970297;150;150
121;230.039999999979;2.41999999999825;233.200000000012;NA;NA;-2675.57689592634;-3850.4896417094;4.99959783783707;31.7596097850186;232.523384752996;37.6569676808477;6469.10361053049;7882.03032151323;2349.82549156612;0.0099009900990099;150;150
122;248.330000000016;2.54000000000087;251.590000000026;NA;NA;-2706.22658300314;-3868.34574121702;4.99362710268186;29.9266477269242;242.205743373177;42.2120348118211;6576.95482322413;7939.64284026855;2324.23831642776;0.0099009900990099;150;150
123;235.809999999998;2.38999999999942;238.839999999967;NA;NA;-2672.71018484735;-3817.43122287418;4.96095792106784;28.8859674691846;236.124799265073;42.0465296265862;6480.68543907316;7837.0180707493;2289.44207605366;0.0099009900990099;150;150
124;248.25;2.78000000000065;251.590000000026;NA;NA;-2705.75172866611;-3875.06218587876;5.04034475309766;29.3660964217409;241.785454005148;42.6642774596459;6573.9844041459;7955.25006825766;2338.6209144253;0.0099009900990099;150;150
125;230.440000000002;2.53000000000065;233.75;NA;NA;-2690.42505888108;-3760.9820143898;5.17860235477733;27.7369689770193;229.412897646426;43.7593941378041;6483.84501695743;7732.35493975733;2141.11391101743;0.0099009900990099;150;150
126;236.940000000002;2.69999999999891;240.200000000012;NA;NA;-2733.03170076476;-3787.40276330497;5.25574365037572;27.2570625700087;231.268884566244;45.9058080419036;6577.98170532207;7795.51618687845;2108.74212508041;0.0099009900990099;150;150
127;241.190000000002;2.64999999999964;244.530000000028;NA;NA;-2718.55160110549;-3885.53076892226;5.03471028381664;31.0706714436971;239.127790564981;40.3135993461388;6586.80636168859;7964.88540260179;2333.95833563353;0.0099009900990099;150;150
128;240.02999999997;2.55000000000109;243.260000000009;NA;NA;-2690.92504869921;-3806.27887159762;5.02508937318558;28.4148289823588;237.836689848544;43.5721826089156;6525.34577020379;7822.04855935026;2230.70764579683;0.0099009900990099;150;150
129;242.710000000021;2.75;246.080000000016;NA;NA;-2709.91443512147;-3822.9091660489;5.16431377386919;27.7944132710828;237.110676328701;45.0997181298837;6559.83394065695;7862.65339046959;2225.98946185486;0.0198019801980198;150;150
130;240.669999999984;2.48000000000138;243.839999999967;NA;NA;-2680.3606556783;-3963.38686551019;4.99884540089817;36.8688551092471;239.034065627976;33.32035755591;6509.97385045276;8086.97476941263;2566.05241966379;0.0198019801980198;150;150
131;234.840000000026;2.79999999999927;238.380000000005;NA;NA;-2777.59085783615;-3781.77239889828;5.91381892090934;28.3853626992174;205.06877694757;43.1651094262106;6540.44659894607;7770.93408022832;2008.36308212426;0.0099009900990099;149;149
132;234.109999999986;2.71999999999935;237.309999999998;NA;NA;-2684.79908952924;-3798.76421629315;5.09197884510181;28.5072387477961;233.805305963378;42.634712323727;6493.7113502362;7802.51198278845;2227.93025352782;0.0099009900990099;150;150
133;231.229999999981;2.71000000000095;234.549999999988;NA;NA;-2682.86012902193;-3543.29168464021;4.94908138096962;18.3327508681659;237.646201095433;67.2362287323211;6508.30007945121;7409.84861763266;1720.86311123656;0.0099009900990099;150;150
134;225.640000000014;2.56999999999971;228.899999999965;NA;NA;-2641.10150778639;-3785.09009334467;4.95209713176407;29.9676426584984;234.356524147787;39.9776138300138;6407.39350397538;7762.12035560137;2287.97717111656;0.0198019801980198;148;148
135;233.369999999995;2.76000000000022;236.920000000042;NA;NA;-2672.28438543525;-3662.10539675157;5.06019921117255;23.479048264079;235.00720305614;52.584499432117;6472.88329314135;7576.67903100404;1979.64202263263;0.0297029702970297;148;148
136;236.619999999995;1.96999999999935;239.210000000021;NA;NA;-2732.34452127866;-3912.1638309848;5.42668401625999;32.9997498721606;225.819127388008;37.4486369215272;6550.40544388005;8004.37706603546;2359.63861941229;0.0099009900990099;150;150
137;226.270000000019;2.28000000000065;229.090000000026;NA;NA;-2672.41140323817;-3827.57897383827;4.92970423303546;30.802306597155;234.138693397254;38.703341197144;6469.755796538;7841.11040477174;2310.3351412002;0.0198019801980198;149;149
138;241.919999999984;2.75;245.429999999993;NA;NA;-2702.11637009786;-3792.63205436517;4.9669220975674;26.9888926780615;240.43615547672;45.7367936383988;6560.22639091744;7805.16216418515;2181.03136853463;0.0099009900990099;150;150
139;236.190000000002;2.40999999999985;239.369999999995;NA;NA;-2666.03637651542;-3768.33678877825;4.94712695425372;27.3128458518774;238.105226768148;44.644078845974;6476.85952522778;7751.31796656672;2204.60082452567;0.0099009900990099;150;150
140;248.260000000009;2.51000000000022;251.609999999986;NA;NA;-2698.86062176896;-3848.27834414083;4.94552615674216;28.424518186386;245.573235697198;44.7925703145346;6578.41347632751;7911.91500983044;2298.83544474373;0.0099009900990099;150;150
141;238.309999999998;2.21999999999935;241.219999999972;NA;NA;-2689.68101906776;-3623.77874338646;4.94752750081744;20.7257124587425;240.8674742455;61.118270691964;6536.62384770692;7541.20377820523;1868.19544863741;0.0099009900990099;149;149
142;241.059999999998;2.5;244.549999999988;NA;NA;-2683.73917145064;-3772.06024319663;5.07840661965406;26.8174428791508;236.261200481046;46.0172305568748;6502.6090418745;7765.21295092185;2176.64214349198;0.0198019801980198;149;149
143;238.119999999995;2.61000000000058;241.47000000003;NA;NA;-2748.81549033073;-3855.76161234516;5.65034195306656;31.3025980557525;217.686071582877;39.1242517329213;6544.2444406938;7899.62882179914;2213.89224402886;0.0099009900990099;150;150
144;244.900000000023;2.98999999999978;248.659999999974;NA;NA;-2749.74032116163;-3833.10454376352;5.66587601805528;29.3487397645996;213.404311957139;42.4457561331316;6524.79408906179;7870.14219516277;2166.72844520379;0.0198019801980198;149;149
145;234;2.3700000000008;236.97000000003;NA;NA;-2661.39509118057;-3837.89954024778;4.94058670839191;30.1728202520152;236.745584352883;39.9745513750589;6461.03992606425;7867.99283558367;2353.00889813443;0.0396039603960396;150;150
146;244.660000000033;2.59000000000015;248.020000000019;NA;NA;-2703.88146012106;-3605.52724282488;5.04909362760701;20.1646202600593;237.235655480527;62.3348409347004;6548.36887826264;7510.7543381798;1803.29156540764;0.0198019801980198;150;150
147;233.330000000016;2.39000000000124;236.320000000007;NA;NA;-2708.67129486585;-3774.30361810127;5.23467926476214;28.9224974887333;227.345106866723;41.8208742429531;6509.63539760842;7749.53806240006;2131.26464647083;0.0099009900990099;149;149
148;244.840000000026;2.45999999999913;247.830000000016;NA;NA;-2700.00902241364;-3849.88846322106;5.06964370913026;30.0195989640264;236.985429506134;41.2151614431718;6539.42094069989;7897.93541407603;2299.75888161484;0.0198019801980198;150;150
149;234.630000000005;2.60000000000036;238;NA;NA;-2673.09759313128;-3802.20378902569;5.05655067242204;28.8471734479098;233.879298173462;41.8578730924064;6469.88189686279;7805.51616737613;2258.21239178882;0.0099009900990099;149;149
150;245.739999999991;2.45999999999913;248.960000000021;NA;NA;-2669.53034937614;-3816.58654144567;5.00390662924343;28.8032689078175;238.75508401363;42.7227821314811;6486.17340641645;7838.43717807179;2294.11238413907;0.0099009900990099;149;149
151;241.070000000007;2.82999999999993;244.640000000014;NA;NA;-2701.62871113485;-3863.77561613338;5.06973954593232;31.3971896103464;235.212824343885;39.2584107330855;6534.13780492573;7916.30185280007;2324.29380999706;0.0198019801980198;150;150
152;245.169999999984;2.75;248.760000000009;NA;NA;-2698.48994741249;-3758.77692857042;4.94260394471275;24.8355625650686;242.086384493937;50.3286923831472;6560.90768616027;7759.52931515251;2120.57396231587;0.0495049504950495;150;150
153;247;2.67000000000007;250.449999999953;NA;NA;-2681.91939374764;-3784.83445109521;5.02594061323659;26.8990829767806;238.692435161808;46.0497429783067;6511.44880053708;7791.07158763405;2205.83011469513;0.0099009900990099;150;150
154;238.659999999974;2.75;242.25;NA;NA;-2720.84840756046;-3740.29714159233;5.23048019081856;25.4367755586916;229.995598110842;48.053671779622;6547.49328147568;7711.631663403;2038.89746806374;0.0198019801980198;150;150
155;231.950000000012;2.29000000000087;235.199999999953;NA;NA;-2705.88617841459;-3854.73349533474;4.96450996556129;29.3474243277228;241.337842755167;42.3788615320243;6572.10123228761;7913.22043514916;2297.69463384029;0.0297029702970297;150;150
156;233.079999999958;2.67000000000007;236.72000000003;NA;NA;-2689.33134730113;-3684.45781290027;4.96690169859015;22.2894517933147;241.983761918157;56.8016455163677;6542.09708657428;7642.01241291759;1990.25293119827;0.0297029702970297;150;150
157;225.089999999967;2.82999999999993;228.650000000023;NA;NA;-2688.90656547711;-3615.03752158577;4.93407229647071;20.5445875297171;238.401194809698;60.5132596474243;6524.02288870909;7521.01691003927;1852.26191221732;0.0198019801980198;150;150
158;214.450000000012;2.55999999999949;217.660000000033;NA;NA;-2717.54717821919;-3916.77297364688;5.46349362538706;37.2505258163506;217.418618474969;32.0450450399971;6479.694772659;7987.50823268306;2398.45159085538;0.0099009900990099;149;149
159;224.059999999998;2.96999999999935;227.710000000021;NA;NA;-2678.71417125842;-3716.51127802197;4.95323169519963;24.4460038381767;238.315911367695;50.2479796339532;6503.22806577724;7674.6099550076;2075.59421352709;0.0099009900990099;150;150
160;228.380000000005;2.47999999999956;231.710000000021;NA;NA;-2663.59682696761;-3848.63620358917;5.03612339135139;30.7317638612826;239.195285270146;39.9406674837342;6476.42133417627;7889.16967048673;2370.07875324312;0.0099009900990099;149;149
161;228.289999999979;2.05999999999949;230.979999999981;NA;NA;-2685.35107001447;-3678.27357521694;4.960387451628;22.3360533224389;241.066027782623;55.9124903021464;6529.7241555361;7625.36896576015;1985.84501040493;0.0099009900990099;150;150
162;227.679999999993;2.69000000000051;230.899999999965;NA;NA;-2692.90974811715;-3830.17410169816;5.12717628097755;29.6377523817478;236.200185594529;41.9617949661639;6520.65704563138;7861.95609141658;2274.52870716203;0.0099009900990099;149;149
163;230.339999999967;2.55000000000109;233.580000000016;NA;NA;-2690.89227039573;-3573.14689284633;4.92981274779907;18.6175299843702;244.705802913005;68.9959006850725;6558.30624112111;7478.01936564809;1764.50924490119;0.0099009900990099;150;150
164;218.880000000005;2.72999999999956;222.070000000007;NA;NA;-2705.64335508537;-3753.48665351693;5.18147198723517;26.0767542375816;231.818517131813;47.3545449081356;6525.8475938813;7734.64935325113;2095.68659686311;0.0099009900990099;150;150
165;215.440000000002;2.71999999999935;218.669999999984;NA;NA;-2669.70574432244;-3922.10167407066;4.93448613411999;34.754184591365;238.163203738219;34.7930090322141;6483.68047305121;8011.36838658904;2504.79185949644;0.0198019801980198;149;149
166;217.070000000007;2.38000000000102;220.289999999979;NA;NA;-2682.6724070007;-4071.01673424364;4.96448583595609;43.394477699154;238.625479928751;28.0212271427712;6512.63291279472;8276.75680324635;2776.68865448587;0.0099009900990099;150;150
167;207.649999999965;2.64999999999964;210.869999999995;NA;NA;-2665.06402540651;-3813.02692384522;5.2466607404372;32.480797835146;223.443654429534;36.2788191627801;6402.92376483158;7800.23539608505;2295.92579687742;0.0297029702970297;148;148
168;215.590000000026;2.39999999999964;218.510000000009;NA;NA;-2696.4242385035;-3674.15124067843;5.06560763666789;22.5440967227553;234.12705917508;54.6601957576851;6518.50860633288;7611.10338631147;1955.45400434986;0.0099009900990099;150;150
169;202.25;2.25;205.119999999995;NA;NA;-2723.43420259597;-4064.5388498134;5.69383917586702;47.6540789606281;212.207610101543;25.0283638268863;6466.43222816222;8249.32793143431;2682.20929443484;0.0297029702970297;149;149
170;218.22000000003;2.68000000000029;221.469999999972;NA;NA;-2678.21532897893;-3779.62217630656;4.97998308730989;27.1977221595239;239.275802910853;45.3367831973536;6506.84544639874;7777.21919677237;2202.81369465526;0.0297029702970297;150;150
171;216.609999999986;2.31999999999971;219.280000000028;NA;NA;-2692.44811424819;-3908.00843766157;5.26439875340918;35.1717549282695;229.135024039005;34.6861859392411;6486.55513841313;7982.78468374202;2431.12064682676;0.0198019801980198;150;150
172;211.479999999981;2.29999999999927;214.210000000021;NA;NA;-2713.02052397196;-3784.78307878194;5.21837078391843;28.3599843650222;228.489328667841;43.1232801691544;6524.59551731643;7776.89869444877;2143.52510961997;0.0099009900990099;150;150
173;210.260000000009;2.70000000000073;213.549999999988;NA;NA;-2705.20633843055;-3840.66597899893;5.3818451059281;31.5402255876736;222.699676136195;38.4642904509196;6481.13105996283;7866.26452545061;2270.91928113675;0.0198019801980198;150;150
174;203.490000000049;2.33999999999833;206.440000000002;NA;NA;-2702.208323702;-3766.33530634372;5.10103881546484;28.4315177167611;228.26519170047;41.9292266319924;6501.89348803693;7734.26225629925;2128.25396528346;0.0495049504950495;150;150
175;213.75;2.5;216.75;NA;NA;-2687.0580979198;-3761.21446676995;5.07823240383735;26.9777712539432;234.405996906764;45.7747195711576;6500.33346118206;7742.35623991233;2148.31273770031;0.0099009900990099;149;149
176;214.820000000007;2.60000000000036;218.070000000007;NA;NA;-2728.18122071666;-3761.59136699717;5.52811212129587;26.82710897449;219.763784693708;46.2300936120321;6512.23034534834;7745.29791146984;2066.82029256101;0.0297029702970297;149;149
177;218.030000000028;2.53999999999905;221.109999999986;NA;NA;-2707.30785679927;-3802.26511819355;4.95696429128249;26.7670853824987;239.671062423877;46.3188251162377;6566.93087133512;7827.226642579;2189.91452278856;0.0099009900990099;150;150
178;207;2.36000000000058;209.950000000012;NA;NA;-2685.45843295373;-3694.08253886085;4.96676836498747;24.1053339277362;235.062238144081;50.2596877858645;6501.07324476084;7629.80876834102;2017.24821181423;0.0099009900990099;150;150
179;212.130000000005;2.38999999999942;215.080000000016;NA;NA;-2712.78583080658;-3766.58151316364;5.03394900026639;26.0978255701121;236.142027006837;46.9630201894828;6560.91956029844;7758.95665977695;2107.59136471412;0.0099009900990099;150;150
180;209.640000000014;2.27000000000044;212.389999999956;NA;NA;-2676.8560792913;-3921.43302962386;5.0299908891944;35.4991176974945;232.748637260622;33.8222832734204;6472.74496940903;8005.48030767248;2489.15390066512;0.0198019801980198;150;150
181;218.950000000012;2.57999999999993;222.25;NA;NA;-2696.34433911695;-3798.01480588765;5.11153922824818;28.0222784164979;235.982791802261;44.0449023916708;6527.2709895428;7807.7932186691;2203.34093354139;0.0099009900990099;150;150
182;225.820000000007;2.64999999999964;228.910000000033;NA;NA;-2701.03817705215;-3573.83249000426;4.92594710197529;18.0869337723298;247.413251384109;71.4247467740772;6591.6152033567;7491.06821573043;1745.58862590423;0.0099009900990099;150;150
183;220.25;2.5;223.369999999995;NA;NA;-2705.11886889597;-3817.72153547321;5.03757568567324;28.3129933100778;239.630881993651;44.7322982057372;6562.35971192794;7850.51161005816;2225.20533315448;0.0099009900990099;150;150
184;217.130000000005;2.46999999999935;220.200000000012;NA;NA;-2680.67842497362;-3853.30044228318;4.98846558752385;30.3843647092652;237.688842396567;40.3100402020868;6504.14168658315;7900.40763730518;2345.24403461911;0.0198019801980198;150;150
185;215.010000000009;2.36000000000058;218.02999999997;NA;NA;-2677.43668753519;-3794.92604697326;4.92971038883777;27.5262528085769;239.302842036774;44.6887573375158;6505.41816499886;7804.71129279864;2234.97871887614;0.0099009900990099;150;150
186;214.669999999984;2.95000000000073;218.039999999979;NA;NA;-2704.10220498635;-3824.42604345414;5.22883386264838;29.44078841581;231.028144059514;41.5908858056669;6518.96525682331;7848.81702073413;2240.64767693557;0.0198019801980198;150;150
187;211.739999999991;2.27999999999884;214.650000000023;NA;NA;-2676.67499811872;-3807.42075578692;4.94301563360523;28.4261851769181;237.939477527703;42.6623896949081;6497.33986220708;7819.95813188474;2261.49151533641;0.0396039603960396;150;150
188;223.710000000021;2.45000000000073;226.770000000019;NA;NA;-2713.82581238842;-3784.16711583438;5.18195988456266;26.5224801771946;237.981742403875;48.2328968266279;6571.84469616043;7800.23330848168;2140.68260689194;0.0099009900990099;150;150
189;211.5;2.32999999999993;214.419999999984;NA;NA;-2683.4194764195;-3626.43473453353;5.10742315573864;21.7013130986353;235.092634514016;57.5500697497885;6495.56364787617;7529.1783592285;1886.03051622805;0.0198019801980198;148;148
190;220.130000000005;2.07999999999993;222.97000000003;NA;NA;-2682.50498527177;-3636.58638949658;4.929259057414;21.2280457702146;243.192400336053;59.3561252202267;6533.44202293457;7558.35273986864;1908.16280844963;0.0099009900990099;149;149
191;220.880000000005;2.70000000000073;224.140000000014;NA;NA;-2671.92715614274;-3772.57460171833;4.92183962238654;25.9656040355377;243.2285508941;47.9414323805703;6513.27352858572;7775.64694754076;2201.29489115118;0.0099009900990099;150;150
192;207.640000000014;2.44000000000051;210.449999999953;NA;NA;-2679.1264765183;-3793.20568004086;5.01199776128644;28.8637180346441;232.909651538315;41.6274399455082;6477.28093990026;7786.4128199304;2228.15840704512;0.0099009900990099;149;149
193;210.640000000014;2.6200000000008;213.760000000009;NA;NA;-2696.43958893473;-3807.04333532851;4.99319160625551;28.1231793283456;235.997281068784;43.4891462936962;6527.53115216257;7823.17825628459;2221.20749278757;0.0396039603960396;150;150
194;212.380000000005;2.57999999999993;215.610000000044;NA;NA;-2684.90219310878;-3735.11442899879;4.97635418072522;25.8067968704446;237.127188045972;48.0453738562893;6509.09577288676;7701.06565513937;2100.42447178001;0.0099009900990099;149;149
195;206.5;2.27999999999884;209.369999999995;NA;NA;-2673.26018940088;-3727.83328528391;5.02426450732421;26.17889364874;234.323774172021;46.2078000742344;6472.342600226;7677.67463744246;2109.14619176605;0.0297029702970297;149;149
196;209.209999999963;2.39000000000124;212.159999999974;NA;NA;-2668.53230251755;-3904.81159466388;4.96394011515703;34.9281426395679;234.629229226392;34.3474798136521;6465.13911912665;7974.76253163736;2472.55858429266;0.0099009900990099;150;150
197;214.77999999997;2.56999999999971;217.829999999958;NA;NA;-2669.63709846412;-3807.72666439269;5.00301665279278;28.3094327363181;238.178454397405;43.4763334341621;6484.41304044454;7824.48331143047;2276.17913185713;0.0198019801980198;150;150
198;215.459999999963;2.55000000000109;218.619999999995;NA;NA;-2691.0039915644;-3802.85326779482;4.94854398622897;27.4961277579568;239.069605470958;44.4697183504569;6531.43139433343;7819.5126162957;2223.69855246082;0.0099009900990099;150;150
199;209.900000000023;2.13999999999942;212.729999999981;NA;NA;-2777.20779603747;-3892.86612092918;5.81480371090628;33.8817481761062;209.176954523803;35.9503312372955;6560.1180448836;7958.57793791958;2231.31664978343;0.0099009900990099;150;150
200;213.030000000028;2.30000000000109;215.719999999972;NA;NA;-2692.07160652565;-3741.30955437143;5.00950688489607;25.157142052847;238.115463727474;49.6057190559693;6528.97920355303;7721.11858131382;2098.47589569157;0.0297029702970297;150;150
201;227.289999999979;1.97999999999956;230.010000000009;NA;NA;-2731.025802577;-3857.68124560714;5.29848424250042;29.6924431418337;232.06193572571;42.1741400388683;6577.78282178914;7918.13165466607;2253.31088606027;0.0198019801980198;150;150
202;208.130000000005;2.45999999999913;211.239999999991;NA;NA;-2704.27037764091;-3708.44020586134;5.02550487222414;23.8098631267083;235.053994356105;51.9115839768208;6538.65749880439;7666.46625856477;2008.33965644087;0.0099009900990099;150;150
203;206.350000000035;2.40999999999985;209.390000000014;NA;NA;-2705.71477244517;-4043.24596661149;5.38741750182593;44.4063491867317;221.388791627879;27.0884611644995;6475.10488927069;8216.64002268143;2675.06238833264;0.0198019801980198;149;149
204;215.77999999997;2.54000000000087;218.780000000028;NA;NA;-2693.15832589158;-3629.04088491613;5.01086930798503;20.9515226828733;238.826475747098;60.2544931288154;6534.57111892225;7547.77951244614;1871.7651180491;0.0099009900990099;150;150
205;214.820000000007;2.32999999999993;217.510000000009;NA;NA;-2685.48912768535;-3732.2755413526;4.94963619313386;25.1607948110193;238.395751592642;48.7988520429943;6517.16184266737;7699.17121715363;2093.57282733451;0.0198019801980198;150;150
206;207.940000000002;2.35000000000036;210.960000000021;NA;NA;-2740.21434863323;-3940.77616437323;5.69795933981692;37.825114412649;211.262337636919;31.9581494769255;6495.45090362214;8035.09711934165;2401.12363147999;0.0099009900990099;149;149
207;216.559999999998;2.13999999999942;219.380000000005;NA;NA;-2708.22877867304;-3816.17908145987;5.2992469251975;29.3550589625663;229.380421890732;42.4635256430655;6519.29631626656;7836.51866421089;2215.90060557366;0.0198019801980198;150;150
208;217.069999999949;2.2599999999984;220.25;NA;NA;-2712.9927833861;-3742.51785099682;5.14154461100714;25.3337299317237;235.52000279334;49.7961072296813;6558.34283353704;7724.45054238666;2059.05013522144;0.0099009900990099;150;150
209;212.469999999972;2.33000000000175;215.5;NA;NA;-2749.0474269431;-3705.0403306849;5.54694194586987;23.9357409718022;221.953251177585;52.113933498174;6565.22449838418;7660.63938503004;1911.9858074836;0.0099009900990099;150;150
210;211.780000000028;2.32999999999993;214.709999999963;NA;NA;-2731.62424149553;-3796.25924919785;5.38460994835682;28.6204786559118;225.724545006125;43.6749337961641;6548.51014142079;7802.50333226544;2129.27001540463;0.0198019801980198;150;150
211;218.880000000005;2.72999999999956;222.349999999977;NA;NA;-2695.20291414219;-3867.01892385852;5.02946160958098;32.0009409595248;235.132595124308;38.4062363482556;6520.90047665577;7918.69129669053;2343.63201943265;0.0099009900990099;150;150
212;211;2.81999999999971;214.440000000002;NA;NA;-2684.71961807619;-3765.56012509208;4.97382772614143;26.8492903704252;236.639191255845;45.193764367741;6507.17745219272;7748.40747372064;2161.68101403178;0.0099009900990099;150;150
213;214.759999999951;2.42000000000007;217.570000000007;NA;NA;-2712.53317540221;-4016.29068192758;5.26190097547297;40.4511345728088;230.623663704551;30.2158239649541;6533.8824954481;8177.8561066889;2607.51501305074;0.0099009900990099;150;150
214;217.709999999963;2.26000000000022;220.73000000004;NA;NA;-2690.04881970493;-3718.25462628279;4.91942671035277;23.7137754082512;241.389862659824;52.510678761944;6540.67662151042;7688.97548886661;2056.41161315573;0.0099009900990099;150;150
215;216.929999999993;2.19000000000051;219.77999999997;NA;NA;-2684.62788621861;-3790.16575201021;4.97895173504308;27.4659524845345;239.202564038465;45.2841207774926;6518.51842394462;7797.90169991328;2211.07573158321;0.0297029702970297;149;149
216;212.880000000005;2.3799999999992;215.860000000044;NA;NA;-2696.76178349658;-3798.84781809352;5.11491518502733;28.8520133501038;232.770769711871;42.9021095855217;6512.66278849259;7803.96480641686;2204.17206919388;0.0099009900990099;150;150
217;217.049999999988;2.1200000000008;219.75;NA;NA;-2674.9318611697;-3933.47116514361;4.92830830959849;34.4526556007386;238.665835643386;35.224743805704;6497.34584748369;8036.29947254795;2517.07860794782;0.0099009900990099;150;150
218;217.540000000037;2.52999999999884;220.450000000012;NA;NA;-2666.94917639971;-3731.34253635728;4.99930055026524;27.0084517475371;234.683777627267;45.2641655130162;6461.45023179314;7680.15939237692;2128.78671991513;0.0198019801980198;149;149
219;228.640000000014;2.22000000000116;231.5;NA;NA;-2701.62739521604;-3636.24018810645;5.01785897637401;20.6171920453079;240.99609125375;61.5161712866654;6561.94055791045;7568.24414469897;1869.22558578081;0.0099009900990099;150;150
220;227.77999999997;2.88999999999942;231.299999999988;NA;NA;-2694.34386210132;-3774.64550989785;5.08397401092765;25.8578011480982;239.593535100501;48.0610836046262;6540.63013810872;7780.36403534777;2160.60329559307;0.0099009900990099;150;150
221;221.299999999988;2.35000000000036;224.25;NA;NA;-2699.06583735656;-3907.05957733387;5.11710944392995;33.7428569329896;233.911167349002;36.5764385137644;6522.75381713686;7989.97511361905;2415.98747995461;0.0297029702970297;150;150
222;225.330000000016;2.42999999999847;228.27999999997;NA;NA;-2714.68670763084;-3799.26056711772;5.03379213433042;27.7755581672236;237.100182537969;44.5010738377648;6569.32803255048;7812.47796907485;2169.14771897376;0.0198019801980198;150;150
223;214.369999999995;2.40999999999985;217.52999999997;NA;NA;-2701.44688139643;-3794.82121482018;5.1593417223343;30.3489720520098;227.847400208784;40.1434304000688;6498.36190256816;7782.64813865555;2186.7486668475;0.0198019801980198;150;150
224;221;2.48000000000138;224.159999999974;NA;NA;-2679.17979722748;-3925.8150728481;4.94824450865968;35.746054746435;235.337476152394;33.7917391341924;6489.83929088268;8014.09754087028;2493.27055124124;0.0099009900990099;150;150
225;233.789999999979;2.88999999999942;237.510000000009;NA;NA;-2683.85026674107;-3991.6082346097;4.92795320205167;37.301967019271;242.322326486286;33.0153262665016;6532.76271096895;8141.95094683951;2615.51593573726;0.0396039603960396;150;150
226;229.530000000028;2.6299999999992;233.02999999997;NA;NA;-2714.90921133773;-3722.77396234325;5.18898797508059;24.6056373489689;229.100709214024;49.5827526995078;6531.31235025118;7683.9369772493;2015.72950201103;0.0099009900990099;150;150
227;235.229999999981;3.04000000000087;238.899999999965;NA;NA;-2702.48753889506;-3818.79806894839;5.03082745120994;28.5301058047875;237.009348718353;43.6429976000267;6544.49297490869;7847.42742564161;2232.62106010667;0.0297029702970297;150;150
228;238.559999999998;2.52999999999884;241.869999999995;NA;NA;-2707.03732068607;-3859.32867653137;5.04736114820268;29.932711137882;239.007219413963;41.6853324801465;6563.1981064824;7919.07637731361;2304.5827116906;0.0198019801980198;150;150
229;247.190000000002;3.25;251.140000000014;NA;NA;-2692.08853896013;-3798.41034902077;4.99976536638139;26.7003041413973;243.207158339583;47.464253986654;6553.49344089902;7825.02421483803;2212.64362012126;0.0198019801980198;150;150
230;235.740000000049;2.80000000000109;239.449999999953;NA;NA;-2717.24587788079;-3870.22733365624;5.17879423765011;31.9528747754083;230.876093881262;38.380119561926;6544.52156014353;7924.98254931742;2305.96291155091;0.0198019801980198;150;150
231;232.26999999996;2.44999999999891;235.580000000016;NA;NA;-2693.30047351291;-3672.12892853095;5.01082172785781;23.3745650485379;234.752838134386;52.7314328729981;6515.26976072482;7597.78545765833;1957.65691003607;0.0297029702970297;150;150
232;238.97000000003;2.97999999999956;242.890000000014;NA;NA;-2715.41721147134;-3877.99906964603;5.38323879960641;33.4593163005525;225.529964754548;37.100216580941;6515.16055844768;7934.37237224772;2325.16371634938;0.0297029702970297;150;150
233;245.229999999981;2.39000000000124;248.390000000014;NA;NA;-2709.96535170332;-3942.40602786751;5.07015169386002;34.9500336659286;236.00936474866;35.0607566547484;6554.64077485735;8053.38076372333;2464.88135232837;0.0198019801980198;150;150
234;250.570000000007;2.46999999999935;253.919999999984;NA;NA;-2707.98819165211;-3791.06997711522;5.04159055489375;27.183133883856;237.349735185274;45.5041910989874;6557.13082544978;7800.91967929866;2166.16357092622;0.0099009900990099;150;150
235;244.410000000033;2.98999999999978;248.260000000009;NA;NA;-2688.46274620405;-3817.40672320235;5.11389751957993;29.5404960622476;231.91099710161;41.1061292287724;6491.93101081885;7832.44771775624;2257.88795399659;0.0099009900990099;150;150
236;239.200000000012;2.48000000000138;242.309999999998;NA;NA;-2698.62070117206;-3717.24311054094;5.0083392907631;25.5363474736251;232.668458163047;48.2647430315655;6515.11056158777;7666.37699020366;2037.24481873776;0.0297029702970297;149;149
237;251.169999999984;2.8799999999992;254.770000000019;NA;NA;-2684.70603782948;-3792.84754438106;5.0501518796188;27.4268812901346;238.380552260787;45.3834296788578;6514.72532370164;7803.74242005593;2216.28301310316;0.0198019801980198;149;149
238;243.740000000049;2.71999999999935;246.959999999963;NA;NA;-2693.95442040678;-3693.62546671243;5.00783950056586;23.3624847055455;235.9687095724;52.6435173468558;6522.42344613092;7640.35584472226;1999.34209261129;0.0099009900990099;150;150
239;251.760000000009;2.84000000000015;255.389999999956;NA;NA;-2688.7409857096;-3825.92603485119;5.08704398603411;28.9434871391747;236.880658376777;43.3288155495626;6516.38113789189;7860.17280070591;2274.37009828319;0.0198019801980198;150;150
240;239.109999999986;2.70000000000073;242.75;NA;NA;-2686.03050047189;-3968.92616080079;5.19512054279578;39.406880258758;227.32040474295;30.5067543684882;6464.99539777491;8084.52582951964;2565.7913206578;0.0099009900990099;150;150
241;250.419999999984;2.96999999999935;253.969999999972;NA;NA;-2705.18943561555;-3938.23068304716;5.1861340724027;34.994319114922;233.294627521838;35.1924192753095;6532.03675013047;8045.6630951568;2466.08249486322;0.0099009900990099;150;150
242;249.790000000037;2.92000000000007;253.359999999986;NA;NA;-2710.92709623435;-3821.78645163757;5.22319692163774;29.526906830531;232.000029675683;42.2050902232949;6537.28777083629;7846.49087220344;2221.71871080643;0.0198019801980198;150;150
243;243.839999999967;2.72000000000116;247.369999999995;NA;NA;-2672.87738366041;-3713.59780244392;5.13146562970467;25.9732093032144;231.872608196223;46.9134513675901;6459.80021904382;7652.59401450276;2081.44083756702;0.0099009900990099;149;149
244;248.309999999998;2.82999999999993;251.869999999995;NA;NA;-2683.3000973287;-3838.46219818248;5.03142394290885;29.8421865395084;236.302418627099;41.2716452849093;6502.71924065322;7875.35445281633;2310.32420170757;0.0099009900990099;150;150
245;238.75;2.54999999999927;242.02999999997;NA;NA;-2655.35815500323;-3943.76946085988;5.02484131447049;38.3139519073274;231.610788314592;30.8630925723627;6424.27845376751;8035.9256690646;2576.8226117133;0.0297029702970297;150;150
246;253.390000000014;2.26000000000022;256.440000000002;NA;NA;-2702.95328067796;-3657.96494055873;5.06869020500114;21.8498016639273;239.111515253192;58.1309933541831;6555.53147071738;7595.41804334641;1910.02331976153;0.0099009900990099;150;150
247;240.710000000021;2.67000000000007;244.180000000051;NA;NA;-2668.48798542809;-3658.68183455191;5.01209431730602;23.2584723901304;234.757519156228;52.2632427238235;6464.88214532095;7568.46546289353;1980.38769824763;0.0099009900990099;149;149
248;248.590000000026;2.44000000000051;252.02999999997;NA;NA;-2676.04131537063;-3916.36373764625;5.02414424761693;34.5708980003671;235.876983664052;35.0886120404934;6485.36733763816;8001.31275561119;2480.64484455124;0.0099009900990099;149;149
249;245.25;2.79999999999927;248.890000000014;NA;NA;-2673.88901985992;-3889.01684785424;4.95715426458909;33.3525884171156;237.364820694608;36.3426034502746;6489.00501152706;7952.76539841733;2430.25565598865;0.0099009900990099;150;150
250;236.340000000026;2.60999999999876;239.609999999986;NA;NA;-2676.59434988281;-3696.96093911835;5.02687484178137;25.073680463705;232.180439205782;48.5673669978325;6468.71314350395;7627.26662183103;2040.73317847108;0.0198019801980198;149;149
