1;57.9400000000023;1.64000000000033;59.5799999999872;NA;NA;-1800.12454214823;-2399.3698963835;5.03532710331739;35.1839977168171;105.691079678786;15.3569070227778;4082.56814722104;4868.82072132934;1198.49070847053;0.0099009900990099;92;92
2;69.0299999999988;1.75;71.0100000000093;NA;NA;-2050.08801534676;-2714.52753474034;7.51795985017505;48.0106577745234;82.6524865186597;13.0156250314428;4481.62316559985;5489.12310961324;1328.87903878715;0.0198019801980198;102;102
3;60.5400000000081;1.76999999999953;62.5200000000186;NA;NA;-1812.57211255766;-2517.77947848159;5.1746999723207;50.0696009383739;105.364186432594;10.9098728653819;4106.54105914089;5085.40490969947;1410.41473184787;0.0099009900990099;93;93
4;65.0899999999965;1.69999999999982;67;NA;NA;-1862.02865997885;-2533.50657736669;5.09266834910111;39.604584876919;111.742544445346;14.2625671239306;4238.08922909346;5132.62303183329;1342.95583477568;0.0099009900990099;99;99
5;72.6700000000128;1.80000000000018;74.5500000000175;NA;NA;-1987.51265242568;-2859.27340717437;5.94195468593293;65.898583641518;107.541554212024;9.5777788463424;4473.40562853435;5762.93315929772;1743.52150949738;0.0198019801980198;106;106
6;70.4100000000035;1.65000000000055;72.2399999999907;NA;NA;-1905.52846734871;-2738.79215982531;4.89573300695284;55.6733491097266;122.304484611905;10.8631006152837;4376.09748788176;5527.77129685292;1666.5273849532;0.0198019801980198;103;103
7;65.539999999979;1.6899999999996;67.4400000000023;NA;NA;-1910.13496037672;-2535.0426162018;6.03417818304537;40.8429383650582;94.6033508169763;13.9730057060252;4255.45905370607;5134.36308498951;1249.81531165015;0.0198019801980198;99;99
8;67.8899999999849;1.71000000000004;69.6999999999825;NA;NA;-1914.60098499346;-2624.23797184173;5.23770362825634;42.5494717308956;114.285151147018;14.0766771295939;4357.74571331571;5313.57748617637;1419.27397369655;0.0297029702970297;104;104
9;73.4800000000105;1.67000000000007;75.4100000000035;NA;NA;-1951.13592155307;-2760.84322817984;4.98922286199558;47.6211314130636;125.33249701284;13.1603327399709;4483.1008155618;5582.67544744113;1619.41461325354;0.0198019801980198;106;106
10;67.4500000000116;1.55999999999949;69.2799999999988;NA;NA;-1956.1445556496;-2615.82792924721;6.19401423259658;42.042174255348;96.5769390447693;14.3180817588584;4357.04235164215;5297.59306173085;1319.36674719522;0.0198019801980198;100;100
11;65.6800000000221;1.52000000000044;67.3500000000058;NA;NA;-1879.93933639014;-2639.12943628677;5.18480718870469;49.4030361004729;113.54173549161;11.8431663127203;4282.75768793158;5332.79866898457;1518.38019979326;0.0099009900990099;100;100
12;63.7799999999988;1.5;65.570000000007;NA;NA;-1926.97020087284;-2579.26701629251;5.87979957601582;43.4000036558766;98.1668422721556;13.0630795884267;4305.02379903864;5218.55978245603;1304.59363083934;0.0099009900990099;98;98
13;65.6700000000128;1.56999999999971;67.5199999999895;NA;NA;-1915.25142724036;-2639.825902701;5.27424060567442;46.8865252270836;113.398186481792;12.7725598069944;4352.72080201179;5338.47161702393;1449.14895092128;0.0099009900990099;100;100
14;69.2000000000116;1.60000000000036;71.0799999999872;NA;NA;-2020.44306651693;-2718.35284877703;7.09668181136205;53.4661070361166;86.6677724365366;11.3470748731148;4442.12024216728;5489.23772128086;1395.81956452021;0.0099009900990099;105;105
15;58.1399999999849;1.68000000000029;60.0200000000186;NA;NA;-1816.99881089685;-2453.80597650517;5.18371906075549;43.4888564370727;102.54040474465;12.142436966725;4102.49292247497;4963.08934918305;1273.61433121664;0.0099009900990099;93;93
16;70.0599999999977;1.31999999999971;71.7000000000116;NA;NA;-1913.29066037724;-2599.23138972572;4.90816622879932;34.421486892154;122.158909470401;17.7100838752837;4390.35342227797;5280.19608280044;1371.88145869696;0.0099009900990099;102;102
17;73.0799999999872;1.94999999999982;75.3500000000058;NA;NA;-2004.59871587878;-2699.78338045318;5.72744702765771;39.6926008028081;109.819138581488;15.8540761075804;4518.64836185042;5473.11381220449;1390.36932914879;0.0099009900990099;107;107
18;68.1100000000151;1.52000000000044;69.9400000000023;NA;NA;-1926.11431041003;-2682.23938727823;5.27439349347017;51.4211654644384;113.995333205587;11.536725860108;4378.88131339554;5417.77786643045;1512.2501537364;0.0099009900990099;103;103
19;71.8399999999965;1.85999999999967;73.929999999993;NA;NA;-2030.87220096795;-2811.77545724464;6.12438765077072;59.0127378916958;103.925481802726;10.5769638678537;4544.33803893833;5672.66664022745;1561.80651255336;0.0198019801980198;108;108
20;78.2999999999884;1.96000000000004;80.3000000000175;NA;NA;-2192.90584776345;-2812.66754926408;8.26230883151753;42.5466894734392;80.8083526936554;15.4097639639109;4762.52686431684;5697.17286825334;1239.52340300125;0.0099009900990099;112;112
21;70.4499999999825;1.78999999999996;72.359999999986;NA;NA;-1967.64624104061;-2764.26514811594;5.32102662464285;54.0259775517856;117.734416680656;11.4844728763376;4480.90963559796;5581.75284217121;1593.23781415066;0.0099009900990099;106;106
22;63.820000000007;1.75;65.7799999999988;NA;NA;-1928.90742345471;-2664.72165831969;6.53573711183478;58.1009286057191;89.795057044337;9.78577985052192;4271.3363664591;5374.50849825364;1471.62846972995;0.0297029702970297;100;100
23;69.4700000000012;1.67000000000007;71.4100000000035;NA;NA;-1966.30342460093;-2735.95424722797;5.38626250244399;50.8453487195216;117.387251978997;12.2515332858953;4474.93003551407;5528.50996060157;1539.30164525409;0.0198019801980198;103;103
24;73.2599999999802;1.63999999999942;75.0899999999965;NA;NA;-1994.51080340355;-2664.06036506069;5.64584238068155;39.0572355466654;108.241260853422;15.8012328714579;4490.64458422499;5401.34845693609;1339.09912331427;0.0297029702970297;106;106
25;57.7799999999988;1.28000000000065;59.3600000000151;NA;NA;-1952.8347477493;-2498.79649920399;8.96164897210327;52.689398001904;59.3873799170564;10.0131347598166;4177.00359526345;5043.34185800869;1091.92350290939;0.0198019801980198;93;93
26;58.0099999999802;1.34999999999945;59.539999999979;NA;NA;-1769.69422506539;-2483.68921133537;4.9828733026824;47.4966565263275;105.027923291868;11.0844307024178;4019.81058859306;5018.08118565781;1427.98997253996;0.0297029702970297;94;94
27;73.2200000000012;1.59000000000015;75.0599999999977;NA;NA;-1992.57523259637;-2792.54954614297;5.38756215904535;54.3296186639482;117.879239922458;11.480963808724;4532.54048094696;5638.41267798826;1599.94862709319;0.0297029702970297;108;108
28;73.0199999999895;1.46999999999935;74.6499999999942;NA;NA;-2066.15793808866;-2637.68559767691;8.02297264439943;38.6940287467728;79.1573763940166;16.169172444736;4498.78011664283;5350.22743451745;1143.05531917649;0.0297029702970297;105;105
29;70.0500000000175;1.5;71.8099999999977;NA;NA;-2196.5419394463;-2888.29959466711;11.0079098561167;79.2006561613317;57.0384947336357;7.88648174830888;4657.41763969817;5813.14754829409;1383.51531044162;0.0099009900990099;106;106
30;64.8199999999779;1.82000000000062;66.8699999999953;NA;NA;-1883.56482960159;-2497.20992713026;4.95799255675047;32.7362273298762;114.296986647279;17.6541865156646;4292.91237290809;5075.63167240848;1227.29019505733;0.0099009900990099;99;99
31;67.3600000000151;1.59999999999945;69.0400000000081;NA;NA;-1905.31503502615;-2514.98043411655;5.22579425224084;32.2075354547608;112.660844978524;18.5709095037022;4328.314407437;5115.29547568158;1219.33079818081;0.0198019801980198;98;98
32;65.679999999993;1.72000000000025;67.6700000000128;NA;NA;-1891.96948015898;-2627.18178331213;5.54775014391032;49.3042938914643;106.073861690145;11.8253537237236;4271.89410671841;5308.76190864326;1470.4246063063;0.0198019801980198;99;99
33;75.6100000000151;1.71000000000004;77.5800000000163;NA;NA;-2031.95125467473;-2907.24145333066;5.82728389679871;66.3818978241435;112.421397262955;9.64373828488599;4587.99246086804;5859.44041878299;1750.58039731186;0.0099009900990099;112;112
34;63.7999999999884;1.56999999999971;65.6100000000151;NA;NA;-1857.75045518571;-2451.51163289961;5.02134580833975;30.9682405960426;111.982311748599;18.3889294932083;4229.49306756;4987.42735954416;1187.52235542781;0.0099009900990099;97;97
35;72.3099999999977;1.39000000000033;74;NA;NA;-1973.84908456364;-2702.97366763581;5.44141333440163;43.5636000736464;116.452333849668;14.4552450378144;4486.82184930372;5472.86883564018;1458.24916614435;0.0099009900990099;105;105
36;64.1600000000035;1.46000000000004;65.820000000007;NA;NA;-1903.14290422767;-2510.18379132433;6.10909904525013;36.1849272702914;92.7611906491013;15.8521514395087;4232.52986445678;5093.20930965372;1214.08177419334;0.0396039603960396;98;98
37;63.3899999999849;1.47999999999956;65.0500000000175;NA;NA;-1858.28164594604;-2603.75194704016;5.05653704242623;48.3429179335312;112.396745204814;11.7583871651197;4233.03407263797;5261.53449246123;1490.94060218826;0.0198019801980198;98;98
38;65.5499999999884;2;67.8099999999977;NA;NA;-1868.11704198519;-2586.5226994982;5.24030136956524;47.2836578874924;109.773270950346;12.0759779902527;4241.20704944891;5228.59664898648;1436.81131502602;0.0198019801980198;99;99
39;65.4400000000023;1.75;67.3600000000151;NA;NA;-1899.00389153175;-2579.26536578903;5.05750494800774;42.4567847909523;113.175277195943;13.4714067879203;4320.31977931391;5220.702237105;1360.52294851457;0.0198019801980198;102;102
40;76.1000000000058;1.72000000000025;77.9400000000023;NA;NA;-2280.99546509367;-2936.54667762589;12.2533431466071;72.8758183953818;53.338699262236;8.88229306096223;4810.40793152536;5914.46130455931;1311.10242506445;0.0099009900990099;111;111
41;64.8399999999965;1.60000000000036;66.7699999999895;NA;NA;-1883.28556224181;-2571.4483952395;5.44024820767807;48.377118225915;103.203327421659;11.5231233449648;4241.32139696971;5195.90482892686;1376.3256659954;0.0099009900990099;99;99
42;61.8600000000151;1.46000000000004;63.4500000000116;NA;NA;-1883.54390191222;-2544.01708909374;6.66349494773325;54.1015961700666;81.3239488176032;10.0142726936784;4139.93852542958;5133.94720693826;1320.94637436305;0.0198019801980198;96;96
43;63.25;1.79999999999927;65.25;NA;NA;-1854.98639922829;-2582.48678438855;5.19533061195406;51.0798583582842;109.097452429103;11.0358571455378;4210.72362278054;5215.62749734927;1455.00077032052;0.0099009900990099;97;97
44;81.1199999999953;1.75;83.0599999999686;NA;NA;-2181.82685171805;-2895.35434222869;8.36586082066133;53.0203400053648;80.4122632254001;12.5609328396182;4739.23400019283;5849.37683648068;1427.05498102128;0.0396039603960396;114;114
45;63.5599999999977;1.35000000000036;65.2000000000116;NA;NA;-1843.85424494278;-2483.03285650074;5.04445107609925;39.176821033726;108.51444338359;14.1717665041919;4185.7833373317;5031.11327920117;1278.35722311592;0.0099009900990099;97;97
46;61.75;1.42000000000007;63.4400000000023;NA;NA;-1814.67144349702;-2616.4900501646;4.79308808628133;61.6676287044202;113.23889655666;8.86647552514162;4147.92307928236;5273.58433370273;1603.63721333515;0.0198019801980198;95;95
47;70.1999999999825;1.94999999999982;72.460000000021;NA;NA;-1928.31470770996;-2722.3040898267;5.20459497667727;52.524611438741;118.267087085973;11.628963764166;4403.01739557132;5498.33340599416;1587.97876423349;0.0099009900990099;103;103
48;73.859999999986;1.89000000000033;76.1599999999744;NA;NA;-2277.43998313914;-2874.94810736014;13.6613503306398;65.0414255375024;46.8536818794623;9.86171193411987;4772.23417356935;5795.64469155264;1195.01624844199;0.0297029702970297;107;107
49;57.6900000000023;1.32999999999993;59.2600000000093;NA;NA;-1805.28750926504;-2481.93672683999;4.96211043328823;47.9003321999233;105.470684349275;10.9524351749367;4092.45842927263;5013.91386870714;1353.29843514991;0.0198019801980198;93;93
50;59.6600000000035;1.40999999999985;61.3099999999977;NA;NA;-1868.59507070389;-2517.01492913882;6.7809125685581;52.4453526241343;80.4718618592286;10.4159242863607;4104.42182379478;5081.56271399791;1296.83971686987;0.0297029702970297;92;92
51;67.2799999999988;1.46000000000004;69.0499999999884;NA;NA;-1881.65421680807;-2644.37697544412;5.01020871912906;52.3495417329743;114.905440070245;10.9585366763163;4292.46754043547;5339.21987727208;1525.44551727212;0.0099009900990099;100;100
52;62.2200000000012;1.57999999999993;64.0100000000093;NA;NA;-1847.09199665048;-2470.33603444677;5.19505640939874;35.5600766459647;106.52964606963;15.8337199977077;4182.03901505625;5013.18296232972;1246.48807559259;0.0198019801980198;95;95
53;65.3099999999977;1.65999999999985;67.2799999999697;NA;NA;-1898.36280414913;-2633.62929440615;5.33043598553703;48.1257326286152;110.125257449402;12.1347857158724;4303.31776271686;5323.08036286842;1470.53298051404;0.0099009900990099;99;99
54;64.1499999999942;1.51000000000022;65.7900000000373;NA;NA;-1995.80099332586;-2583.37332595392;8.01181285262171;44.7260779874883;70.9750871438449;12.9029353966691;4317.73739745827;5226.03652819464;1175.14466525612;0.0198019801980198;98;98
55;65.7200000000012;1.56999999999971;67.429999999993;NA;NA;-1934.61715617577;-2570.65677678449;6.20301876984313;43.3569266469723;92.5567155393158;13.1264443423917;4295.47373926618;5201.7630637026;1272.07924121744;0.0099009900990099;100;100
56;62.320000000007;1.64000000000033;64.1900000000023;NA;NA;-1859.74537455934;-2542.60349423298;5.09226117446257;47.5523339751691;108.723837547319;11.6731831223968;4218.52670333461;5138.78620540343;1365.71623934727;0.0099009900990099;97;97
57;73.0799999999872;1.90999999999985;75.1599999999744;NA;NA;-2123.84745477916;-2672.811787581;9.00832982301975;40.3631504578734;68.3778554369944;15.1746244924474;4565.53289382629;5416.15916054823;1097.92866560369;0.0099009900990099;109;109
58;67.3399999999965;1.69999999999982;69.2300000000396;NA;NA;-1859.33680745066;-2567.23928255547;4.9983184523461;41.1283802399088;115.146643228641;14.0965618651861;4247.78036634859;5199.25323718065;1415.80495020961;0.0099009900990099;98;98
59;71.6300000000047;2.3100000000004;74.0800000000163;NA;NA;-2056.58146358712;-2724.45964779717;7.18273768883166;48.1246257361565;85.9936371627293;12.7797280362879;4512.08736785461;5508.20444769549;1335.7563684201;0.0099009900990099;107;107
60;67.3800000000047;1.5;69.1599999999744;NA;NA;-1885.05486368725;-2536.56183573313;5.09448633747768;34.337389471368;116.279915588959;17.4029189784877;4304.42394332322;5153.09128205587;1303.01394409175;0.0297029702970297;98;98
61;60.1600000000035;1.46999999999935;61.8300000000163;NA;NA;-1798.59471153775;-2433.43322312995;4.92346787385749;40.825706525826;106.643182238066;12.9164951247103;4084.42984164656;4925.88042501558;1269.67702318442;0.0099009900990099;93;93
62;71.8099999999977;1.60000000000036;73.7199999999721;NA;NA;-1940.32275485816;-2573.36706739743;5.57535037547106;33.8062266176918;110.443540746854;17.8956371857286;4390.88910018859;5229.41107642212;1266.08862507854;0.0099009900990099;103;103
63;66.0199999999895;1.61999999999989;67.9100000000326;NA;NA;-1923.9528710821;-2602.00300421462;5.3741381809624;42.9476797648713;108.041871610293;13.5057382442444;4345.99447432654;5266.26942481337;1356.10026626504;0.0099009900990099;101;101
64;62.3399999999965;1.48999999999978;64.1199999999953;NA;NA;-1846.99317282108;-2507.11252972199;5.16050693403025;43.0418620401968;107.424306553712;13.0155295460516;4186.50092220701;5073.89812812639;1320.23871380182;0.0099009900990099;96;96
65;67.7200000000012;1.84000000000015;69.6600000000326;NA;NA;-2036.66987509713;-2718.54791648876;7.64051015362794;56.6492233178424;78.6861070354579;10.6087426004409;4436.48176019092;5486.0559385998;1363.75608278327;0.0198019801980198;102;102
66;68.390000000014;1.80000000000018;70.359999999986;NA;NA;-1934.56155016644;-2671.22320084228;5.16358320787074;45.967476327509;117.209306472543;13.1230737068016;4410.62418737602;5403.0743406379;1473.32330135169;0.0198019801980198;103;103
67;54.8899999999849;1.39999999999964;56.460000000021;NA;NA;-1895.51117125202;-2465.31628310085;8.53751611170689;61.087058091423;58.3554586435304;8.22744491297076;4056.68498023183;4968.08792630248;1139.61022369765;0.0198019801980198;90;90
68;65.1499999999942;1.40999999999985;66.8800000000047;NA;NA;-1874.34739755007;-2501.11982876909;5.22240335845731;37.6274544085012;109.520264662209;15.1916222864939;4251.38630245151;5071.9683011811;1253.54486243803;0.0297029702970297;97;97
69;69.5;1.8700000000008;71.5599999999977;NA;NA;-1975.5686811432;-2671.13914130783;6.5516726067427;47.5194831062023;91.7364024441597;12.6324126803638;4375.39809135503;5400.70041898545;1391.14092032926;0.0099009900990099;104;104
70;74.7399999999907;1.75;76.640000000014;NA;NA;-2003.07662545384;-2825.9339384237;5.54356224778689;60.1439011077887;114.561686206688;10.4384781022963;4538.13770600564;5700.3405230625;1645.71462593972;0.0198019801980198;108;108
71;72.859999999986;1.60999999999967;74.6100000000442;NA;NA;-2035.28941040891;-2715.42985089997;7.2418430694625;48.0974250278963;86.3585037938385;12.9332381100867;4469.96794884857;5490.67308976383;1360.28088098213;0.0198019801980198;104;104
72;68.25;1.65999999999985;70.359999999986;NA;NA;-1903.81296590411;-2585.99709428952;4.95104317799925;36.5813706993736;119.020413878309;16.2971408905643;4356.91365177292;5247.20665902864;1364.36825677082;0.0198019801980198;102;102
73;74.3699999999953;1.67000000000007;76.4199999999837;NA;NA;-1981.35880998031;-2725.11621551968;5.24758462552034;45.1737100101149;119.596932520015;13.9389914752067;4517.52773134538;5514.89540566588;1487.51481107875;0.0099009900990099;107;107
74;64.4499999999825;1.64000000000033;66.359999999986;NA;NA;-1846.06661317304;-2516.65862567932;4.88345986687787;36.8450100785165;114.82434285401;15.3874618689382;4219.17013744141;5103.94478704864;1341.18402501255;0.0099009900990099;97;97
75;66.7600000000093;1.65999999999985;68.710000000021;NA;NA;-1947.39658490565;-2534.40226586254;6.12336745475535;37.2082856263085;94.1619674827514;15.7717682581245;4327.95187541794;5141.35695290371;1174.01136191377;0.0297029702970297;99;99
76;67.4199999999837;1.55000000000018;69.140000000014;NA;NA;-2016.08272575967;-2741.20597478846;7.41630615406762;64.6395915234293;80.7834983841324;9.20249312124235;4404.98707255286;5524.88211330635;1450.24649805757;0.0198019801980198;102;102
77;75.2000000000116;1.50999999999931;76.9899999999907;NA;NA;-2002.66228548915;-2748.08227601407;5.89251877437692;48.4757979812647;106.287141254902;12.946062962869;4497.89156287355;5556.16055168734;1490.83998104983;0.0099009900990099;106;106
78;62.359999999986;1.63000000000011;64.2400000000489;NA;NA;-1821.26443425719;-2531.54162630808;4.89336047680816;41.9203779856579;112.7109889011;13.2659688776054;4159.86561053658;5123.97326153029;1420.55438410179;0.0198019801980198;97;97
79;64.7600000000093;1.5600000000004;66.4400000000023;NA;NA;-1871.19989436802;-2468.5878244782;5.14382999432503;31.5991690913933;109.934898411722;17.9872403582834;4246.99444036107;5019.7360134395;1194.77586022036;0.0099009900990099;97;97
80;63.8399999999965;1.32999999999993;65.390000000014;NA;NA;-1827.01725060939;-2465.01570507287;5.10086002907335;37.0130836307693;108.248203255812;15.0412725221511;4150.88732229783;4999.06995730378;1275.99690892695;0.0099009900990099;97;97
81;62.5599999999977;1.59999999999945;64.2399999999907;NA;NA;-1872.35648615799;-2579.00341513812;5.44094153718785;51.7247156919413;104.732508876465;10.8642318275498;4225.96605958588;5207.92872333421;1413.29385796026;0.0099009900990099;98;98
82;68.359999999986;1.80000000000018;70.2999999999884;NA;NA;-1922.23322884532;-2668.92458065239;5.40393743115865;50.8789145630777;111.742346304914;11.7319760884942;4359.61491606441;5391.93527633207;1493.38270361415;0.0099009900990099;101;101
83;73.7299999999814;1.59000000000015;75.390000000014;NA;NA;-1958.14085945186;-2844.56863316091;5.21068930166595;65.6036048779354;121.632207006571;9.52103610454683;4479.38595994037;5733.21552438749;1772.8555474181;0.0099009900990099;105;105
84;74.7200000000012;1.81999999999971;76.7299999999814;NA;NA;-2061.00608475832;-2808.9276600921;7.70931723676083;60.1869592435633;81.6016923954503;10.4045689058297;4499.40208874746;5665.97416801366;1495.84315066757;0.0099009900990099;104;104
85;59.640000000014;1.46000000000004;61.2999999999884;NA;NA;-1946.65612586387;-2532.97206259966;8.19317409001634;53.3757847962897;65.0619903544127;10.0607799292166;4190.92092148898;5111.96447156722;1172.63187347159;0.0198019801980198;94;94
86;62.4100000000035;1.46000000000004;64.0999999999767;NA;NA;-1971.37070050481;-2528.04103537869;8.49828770053148;44.8214339898666;65.7716223679967;12.3792168801863;4243.59609257917;5112.7074867388;1113.34066974776;0.0198019801980198;94;94
87;72.390000000014;1.29999999999927;73.9899999999907;NA;NA;-1928.55176792344;-2653.32563236928;5.02571874531038;41.8222193589447;120.288240159261;14.5827949845249;4413.98579464579;5374.16326591035;1449.54772889169;0.0099009900990099;105;105
88;65.7200000000012;1.64000000000033;67.609999999986;NA;NA;-1882.53396634696;-2606.10875121845;4.99188058309325;44.6982865980295;115.212689747658;12.9764086902966;4296.78273354477;5272.10455635111;1447.14956974296;0.0099009900990099;102;102
89;73.210000000021;1.85999999999967;75.5;NA;NA;-2033.52876544631;-2758.12480383358;6.89470552679808;59.4060176455415;89.5355192128472;10.2399230985372;4481.99240303001;5563.70453079647;1449.19207677455;0.0198019801980198;106;106
90;70.5299999999988;1.81999999999971;72.8299999999581;NA;NA;-1912.3001026427;-2589.68160977116;6.17618287515511;47.8667631496418;92.0980855701406;11.8395167743005;4249.18576635077;5233.94511276235;1354.76301425693;0.0198019801980198;101;101
91;78.8600000000151;5.52999999999975;85.7699999999604;NA;NA;-1891.07249129397;-2651.16400826106;5.20069351533119;51.9390464271475;113.083814457912;11.2396401104082;4302.91519344732;5354.0884720598;1520.18303393418;0.0297029702970297;100;100
92;70.429999999993;3.25;74.3299999999581;NA;NA;-2138.15901799332;-2790.45010034215;10.2031881276442;71.9834337339085;58.6270484831863;8.24509616738317;4546.88605654919;5618.95190901816;1304.58216469766;0.0099009900990099;102;102
93;60.9799999999814;3.4399999999996;65.0300000000279;NA;NA;-1887.60088554493;-2466.60879843186;7.27773966733908;49.0154503145047;72.4162092961159;10.5732383314353;4105.67164910042;4981.4683519851;1158.01582577386;0.0198019801980198;92;92
94;60.6600000000035;3.5;64.8699999999953;NA;NA;-1869.1642114545;-2507.18209898955;6.34689568117033;46.7102134875458;85.573981661236;11.6347997432369;4130.21648623498;5067.64603727241;1276.0357750701;0.0099009900990099;95;95
95;61.3300000000163;3.68000000000029;65.7199999999721;NA;NA;-1829.07203874806;-2542.16248707849;5.17415976310062;50.1005030004593;105.960090134119;10.8252652181179;4145.03798514221;5134.06781296246;1426.18089666087;0.0198019801980198;98;98
96;70.1100000000151;4.01999999999953;75.1100000000442;NA;NA;-2006.27300846812;-2798.0230292936;6.6539263482477;64.1854228609345;92.4074190827843;9.55414367262663;4440.35219483415;5640.27759030017;1583.50004165097;0.0198019801980198;105;105
97;82.2700000000186;4.51999999999953;87.5599999999977;NA;NA;-2062.99104993926;-2882.99624577604;5.19046310280844;44.3123399732488;132.106484590659;15.4755671928975;4743.00978565538;5838.27398053959;1640.01039167357;0.0198019801980198;114;114
98;67.2900000000081;4.11000000000058;72.1300000000047;NA;NA;-1985.8909455376;-2718.93853853024;6.08609529348969;56.2048053099638;99.7571905938777;10.5984805240886;4432.65508257053;5486.84152278173;1466.09518598529;0.0297029702970297;103;103
99;65.1600000000035;4.25;70.0999999999767;NA;NA;-1905.67205721697;-2600.91083596115;5.50489002948867;46.3597337997517;106.761628304867;12.4399113232627;4303.53073887308;5259.17147128126;1390.47755748837;0.0099009900990099;101;101
100;72.9199999999837;4.40999999999985;78.25;NA;NA;-1987.98832729126;-2814.09043635606;5.53289558284688;56.1178660789701;115.330774566796;11.2645066800054;4510.45459829798;5680.38402828714;1652.2042181296;0.0297029702970297;106;106
101;60.7699999999895;3.36000000000058;64.8099999999977;NA;NA;-1822.1219186443;-2445.78410411787;5.17125562813882;37.3650994957057;106.418060195627;14.7887010905226;4130.45569917291;4959.13608044516;1247.32437094714;0.0198019801980198;93;93
102;72.6900000000023;4.01000000000022;77.5200000000186;NA;NA;-2099.26216635467;-2751.93825203002;8.41671722365244;49.8239773795415;75.8051910314597;12.5396057436454;4549.4694122482;5561.92942728614;1305.3521713507;0.0198019801980198;105;105
103;73.8500000000058;4.27999999999975;78.9500000000116;NA;NA;-1926.62298931957;-2745.93302378908;4.91550633113977;49.7596171495392;126.534311829216;12.5899534591351;4438.43940195371;5550.09181936776;1638.62006893902;0.0099009900990099;104;104
104;63.820000000007;3.78000000000065;68.359999999986;NA;NA;-1860.72928139032;-2531.79151399437;5.44610139109307;40.5412778748516;105.387672274026;14.1731340307768;4205.18171661961;5128.63687105421;1342.1244652081;0.0198019801980198;97;97
105;60.4200000000128;3.88000000000011;64.9699999999721;NA;NA;-1846.55774495705;-2552.74280971631;5.40253343782095;51.7806177426893;102.204068928694;10.6228889314099;4162.22609356055;5154.24404843959;1412.37012951853;0.0198019801980198;97;97
106;83.3399999999965;4.92000000000007;89.2600000000093;NA;NA;-2085.27973942994;-2905.1646014513;5.82396822447305;49.7775561733014;116.169941096068;13.5023862310375;4713.15260086633;5873.39458651658;1639.76972404272;0.0099009900990099;114;114
107;69.25;3.94999999999982;74.0800000000163;NA;NA;-1935.27988803763;-2604.27823780782;5.94373650560768;42.5938594858173;100.399539743881;13.8360533627299;4332.91674319071;5272.27385605343;1337.99669954039;0.0198019801980198;100;100
108;66.4599999999919;3.67000000000007;70.7000000000116;NA;NA;-1986.64550945999;-2712.13877278998;7.26540450875136;64.1144317567969;82.8631287206798;9.04801974605264;4354.47342768539;5465.89974853809;1450.98652665998;0.0099009900990099;99;99
109;69.8699999999953;3.90999999999985;74.5499999999884;NA;NA;-1917.33741394013;-2670.03962136146;5.06197086119955;42.8000238835808;121.327351015572;14.439082410371;4394.60922767857;5406.71664043593;1505.40441484267;0.0198019801980198;102;102
110;64.539999999979;3.49000000000069;68.8699999999953;NA;NA;-2069.29143992869;-2615.51776782566;9.34793395310359;46.8248443591843;60.9456787181975;12.2329626494818;4419.85154473572;5287.49153293105;1092.45265579393;0.0297029702970297;102;102
111;64.8099999999977;3.75999999999931;69.320000000007;NA;NA;-1960.76512494994;-2594.63870287932;6.95491164928857;45.584488544657;84.1274177324411;12.572014113544;4308.52857146413;5247.11049385006;1267.74715585877;0.0198019801980198;99;99
112;68.109999999986;4.09000000000015;72.859999999986;NA;NA;-1950.48527699497;-2766.89822332596;5.30529644541849;58.572868250192;116.983710601649;10.3902605124135;4443.10870684144;5581.94807915592;1632.82589266197;0.0297029702970297;106;106
113;62.1900000000023;3.6899999999996;66.6000000000349;NA;NA;-1885.92158411095;-2571.08206679894;6.10993293137429;48.2832364529438;91.9745128566251;11.7414524567193;4194.0007173148;5196.05670272349;1370.32096537599;0.0198019801980198;97;97
114;70.7799999999988;4.3100000000004;75.9099999999744;NA;NA;-1971.59476688849;-2762.8651846899;5.77117798701344;54.4453785343059;109.649273282635;11.3790713460243;4450.29335936087;5578.35607713335;1582.54083560282;0.0099009900990099;104;104
115;65.3999999999942;4.19999999999982;70.2999999999884;NA;NA;-1938.54861166414;-2660.51781087526;5.9594698648554;54.6882931549509;99.5732746961986;10.6426926880095;4335.64909928041;5370.04703281597;1443.93839842224;0.0099009900990099;100;100
116;68.4500000000116;3.57999999999993;72.710000000021;NA;NA;-1962.23417918624;-2635.77993514403;5.8952888203387;40.9830935049886;104.329317742519;14.8313956246295;4406.46454680039;5340.08017038031;1347.09151191557;0.0099009900990099;103;103
117;72.1399999999849;3.97000000000025;76.75;NA;NA;-2080.13633670083;-2745.69323113918;7.40435331125994;49.9532432451201;82.7063904331854;12.292436191544;4543.55928234796;5548.35335635835;1331.11378887671;0.0198019801980198;106;106
118;70.0800000000163;3.91999999999916;74.8099999999977;NA;NA;-1911.08514129304;-2536.83796392222;4.83424384680104;30.6660084504217;122.045717336512;19.8626527922432;4386.60494142734;5165.53633800172;1251.50564525835;0.0198019801980198;104;104
119;56.140000000014;3.14999999999964;59.9199999999837;NA;NA;-1885.92889484652;-2469.40511374152;8.16794877063422;56.6724908257163;61.8566240935;8.91017408603121;4053.80120065028;4979.42293324986;1166.95243778999;0.0099009900990099;91;91
120;73.3999999999942;4.02000000000044;78.2700000000186;NA;NA;-2006.59229179008;-2695.40373564382;6.71484162234313;48.5624081229755;90.9514531163109;12.5696551083306;4435.10833004097;5449.11809517887;1377.62288770748;0.0297029702970297;107;107
121;66.2399999999907;4.01000000000022;70.8800000000047;NA;NA;-1857.67406258193;-2507.29713097692;4.97639388832628;38.7859193028483;111.513661170042;14.4430022266277;4227.76107398525;5080.96085133068;1299.24613678998;0.0099009900990099;98;98
122;73.9900000000198;4.04999999999927;78.570000000007;NA;NA;-2015.19094170112;-2831.49826009578;5.92861487424864;59.005719699276;106.491047247162;10.7305887439018;4524.39379942516;5712.77571611896;1632.61463678934;0.0099009900990099;107;107
123;53.3299999999872;3.02000000000044;57.0899999999674;NA;NA;-1701.00105422338;-2307.0349050299;4.79218063299082;38.3136639338561;99.1037339403808;12.5953171314425;3851.49097387459;4671.19636404535;1212.06770161303;0.0099009900990099;87;87
124;76.5299999999988;4.44999999999982;81.6900000000023;NA;NA;-2039.06451900381;-2779.40675369835;5.59887978187791;44.4043568744813;117.305252286003;14.5280664648495;4623.92988083861;5626.41006225417;1480.68446938908;0.0099009900990099;110;110
125;71.390000000014;4.40000000000055;76.359999999986;NA;NA;-1993.41031433062;-2609.44307920494;6.54781990890618;37.0179385771543;92.6527592804797;16.4960147376523;4415.76262501727;5295.25553530092;1232.06552974862;0.0198019801980198;105;105
126;67.929999999993;3.94999999999982;72.7399999999907;NA;NA;-1933.06988137885;-2632.9932114847;6.28117466159959;47.7615952471034;94.3758465341195;12.2783497417541;4301.2261329428;5322.59139995439;1399.84666021169;0.0099009900990099;101;101
127;70.1199999999953;4.18000000000029;75.070000000007;NA;NA;-1999.06430645511;-2751.83383391431;6.30449121541836;57.1585251541982;96.9636571761191;10.5793615444332;4446.56424795424;5552.59489325207;1505.5390549184;0.0099009900990099;104;104
128;67.1000000000058;3.77999999999975;71.7400000000489;NA;NA;-1904.71762048855;-2623.04303392232;5.01229140440656;44.8959406685084;116.31175985236;13.0375082393637;4346.22232894425;5306.25510054639;1436.65082686754;0.0099009900990099;102;102
129;63.6199999999953;3.68000000000029;67.8299999999581;NA;NA;-1972.86423285192;-2609.82641444499;7.55042134595368;52.1123263508928;75.8729232562392;10.891864633092;4294.75491562678;5269.7569857193;1273.92436318615;0.0396039603960396;99;99
130;59.25;3.05000000000018;63;NA;NA;-1782.98288223224;-2472.59990970551;4.97610713011332;47.0512006721799;105.693537369444;11.2460593599755;4047.71847694735;4996.45952493562;1379.23405494654;0.0099009900990099;91;91
131;70.0499999999884;3.77999999999975;74.5300000000279;NA;NA;-2042.72978737074;-2632.28001452809;7.75226379436466;41.9611960293877;76.9601740275918;14.3855599210252;4440.63628050326;5330.95041665401;1179.10045431469;0.0099009900990099;102;102
132;66.5799999999872;4.02000000000044;71.2999999999884;NA;NA;-1983.68188380942;-2620.62248936428;7.31435806559784;45.415813722931;81.7161526183934;12.8921252980824;4344.08710874801;5300.67955024137;1273.88121110973;0.0099009900990099;101;101
133;68.609999999986;4.25;73.7399999999907;NA;NA;-1897.61107928071;-2542.27864247425;4.82367656358739;30.1365119375879;122.559735568291;19.9864664517431;4360.84410118559;5176.79625664837;1289.33512638708;0.0099009900990099;102;102
134;61.4599999999919;3.38999999999942;65.3800000000047;NA;NA;-1809.25968021239;-2458.02433480029;4.86934738195485;37.6473878542183;110.526140616273;14.5865196244258;4124.6764230291;4982.84797956972;1297.52930917579;0.0198019801980198;95;95
135;63.5800000000163;3.86000000000058;68.1000000000349;NA;NA;-1872.30088940466;-2486.83358759016;5.28473075825872;38.2853694465622;106.071069681807;14.6410510606405;4229.79551137416;5040.63874654369;1229.06539637099;0.0198019801980198;94;94
136;60.109999999986;3.44000000000051;64.1199999999953;NA;NA;-1999.39954346579;-2612.02442801627;9.0073288294464;61.8550031112108;61.958238386745;9.05627626936905;4283.18371970735;5265.61662600534;1225.24976910097;0.0099009900990099;97;97
137;62.9800000000105;3.55999999999949;67.3099999999977;NA;NA;-1851.35298247204;-2561.81506093884;4.82266866597993;43.0306680413994;116.231885270592;13.2765128470516;4236.20341209849;5184.56852698506;1420.9241569336;0.0198019801980198;97;97
138;79.9800000000105;3.25;83.679999999993;NA;NA;-2066.64761885223;-2878.55198030184;5.1528243964081;48.197207080193;130.194423511561;13.8776501538151;4741.960828;5821.98268501415;1623.80872289922;0.0099009900990099;115;115
139;73.8899999999849;1.82999999999993;75.8899999999558;NA;NA;-1947.64061012642;-2699.60908835848;4.98851530018103;41.1214846241236;124.317511534151;15.2453940980059;4471.40644079504;5469.86997732473;1503.93695646411;0.0099009900990099;106;106
140;67.8399999999965;1.66000000000076;69.5800000000163;NA;NA;-1943.10591721973;-2733.74871520907;5.22903138398973;57.7491919006547;114.895293386595;10.3721489403489;4416.46182839028;5515.36563938273;1581.28559597867;0.0099009900990099;102;102
141;65.1100000000151;2.02000000000044;67.3099999999977;NA;NA;-1912.39734079012;-2618.19528180242;5.01918759994435;43.5144187828465;116.267779442133;13.5037049430624;4360.2275930582;5298.577423009;1411.59588202459;0.0099009900990099;100;100
142;68.3300000000163;1.38999999999942;69.9200000000419;NA;NA;-1952.68077323763;-2640.70009536726;5.34815929797069;39.6098721470986;115.245887755667;15.3831224301504;4438.34848577826;5352.54375603337;1376.03864425927;0.0297029702970297;104;104
143;59.8000000000175;1.51000000000022;61.4400000000023;NA;NA;-1991.88639511489;-2531.22773183158;10.1648904243061;56.809781823297;52.8544268607078;9.4910945369017;4225.54122650605;5105.86993660379;1078.68267343337;0.0099009900990099;94;94
144;60.2099999999919;1.82000000000062;62.2299999999814;NA;NA;-1876.75828959957;-2505.67581018176;6.66054488993127;46.5394290875563;82.84708083518;11.7654132954377;4132.47838757069;5065.16935604871;1257.83504116436;0.0198019801980198;94;94
145;67.9400000000023;1.46000000000004;69.7699999999604;NA;NA;-1906.92276783018;-2640.73778294727;4.89528491108695;43.9458234995304;119.673082300846;13.449006697498;4365.55583971907;5343.47744160215;1467.63003023418;0.0396039603960396;101;101
146;70.140000000014;1.82999999999993;72.25;NA;NA;-2091.48169845854;-2686.06280863935;8.44229511719373;44.9667524246572;75.1222003728383;14.0841600893555;4530.38708751602;5437.26176681831;1189.16222036162;0.0198019801980198;104;104
147;65.4200000000128;1.72999999999956;67.4200000000419;NA;NA;-2082.86312852892;-2667.73739363506;9.70393753591659;52.3584149905416;61.1840013878162;11.444139991799;4447.79339663683;5388.23393605424;1169.74853021227;0.0099009900990099;101;101
148;65.8999999999942;1.73000000000047;67.859999999986;NA;NA;-2021.73404521664;-2639.49625226221;7.52427800855205;45.6835053637985;79.9743617929166;13.037859803412;4411.76363700544;5339.03406778018;1235.52441409114;0.0297029702970297;100;100
149;69.4700000000012;1.48999999999978;71.3099999999977;NA;NA;-1943.75010379482;-2589.07533429044;5.89029504029624;35.598955949444;104.203833905298;17.2372004831382;4367.37659675598;5257.53091033573;1290.65046099124;0.0099009900990099;100;100
150;52.570000000007;1.32999999999993;54.0800000000163;NA;NA;-1781.31194193205;-2345.78865232185;6.65187711850064;47.6765913350602;71.5742255912169;10.096108539777;3887.66058635669;4737.42629288869;1128.9534207796;0.0099009900990099;88;88
151;56.9500000000116;1.89000000000033;59.0100000000093;NA;NA;-1811.58137793465;-2503.59366776586;5.40463415894172;54.526180175844;99.5151592297201;9.63725376462323;4077.83605818143;5051.21883815201;1384.02457966242;0.0198019801980198;93;93
152;65.2799999999988;1.52999999999975;66.8999999999651;NA;NA;-1842.53641418883;-2603.95953826341;4.9898270536841;48.0482244192582;114.778672436818;11.9717290958854;4213.64814867098;5263.05092643392;1522.84624814917;0.0198019801980198;100;100
153;63.2299999999814;1.67999999999938;65.1900000000023;NA;NA;-1848.74020701536;-2533.13197698261;5.17943864607049;42.0564916106226;109.450005027446;13.428829435511;4200.41072083062;5127.970349559;1368.78353993451;0.0099009900990099;98;98
154;65.0499999999884;1.57000000000062;66.8199999999488;NA;NA;-1983.9312457015;-2572.49825620279;7.02916852340486;42.8558994937456;82.6899909103483;13.4434159942794;4348.66397222296;5206.90573094027;1177.13402100258;0.0099009900990099;100;100
155;71.9200000000419;1.54999999999927;73.7699999999604;NA;NA;-1946.44640921582;-2734.41092727435;5.03258261297452;47.6546097034803;123.583238505372;13.1140436450545;4464.43817525843;5529.47142843269;1575.92903611705;0.0297029702970297;104;104
156;71.789999999979;1.55000000000018;73.6500000000233;NA;NA;-1920.83368695072;-2717.96003005178;5.08211220196111;51.5000073139247;120.334591798484;11.9011731827422;4397.60712159576;5490.90288023529;1594.25268620213;0.0099009900990099;103;103
157;67.5400000000373;1.73000000000047;69.4700000000303;NA;NA;-1897.17847719471;-2542.55222533145;4.88630219309118;34.4332907109986;118.140400413957;17.0352798139083;4337.2202261705;5163.3827339858;1290.74749627348;0.0099009900990099;98;98
158;66.8500000000349;1.85999999999967;68.9599999999627;NA;NA;-1913.76000755772;-2605.78573820297;5.76332675927785;43.7030658889184;106.409808149176;13.7820048774779;4317.55529110074;5275.03995437084;1384.0514612905;0.0099009900990099;100;100
159;77.1599999999744;2;79.3600000000442;NA;NA;-1980.60053910291;-2727.66055800742;5.0609120344077;40.2302775527463;126.190435819266;15.9126324531116;4546.59844816648;5529.13981017122;1494.12003780902;0.0099009900990099;107;107
160;69.0800000000163;1.47000000000025;70.7199999999721;NA;NA;-1996.22650177558;-2683.3110543702;7.25475990927271;51.5132799323767;83.4403788550842;11.6397452798957;4377.1252782502;5420.28302633416;1374.16910518924;0.0099009900990099;101;101
161;68.1100000000442;1.55999999999949;69.9000000000233;NA;NA;-1895.28010159124;-2551.9760355364;4.9322487306851;33.9277844971291;118.425807713511;17.5586850411016;4337.10377318249;5184.98665797707;1313.39186789032;0.0198019801980198;102;102
162;70.6399999999558;1.72000000000025;72.5800000000163;NA;NA;-2044.63419727051;-2702.07749844435;7.17400689150445;48.3522643459125;85.4236483798072;12.5823075262915;4484.33402144285;5462.34540791685;1314.88660234767;0.0099009900990099;104;104
163;71.0099999999511;1.55000000000018;72.6199999999953;NA;NA;-1926.70767153596;-2658.98329427439;4.95169522703912;40.7683536174739;122.545033290789;15.0208338859543;4419.56721902595;5387.36208385822;1464.55124547685;0.0099009900990099;103;103
164;73.9199999999837;2.06999999999971;76.289999999979;NA;NA;-2058.55939282668;-2709.03447259561;6.92975981711957;42.9976724287169;92.2940585974878;14.7257026526836;4543.95855204935;5486.17208829494;1300.95015953786;0.0099009900990099;104;104
165;64.6399999999558;1.55999999999949;66.4000000000233;NA;NA;-1848.73986037146;-2601.81995164188;4.90327379667266;51.1186691051769;114.595904197888;11.0766315865599;4224.05578843523;5254.53778785436;1506.16018254085;0.0099009900990099;98;98
166;61.390000000014;1.67000000000007;63.2800000000279;NA;NA;-1819.79148360323;-2601.1366824981;4.90276447370689;61.6389832009825;110.162297782958;8.82481397957006;4144.07380299118;5242.68680834112;1562.69039778974;0.0198019801980198;95;95
167;58.5499999999884;1.38000000000011;60.2700000000186;NA;NA;-1847.96557487369;-2434.110324491;6.50706011268716;44.4322695174983;80.0183359058819;11.6614280819724;4060.21381802697;4921.30918287313;1172.28949923462;0.0396039603960396;90;90
168;61.7400000000489;1.59000000000015;63.6100000000442;NA;NA;-1915.24444445723;-2458.04310676856;6.84046507304288;38.5947073438446;80.2889612090287;14.2186178201725;4198.17407667655;4981.20070853373;1085.59732462267;0.0099009900990099;95;95
169;66.0100000000093;1.59000000000015;67.7800000000279;NA;NA;-2161.74846575272;-2818.34218825275;13.5275991738051;89.0837073077794;43.0065491692084;6.54117162404473;4521.5494095417;5666.80758504998;1313.18744500006;0.0297029702970297;100;100
170;63.9200000000419;1.60000000000036;65.6599999999744;NA;NA;-1866.7869952963;-2528.29365428454;5.81333696466071;46.0956533250482;95.8082999051285;12.0792794769363;4172.33035522001;5111.90465326538;1323.01331797647;0.0396039603960396;95;95
171;78.9500000000116;1.63000000000011;80.8699999999953;NA;NA;-2151.8850610685;-2882.24679975375;8.79395210922418;60.8300633719921;76.8467370684417;10.750559476836;4660.61952702141;5814.41544261799;1460.7234773705;0.0099009900990099;108;108
172;74.0100000000093;1.80000000000018;76.0800000000163;NA;NA;-2033.1269504665;-2744.3389587257;7.13342055061133;55.3897133685867;85.4740920631289;10.9553112112967;4461.13989726856;5539.29090295869;1422.42401651841;0.0198019801980198;103;103
173;69.390000000014;1.96000000000004;71.4799999999814;NA;NA;-1907.2494453775;-2577.22105600167;5.58832992586784;38.768780959329;107.8680181688;15.4988650513449;4310.70741714236;5225.73913885489;1339.94322124834;0.0198019801980198;99;99
174;64.8800000000047;1.78999999999996;66.8899999999558;NA;NA;-1892.36403556103;-2479.75418004986;5.8760163907221;35.6506549540074;96.4835245450776;15.7523027958603;4227.08179684096;5031.72887508666;1174.78028897766;0.0198019801980198;96;96
175;80.1900000000023;1.89999999999964;82.3099999999977;NA;NA;-2131.93637197033;-2837.90595138007;7.30083310924556;51.7140852363858;88.560938255277;12.3995247977647;4675.93131591137;5733.5047251482;1411.93915881947;0.0198019801980198;110;110
176;73.9400000000023;2.11000000000058;76.4899999999907;NA;NA;-2075.72616185276;-2716.05712855071;7.77815024193119;45.8587898783338;79.4605239973067;13.4791859976546;4520.06965561125;5494.64419434277;1280.66193339589;0.0297029702970297;107;107
177;68.8400000000256;2.09000000000015;70.9500000000116;NA;NA;-1919.33637942259;-2709.29429798566;5.02924862284819;55.8630772985451;117.041245004155;10.5415361049688;4379.96283141795;5467.34088703832;1579.91583712614;0.0099009900990099;104;104
178;73.2999999999884;1.96000000000004;75.4400000000023;NA;NA;-1931.82232193228;-2640.8379158787;4.93087389549933;37.447750063481;121.930275898797;16.230702837338;4428.70668722494;5356.89385322775;1418.03118789285;0.0099009900990099;106;106
179;67.7799999999697;2.05999999999949;70.1300000000047;NA;NA;-1918.43610894188;-2602.21070745201;5.39202748429641;43.3316630273369;108.812655134755;13.3691088251578;4337.97301316853;5265.98843627886;1367.54919702026;0.0297029702970297;100;100
180;61.890000000014;1.53000000000065;63.5800000000163;NA;NA;-1795.54905239401;-2476.22804920468;4.94370476076226;42.504450999379;107.595935712302;12.6362628645506;4083.26692908348;5010.25730248239;1361.35799362136;0.0099009900990099;94;94
181;67.5;1.52999999999975;69.3400000000256;NA;NA;-1919.0987860647;-2590.02917906552;6.26954102522892;46.9113847754798;92.0461033172175;12.260416004964;4261.62299573605;5236.45804973563;1341.86078600164;0.0099009900990099;99;99
182;77.6600000000326;2.02000000000044;79.9199999999837;NA;NA;-1970.89592736877;-2724.80135541015;4.99671697744725;41.519813693983;125.892795524431;15.2042228977335;4527.54903580609;5520.34530341914;1507.81085608276;0.0099009900990099;110;110
183;80.4899999999907;1.64000000000033;82.4100000000326;NA;NA;-2107.91546906466;-2901.8980838239;6.69843853373379;60.2643315456839;98.944571753193;10.88591782135;4676.65045854469;5854.49569912112;1587.96522951848;0.0099009900990099;111;111
184;65.539999999979;1.60999999999967;67.5;NA;NA;-1824.78469119662;-2591.85770311781;5.09950375796973;52.8595141558097;109.249761612231;10.5470952042117;4152.13412899814;5232.23357369429;1534.14602384237;0.0198019801980198;99;99
185;78.820000000007;1.92000000000007;81;NA;NA;-2021.17846708553;-2809.74717828317;5.60285067919965;50.1396143748758;113.03803538295;12.7323394590701;4568.30316233783;5678.73570742272;1577.13742239528;0.0099009900990099;110;110
186;79.2000000000116;1.5;80.9599999999627;NA;NA;-2109.25690241753;-2822.54566066887;7.52143005341777;50.4917054064089;87.2056170545171;12.7081109790674;4623.86810213373;5704.16191300265;1426.57751650269;0.0198019801980198;109;109
187;68;1.72999999999956;70.0300000000279;NA;NA;-1845.90059349378;-2551.52296618409;4.87508285041295;41.1398863339761;114.604983153779;13.7972716736281;4220.14681732291;5166.65336023656;1411.24474538062;0.0396039603960396;101;101
188;76.6100000000442;1.66000000000076;78.539999999979;NA;NA;-2044.0993241249;-2828.22396096038;6.32954119596943;56.1645314259355;102.076999493888;11.247912118036;4562.20857907272;5708.67929697496;1568.24927367097;0.0099009900990099;108;108
189;74.4699999999721;1.55999999999949;76.4100000000326;NA;NA;-2055.71120977925;-2654.26784008777;8.1128973069852;42.446159067999;73.8375966314627;14.2388937786842;4453.2583924015;5374.45556826911;1197.11326061703;0.0198019801980198;105;105
190;73.9100000000326;1.72000000000025;75.7799999999697;NA;NA;-1932.5717885417;-2665.94831012478;4.97328045719574;43.6918200043508;121.018378584923;13.8814747547535;4423.65204702287;5395.96061876315;1466.75304316616;0.0099009900990099;102;102
191;68.1300000000047;1.80000000000018;70.140000000014;NA;NA;-1830.69484889412;-2568.70165581033;4.83049192483921;43.8766797412557;115.868113414358;12.9183400932927;4192.6170954453;5196.6307900665;1476.01361383242;0.0099009900990099;96;96
192;66.5599999999977;1.35999999999967;68.2800000000279;NA;NA;-1816.99248115079;-2477.72778758018;4.98635059719998;40.1170721675918;109.778656010765;13.7605280608984;4136.71890156009;5018.47223732148;1321.47061285877;0.0198019801980198;95;95
193;65.359999999986;1.5600000000004;67.2600000000093;NA;NA;-1814.46026614658;-2419.25507984229;5.0068696998106;32.9957849589471;108.053408604701;16.8679600343355;4122.60411273111;4915.57792655993;1209.58962739142;0.0396039603960396;93;93
194;74.1900000000023;1.52999999999975;76.0999999999767;NA;NA;-1935.43027683791;-2645.27911945196;5.09819735650345;41.8116386910789;117.258879157794;14.3790780295564;4412.59066402573;5356.98885450958;1419.6976852281;0.0099009900990099;103;103
195;72.0499999999884;1.36999999999989;73.5800000000163;NA;NA;-1938.29893329702;-2596.0025632737;6.08122290141934;42.3925405991091;95.0558598963565;13.697468185397;4315.28745647512;5255.219921587;1315.40725995336;0.0297029702970297;102;102
196;65.1199999999953;1.72000000000025;67.1900000000023;NA;NA;-1801.711898141;-2550.67873720202;4.95783797826839;54.372052221963;109.032763773974;9.97404709985347;4102.74190448471;5147.03385787486;1497.93367812205;0.0099009900990099;95;95
197;69.2199999999721;1.82999999999993;71.2000000000116;NA;NA;-1884.70098324005;-2578.77584829913;5.11939069738551;43.4006466519982;112.519468031998;13.3525289841543;4287.00783678242;5218.97526628323;1388.14973011815;0.0198019801980198;99;99
198;74.5899999999674;1.61999999999989;76.5099999999511;NA;NA;-1934.46466816487;-2691.67354775857;5.06540452073944;46.3352725647941;119.844359078475;13.1215520281886;4424.32460569095;5444.15636496602;1514.41775918738;0.0099009900990099;106;106
199;63.1300000000047;1.55000000000018;64.890000000014;NA;NA;-2004.12383893488;-2618.11297419625;10.8572842456308;70.5800006788582;52.011695053657;7.64589960855155;4246.43645966057;5271.24052562513;1227.97827052275;0.0099009900990099;95;95
200;79.3699999999953;1.76000000000022;81.289999999979;NA;NA;-1972.13572620995;-2684.04172845516;5.30773680450924;40.2392321484526;117.646690217187;15.492932915911;4490.03439071702;5439.95516511917;1423.81200449042;0.0297029702970297;107;107
201;77.0300000000279;1.73999999999978;79;NA;NA;-2089.5739997296;-2775.64831992415;7.94430181921471;56.0453263434799;80.0339006391083;11.0296211547151;4550.42522532542;5602.463046983;1372.14864038911;0.0198019801980198;107;107
202;64.3500000000349;1.61000000000058;66.0599999999977;NA;NA;-1805.46763319395;-2446.48243220282;5.01359762921239;39.5625578149022;106.746906143787;13.7298751726885;4099.22043205109;4955.7685054236;1282.02959801775;0.0099009900990099;94;94
203;72.1699999999837;2.07999999999993;74.4699999999721;NA;NA;-1883.93616238929;-2718.77605423465;5.09943813772994;59.1127524503995;116.779500656077;9.99975815129464;4306.24279686872;5483.65244702577;1669.67978369073;0.0099009900990099;101;101
204;68.1499999999651;1.72999999999956;70.1500000000233;NA;NA;-1876.50256169215;-2479.88059811686;5.10867924148792;33.3677612704662;111.735392905181;17.363926341853;4265.86393775297;5039.46058641732;1206.75607284942;0.0099009900990099;97;97
205;68.1600000000326;1.63000000000011;70.1100000000442;NA;NA;-1853.2947625587;-2538.32848095848;4.90431525535385;40.4790047769631;113.601533126632;13.9660351987311;4228.01381222065;5140.76023364869;1370.06743679957;0.0198019801980198;97;97
206;65.5299999999697;1.42000000000007;67.1699999999837;NA;NA;-1893.34113116049;-2620.17129326712;6.05468619198112;62.8570822029285;92.3163711379937;8.83912814931234;4209.93059316591;5280.86786053714;1453.66032421327;0.0099009900990099;96;96
207;67.3400000000256;1.67000000000007;69.2399999999907;NA;NA;-1878.72459836071;-2551.58474934482;5.63165681298099;47.4507960321128;102.386173730745;12.0360549864451;4226.32908936844;5158.28889581429;1345.72030196824;0.0099009900990099;95;95
208;77.3699999999953;2.13999999999942;79.609999999986;NA;NA;-2091.08535497542;-2796.56649992398;7.68049383248185;55.4849743723961;81.7328847015606;11.3942940981799;4560.55843422459;5645.8836280591;1410.96228989712;0.0198019801980198;105;105
209;80.25;1.92000000000007;82.3899999999558;NA;NA;-2176.65902751404;-2700.77176873737;10.1990635434569;41.477221323803;61.7257300521442;15.1322114643262;4640.2352373799;5471.88197611983;1048.22548244665;0.0099009900990099;109;109
210;74.140000000014;1.67000000000007;76.1199999999953;NA;NA;-2045.13380906515;-2719.83703240986;7.93350129262435;52.6365318668231;77.8933158239939;11.6095710323165;4449.75084000177;5493.25306521396;1349.40644668941;0.0198019801980198;102;102
211;65.2700000000186;1.69999999999982;67.2199999999721;NA;NA;-1839.8334272343;-2619.84275796948;4.99904665361746;63.0080994571322;109.492489685996;8.6760793031982;4182.23087632947;5279.50820442749;1560.01866147037;0.0099009900990099;97;97
212;72;1.80000000000018;74.1600000000326;NA;NA;-1903.43433492405;-2568.38961139358;4.94146104955966;36.3011026672249;118.36139373193;16.1940361555867;4351.34824555484;5211.27413753059;1329.91055293905;0.0099009900990099;99;99
213;66.0999999999767;1.30999999999949;67.5899999999674;NA;NA;-1947.40726568268;-2597.37321715582;7.03734738816192;52.2237852704557;81.4967260500466;10.9916664819412;4268.45739497456;5245.14057821415;1299.93190294628;0.0297029702970297;96;96
214;76.1900000000023;1.61000000000058;78.1500000000233;NA;NA;-1945.20163896198;-2725.22393351563;4.91522301234591;45.4362191595816;123.955324670579;13.5234737396713;4465.43196836055;5513.18325508613;1560.04458910729;0.0099009900990099;107;107
215;61.0200000000186;1.69999999999982;62.9700000000303;NA;NA;-1758.53104998197;-2379.44920667754;4.93158300090211;38.0089741193727;103.650848895794;13.7822423796839;3988.9315456072;4821.64193297604;1241.83631339113;0.0297029702970297;90;90
216;64.640000000014;1.31999999999971;66.0199999999604;NA;NA;-1870.54332675948;-2494.33045670422;6.34614586135163;46.2931914825375;86.0426671024673;11.6542411616831;4134.66581640016;5041.97012190808;1247.57425988948;0.0099009900990099;94;94
217;69.8500000000349;1.61999999999989;71.75;NA;NA;-1852.132530764;-2608.49784887798;4.91232092560489;47.4948312916217;116.923400934661;12.1978401221258;4242.12966183238;5273.10753122487;1512.73063622796;0.0099009900990099;99;99
218;65.4799999999814;1.72000000000025;67.3999999999651;NA;NA;-1829.72830496864;-2491.23644342492;5.10796641863764;40.40745254846;108.291327201856;13.7355008461333;4154.22721304683;5045.22880842965;1323.01627691256;0.0297029702970297;93;93
219;69.25;1.56999999999971;71.109999999986;NA;NA;-1948.50308009103;-2565.29130465598;6.56512624551691;43.534066776658;86.4304220882893;13.0679469583121;4294.15989888502;5190.63072508263;1233.57644912991;0.0099009900990099;98;98
220;76.9499999999534;1.63000000000011;78.9400000000023;NA;NA;-2054.150342161;-2686.74973295014;7.1593539367948;42.1355390779625;87.0599047815044;14.9807598198578;4510.93363799304;5442.782192428;1265.19878157829;0.0099009900990099;104;104
221;67.5800000000163;1.5;69.2299999999814;NA;NA;-1885.35128789833;-2609.05183355251;5.11696677605341;51.9796274712222;111.289757348715;10.9233637876414;4283.2108483448;5268.40761635058;1447.40109130838;0.0297029702970297;100;100
222;67.3099999999977;1.57999999999993;69.140000000014;NA;NA;-1958.38555294427;-2567.98217104203;6.74658521060212;43.819568039786;84.307889951514;13.1193134643461;4304.59962583227;5196.31508655746;1219.19323619552;0.0198019801980198;99;99
223;68.9500000000116;1.42000000000007;70.5799999999581;NA;NA;-1965.55781811804;-2615.62968862411;6.32290504112864;46.6371558792259;93.967280232459;12.5165807638288;4364.31845638483;5288.9626338722;1300.14374101215;0.0198019801980198;101;101
224;67.4500000000116;1.67000000000007;69.4899999999907;NA;NA;-1853.35515111881;-2645.27259339284;5.00230129501278;58.3677109933586;113.20736997308;9.77220332921578;4227.48062122711;5335.49873924605;1583.83488454805;0.0198019801980198;99;99
225;71.7599999999511;1.79999999999927;73.7800000000279;NA;NA;-1901.51447580178;-2700.99613557084;4.92807191363529;55.3475421478937;118.198754152766;10.6248603972423;4348.5246531865;5451.0267615486;1598.96331953811;0.0297029702970297;102;102
226;72.2600000000093;1.67000000000007;74.2000000000116;NA;NA;-1909.5595615165;-2610.17009950852;5.18556563589908;39.3547403831061;116.257483385876;15.2542900390666;4355.08301963156;5290.66469332978;1401.22107598405;0.0198019801980198;101;101
227;74.5200000000186;1.86999999999989;76.5;NA;NA;-2034.47937584106;-2760.8842679969;7.03688709169295;57.4807129004923;85.4462197403492;10.4911664598911;4464.94256429956;5570.38779739842;1452.80978431169;0.0297029702970297;106;106
228;71.820000000007;1.81999999999971;73.9700000000303;NA;NA;-1947.84759832798;-2763.16614013689;5.47786711566817;66.3935584986304;111.336436282145;9.01353002866521;4410.60178085212;5568.01787857018;1630.63708361783;0.0198019801980198;104;104
229;75.859999999986;1.60999999999967;77.8299999999581;NA;NA;-2022.30264006239;-2754.92874914121;6.27179361392618;51.0688768795487;99.5810900338521;12.251649242037;4506.09438772991;5566.63537321305;1465.25221815763;0.0198019801980198;106;106
230;77.8899999999558;1.80000000000018;79.9100000000326;NA;NA;-2040.43620390412;-2756.60769024343;5.92036383696746;45.5003168910976;109.46699321757;14.0747397931916;4588.17580240875;5578.44201241796;1432.34297267863;0.0099009900990099;106;106
231;70.9500000000116;1.4399999999996;72.6999999999534;NA;NA;-1932.69759668041;-2663.61972394562;5.17891343497615;46.2060556941645;115.128743124969;12.8237208397193;4397.84036445512;5386.54634251406;1461.84425453041;0.0099009900990099;104;104
232;64.8600000000442;1.44000000000051;66.5800000000163;NA;NA;-1934.20211043263;-2607.61563552245;7.36274830999213;58.3297808599196;77.1956903569322;9.53335932282361;4222.32787155939;5258.93942779967;1346.82705017966;0.0297029702970297;96;96
233;66.2800000000279;1.5;67.9500000000116;NA;NA;-1887.95739409329;-2638.0816614264;5.53567957029053;59.307239200891;101.140942668901;9.41948161187261;4241.17779172696;5319.49430426238;1500.24853466622;0.0198019801980198;99;99
234;71.5200000000186;1.47999999999956;73.2999999999884;NA;NA;-1933.62210695559;-2575.92814226806;5.49034778060381;38.225420974198;108.202508069012;15.5719040403332;4365.53517811973;5223.56755276172;1284.61207062493;0.0099009900990099;100;100
235;63.2800000000279;1.32999999999993;64.6900000000023;NA;NA;-1816.29574946762;-2498.15817842791;5.26667337674537;43.4819797337119;104.551634728383;12.4857773847712;4111.3881711933;5053.49526828952;1363.72485792057;0.0099009900990099;95;95
236;66.609999999986;1.47000000000025;68.3299999999581;NA;NA;-1861.60397766571;-2621.55411685909;4.92986466318977;50.7123873950089;115.482486393837;11.3864804537292;4253.85792923963;5295.42989516104;1519.90027838677;0.0198019801980198;98;98
237;75;1.77000000000044;77.0999999999767;NA;NA;-1994.02728815133;-2785.55894699938;5.78256850159065;56.1826763852864;109.796276807311;11.0082232958614;4496.883971371;5622.13335429748;1583.0633176961;0.0198019801980198;106;106
238;66.9100000000326;1.88999999999942;69.0100000000093;NA;NA;-1875.51673235494;-2509.70666035075;5.17149150020649;35.5769483663662;111.893667287303;16.2215571707118;4264.61874908818;5093.86930426657;1268.37985599161;0.0198019801980198;97;97
239;69.960000000021;1.40000000000055;71.6699999999837;NA;NA;-1926.73204072478;-2676.09196799719;5.6584138474511;53.7435794922975;104.726450378531;10.8281881404116;4336.2682398323;5402.10345721414;1498.71985454482;0.0198019801980198;101;101
240;65.9899999999907;1.64000000000033;67.789999999979;NA;NA;-1895.01219484105;-2630.27635958691;5.65432914475788;58.4915027082834;101.110826124168;9.63395123587636;4254.63559541634;5304.82138822998;1470.52832949172;0.0099009900990099;98;98
241;75.9099999999744;1.57999999999993;77.7099999999627;NA;NA;-2043.30460729644;-2844.88296091945;6.71490867751019;60.1434606721964;95.2612539950027;10.4961807801231;4528.52612521912;5738.45769933711;1603.156707246;0.0099009900990099;107;107
242;72.3600000000442;1.69000000000051;74.3199999999488;NA;NA;-2064.62532105918;-2702.9976986998;8.24261497929251;50.6476368803023;75.6497367076636;11.9794727770872;4478.37958595288;5461.28152079381;1276.74475528124;0.0198019801980198;102;102
243;73.2799999999697;1.67999999999938;75.1900000000023;NA;NA;-1964.49331965972;-2635.66615151515;5.51393650993504;38.1271908115545;113.732034888756;16.2220702245694;4454.97234133925;5346.35581776502;1342.34566371087;0.0198019801980198;104;104
244;79;2.03000000000065;81.390000000014;NA;NA;-2005.09897170233;-2835.47813370821;5.58974779722057;55.937606668281;116.775917452373;11.4061792319905;4553.00265666897;5723.97514307619;1660.75832401177;0.0099009900990099;109;109
245;62.7800000000279;1.64999999999964;64.7000000000116;NA;NA;-1802.74648871005;-2532.44771800593;4.91063124951338;50.0293781415521;109.966514357023;10.8283471554783;4109.66296457085;5114.54080013167;1459.40245859175;0.0297029702970297;96;96
246;77.4100000000326;1.89999999999964;79.609999999986;NA;NA;-1968.93930635101;-2693.22164618313;5.6732481623458;45.0078714058545;110.700186383799;13.5880448939875;4450.37235075365;5449.35003306848;1448.56467966424;0.0099009900990099;105;105
247;71.9500000000116;1.27999999999975;73.5699999999488;NA;NA;-1948.1763492963;-2601.96207204542;5.31376560498766;36.6234756168667;112.895302899186;16.2440093976495;4417.92330660823;5278.9706486005;1307.57144549823;0.0099009900990099;103;103
248;65.0599999999977;1.59000000000015;66.8699999999953;NA;NA;-1862.93848145759;-2472.41084309241;5.92449989181445;37.9838644348504;93.3776751127722;14.4917686840999;4153.99111691051;5011.26295582017;1218.94472326965;0.0099009900990099;96;96
249;65.0800000000163;1.60000000000036;66.859999999986;NA;NA;-1853.94840389711;-2596.61147504235;4.95426953727432;51.1162719170256;112.615826641725;10.968198285788;4224.79676070022;5243.56632851076;1485.32614229049;0.0099009900990099;97;97
250;64.4500000000116;1.74000000000069;66.320000000007;NA;NA;-1853.64437868523;-2523.56916768703;5.04760419057304;42.272639849823;109.132178282102;13.0997578385937;4208.19897129635;5107.26544549502;1339.84957800361;0.0198019801980198;97;97
