1;14.1100000000442;0.569999999999709;14.6300000000047;NA;NA;-441.104066386969;-524.323068747619;3.45988823205322;7.44878039762118;10.5711917728747;5.19187921811131;918.719735661042;1066.57825303361;166.4380047213;0.0099009900990099;10;10
2;14.7900000000373;0.390000000000327;15.2099999999627;NA;NA;-460.079274991482;-560.963949249941;3.72093351261088;11.4669065259995;11.1753354606927;4.01164887871162;959.775543523906;1136.14934789399;201.769348516919;0.0198019801980198;12;12
3;13.4700000000303;0.3100000000004;13.8400000000256;NA;NA;-449.089067128874;-551.944840000668;3.56619981499555;12.5159916613761;10.0056597434302;3.49309111591462;933.648582444524;1116.27282220444;205.711545743589;0.0099009900990099;12;12
4;13.5;0.450000000000728;13.9899999999907;NA;NA;-418.144723002052;-509.761391008768;3.50117642781837;13.6703850003935;10.5350956746802;3.55523250348757;873.178428316287;1031.9715449891;183.23333601343;0.0396039603960396;11;11
5;14.4899999999907;0.389999999999418;14.8800000000047;NA;NA;-473.230137586148;-560.735209047116;3.66610148477208;9.98100719999411;11.3448797641406;4.68566935822925;987.132347229772;1138.26882281402;175.010142921935;0.0594059405940594;13;13
6;17.0100000000093;0.930000000000291;18.0199999999604;NA;NA;-502.357901824328;-592.75387231645;3.71137333289824;9.30946671226097;16.037075522876;7.29237889170393;1063.35713748026;1212.1731316235;180.791940984243;0.0297029702970297;15;15
7;19.4400000000023;0.930000000000291;20.3699999999953;NA;NA;-472.045926321031;-564.525623497974;3.63346811887581;11.8032787716115;13.6064778053072;4.02333653941008;993.376063095888;1143.62422962761;184.959394353887;0.0099009900990099;14;14
8;13.8000000000466;0.460000000000036;14.3099999999977;NA;NA;-404.716243737841;-473.876740664818;3.42350286250059;5.62865606175522;9.19257650067924;5.13963008129297;840.698254600522;965.234377704842;138.320993853953;0.099009900990099;9;9
9;18.359999999986;0.630000000000109;19.0599999999977;NA;NA;-477.335798172879;-574.070298954499;3.66761526145691;10.6661921412068;12.8976867348981;4.49804361088285;1000.39439132286;1164.08633531491;193.46900156324;0.0198019801980198;12;12
10;16.2299999999814;0.789999999999964;17.0300000000279;NA;NA;-490.112036090596;-591.267846977562;3.71235835207543;9.55936086218004;14.7355372916997;6.5255828899199;1034.10618804939;1206.39720686923;202.311621773932;0.0099009900990099;15;15
11;17.2799999999697;0.780000000000655;18.1300000000047;NA;NA;-423.681990039283;-527.00626711804;3.59649164557051;13.876802873921;9.06040110332699;2.4248181488758;878.657496854166;1062.38755942031;206.648554157514;0.0198019801980198;10;10
12;15.3899999999558;0.489999999999782;15.9100000000326;NA;NA;-485.759851084411;-581.99270199926;3.70956870620932;9.10002922328738;15.545073463688;6.6758943491502;1028.86360428171;1188.61197350094;192.465701829697;0.0396039603960396;16;16
13;15.1300000000047;0.449999999999818;15.6100000000442;NA;NA;-466.352620618808;-566.149351029488;3.63702092803516;12.9863771211888;13.3652094125663;4.38654685349447;981.115550126772;1148.18727376626;199.59346082136;0.0198019801980198;14;14
14;14.5299999999697;0.409999999999854;14.9500000000116;NA;NA;-481.625135711515;-584.639781690788;3.68384279729853;14.4975877341895;14.4605249889735;4.45978178190641;1016.12677450172;1185.58724690628;206.029291958545;0.0099009900990099;15;15
15;13.070000000007;0.400000000000546;13.5099999999511;NA;NA;-454.114842453751;-532.799542347688;3.59159237653436;6.14175578831888;10.1604090855602;5.98769801772876;943.806689864615;1086.56520527818;157.369399787874;0.0099009900990099;11;11
16;11.9199999999837;0.520000000000437;12.4899999999907;NA;NA;-427.870181009309;-495.710741480276;3.59168901866735;7.14302578365449;8.75384833580888;4.43732438450235;885.975083045165;1006.74745843135;135.681120941934;0.435643564356436;10;10
17;13.9800000000396;0.670000000000073;14.7199999999721;NA;NA;-447.947115894512;-549.797095368363;3.84114372445886;19.0053396055057;11.7913306521624;3.0716163925029;938.166856965197;1110.60611909966;203.699958947701;0.0396039603960396;13;13
18;15.460000000021;0.639999999999418;16.140000000014;NA;NA;-496.128718220602;-574.757505236743;3.6965626033097;7.16559383419995;13.4484398250931;6.96376299549467;1040.96921535264;1174.73855222554;157.257574032282;0.0792079207920792;14;14
19;21.2700000000186;0.8100000000004;22.140000000014;NA;NA;-488.624301983058;-608.729990603112;3.75103295662832;18.6660325960257;15.3182695047496;3.44184209528387;1033.75585361477;1230.15652179582;240.211377240107;0.0099009900990099;16;16
20;20.2600000000093;0.800000000000182;21.1300000000047;NA;NA;-462.654241913852;-561.953650594801;3.69533550924558;16.4003999640898;12.9363207568202;2.95304580736029;972.165309216318;1134.60356903586;198.598817361898;0.0099009900990099;14;14
21;21.9100000000326;0.6899999999996;22.6199999999953;NA;NA;-473.972301843283;-580.64882105156;3.68250318050519;14.0113235796946;14.3080804939264;4.07502957115134;999.77009889135;1176.05786277624;213.353038416555;0.0297029702970297;14;14
22;21.3099999999977;0.760000000000218;22.140000000014;NA;NA;-467.973608023432;-575.424615982812;3.73151868360732;14.5391591871317;14.3734869501196;3.79937562011093;988.505454945459;1164.74206758723;214.902015918762;0.0099009900990099;15;15
23;17.7999999999884;0.670000000000073;18.6000000000349;NA;NA;-446.473563852331;-529.34785082003;3.65296751490338;9.27212576812826;11.1295414353655;4.28719873662847;932.40177966651;1073.89398586653;165.748573935396;0.099009900990099;12;12
24;15.2600000000093;0.650000000000546;15.9799999999814;NA;NA;-461.105262847006;-562.895466575656;3.77242372357661;14.1489795499752;15.5099679319616;4.75903693527546;980.338333285171;1143.62671363174;203.580407457301;0.0099009900990099;18;18
25;14.75;0.719999999999345;15.609999999986;NA;NA;-443.412573125094;-536.287582826897;3.66182444352127;15.8737365454676;11.6575242723923;3.36173419630792;929.050025299127;1084.75174933631;185.750019403606;0.0198019801980198;14;14
26;19.2200000000303;0.780000000000655;20.109999999986;NA;NA;-463.582740794309;-546.602942870244;3.73287793448576;8.19552443024601;13.3540332920472;5.92512409202738;975.995975849259;1114.87175489342;166.04040415187;0.108910891089109;15;15
27;23;0.899999999999636;23.9899999999907;NA;NA;-501.794812952134;-605.525850817445;3.76124021220204;15.9785490059294;15.4367631499605;3.54423252080861;1061.0019082902;1224.23338203961;207.462075730624;0.0198019801980198;17;17
28;19.25;0.579999999999927;19.9199999999837;NA;NA;-494.697111825055;-628.002928649725;3.83917865852241;15.705200959636;19.0214167291661;5.55005994328539;1061.19635468648;1276.95624900694;266.611633649341;0.0198019801980198;19;19
29;20.75;0.949999999999818;21.7800000000279;NA;NA;-501.553457868407;-603.479098640766;3.61359589556132;10.4345426518009;14.6135938244764;5.26019486446706;1055.49752307727;1225.81631028157;203.851281544716;0.0099009900990099;13;13
30;16.609999999986;0.75;17.3899999999558;NA;NA;-419.444739162888;-507.503642184138;3.66745859401963;9.34525845789852;12.1783454797273;5.11256440623638;883.000831035158;1033.52557424175;176.1178060425;0.0099009900990099;14;14
31;21.3300000000163;0.880000000000109;22.2600000000093;NA;NA;-489.023129301526;-599.389623371114;3.71950475942572;16.5204029579751;15.1475841312212;3.31981085082209;1033.92387048418;1211.02562878137;220.732988139174;0.0198019801980198;16;16
32;13.3399999999674;0.539999999999964;13.9499999999534;NA;NA;-438.097982984475;-538.491026112193;3.46306339139934;11.4080050717434;9.52439841718788;3.17062568463239;909.09207269168;1087.93300537973;200.786086255437;0.0099009900990099;10;10
33;12.9400000000023;0.579999999999927;13.5999999999767;NA;NA;-402.379164684465;-490.402200972602;3.46327698095918;10.946717167567;9.87279333982228;3.38701137948516;838.857749524659;992.50272481351;176.046072576274;0.0198019801980198;10;10
34;13.140000000014;0.5600000000004;13.7199999999721;NA;NA;-466.906828619897;-552.813725644885;3.55282330329362;9.35029920105642;11.2479546189322;4.46551399042775;973.68808848657;1121.45786994145;171.813794049976;0.0792079207920792;12;12
35;18.4700000000303;0.849999999999454;19.3299999999581;NA;NA;-449.122119973207;-552.325898935009;3.69759280347723;9.65954182972602;15.282845590954;6.41136043847446;954.620815047279;1128.30253366443;206.407557923604;0.0099009900990099;16;16
36;14.289999999979;0.529999999999745;14.8400000000256;NA;NA;-445.318168983793;-537.151754952736;3.59036063769935;8.4155439347997;13.4964333251096;5.9154902392315;939.021858143203;1095.51089599217;183.667171937885;0.0099009900990099;13;13
37;14.6599999999744;0.440000000000509;15.1100000000442;NA;NA;-432.079920519214;-528.250214186237;3.45470237302665;16.6031342164203;9.70992599812783;2.35485388913743;897.696737324475;1064.63380556443;192.340587334046;0.0198019801980198;10;10
38;20.679999999993;0.680000000000291;21.4700000000303;NA;NA;-533.958813825997;-637.044680689293;3.83166353772029;16.4953617810225;16.6123285390009;3.7867302262286;1130.17683032683;1288.28115899902;206.171733726592;0.0297029702970297;18;18
39;15.7099999999627;0.590000000000146;16.3899999999558;NA;NA;-460.873728197676;-543.481742196221;3.52047252329892;8.86709763309647;11.3947313397914;5.08580441335425;961.646481124274;1104.77159500109;165.21602799709;0.0297029702970297;11;11
40;17.710000000021;0.800000000000182;18.5599999999977;NA;NA;-455.057496999028;-553.162309235136;3.55806937011532;17.4021776775838;12.0358740114202;2.79070949500517;952.782629761402;1116.21779084323;196.209624472215;0.0297029702970297;12;12
41;23.8499999999767;0.889999999999418;24.7999999999884;NA;NA;-511.490286576699;-623.441657778392;3.84423967271319;13.4105235045299;17.6002095263342;5.35827900593759;1088.94212751629;1266.9649180748;223.902742403386;0.0198019801980198;18;18
42;13.4400000000023;0.700000000000728;14.1900000000023;NA;NA;-450.087131529529;-542.071467685959;3.63011424931155;11.6316232781064;10.9923993018798;3.86765988076584;939.582671590962;1098.00872722117;183.96867231286;0.0099009900990099;13;13
43;19.75;0.599999999999454;20.4699999999721;NA;NA;-464.099312497226;-561.186232356221;3.6125333253376;9.45675770027212;13.856669044319;5.60652724118174;977.875611755344;1142.47219998388;194.17383971799;0.0198019801980198;13;13
44;20.8099999999977;0.670000000000073;21.5599999999977;NA;NA;-505.144263049315;-609.705974273853;3.77271257760553;13.5974185932654;16.8331983778547;5.28859423348431;1072.89441888453;1239.08124466943;209.123422449077;0.0198019801980198;17;17
45;15.4699999999721;0.690000000000509;16.1600000000326;NA;NA;-503.376293316144;-609.022389886443;3.71996088131449;10.8284338885518;13.7919242065044;5.78479170627922;1057.18427727439;1239.1975080936;211.292193140598;0.0099009900990099;15;15
46;14.25;0.539999999999964;14.890000000014;NA;NA;-470.217033405028;-550.841113215344;3.61173066850131;6.66711189932801;11.6024610646145;6.79511510921562;981.565237026164;1125.77117054683;161.248159620631;0.0495049504950495;12;12
47;13.3300000000163;0.6899999999996;14.0599999999977;NA;NA;-444.937062110104;-529.77562600188;3.54150631490905;8.60842708559908;9.09739976821229;4.02840949202863;920.816176491785;1073.25266782031;169.677127783552;0.0297029702970297;9;9
48;15.7700000000186;0.609999999999673;16.4099999999744;NA;NA;-478.836078173963;-571.502305803694;3.72917509857922;7.56990886439919;13.3727660257689;6.67629879157279;1006.57114891365;1167.41723382381;185.332455259463;0.0396039603960396;15;15
49;20.4799999999814;0.770000000000437;21.2800000000279;NA;NA;-520.711194438608;-639.317080424858;3.79946269586018;13.023226067993;17.3894496890841;5.33359869624531;1106.59406364001;1298.62326721949;237.2117719725;0.0198019801980198;18;18
50;13.5100000000093;0.399999999999636;13.9000000000233;NA;NA;-454.665340635382;-544.904610921537;3.64144851134849;7.32581804585227;12.5555629633753;6.84381232854369;954.808358617351;1114.5982886341;180.47854057231;0.0495049504950495;14;14
51;14.3600000000442;0.690000000000509;15.1199999999953;NA;NA;-489.396646349323;-581.56030070022;3.59838195474348;6.70468561554719;12.5296936832484;6.77993355440778;1023.7129934745;1187.42706844131;184.327308701794;0.0099009900990099;13;13
52;15.5299999999697;0.489999999999782;16.070000000007;NA;NA;-486.714293549348;-596.800092321648;3.74502180340405;10.9623495843956;15.3069740969828;6.04740528530255;1029.89416934971;1215.90833375095;220.1715975446;0.0396039603960396;16;16
53;14.5;0.619999999999891;15.1900000000023;NA;NA;-459.245867180266;-555.074476515855;3.65840000987919;7.25414678580122;13.161024159361;6.86470393234209;966.162461034914;1135.01369158828;191.657218671177;0.0198019801980198;14;14
54;12.9099999999744;0.640000000000327;13.5800000000163;NA;NA;-425.035587324871;-508.53369256011;3.47564828089356;6.54201230315389;8.2718464084452;4.23929863386029;878.205356995657;1031.48607653379;166.996210470478;0.0099009900990099;9;9
55;18.3999999999651;0.719999999999345;19.140000000014;NA;NA;-466.679165087507;-548.140640117192;3.83731379349341;9.41395255456504;12.2160955571961;4.62856357019585;977.606417959354;1113.04646402085;162.92295005937;0.0693069306930693;14;14
56;15.7300000000396;0.530000000000655;16.2800000000279;NA;NA;-480.112502537475;-585.995843181484;3.75392273593498;12.5320556604817;15.7365556003534;5.12987780186983;1018.7522730736;1191.07068563925;211.766681288019;0.0099009900990099;17;17
57;15.609999999986;0.529999999999745;16.1399999999558;NA;NA;-502.068528373615;-606.389295679931;3.71135847670511;11.7827229430115;15.9032520231711;5.66054154816972;1062.28905020568;1233.47698528588;208.641534612631;0.0099009900990099;15;15
58;16.2600000000093;0.529999999999745;16.929999999993;NA;NA;-464.374034627208;-566.245275746844;3.6351481343232;9.65161348784047;12.1878316461073;5.05456646431335;972.442174193429;1150.61147438841;203.742482239273;0.0099009900990099;13;13
59;15.4400000000023;0.690000000000509;16.2599999999511;NA;NA;-464.052274014194;-551.104607227005;3.61421392907811;9.49499004478969;12.1025983717044;5.17596885428455;971.493086584128;1120.76537217321;174.104666425622;0.0099009900990099;13;13
60;18.9700000000303;0.809999999999491;19.8300000000163;NA;NA;-454.735220042122;-555.928605920832;3.51578200898521;10.1642105623981;10.9807881473641;3.60361219894906;947.920029176773;1124.47537790032;202.386771757419;0.0099009900990099;11;11
61;14.390000000014;0.780000000000655;15.2000000000116;NA;NA;-442.694938428187;-541.307096428385;3.52804133166751;9.9117351176843;10.157010273043;3.56211567792098;920.954980760216;1095.08705748889;197.224316000396;0.0099009900990099;11;11
62;21.0800000000163;0.819999999999709;21.9899999999907;NA;NA;-478.68385700101;-578.884033496566;4.18945526459005;17.19884771907;13.7795135601435;3.87699575379695;1008.19867846172;1172.069836973;200.400352991112;0.0198019801980198;16;16
63;15.359999999986;0.529999999999745;15.9099999999744;NA;NA;-470.497816080161;-571.507968147381;3.76106658901458;17.6499821881967;13.3929800402552;3.45141765352446;989.968539497465;1155.63642526882;202.020304134442;0.0297029702970297;15;15
64;17.3499999999767;0.640000000000327;18;NA;NA;-473.509794476684;-584.16926762796;3.91375628622832;14.542593600577;14.8067431903473;5.06159429102003;1001.63987969058;1187.01014644113;221.318946302553;0.0198019801980198;16;16
65;14.8499999999767;0.679999999999382;15.6599999999744;NA;NA;-429.722222112519;-517.365661959869;3.58827895324081;8.17144625947348;13.230834238314;6.09403760248215;906.877775799177;1056.57881297578;175.286879694699;0.0297029702970297;13;13
66;14.2399999999907;0.640000000000327;14.859999999986;NA;NA;-436.987204157466;-532.251367095561;3.5885869289913;8.7373099543134;12.1861068830274;5.47645272005449;917.662329875212;1084.13614452954;190.52832587619;0.0198019801980198;13;13
67;14.7199999999721;0.569999999999709;15.2799999999697;NA;NA;-475.002772791894;-590.264433416226;3.61951195153835;13.3273936065478;13.0798836222925;4.07332133507542;997.382372002538;1195.28290008018;230.523321248666;0.0099009900990099;14;14
68;19.7600000000093;0.670000000000073;20.5799999999581;NA;NA;-504.299555862975;-608.018453640668;3.64931979364493;14.7798926728011;13.7881014310631;3.41107260652695;1058.54118361337;1228.3922002983;207.437795555385;0.0198019801980198;14;14
69;20.3699999999953;0.869999999999891;21.359999999986;NA;NA;-507.116290081606;-599.72672383084;3.75100358230864;9.30517811827624;14.0988031629226;6.3774414230253;1065.78640752554;1222.77326497785;185.220867498469;0.0099009900990099;15;15
70;21.6500000000233;0.75;22.5099999999511;NA;NA;-515.933583687751;-618.296828016711;3.78886100734357;13.5000745834085;15.5593729019629;4.55603207006741;1089.73545894139;1253.53841298959;204.72648865792;0.0198019801980198;17;17
71;19.210000000021;0.829999999999927;20.140000000014;NA;NA;-454.953871308055;-545.851725403606;3.62207694849029;12.001174799924;11.9215134280016;3.70291899759127;952.647080824916;1104.97863674343;181.795708191102;0.0297029702970297;13;13
72;17.0599999999977;0.550000000000182;17.7200000000303;NA;NA;-533.450059112912;-643.957265602325;4.07585470071364;17.6652168598606;16.8456979546062;4.5167313496595;1130.92137173376;1305.08014841701;221.014412978826;0.0297029702970297;20;20
73;17.1599999999744;0.779999999999745;17.9500000000116;NA;NA;-420.615138636509;-515.367866713867;3.63249590881449;8.59744917814638;13.2125161052252;5.95193085001926;888.597937245128;1052.07376128223;189.505456154714;0.0099009900990099;13;13
74;12.3800000000047;0.5;12.890000000014;NA;NA;-408.29493600387;-508.818236882195;3.75111834572492;9.7988552282978;10.3000117352353;4.44127734362924;853.103809313847;1033.38097257205;201.046601756649;0.0099009900990099;12;12
75;13.1199999999953;0.539999999999964;13.710000000021;NA;NA;-397.114219237099;-472.476697945964;3.51930041667282;6.74787683748253;10.3990541724126;5.35980827706637;830.641067013634;963.72093999735;150.724957417731;0.0891089108910891;11;11
76;17.8500000000349;0.770000000000437;18.6699999999837;NA;NA;-434.579965337763;-523.964830787898;3.5030623862073;9.02964423471988;10.124598163857;4.14276149141418;904.129053882505;1062.23825285674;178.769730900269;0.0396039603960396;10;10
77;15.539999999979;0.579999999999927;16.1900000000023;NA;NA;-436.31401549669;-521.330760431068;3.67991949167425;7.89559791462029;13.5047798856176;6.74520250479218;921.54388001316;1067.0934116539;170.033489868755;0.0099009900990099;14;14
78;18.6300000000047;0.819999999999709;19.4400000000023;NA;NA;-468.932707486541;-570.62744618482;3.91187917430036;13.0313544118971;16.4357863852872;5.07355247586391;999.907296738525;1160.40656150548;203.389477396557;0.0099009900990099;19;19
79;15.070000000007;0.519999999999527;15.609999999986;NA;NA;-436.08762704197;-523.392084607447;3.57023670857127;11.3461994511018;10.7283569530239;3.69039007269619;910.207691643227;1059.86674379959;174.608915130953;0.0099009900990099;12;12
80;15.3399999999674;0.850000000000364;16.2299999999814;NA;NA;-497.237314112765;-588.54548813954;3.65398898223545;10.021787017471;12.0412462170877;5.00757403387603;1037.64321563984;1195.04342850186;182.61634805355;0.0594059405940594;13;13
81;13.390000000014;0.569999999999709;14.0899999999674;NA;NA;-458.461958408194;-556.01413460759;3.62863511375674;10.0387534591793;12.6820840410555;5.21113559002025;962.859867899093;1130.90359512956;195.104352398792;0.0099009900990099;14;14
82;16.4499999999534;0.610000000000582;17.0900000000256;NA;NA;-533.248230834201;-646.329506664597;3.78706879364809;9.7825411618915;17.6545106707156;7.36624622456945;1133.13878945138;1320.46515333409;226.162551660791;0.0099009900990099;19;19
83;18.8600000000442;0.659999999999854;19.5800000000163;NA;NA;-454.581540697986;-552.581229330147;3.70884038002882;11.0617502140418;12.1477198477211;4.10336495340034;953.163504582324;1120.02531331129;195.999377264322;0.0198019801980198;14;14
84;18.5800000000163;0.75;19.3399999999674;NA;NA;-459.11898025426;-555.145228711463;3.74037998140393;9.81143726242035;13.2071452497388;4.97493918832834;966.075743018885;1128.3102531012;192.052496914406;0.0297029702970297;14;14
85;14.429999999993;0.489999999999782;14.9899999999907;NA;NA;-460.373532310331;-555.277609814159;3.65150463799225;8.6387945482591;12.9001411611506;5.60896939652176;966.994841747076;1130.66371017262;189.808155007654;0.0099009900990099;13;13
86;17.7600000000093;0.769999999999527;18.6399999999558;NA;NA;-414.876929260374;-504.541957399527;3.57593596972281;8.02367953102985;11.4983169185824;4.94983570452934;870.515833738174;1026.63127253385;179.330056278307;0.0099009900990099;12;12
87;12.9100000000326;0.650000000000546;13.609999999986;NA;NA;-432.000535384146;-516.36341113486;3.54885521341158;5.89630422444374;11.4498248066436;6.59626499192192;904.591139585931;1056.11083508065;168.725751501427;0.0099009900990099;12;12
88;21.359999999986;0.880000000000109;22.320000000007;NA;NA;-495.848805653161;-606.06002998912;3.79894946981745;13.7976553237449;15.2622664023418;4.16529768659719;1047.50577020973;1227.3509299582;220.422448671918;0.0198019801980198;15;15
89;16.0200000000186;0.699999999999818;16.789999999979;NA;NA;-474.860060180409;-590.845973943603;3.94414900433052;15.730645413582;13.2315893219492;3.78912916733111;998.10288475226;1195.54731622513;231.971827526388;0.0198019801980198;15;15
90;18.4199999999837;0.610000000000582;19.0499999999884;NA;NA;-427.079742886838;-508.039924910594;3.72170233256159;9.70734474902549;11.6290760621971;4.15174158483326;895.850418546587;1030.96409155957;161.920364047511;0.0198019801980198;13;13
91;12.9100000000326;0.390000000000327;13.3800000000047;NA;NA;-451.350940409765;-550.564750152431;3.62268478056018;13.1285019822805;11.7484844459052;3.68321122503574;945.256227964363;1114.47051035595;198.427619485331;0.0099009900990099;14;14
92;20.1699999999837;0.920000000000073;21.2199999999721;NA;NA;-440.468551446768;-540.123620667704;3.65524233240168;15.896030768339;14.9688527355011;4.08314649285135;935.155990325302;1095.03686242228;199.310138441871;0.0099009900990099;14;14
93;18.359999999986;0.860000000000582;19.2600000000093;NA;NA;-465.705785485314;-559.557576832445;3.61953941068992;17.8116465683417;10.472528285163;2.20342714451986;968.081471520622;1126.83052592826;187.703582694263;0.0495049504950495;11;11
94;14.5500000000466;0.529999999999745;15.140000000014;NA;NA;-441.351793926767;-536.253035671403;4.44632089434683;11.5459802144723;9.5777568709411;4.05265581377843;917.040418714906;1087.03508466943;189.802483489272;0.0099009900990099;13;13
95;14.5299999999697;0.619999999999891;15.1900000000023;NA;NA;-457.370707339158;-547.701593785227;3.88769362827732;9.65794132943832;12.0375979115354;5.04834913643617;957.896922699161;1113.50182097311;180.661772892137;0.0198019801980198;13;13
96;20.5899999999674;0.970000000000255;21.6900000000023;NA;NA;-484.801247746136;-593.882126604629;3.71750970450825;14.0052067000675;15.2094202993032;3.97535698858106;1025.70821354336;1202.4288659272;218.161757716986;0.0099009900990099;16;16
97;16.0899999999674;0.559999999999491;16.6500000000233;NA;NA;-484.386356605192;-580.60068520544;3.72122589504508;11.8919791432268;14.5069927564892;5.05268597942183;1022.28726073078;1179.84011990846;192.428657200496;0.0594059405940594;16;16
98;14.679999999993;0.659999999999854;15.3400000000256;NA;NA;-470.61830799271;-567.611269876533;3.63735713902858;8.53917682584324;13.271515672997;6.07894729220293;989.307555491464;1157.2411783731;193.985923767645;0.0198019801980198;14;14
99;11.359999999986;0.230000000000473;11.6500000000233;NA;NA;-365.548338947304;-445.185409617102;3.1980522234894;5.50032027147019;6.38434576518892;3.53016765788779;751.516783271853;901.661936323518;159.274141339596;0.0198019801980198;6;6
100;22.1199999999953;0.739999999999782;22.890000000014;NA;NA;-464.489489576189;-572.659208563579;3.68861118354868;13.5208980439975;14.1409059656312;4.00586410310672;980.198949198271;1159.82811260691;216.33943797478;0.0099009900990099;14;14
101;20.640000000014;0.760000000000218;21.5;NA;NA;-471.322666164182;-568.818179520082;3.64697622037038;10.2037327467308;14.3230129648295;5.67556183892907;994.524914641445;1158.1938896602;194.991026711799;0.0198019801980198;14;14
102;16.9899999999907;0.630000000000109;17.6699999999837;NA;NA;-435.021474976886;-534.722621532225;3.56770309998059;13.4682901898452;10.8036336411074;2.94301944350827;908.342246264286;1079.87836005628;199.402293110678;0.0099009900990099;12;12
103;16.0499999999884;0.449999999999818;16.5;NA;NA;-481.088178912487;-592.913050512197;3.74926363579647;13.4833084981622;14.5656945595375;5.01425088966625;1015.90744922055;1204.32306810906;223.64974319942;0.0099009900990099;16;16
104;18.2299999999814;0.630000000000109;18.8499999999767;NA;NA;-464.446912016968;-549.944124499532;3.52282873099272;9.95618967473646;10.270186448451;3.30494250894478;964.855218020158;1111.4606133629;170.994424965127;0.0198019801980198;11;11
105;16.7199999999721;0.590000000000146;17.2799999999697;NA;NA;-458.129764785935;-555.446477488564;3.72471914781187;11.200730462281;13.5978090945272;5.35577463824935;965.981416916799;1130.47693511368;194.633425405258;0.0198019801980198;15;15
106;12.25;0.639999999999418;12.9000000000233;NA;NA;-460.992845857775;-551.133691606272;3.52908645671929;12.2101517563846;9.57090260531979;3.19194299139202;955.498520437911;1113.44407606726;180.281691496995;0.0396039603960396;11;11
107;17.5899999999674;0.840000000000146;18.5100000000093;NA;NA;-441.751216826695;-530.767965065099;3.62597472914078;6.46400113486059;14.795907515803;8.32915470834365;937.094893825542;1091.70507599015;178.033496476808;0.0099009900990099;14;14
108;20.5899999999674;0.909999999999854;21.6000000000349;NA;NA;-488.394748466792;-584.718361873254;3.69991453797876;16.9836067601728;13.0450436307922;3.12995184479713;1024.0401289398;1180.7737653848;192.647226812924;0.0198019801980198;14;14
109;14.0899999999674;0.479999999999563;14.6399999999558;NA;NA;-420.412477221927;-516.368399545098;3.58593345943151;8.58334570603698;12.0824381735838;5.36332648781331;884.141217484322;1051.96464512428;191.911844646341;0.0099009900990099;13;13
110;15.1699999999837;0.470000000000255;15.6900000000023;NA;NA;-482.576411492079;-574.622913689695;3.70927301356466;11.1619139527;14.1356568905102;5.11128134449015;1016.84141006245;1167.93579084573;184.093004395232;0.0297029702970297;15;15
111;9.9199999999837;0.440000000000509;10.3699999999953;NA;NA;-377.693698223296;-464.264881521458;3.23063787027707;8.26149173543357;5.65489544397174;2.46189869982201;773.474380627937;936.40405944343;173.142366596323;0.0297029702970297;6;6
112;15.4500000000116;0.529999999999745;16.0900000000256;NA;NA;-485.954358607334;-569.284182949711;3.55787696771737;5.29766201043932;12.2474479160564;7.14729708390173;1015.32639059817;1163.90580864591;166.659648684754;0.0594059405940594;12;12
113;13.6700000000419;0.619999999999891;14.3300000000163;NA;NA;-472.067812777116;-587.015858539412;3.56561836873487;10.0167101445504;12.0070695069459;4.32589346523437;986.701148242607;1189.36717560477;229.896091524594;0.0099009900990099;12;12
114;13.2399999999907;0.670000000000073;14.0200000000186;NA;NA;-421.243545688862;-503.486243290168;3.44291021398564;7.99076179576562;9.37245106617688;4.30800086428123;874.364647403762;1021.62484784013;164.485395202612;0.0198019801980198;9;9
115;13.7700000000186;0.579999999999927;14.3399999999674;NA;NA;-438.121762773381;-538.114437699914;3.69136271527247;9.84120016107875;12.2303377024203;5.05844037803875;920.54320000126;1094.55112188614;199.985349853066;0.0297029702970297;14;14
116;12.2799999999697;0.430000000000291;12.7099999999627;NA;NA;-386.821778755459;-467.633679649973;3.29917859166238;5.69658680768602;7.43444610434986;3.58140489191457;797.99538434899;946.998394879572;161.62380178903;0.0792079207920792;7;7
117;19.7699999999604;0.720000000000255;20.5599999999977;NA;NA;-488.091563577493;-589.705089631407;3.77745401575627;16.3963038050696;12.9423201709948;3.61969933095907;1023.06168310422;1192.52114200859;203.227052107828;0.0198019801980198;14;14
118;20.9100000000326;0.75;21.7099999999627;NA;NA;-458.694743931147;-564.614136714078;3.63651463306921;10.4728256864487;13.622373785037;4.85905301767874;966.731275362994;1146.82831621338;211.838785565862;0.0198019801980198;14;14
119;22.1100000000442;0.720000000000255;22.859999999986;NA;NA;-514.470223030851;-630.209879237007;3.82488609517867;21.200835558283;15.5729812031284;3.03158091886114;1087.30441296139;1271.78142944082;231.479312412313;0.0099009900990099;18;18
120;22.6100000000442;0.829999999999927;23.5300000000279;NA;NA;-450.310191744206;-541.606521667031;3.62495983056357;11.2570696073271;12.2669447620884;3.93558201658503;944.598113676946;1097.32234010004;182.592659845649;0.0198019801980198;13;13
121;15.8399999999674;0.590000000000146;16.4799999999814;NA;NA;-481.362726689821;-578.413395849492;3.64930405143947;11.7044219857032;13.8637927574584;5.02202524686763;1012.94168786174;1175.01713843769;194.101338319341;0.0099009900990099;14;14
122;21.3800000000047;0.800000000000182;22.1900000000023;NA;NA;-528.251505641446;-648.73974575354;3.80366556084115;15.2637664120378;20.3483566038732;5.00891751619866;1133.31408103911;1316.38717630098;240.976480224189;0.0495049504950495;19;19
123;19.5799999999581;0.509999999999309;20.2199999999721;NA;NA;-454.269950870852;-547.409127394732;3.85995339801968;8.1198177757343;10.3537121088926;4.9575532832996;944.793763561706;1112.17728986865;186.278353047761;0.0297029702970297;11;11
124;19.5999999999767;0.770000000000437;20.359999999986;NA;NA;-500.940193838492;-595.885531150411;3.82750942479126;12.6272560856976;14.5048412654898;4.80939498096523;1055.38699860643;1209.51234063282;189.890674623837;0.0099009900990099;16;16
125;14.2800000000279;0.470000000000255;14.789999999979;NA;NA;-499.475037396362;-581.150643979056;3.6803360186778;8.27770120055891;13.5444070169097;6.51136447539033;1048.00945778994;1185.88619080648;163.351213165389;0.108910891089109;14;14
126;19.3400000000256;0.859999999999673;20.2799999999697;NA;NA;-445.470162000446;-561.407347834655;3.68930444972675;13.8660868204563;13.8582784475002;3.82487415165268;941.136585025029;1136.66882495587;231.874371668417;0.0099009900990099;14;14
127;15.7000000000116;0.680000000000291;16.4199999999837;NA;NA;-492.370527999145;-579.006174859494;3.69825353940935;10.7714913740166;14.5229205137514;5.64366926946602;1037.84571518892;1178.64904829871;173.271293720698;0.0495049504950495;15;15
128;13.7800000000279;0.659999999999854;14.4599999999627;NA;NA;-437.089478053361;-523.346337563642;3.5149299771973;7.53759610421835;11.2011636538106;5.39430064293781;913.400197247831;1065.58099538072;172.513719020561;0.0297029702970297;11;11
129;11.6300000000047;0.309999999999491;11.9700000000303;NA;NA;-448.21194734398;-523.803658522097;3.5488677728899;6.69675152126099;10.2912183129356;5.56982534650279;932.906658974189;1067.35256187847;151.183422356235;0.188118811881188;12;12
130;17.7200000000303;0.75;18.5;NA;NA;-472.054039055745;-568.580779237804;3.59788915653319;14.2058544638199;11.4654803535931;3.38983302903443;985.212510490657;1149.31431250086;193.053480364118;0.0297029702970297;13;13
131;11.9800000000396;0.470000000000255;12.5099999999511;NA;NA;-357.518129885634;-437.89431454868;3.12446535437755;5.47185140089219;4.51331656804693;2.2310837431519;729.060506618531;882.721284646585;160.752369326092;0.0495049504950495;5;5
132;19.4199999999837;0.639999999999418;20.0800000000163;NA;NA;-489.034374220101;-581.026330537912;3.78436242733591;14.3849813038391;14.7787344428897;4.16873334550699;1032.58571828438;1177.43061586374;183.983912635623;0.0198019801980198;16;16
133;15.820000000007;0.659999999999854;16.5300000000279;NA;NA;-466.55392480631;-571.577210824924;3.69978898921805;13.866795534371;13.6103538147077;4.39108244110549;982.875608109236;1159.21089846469;210.046572037227;0.0099009900990099;15;15
134;16.9199999999837;0.619999999999891;17.6700000000419;NA;NA;-417.991618240326;-498.526120464431;3.52709991624443;7.81185024962558;11.3874387507541;5.00335159684493;875.856725970378;1014.57164030188;161.069004448211;0.0198019801980198;11;11
135;20.8800000000047;0.780000000000655;21.7099999999627;NA;NA;-476.392584861181;-580.303645539065;3.71620345989282;12.7955939519931;15.8535861096554;4.59634776077181;1011.2671377963;1177.5626638968;207.822121355767;0.0099009900990099;16;16
136;14.0099999999511;0.5600000000004;14.640000000014;NA;NA;-485.714761987226;-567.592349838035;3.91082893558772;7.68652851362958;12.295737724219;6.45311303103486;1016.39024387399;1158.78121856545;163.755175701618;0.0297029702970297;15;15
137;15.210000000021;0.549999999999272;15.7800000000279;NA;NA;-504.754375469588;-602.300808261178;3.73456987254216;8.78057791383855;15.1854225101154;7.02313170824585;1065.52594403878;1230.50910278444;195.092865583179;0.0198019801980198;16;16
138;18.8099999999977;0.770000000000437;19.6100000000442;NA;NA;-501.52192090658;-596.503765903799;3.73269475098253;12.0617493145616;15.3599442296042;5.02922651608246;1060.1704199031;1211.71218965064;189.963689994439;0.0198019801980198;17;17
139;11.6499999999651;0.5600000000004;12.210000000021;NA;NA;-414.020220315087;-494.209013471234;3.64951897829086;7.41404500706024;8.56907234539035;4.34319901940997;857.636967995099;1003.41890491947;160.377586312294;0.099009900990099;10;10
140;17.4400000000023;1.02000000000044;18.5;NA;NA;-516.902232349707;-614.792089170081;3.72082109280264;9.81926338953241;15.3037735204573;6.49404814432704;1090.25824040944;1253.5399391138;195.77971364075;0.0099009900990099;16;16
141;15.4800000000396;0.420000000000073;16.039999999979;NA;NA;-512.523131719712;-613.460829966685;3.78924370977075;11.2169131756889;14.8191796346409;5.80230909048286;1080.16163430096;1248.50156012081;201.875396493947;0.0198019801980198;17;17
142;14.5300000000279;0.579999999999927;15.0999999999767;NA;NA;-411.936174611778;-501.13655838541;3.46654595381067;13.9842809646538;10.497450143872;3.06743101006979;860.129257547147;1012.86764814718;178.400767547265;0.0198019801980198;10;10
143;13.6300000000047;0.590000000000146;14.3399999999674;NA;NA;-478.397713590062;-573.465773982825;3.64002909906493;14.8779109283711;12.3786350544275;3.59321505068168;1001.63225151357;1159.94658163546;190.136120785527;0.0198019801980198;14;14
144;13.859999999986;0.409999999999854;14.289999999979;NA;NA;-461.212028662757;-554.024721053809;3.59338347651826;12.1762505028246;10.3147535949868;3.5941531639145;958.990255090791;1120.79085315347;185.625384782104;0.0396039603960396;12;12
145;18.4200000000419;0.75;19.25;NA;NA;-423.990286825053;-515.252704058406;3.59988981130917;15.3051525690822;9.16852342805955;2.04244753019605;879.647531705431;1037.55977197119;182.524834466706;0.0297029702970297;10;10
146;15.390000000014;0.390000000000327;15.8800000000047;NA;NA;-463.685543219924;-552.469142555434;3.60409121818811;5.97140419888782;12.0804002112138;7.26166740903408;970.680043263406;1130.97179681464;177.56719867102;0.0099009900990099;13;13
147;18.3199999999488;0.800000000000182;19.1900000000023;NA;NA;-502.721558859125;-602.482889669169;3.7389882703742;16.2676951539632;14.6118710549351;4.23652319773713;1058.87303436449;1220.45709324837;199.522661620087;0.0396039603960396;15;15
148;15.8800000000047;0.610000000000582;16.5800000000163;NA;NA;-500.122472347883;-596.17468608917;3.69844297053012;14.6958565739679;14.8524394767242;4.74201817281328;1055.03380352493;1209.84210558707;192.104427482573;0.0198019801980198;16;16
149;14.5999999999767;0.630000000000109;15.320000000007;NA;NA;-438.037761142471;-521.736013526447;3.57696188474257;8.77365798789657;11.923852608435;5.32743182354317;918.346037871078;1062.35797753603;167.396504767952;0.0396039603960396;12;12
150;20.5799999999581;0.829999999999927;21.4699999999721;NA;NA;-487.302431800196;-587.358644018648;4.02767444860266;11.9800943422116;15.0243036986601;4.81980244174648;1030.48313019164;1192.64305758767;200.112424436904;0.0297029702970297;17;17
151;16.6900000000023;0.600000000000364;17.2799999999697;NA;NA;-472.218727762149;-560.719009860116;3.80973038364146;12.5622468880176;12.7161148053498;4.05506736740113;990.935330543831;1136.26582039138;177.000564195934;0.0495049504950495;15;15
152;15.2800000000279;0.600000000000364;15.890000000014;NA;NA;-497.020137291663;-574.883383330875;3.6785461475216;7.55313533109792;13.5129731114097;6.80127954424893;1043.45194980761;1174.6363947724;155.726492078425;0.0891089108910891;15;15
153;14.75;0.569999999999709;15.359999999986;NA;NA;-429.984688487138;-510.938920765868;3.54282145164541;6.88786877979518;10.8826380995175;5.49687796227939;898.075290461879;1041.12533962614;161.908464557459;0.0396039603960396;11;11
154;17.7700000000186;0.720000000000255;18.5900000000256;NA;NA;-462.06481902421;-560.2550697367;3.70084933379326;21.5839682728998;11.9188418386779;2.212193096448;967.301039049358;1128.52295452296;196.380501424979;0.0198019801980198;14;14
155;21.1600000000326;0.859999999999673;22.1000000000349;NA;NA;-498.283599509341;-613.872225999895;3.75369935607497;18.1382769004664;15.8948484983442;3.87106070970273;1055.20137907048;1242.02432831744;231.177252981108;0.0297029702970297;16;16
156;13.6600000000326;0.510000000000218;14.1900000000023;NA;NA;-463.731928059916;-569.638744465157;3.62446062692895;9.56812114570532;13.7396503805912;5.55723230888813;977.230432790755;1159.40641653164;211.813632810484;0.0099009900990099;14;14
157;17.5800000000163;0.889999999999418;18.5;NA;NA;-509.070780287842;-616.314150096199;3.63803437610831;11.0558801987573;14.5880253380909;5.09900619624804;1070.98104785194;1251.09748068694;214.486739616714;0.0297029702970297;14;14
158;20.3899999999558;0.860000000000582;21.3299999999581;NA;NA;-501.495765323292;-604.087146471102;3.65188926056167;11.9965836548251;14.1040785145476;4.26062268867546;1054.07810747524;1223.60675299966;205.182762295619;0.0099009900990099;14;14
159;15.2200000000303;0.559999999999491;15.890000000014;NA;NA;-493.240854034744;-591.092064590716;3.91659464989807;15.464615665287;14.9659901006529;4.47012477633918;1042.57081133509;1198.93713305916;195.702421111946;0.0198019801980198;18;18
160;15.9699999999721;0.610000000000582;16.6300000000047;NA;NA;-494.728346800731;-597.382854879109;3.69907884853319;11.8348791003019;14.5103691389325;5.39288533420889;1042.98369618968;1214.65941366597;205.309016156756;0.0297029702970297;16;16
161;11.960000000021;0.529999999999745;12.4899999999907;NA;NA;-411.089861366341;-502.759460090679;3.27964084649602;10.2152116084756;6.70505338851468;2.36440333189805;844.142394432139;1013.26361826721;183.339197448677;0.0099009900990099;7;7
162;12.1900000000023;0.640000000000327;12.8099999999977;NA;NA;-451.015371262607;-534.09836682858;3.59616764951279;8.93000617131203;10.3995062432686;4.61076727594905;938.897391684668;1084.54208078634;166.165991131945;0.0396039603960396;12;12
163;13.8499999999767;0.569999999999709;14.4099999999744;NA;NA;-410.096680379536;-497.404308414782;3.57545439563131;9.83728959808448;9.77852152323098;3.90939605148161;854.858595229071;1008.66757602281;174.615256070493;0.0198019801980198;12;12
164;21.070000000007;0.970000000000255;22.109999999986;NA;NA;-458.181303110844;-553.030639236802;3.63157575043059;11.5409598104346;13.6274037199249;4.27354192856033;965.217663091045;1121.38218172446;189.698672251914;0.0099009900990099;13;13
165;14.0599999999977;0.700000000000728;14.8899999999558;NA;NA;-443.727352911767;-526.253015532476;3.68165925109731;9.40426844137837;9.46798988015209;3.76751472320385;921.019093688848;1065.86201549867;165.051325241418;0.0099009900990099;12;12
166;19;0.599999999999454;19.5999999999767;NA;NA;-473.476400337929;-573.568859925453;3.72022502186249;9.83590622335991;15.0926479235955;6.22122750503018;1002.14073092087;1169.88632376216;200.184919175047;0.0099009900990099;15;15
167;19.0599999999977;0.699999999999818;19.7799999999697;NA;NA;-512.014888035121;-621.48973135654;3.73941479950718;15.9539547927012;14.9614675368668;4.20614381681046;1078.73803077594;1258.35969106915;218.949686642839;0.0198019801980198;15;15
168;15.0699999999488;0.449999999999818;15.5299999999697;NA;NA;-465.966886649134;-556.150029458953;3.73487447040046;7.52514509652827;14.3753390360104;7.51831407173945;984.498784553011;1139.7916027909;180.366285619639;0.0198019801980198;15;15
169;18.890000000014;0.5600000000004;19.4799999999814;NA;NA;-497.103792379037;-607.867143820711;3.71896005864268;13.8403137470127;14.4197160420126;4.64024148059193;1046.93486542532;1232.70184193987;221.526702883348;0.0198019801980198;15;15
170;19.4899999999907;0.880000000000109;20.4000000000233;NA;NA;-496.997194983876;-594.810297336515;3.8339916144072;9.47396170175724;15.4207964638993;6.49382650201152;1050.8798492095;1213.57553783488;195.626204705278;0.0396039603960396;16;16
171;14.390000000014;0.399999999999636;14.8600000000442;NA;NA;-472.083942690467;-567.287678536863;3.64010349212323;9.34897386153083;12.8710236137632;5.67280019998366;990.311274359556;1154.91268486372;190.407471692792;0.0198019801980198;13;13
172;14.710000000021;0.550000000000182;15.3499999999767;NA;NA;-473.278616540215;-567.714753484352;3.81305191800743;9.58325617559901;12.7749055112436;5.3634929676098;992.829394087322;1154.85668863656;188.872273888275;0.0198019801980198;14;14
173;14.4100000000326;0.610000000000582;15;NA;NA;-412.827985099382;-518.735684135742;3.45780948060584;10.5449189794063;10.0520736210781;3.64203479583754;860.374602509123;1050.05051081508;211.815398072721;0.0099009900990099;10;10
174;9.90000000002328;0.420000000000073;10.3400000000256;NA;NA;-406.188710206321;-489.260441762927;3.48481131066958;11.199783014811;7.32376094006819;3.02640682743115;837.286976945921;988.814290503158;166.143463113213;0.0693069306930693;9;9
175;20.0599999999977;0.859999999999673;21.0099999999511;NA;NA;-461.449629287604;-566.334573359679;3.80148997704393;13.6629449740379;13.5478123376311;3.94662765873345;972.438327269227;1147.10042564641;209.769888144149;0.0099009900990099;15;15
176;18.9699999999721;0.670000000000073;19.7000000000116;NA;NA;-528.95671521952;-630.446792533076;3.82379832674461;12.0951092601719;16.3778318577085;5.99908635263818;1119.29379325871;1283.37678675674;202.980154627112;0.0099009900990099;18;18
177;21.609999999986;0.960000000000036;22.6500000000233;NA;NA;-535.918128208664;-643.900151162948;3.80888352007354;15.3834947121962;17.3980706634887;4.19300264041966;1137.51057328587;1303.62806790771;215.964045908569;0.0099009900990099;19;19
178;18.3099999999977;1.03999999999996;19.4099999999744;NA;NA;-448.491694795117;-539.595998796624;3.60661153285679;11.1147591713418;12.676588332621;3.91614847547278;942.429716464229;1093.23162395277;182.208608003015;0.0396039603960396;13;13
179;22.0300000000279;0.739999999999782;22.8299999999581;NA;NA;-471.61570248507;-594.392267146028;3.96281673434159;24.6781985455826;12.9646861746293;2.13437184934969;990.638208592403;1196.5891001532;245.553129321916;0.0099009900990099;15;15
180;14.0799999999581;0.480000000000473;14.609999999986;NA;NA;-476.577140724947;-592.398473384895;3.77806994684757;14.4542797535148;15.3868323596611;4.53331046125274;1010.38086165172;1201.65719770557;231.642665319896;0.0198019801980198;17;17
181;12.429999999993;0.649999999999636;13.1300000000047;NA;NA;-428.808811357888;-515.539049358013;3.56525824227712;10.3761643118772;10.8976045052447;4.38545414860638;896.250049349818;1046.62470215272;173.46047600025;0.0099009900990099;12;12
182;14.2199999999721;0.430000000000291;14.7200000000303;NA;NA;-445.34904425736;-544.909797736436;3.68310353041301;16.5713861499771;12.0954231351578;3.32595621550623;934.509087059009;1101.8665872389;199.12150695815;0.0099009900990099;14;14
183;19.8000000000466;0.940000000000509;20.7299999999814;NA;NA;-467.97046958647;-561.005859734001;3.72191337646245;13.6413581455062;14.2935612062357;3.76337329610577;988.206920781722;1135.77290862466;186.070780295062;0.0099009900990099;15;15
184;18.8099999999977;0.75;19.6399999999558;NA;NA;-478.57377279904;-577.426716758471;3.63513057845831;9.92176730705933;14.2212933504812;5.4307818657028;1008.65868789659;1174.52434322832;197.705887918861;0.0198019801980198;14;14
185;15.4100000000326;0.539999999999964;15.9099999999744;NA;NA;-444.967454487802;-534.065144311695;3.74831940638487;12.0076722131538;10.9987875877654;3.81780784664061;929.366219894248;1081.81735795056;178.195379647785;0.0396039603960396;13;13
186;19.0500000000466;0.569999999999709;19.640000000014;NA;NA;-431.981248748897;-525.321725963584;3.65341376748258;10.0713679212023;12.3956222950083;4.23832154263274;907.905454747228;1065.66846462316;186.680954429373;0.0198019801980198;12;12
187;19.5999999999767;0.75;20.4200000000419;NA;NA;-451.345355232132;-555.801054973061;3.59626004232578;9.67842820064912;12.6414395857155;4.91652939829634;948.011026979703;1129.22816170846;208.911399481857;0.0099009900990099;13;13
188;19.359999999986;0.619999999999891;20.0500000000466;NA;NA;-457.28377620096;-551.748730700387;3.65166593100933;10.3787705507419;14.0616534378683;4.87494100038247;964.979420465958;1120.97441627078;188.929908998854;0.0198019801980198;13;13
189;19.859999999986;0.829999999999927;20.75;NA;NA;-485.297404685945;-572.359971372469;3.67231312929635;10.7373141177179;13.6722979149735;4.60493688923637;1020.11742775048;1161.39954800525;174.125133373047;0.0198019801980198;14;14
190;19.6599999999744;0.720000000000255;20.4400000000023;NA;NA;-469.550440811318;-551.938202137269;3.63598096734495;13.8889980511222;12.1506885974001;3.18131385038453;982.661826511931;1115.28160458078;164.775522651901;0.0891089108910891;13;13
191;16.25;0.430000000000291;16.7599999999511;NA;NA;-441.973763130242;-524.942530305476;3.62559884064702;8.1626015086851;13.1772028801779;5.97634569877353;931.676854102121;1071.53206458786;165.937534350468;0.0297029702970297;14;14
192;15.9199999999837;0.549999999999272;16.5499999999884;NA;NA;-446.641670561656;-541.293278910237;3.67087367352901;6.96210649025372;13.1105946438693;6.72003624954104;941.223675141522;1107.15911087154;189.303216697163;0.0198019801980198;15;15
193;13.3099999999977;0.5;13.9000000000233;NA;NA;-404.490910096433;-488.789135786107;3.41538184090327;6.97075208561259;9.08054181062501;4.2477464493262;839.866535223238;992.025695673627;168.596451379348;0.0396039603960396;9;9
194;14.4200000000419;0.490000000000691;14.9500000000116;NA;NA;-472.940581515375;-569.033980560856;3.63753464959123;14.2079675122544;13.506345165136;3.91990763792636;994.802681671008;1152.26631250636;192.186798090961;0.0198019801980198;14;14
195;10.3699999999953;0.210000000000036;10.6599999999744;NA;NA;-376.708624187622;-458.883674041238;3.21053117922545;4.78942410057599;5.99568384448223;3.35291089109147;772.594232269279;928.491515637736;164.350099707231;0.0693069306930693;6;6
196;14.9400000000023;0.679999999999382;15.6700000000419;NA;NA;-456.089165233362;-550.147750218768;3.60557702295546;12.6894638496282;10.7212723633695;3.0555195451798;950.614732718344;1111.24972064068;188.117169970812;0.0099009900990099;13;13
197;20.4799999999814;0.8100000000004;21.390000000014;NA;NA;-479.132380311913;-576.198540157893;3.69062174637525;12.0012195629733;16.1443431584928;5.06227303882004;1017.29833038526;1170.90783951204;194.13231969196;0.0099009900990099;15;15
198;18.0099999999511;0.670000000000073;18.7199999999721;NA;NA;-453.496038667965;-552.027584036381;3.70401224279026;9.58731599403503;12.6091344954945;5.25420813874115;952.663796866031;1123.08650765845;197.063090736832;0.0099009900990099;14;14
199;13.5299999999697;0.5;14.0899999999674;NA;NA;-485.485199327082;-569.821000561292;4.04917720048131;14.0523780102983;11.2862164096362;3.78376660828888;1012.2396926242;1153.47776067245;168.67160246842;0.128712871287129;15;15
200;15.3099999999977;0.639999999999418;16;NA;NA;-483.195676883416;-584.358348263889;3.76962931161371;12.6417085887814;15.4364629384922;5.61275421835395;1023.80251960874;1189.59160579577;202.325342760946;0.0198019801980198;17;17
201;13.9899999999907;0.640000000000327;14.6900000000023;NA;NA;-457.646633423508;-547.882043244113;3.66554976512289;8.75566536390641;12.6678577470907;5.70051246401523;961.177688674628;1116.41199111066;180.47081964121;0.0198019801980198;14;14
202;15.6900000000023;0.630000000000109;16.3800000000047;NA;NA;-473.283560714057;-576.438714229846;3.67592670152917;8.43031548223186;14.4803339970127;7.1822589620046;999.516058327529;1179.14014979284;206.31030703158;0.0099009900990099;15;15
203;14.4699999999721;0.510000000000218;15.0699999999488;NA;NA;-482.099506961555;-607.124881074627;3.70089054490327;17.687969806451;13.0309992990052;3.44703247743042;1011.84829879193;1226.85421624371;250.050748226144;0.0099009900990099;15;15
204;15.0900000000256;0.4399999999996;15.5499999999884;NA;NA;-446.480218720457;-535.790731863896;3.55162604055393;8.21044559370296;11.5034373364742;4.74662745451069;933.740564736483;1088.40844040943;178.621026286877;0.0099009900990099;12;12
205;15.8600000000442;0.590000000000146;16.539999999979;NA;NA;-482.692021602755;-585.970948220005;3.67259341477009;13.6981602259823;14.4276924702452;4.46693705372052;1018.14049056154;1188.27574400457;206.557853234499;0.0297029702970297;15;15
206;16.789999999979;0.530000000000655;17.3699999999953;NA;NA;-519.693665446045;-640.299851079687;3.8927860636271;16.274204450874;18.5308106325292;5.2642124471612;1109.81277294914;1300.60608482796;241.212371267282;0.0099009900990099;20;20
207;13.5300000000279;0.469999999999345;14.0799999999581;NA;NA;-407.187251203753;-489.513099693053;3.40402099993658;6.36406372379817;9.55158846570349;5.07097168029565;846.861340087771;996.27357498761;164.651696978599;0.0099009900990099;9;9
208;14.25;0.550000000000182;14.859999999986;NA;NA;-439.912071486078;-538.391204088835;3.5906759721024;13.3623395088779;12.5269552005699;3.97071095705559;924.734026123919;1091.01764429496;196.958265205513;0.0099009900990099;13;13
209;18.0999999999767;0.75;18.9099999999744;NA;NA;-439.370809600526;-528.418312357172;3.62047292349786;9.51448905794518;11.0935548186967;4.36190061524909;918.068697224279;1072.29972997041;178.095005513292;0.0099009900990099;12;12
210;19.5;0.880000000000109;20.3899999999558;NA;NA;-452.174678204514;-555.412521057219;3.62386697723074;12.322828845912;12.3770781109734;3.62769108126902;948.721921236174;1123.83053147414;206.475685705409;0.0198019801980198;13;13
211;15.320000000007;0.529999999999745;15.8899999999558;NA;NA;-493.784912028687;-611.031012687814;3.72712243697018;19.3854475443203;14.3076711838996;3.56737292478331;1040.78279690118;1235.32976938025;234.492201318255;0.0297029702970297;17;17
212;16.789999999979;0.5;17.3199999999488;NA;NA;-399.149329248325;-485.767356521631;3.40553012318419;9.42426417894571;9.39400424312337;3.70051028332315;830.249521131684;984.120878929714;173.236054546612;0.0099009900990099;9;9
213;15.1600000000326;0.390000000000327;15.6300000000047;NA;NA;-512.175575925003;-622.296185017031;3.77406673918383;14.7157413098174;15.6377949071487;4.59009619766082;1082.9580256682;1261.79499932208;220.241218184057;0.0396039603960396;18;18
214;15.109999999986;0.550000000000182;15.7299999999814;NA;NA;-476.14566967464;-584.476825442277;3.72283317871445;11.4908803528015;14.7400979102139;5.13175692282914;1006.6657836819;1187.88408356069;216.662311535274;0.0099009900990099;16;16
215;13.8300000000163;0.5;14.390000000014;NA;NA;-464.76318929469;-563.599351240598;3.75310098595045;9.57796355571335;12.1918423416599;5.54337828745728;973.234862111676;1147.07204497901;197.672323891817;0.0396039603960396;13;13
216;15.6700000000419;0.729999999999563;16.5200000000186;NA;NA;-429.698592656195;-514.544883473191;3.5592447274548;11.9401417590738;10.1358961337954;3.5460332568492;894.888357366605;1041.50631845476;169.692581633992;0.0495049504950495;11;11
217;19.320000000007;0.859999999999673;20.1900000000023;NA;NA;-495.602322246673;-600.545577878174;3.73011632734903;10.3388345078787;16.1950555026742;6.51985728903774;1051.43716155297;1225.33975529486;209.886511263001;0.0099009900990099;17;17
218;19.9200000000419;0.970000000000255;20.9400000000023;NA;NA;-479.803909187536;-600.246470343189;3.72185406379534;19.8062351459331;14.8195806711862;2.98277510402122;1014.2754650316;1211.49603848384;240.885122311306;0.0198019801980198;16;16
219;16.6700000000419;0.720000000000255;17.4100000000326;NA;NA;-445.768078819861;-545.542809661116;3.49256318930244;9.9409887213598;10.8000176905881;3.66867662746329;928.838097247352;1103.75677949235;199.549461682511;0.0198019801980198;10;10
220;10.7200000000303;0.4399999999996;11.1699999999837;NA;NA;-388.117773019032;-468.39142003875;3.3432274543779;5.1746829476159;7.65822441099513;3.96118107994173;801.83167439349;950.022318828697;160.547294039435;0.0198019801980198;8;8
221;17.429999999993;0.75;18.2000000000116;NA;NA;-437.627057883572;-530.820926940886;3.42974151367702;6.39328618023324;9.74130789113415;4.60021462747037;908.386226660434;1077.28809182781;186.387738114629;0.0198019801980198;9;9
222;12.7599999999511;0.590000000000146;13.4500000000116;NA;NA;-432.844208729891;-519.937732736814;3.56023418607177;10.8222992996378;10.9644474222843;4.16293405495079;904.557804802693;1054.63322662956;174.187048013848;0.0198019801980198;12;12
223;14.0100000000093;0.470000000000255;14.5299999999697;NA;NA;-433.52118824809;-524.164287974685;3.62257414706055;6.25782464620956;13.227087050519;7.50895144331598;914.952390477505;1075.52685227887;181.286199453191;0.0297029702970297;14;14
224;18.9100000000326;0.779999999999745;19.7000000000116;NA;NA;-461.477047947887;-569.510905247599;3.64881518168631;12.3672794836954;11.4847336878381;3.24248736300831;963.667918038373;1150.51655276658;216.067714599425;0.0099009900990099;12;12
225;18.9500000000116;0.800000000000182;19.859999999986;NA;NA;-463.393993391625;-565.405341911485;3.72193075243575;11.0065464308555;14.3938726350047;4.89683127780106;978.924230882546;1148.54756376393;204.022697039719;0.0099009900990099;14;14
226;13.0599999999977;0.719999999999345;13.8399999999674;NA;NA;-473.864657255572;-580.227055701285;3.68004519159203;12.3314477859896;11.9612382221296;4.12905767290446;990.611068481319;1175.25702996083;212.724796891425;0.0198019801980198;13;13
227;15.2199999999721;0.5600000000004;15.820000000007;NA;NA;-478.902525371039;-578.416546848241;3.63768880265162;10.7623881351885;13.7668372522623;5.11845263761605;1007.67010135491;1175.37271141385;199.028042954403;0.0099009900990099;14;14
228;15.7399999999907;0.559999999999491;16.3099999999977;NA;NA;-496.489363253289;-574.433475955129;3.676380213999;7.30475397057915;14.4746757970447;7.83346266598673;1045.90697357431;1177.51087134546;155.888225403678;0.0297029702970297;15;15
229;19.3300000000163;0.8100000000004;20.25;NA;NA;-426.123800085871;-512.580127515039;3.41450110748376;10.8081235158228;8.12889168342564;2.51772390084886;879.895565281224;1033.72353096939;172.912654858336;0.0693069306930693;9;9
230;21.0300000000279;0.880000000000109;21.9899999999907;NA;NA;-504.932562253054;-607.05337884684;3.72249385969103;14.0538571430344;15.8500444368324;4.17414345648645;1068.33402777593;1229.50466972884;204.241633187572;0.0198019801980198;16;16
231;16.1000000000349;0.649999999999636;16.7599999999511;NA;NA;-506.110223197196;-594.900370334882;3.73377666164983;10.4456150361969;17.1601554332963;7.23003611688996;1076.04235516841;1216.69063145651;177.580294275372;0.0099009900990099;17;17
232;13.7199999999721;0.550000000000182;14.3600000000442;NA;NA;-455.264919371187;-532.462120032359;3.56875082380521;7.79860369823703;10.7175595060241;5.05059817450713;948.52399893723;1082.82880462666;154.394401322345;0.138613861386139;12;12
233;17.289999999979;0.719999999999345;18.1100000000442;NA;NA;-514.14442015728;-602.740920215401;3.66045511574363;9.68843157987741;14.956959340458;5.74449372102036;1082.98061030332;1226.48721472784;177.193000116241;0.0099009900990099;15;15
234;18.7000000000116;0.520000000000437;19.2600000000093;NA;NA;-450.616601276017;-535.140238963765;3.5550391799534;7.31851325010045;10.925713402633;4.95171255996937;939.489945623324;1087.61906152281;169.047275375495;0.0495049504950495;11;11
235;14.7700000000186;0.5;15.3299999999581;NA;NA;-445.996993965368;-548.286283593116;3.71646147604843;17.445543888883;12.093483580265;3.10830048781981;935.797961186562;1107.83118514655;204.578579255496;0.0198019801980198;14;14
236;14.2700000000186;0.519999999999527;14.8800000000047;NA;NA;-462.241863922699;-547.931884729214;3.60967431519295;6.79685603189995;12.0445001125918;6.24306861021925;967.663980669586;1118.24554358504;171.380041613029;0.0396039603960396;13;13
237;15.1599999999744;0.710000000000036;15.890000000014;NA;NA;-483.869651162902;-573.754795317834;3.77298687168793;8.97101211639391;13.9572535465501;6.15014109378387;1018.29406241789;1169.78610130388;179.770288309865;0.0099009900990099;14;14
238;21.359999999986;0.729999999999563;22.1199999999953;NA;NA;-465.91580084246;-549.614405106005;3.7700089096865;12.4075538481886;13.978345602769;4.38575003877678;982.462759604016;1115.11449576574;167.397208527091;0.0198019801980198;14;14
239;13.0599999999977;0.550000000000182;13.6199999999953;NA;NA;-444.127688359865;-552.191304424894;3.58946399380538;9.0704689314708;9.50146775040186;3.84045267514147;921.525077025036;1117.83007958748;216.127232130059;0.0099009900990099;11;11
240;14.0699999999488;0.650000000000546;14.7200000000303;NA;NA;-463.531459843507;-550.842937508987;3.66411772909394;9.237855244904;12.6064979800773;5.71461169706202;972.725089458351;1122.3848486664;174.62295533096;0.0396039603960396;14;14
241;17.7600000000093;0.659999999999854;18.5;NA;NA;-465.937625986913;-561.88255565382;3.64895744793839;9.15926705823845;11.2240504223142;4.56743406499044;971.17663188392;1139.75813117555;191.889859333814;0.0198019801980198;11;11
242;19.609999999986;0.809999999999491;20.5800000000163;NA;NA;-504.262069870849;-588.269654291116;3.70796038301665;11.6882228874145;15.5350104781959;5.01861108928567;1065.83092071416;1195.05235991769;168.015168840535;0.0198019801980198;16;16
243;13.8499999999767;0.530000000000655;14.460000000021;NA;NA;-425.88994175424;-512.299014909086;3.54601997673678;7.3199522837151;11.0998232054973;5.25721742265468;891.129183203734;1043.23506755267;172.818146309691;0.0297029702970297;12;12
244;15.0499999999884;0.569999999999709;15.640000000014;NA;NA;-454.073447726486;-549.763732099019;3.60516475292431;9.40296560829673;12.0114091839955;4.85525751359275;951.20851532024;1116.93385259138;191.380568745066;0.0198019801980198;13;13
245;14;0.479999999999563;14.5699999999488;NA;NA;-459.160311255538;-544.781162065756;3.74368605123065;9.82301455514978;12.7879480427184;5.47874984703327;965.081163678605;1109.59597667006;171.241701620438;0.0198019801980198;15;15
246;15.6300000000047;0.720000000000255;16.390000000014;NA;NA;-444.07812685469;-533.437238222817;3.58246590710432;9.7637429628464;12.5275345861383;5.22169379279304;932.566845098662;1085.38558154753;178.718222736254;0.0099009900990099;12;12
247;14.25;0.650000000000546;14.9499999999534;NA;NA;-480.353630852762;-578.800384369767;3.72918771367901;12.3704757890528;14.474151317083;5.33103226594433;1014.5394060897;1177.4279000421;196.89350703401;0.0099009900990099;17;17
248;18.8300000000163;0.819999999999709;19.710000000021;NA;NA;-486.794611220444;-579.349421373278;3.79406350453879;8.98858807254385;12.4418328757835;5.38232726183702;1018.19393697038;1177.99480769123;185.109620305668;0.0099009900990099;13;13
249;21.3899999999558;0.590000000000146;22.1599999999744;NA;NA;-532.45694530485;-673.274006027472;3.91149070556002;20.7045288910448;20.0499620425841;3.91386615993345;1141.1127935113;1361.42246951562;281.634121445244;0.0099009900990099;20;20
250;20.4699999999721;0.650000000000546;21.2300000000396;NA;NA;-460.466527598245;-569.219456861339;3.84937909206513;16.0701409341493;12.701168318856;3.15303455281772;966.938131704372;1149.85956355526;217.505858526189;0.0099009900990099;14;14
