1;45.0299999999697;1.45000000000073;46.5599999999977;NA;NA;-1189.08638219632;-1350.98220468691;4.80384993415612;19.3570609118889;27.2737780131305;6.81670564830897;2503.21646874966;2733.21736323176;323.79164498119;0.0099009900990099;24;24
2;41.5300000000279;1.89999999999964;43.6000000000349;NA;NA;-1020.95988830629;-1151.60588379517;4.52134943320476;14.6381523964706;21.1832243485803;6.51670858931908;2135.38734239882;2331.965694696;261.291990977763;0.0099009900990099;17;17
3;47.1499999999651;1.97999999999956;49.4199999999837;NA;NA;-1183.58469308771;-1381.6252898962;4.80240436007281;27.2913938309826;29.2247253966718;5.03821310984078;2502.32732755174;2786.55120975209;396.081193616993;0.0099009900990099;26;26
4;39.5799999999581;1.55000000000018;41.25;NA;NA;-1050.02901189473;-1201.23057708724;4.60572937680579;20.6311000272249;21.2923986221956;5.65012094910914;2195.19143375491;2427.70562203099;302.403130385023;0.0099009900990099;19;19
5;34.8899999999558;1.28000000000065;36.3699999999953;NA;NA;-1046.54645655335;-1183.50861715811;4.51353261784844;19.697480543188;18.9946653242942;5.15861922467433;2177.44666714607;2389.92624007292;273.924321209515;0.0099009900990099;18;18
6;44.5999999999767;1.94999999999982;46.6900000000023;NA;NA;-1110.82012804873;-1270.5202669976;4.63629453003144;22.5291496313004;25.3568175390793;5.3380868617808;2336.79199250157;2565.28213964082;319.400277897751;0.0099009900990099;22;22
7;41.4899999999907;1.44999999999982;43.0499999999884;NA;NA;-1173.88677282897;-1362.88062039531;4.80532993833947;23.1538432200629;29.623748918421;7.06625661602104;2484.19595097426;2758.30255508526;377.987695132673;0.0099009900990099;25;25
8;46.4099999999744;1.81999999999971;48.4599999999627;NA;NA;-1199.65702343741;-1390.64334822673;5.4362983711814;29.0857645352271;27.6821924751998;5.22569043698465;2527.33811200966;2805.45436790789;381.972649578635;0.0099009900990099;26;26
9;44.8899999999558;1.57000000000062;46.5599999999977;NA;NA;-1048.82972769867;-1179.89868880051;4.40424857763771;12.7559229171105;19.5589122036767;6.34061534577582;2182.73597798476;2387.37751595767;262.137922203669;0.0099009900990099;15;15
10;30.3800000000047;1.1299999999992;31.75;NA;NA;-1098.62833408708;-1230.85683176762;4.67293756635537;15.2854685034166;24.8595960818954;8.06946929068732;2311.73933888622;2498.87494292947;264.456995361082;0.0099009900990099;25;25
11;46.0299999999697;1.66000000000076;47.8399999999674;NA;NA;-1164.8337266141;-1360.42360774032;4.77874870874718;27.0719430195813;28.5191011343587;5.25806000410393;2460.42066420821;2744.95415439934;391.179762252445;0.0099009900990099;24;24
12;29.2699999999604;1.25;30.6199999999953;NA;NA;-1036.69641831083;-1173.84879141892;4.5800011179684;16.2332759458553;20.6695250591588;6.41389098800507;2166.77761633027;2376.67550058271;274.304746216179;0.0099009900990099;21;21
13;43.9699999999721;2.10999999999967;46.1599999999744;NA;NA;-1088.60568436862;-1238.8238005396;4.69727432171244;18.2627241975755;21.3523983004833;5.59557797831262;2272.0356219493;2502.49710489683;300.436232341971;0.0099009900990099;18;18
14;45.6999999999534;1.59000000000015;47.4200000000419;NA;NA;-1106.50487403932;-1260.21030935284;4.67849889893925;17.9344569564359;24.5431671288009;6.70658992319663;2323.2968848731;2550.55734052329;307.410870627036;0.0099009900990099;20;20
15;31.0599999999977;1.30000000000018;32.4400000000023;NA;NA;-1036.69388784385;-1194.03563654971;4.50659947209209;29.0586669704535;20.250673098836;3.90597042374872;2163.86680626436;2405.52296054097;314.683497411725;0.0099009900990099;19;19
16;43.4199999999837;1.57999999999993;45.3099999999977;NA;NA;-1106.97276915565;-1253.70253464933;4.56708700390411;15.2773522310246;25.1657719850804;8.84516377034226;2327.64433237152;2547.36746165241;293.459530987346;0.0099009900990099;21;21
17;33.4000000000233;1.17000000000007;34.640000000014;NA;NA;-1065.65967801457;-1201.1134329236;4.96878964167978;22.2255023994784;22.6275779925383;6.04917838064811;2235.06135214908;2429.96089201213;270.907509818065;0.0099009900990099;24;24
18;43.289999999979;1.65999999999985;45.0800000000163;NA;NA;-1079.79191810307;-1216.25388964257;4.81904335331225;18.7875028880964;20.3502231604509;5.0757414609277;2249.95751164685;2455.04873167638;272.923943079008;0.0099009900990099;18;18
19;42.359999999986;1.63000000000011;44.1500000000233;NA;NA;-1096.78619700621;-1233.84441210235;4.55535744942234;14.9936617737617;23.0615743565768;6.98252021545519;2297.76443688029;2499.2358050988;274.116430192289;0.0099009900990099;21;21
20;32.390000000014;1.34000000000015;33.8099999999977;NA;NA;-1141.43581195915;-1265.19024890428;4.7477510921963;12.1022668410897;25.9679640961436;11.235008764103;2401.92848592065;2581.89030747522;247.508873890261;0.0099009900990099;24;24
21;36.5800000000163;1.61999999999989;38.2599999999511;NA;NA;-1051.23872889582;-1205.59495504039;4.73847148643285;19.9231016209685;21.6254694604653;5.84060550169473;2199.0990121962;2437.28545372987;308.71245228914;0.0099009900990099;19;19
22;44.6399999999558;1.89000000000033;46.6499999999651;NA;NA;-1116.71166164118;-1258.74341497663;4.92372224888383;18.5996761557315;21.2360756541764;5.36600478453162;2328.84971908364;2541.59950052285;284.063506670886;0.0099009900990099;20;20
23;46.6900000000023;1.76999999999953;48.5100000000093;NA;NA;-1157.95821666468;-1351.90225453179;4.88732812387274;27.3911993242659;27.7795571319828;4.98642771156953;2443.279013149;2726.66607933313;387.888075734227;0.0099009900990099;24;24
24;40.3000000000466;1.85999999999967;42.210000000021;NA;NA;-1108.67380653488;-1253.45988083688;4.76657880749431;13.8246830759298;24.0699309391602;8.82746171521097;2328.19374140958;2547.57172518261;289.572148604005;0.0099009900990099;25;25
25;40.5900000000256;1.80000000000018;42.5800000000163;NA;NA;-1107.06094066869;-1245.72819350802;4.66496292974118;18.4837963870486;21.965207860673;5.68374194619886;2313.36054751146;2517.13549614154;277.334505678657;0.0099009900990099;21;21
26;47.25;1.55999999999949;49;NA;NA;-1174.00503399298;-1352.34349992442;4.7947866094929;21.1724351260769;26.3600907771866;5.90331547530596;2467.71792249431;2731.49545191406;356.67693186289;0.0099009900990099;22;22
27;44.8499999999767;1.65999999999985;46.640000000014;NA;NA;-1048.68581366642;-1191.3213654544;4.51849104085079;22.1605450832175;20.5128336233386;4.24146935549197;2188.46744252998;2401.47874916289;285.271103575963;0.0099009900990099;18;18
28;42.9400000000023;1.51000000000022;44.539999999979;NA;NA;-1045.39646800879;-1177.52188444182;4.56024149439351;16.8086599008496;21.7166675642451;6.01038872496956;2187.82195915071;2381.8978957845;264.250832866057;0.0099009900990099;19;19
29;30.7799999999697;1.22000000000025;32.0599999999977;NA;NA;-1104.45617010752;-1230.42256166416;4.92664699387381;10.0552667771119;25.4620791390605;12.7739498395851;2326.66886839061;2519.92183799813;251.93278311328;0.0099009900990099;26;26
30;31.4799999999814;1.23999999999978;32.7900000000373;NA;NA;-1133.64290257874;-1306.44823006978;4.94141700542897;21.603937776251;26.7371222579765;6.89979597717118;2390.41480343903;2644.67119486303;345.610654982083;0.0099009900990099;25;25
31;41.320000000007;1.64999999999964;43.109999999986;NA;NA;-1083.67463241774;-1193.50073898214;4.49591203001228;8.90263614548433;23.088055134945;11.630198339759;2270.50558148306;2438.96464314204;219.652213128806;0.0099009900990099;19;19
32;29.9500000000116;1.19000000000051;31.1999999999534;NA;NA;-1131.20854821707;-1290.46500992452;4.68708832334539;20.3481428470821;26.1690253485551;7.07654496712578;2383.93690948385;2613.79102288561;318.51292341489;0.0099009900990099;27;27
33;36.320000000007;1.51000000000022;37.9400000000023;NA;NA;-1183.86985994757;-1337.58788940767;4.70060028358448;14.2102791557824;30.4894026420521;10.9817335449609;2509.32185601638;2726.17111355062;307.43605892021;0.0099009900990099;27;27
34;46.9499999999534;1.59999999999945;48.710000000021;NA;NA;-1101.41712103078;-1244.57502777601;4.61394779591034;16.3375246942834;24.8071854331359;6.87734886226136;2315.48995974072;2520.38184014509;286.315813490465;0.0099009900990099;22;22
35;43.8699999999953;1.63000000000011;45.6600000000326;NA;NA;-1110.32729667533;-1248.49430505725;4.50748418187535;15.7100722763747;23.2811083695813;7.12257376037936;2324.67346253831;2528.81192610526;276.33401676385;0.0099009900990099;19;19
36;41.320000000007;1.80000000000018;43.2700000000186;NA;NA;-1112.96281443365;-1242.56588872294;4.57277020894445;14.106159446162;21.6394793774231;7.53433534524973;2322.60977890503;2518.79482433575;259.206148578576;0.0099009900990099;19;19
37;45.7799999999697;1.67999999999938;47.5599999999977;NA;NA;-1177.76458668636;-1338.16553344931;4.60477063355079;16.9008253623441;27.5582380183969;7.70485972837016;2481.29062436066;2711.49203540654;320.801893525901;0.0099009900990099;23;23
38;34.2700000000186;1.47999999999956;35.859999999986;NA;NA;-1061.33118759618;-1170.59999171463;4.5001787114346;10.9056416961129;19.8463160344122;9.55817422247354;2210.79824032988;2383.64705283861;218.537608236892;0.0099009900990099;18;18
39;45.5800000000163;1.40999999999985;47.1699999999837;NA;NA;-1117.62858758408;-1272.87190911375;6.31373540498593;25.1357811315617;19.1308082336267;4.57232503490493;2321.69004227234;2566.40155298041;310.486643059332;0.0099009900990099;21;21
40;44.3099999999977;1.72000000000025;46.2200000000303;NA;NA;-1147.01355418285;-1273.27610150445;4.85753203549961;16.905249954329;22.9056379481798;6.70045680336593;2396.95584663726;2576.66136504901;252.525094643205;0.0099009900990099;20;20
41;31.4499999999534;1.02999999999975;32.640000000014;NA;NA;-1172.34431618944;-1336.40459557302;4.70908285475984;17.5052798332129;30.055898261057;9.24946260063861;2484.80425668161;2715.92865526907;328.120558767151;0.0099009900990099;28;28
42;44.640000000014;1.84000000000015;46.6199999999953;NA;NA;-1142.73516721556;-1279.92821966507;4.8334041924705;16.0900157101558;24.5723811888325;7.55269816051487;2397.05974651396;2594.15515628778;274.386104899022;0.0099009900990099;22;22
43;40.7700000000186;1.43000000000029;42.2600000000093;NA;NA;-1085.20169331272;-1211.28645297065;4.84663709017987;12.5378996575382;20.416221162815;7.81723447269503;2262.64374097875;2457.89112041762;252.169519315861;0.0099009900990099;21;21
44;46.5100000000093;1.56999999999971;48.210000000021;NA;NA;-1126.73970073027;-1277.29670019475;5.98526742050582;23.7400466545182;21.8472119525616;5.60382913087293;2352.18496288964;2579.91146393539;301.11399892895;0.0099009900990099;21;21
45;41;1.64000000000033;42.7700000000186;NA;NA;-944.762291601103;-1077.08211790216;4.54034719616185;19.7965506333957;19.6963353749518;4.99396417225799;1976.9943965066;2176.34202194985;264.63965260212;0.0099009900990099;18;18
46;30.039999999979;1.26999999999953;31.3400000000256;NA;NA;-1069.20374957399;-1234.66547074439;4.61911666002306;23.2242357267441;22.3646267402943;5.30685244590134;2239.45073722093;2493.30726630458;330.923442340815;0.0099009900990099;21;21
47;29.7700000000186;1.17000000000007;31.1599999999744;NA;NA;-1111.7480749289;-1226.80471013008;4.68430850705006;10.9650021205681;21.8802390688391;9.92975722039697;2322.35092758332;2498.47199876317;230.113270402343;0.0099009900990099;21;21
48;44.1000000000349;1.8100000000004;46.0800000000163;NA;NA;-1146.31925149155;-1280.47947533692;8.44877277941812;23.8932889531143;15.5326108626499;5.28833926738211;2363.17602643086;2584.97463988226;268.320447690749;0.0099009900990099;22;22
49;44.570000000007;2.09000000000015;46.7799999999697;NA;NA;-1084.53840147072;-1231.36190600091;4.58274220423038;15.7890726568504;25.1765381884909;7.43215086571496;2282.82423863861;2496.30222124777;293.647009060368;0.0099009900990099;21;21
50;28.9000000000233;1.03999999999996;29.9699999999721;NA;NA;-1085.80949228322;-1216.50537419316;4.57851972641275;12.0735759409368;21.4065906331997;8.97098799429957;2268.33382174205;2473.5416137651;261.391763819865;0.0099009900990099;21;21
51;31.929999999993;1.14999999999964;33.2699999999604;NA;NA;-1197.25077210432;-1390.3382973913;5.74345506769073;31.9332622311741;26.1262336684196;5.74884940988129;2516.756124438;2807.57764681814;386.175050573957;0.0099009900990099;29;29
52;40.6600000000326;1.52000000000044;42.2999999999884;NA;NA;-1138.52395888754;-1291.81710705057;4.55769374729748;20.5610213266127;24.7442857817154;6.00846214640244;2388.84243991134;2610.780406978;306.58629632606;0.0099009900990099;21;21
53;44.75;1.69000000000051;46.5299999999697;NA;NA;-1089.71545314343;-1242.32942904069;4.5774748400855;14.1356890635395;25.6642401778582;8.13387725311274;2294.75569515243;2521.2092359758;305.227951794528;0.0099009900990099;20;20
54;43.5100000000093;1.48999999999978;45.1100000000442;NA;NA;-1016.75852952131;-1142.99431259159;4.50922141107661;12.2244782575314;19.6515451267212;7.37972688262497;2120.22633694611;2318.55048151515;252.471566140565;0.0099009900990099;17;17
55;31.2000000000116;1.30999999999949;32.5;NA;NA;-1148.22690891127;-1266.1761233476;4.75262189577934;9.42380986716187;26.1042248952879;13.2027125845044;2415.57990990271;2592.6025533547;235.898428872657;0.0099009900990099;23;23
56;32.1900000000023;1.19999999999982;33.4799999999814;NA;NA;-1172.56118365836;-1288.93311383186;5.33397451972607;10.5120335132776;23.1777395903086;11.8275124684697;2451.38672187734;2632.09252413334;232.743860347003;0.0099009900990099;24;24
57;43.9900000000489;1.57999999999993;45.7799999999697;NA;NA;-1058.75010430106;-1186.08023105503;4.434570849811;11.8379355403108;19.0958373873896;7.2510820681398;2200.56246809263;2403.7009098062;254.66025350795;0.0099009900990099;15;15
58;41.609999999986;1.67000000000007;43.4499999999534;NA;NA;-1055.07968779355;-1216.3145210983;4.64820251129026;20.0244590166839;20.460853349941;4.87079623195601;2201.02435064453;2454.25984960024;322.46966660951;0.0099009900990099;18;18
59;42.2900000000373;1.97000000000025;44.4400000000023;NA;NA;-1028.83023890025;-1178.83833274908;4.62418504506382;20.4268392106897;20.8058992096653;4.90655183413497;2150.05777327983;2379.46626060457;300.016187697668;0.0099009900990099;18;18
60;31.2399999999907;1.05000000000018;32.4400000000023;NA;NA;-1105.99857818975;-1279.70311215216;4.70351651257395;20.9879261541466;25.2418702871576;6.54704743763542;2327.72505311923;2589.42286020306;347.409067924817;0.0099009900990099;24;24
61;40.2000000000116;1.57999999999993;41.9199999999837;NA;NA;-1138.63606558394;-1321.94062304308;4.63830418007169;20.9342663576482;28.208111365211;7.19980928320401;2405.99926577459;2676.73742730092;366.609114918282;0.0099009900990099;23;23
62;44.210000000021;1.69999999999982;46.0799999999581;NA;NA;-1106.42292159591;-1243.66178566143;4.82309842130128;15.949271527901;23.5630989951171;7.27358600124099;2319.30377111291;2520.18558554298;274.477728131026;0.0099009900990099;21;21
63;33.390000000014;1;34.4899999999907;NA;NA;-1088.18324913141;-1234.16754397338;4.67943259388154;17.9447623541634;25.3589093844969;7.64084804568564;2293.64588896491;2503.67233331714;291.968589683931;0.0099009900990099;26;26
64;45.6900000000023;1.84000000000015;47.6900000000023;NA;NA;-1084.85893331422;-1246.08594031528;4.6477977821001;22.7102412115561;23.0285652623994;5.03121052606068;2273.19899088376;2514.7801202525;322.454014002112;0.0099009900990099;20;20
65;30.1199999999953;1.23999999999978;31.460000000021;NA;NA;-988.989455666111;-1141.46764629352;4.48939939202052;21.5871273431934;20.5236788439569;5.12161412140947;2069.67771840914;2305.81841743089;304.956381254812;0.0099009900990099;19;19
66;47.140000000014;1.98000000000047;49.2400000000489;NA;NA;-1118.10789038;-1304.28750403856;4.64623199873364;22.0833019593904;27.9733462241788;6.01975668327721;2364.46683690076;2636.17414284467;372.35922731712;0.0099009900990099;24;24
67;47.0499999999884;1.94999999999982;49.2999999999884;NA;NA;-1213.37439400281;-1396.46815920166;4.72912130402482;22.5576047805228;29.4429721346668;6.32701746215464;2561.7377250435;2821.94416985018;366.187530397691;0.0099009900990099;24;24
68;44.390000000014;1.95000000000073;46.5499999999884;NA;NA;-1123.79012892839;-1272.9458349127;4.65799486902836;17.8148377922872;24.3384536719666;6.6737472294382;2358.10734578485;2576.19884779076;298.311411968632;0.0099009900990099;22;22
69;45.390000000014;1.71999999999935;47.2399999999907;NA;NA;-1157.0770985594;-1317.59055656204;4.76708481022458;22.5261144283374;27.6204760436786;5.80151548475435;2439.58578063026;2661.52726562588;321.026916005285;0.0099009900990099;22;22
70;44.6100000000442;1.90999999999985;46.640000000014;NA;NA;-1087.96987797098;-1252.39644566955;4.5871710176099;24.576223148292;23.9334575656365;4.38492254246349;2284.07096147451;2524.6039428507;328.853135397144;0.0099009900990099;21;21
71;29.7399999999907;1.11999999999989;30.9799999999814;NA;NA;-1175.54899214267;-1341.16009066625;9.69594266769514;61.537026353855;13.6101014211827;2.58226269585773;2413.77481757845;2694.21194051186;331.222197047156;0.0099009900990099;25;25
72;32.7200000000303;1.13999999999942;34.0599999999977;NA;NA;-987.906551061827;-1092.80029929433;4.42010045522129;11.539266765814;17.1633038609049;6.43788664080839;2051.54341618398;2214.00673654113;209.787496465;0.0198019801980198;17;17
73;31.6699999999837;1.09000000000015;32.8000000000466;NA;NA;-1199.49643430241;-1352.11176346488;4.96493236787443;15.4665590937773;30.6430545709258;10.8660794481085;2543.40518479466;2755.43238071331;305.230658324941;0.0099009900990099;31;31
74;43.9400000000023;1.8100000000004;45.9500000000116;NA;NA;-1100.75306175717;-1219.50527181801;5.0050600499678;12.8671620271591;21.9339786614531;8.05253810633056;2299.5060821474;2474.98889546593;237.504420121678;0.0099009900990099;19;19
75;44.570000000007;2;46.6900000000023;NA;NA;-1122.58737691136;-1261.05224131215;4.56533589314361;18.3736681099171;20.8793104907493;5.24169177305108;2337.89806279281;2545.38240676905;276.929728801575;0.0099009900990099;18;18
76;47.1399999999558;2.01000000000022;49.3300000000163;NA;NA;-1153.15352115689;-1330.72335921804;5.67217521998292;25.6339818469681;25.1995582303285;5.18342105107266;2423.78321297843;2685.61096966845;355.1396761223;0.0099009900990099;28;28
77;43.5;1.64000000000033;45.289999999979;NA;NA;-1046.70739530196;-1200.61334474833;4.64005519138635;19.7453596221407;21.5912934223052;5.28136518061787;2190.43739240338;2424.95902367666;307.811898892739;0.0099009900990099;20;20
78;39.5;1.5;41.140000000014;NA;NA;-996.052880129269;-1137.32151465908;4.45162133159979;12.2978545035894;18.8566923655544;6.48933616819299;2075.30787836793;2303.27618002406;282.537269059628;0.0099009900990099;17;17
79;40.5300000000279;1.35999999999967;41.9500000000116;NA;NA;-1172.22084041013;-1331.34117681518;4.65106133567514;17.9038563736141;26.2533086854125;7.68714079804843;2464.24811370278;2697.76246216507;318.240672810091;0.0099009900990099;23;23
80;46.2799999999697;1.6899999999996;48.1699999999837;NA;NA;-1148.1311247594;-1299.52902732096;4.73797203086843;20.7332133272154;25.2366682820849;5.93452100495509;2410.28135258751;2625.87018192291;302.795805123117;0.0099009900990099;21;21
81;41.0800000000163;1.64000000000033;42.7399999999907;NA;NA;-1102.13787150706;-1213.47549487759;4.52989788595422;13.1008014159003;21.9295624105018;7.53176232997446;2301.66313479935;2460.39892980669;222.675246741058;0.0099009900990099;18;18
82;45.1699999999837;1.73999999999978;47.140000000014;NA;NA;-1098.90209019081;-1260.61029303197;4.57783173835689;18.4698985331246;27.8414351126614;6.80036104479116;2323.59160304013;2551.94457301038;323.416405682323;0.0099009900990099;21;21
83;46.5499999999884;1.65000000000055;48.2799999999697;NA;NA;-1157.8282268112;-1295.91246073643;6.23442584952624;22.5993212721817;19.157271436977;5.07702265089299;2403.0802668312;2614.99380965972;276.16846785046;0.0099009900990099;23;23
84;30.1000000000349;0.969999999999345;31.140000000014;NA;NA;-1061.07779333385;-1224.56305090405;4.67041327232782;28.6514309176593;21.1046651363477;4.36363137203021;2217.50632641334;2468.84095995024;326.970515140398;0.0099009900990099;21;21
85;45.2400000000489;2.09000000000015;47.4500000000116;NA;NA;-1162.92793259009;-1316.55039405297;4.75950695142852;23.3255175138124;25.3070142075711;5.41178895998894;2440.19279068246;2657.55121540949;307.244922925753;0.0099009900990099;21;21
86;44.4400000000023;1.72000000000025;46.2200000000303;NA;NA;-1160.76038955581;-1333.52877624568;4.68277123824843;19.8630416966235;28.8896413426891;6.84591548941205;2453.97282771656;2698.44442643671;345.536773379754;0.0099009900990099;24;24
87;47.3499999999767;1.53999999999996;48.9699999999721;NA;NA;-1121.50436341306;-1277.52355583408;4.62019368873248;16.0433418270162;27.6354477575308;8.02899484125399;2369.12252286665;2591.68726408055;312.038384842046;0.0099009900990099;23;23
88;42.8500000000349;1.65999999999985;44.6999999999534;NA;NA;-1031.23951181949;-1190.07956437504;4.43239594402717;20.393020053414;22.6973055905012;5.45248956077294;2162.62722905573;2404.21736078946;317.680105111096;0.0099009900990099;17;17
89;31.539999999979;1.17000000000007;32.8699999999953;NA;NA;-1143.61294132589;-1291.72710023133;4.75718311210707;16.1842577553234;29.4504265576166;9.60744695128839;2425.03562522975;2628.41109738903;296.228317810881;0.0099009900990099;29;29
90;43.3300000000163;1.77999999999975;45.3500000000349;NA;NA;-1086.69057574584;-1218.23527942729;4.70046508208943;13.6242613428815;23.4173277385842;8.05757675618487;2279.18048582437;2472.87463820367;263.0894073629;0.0099009900990099;21;21
91;30.75;1.30000000000018;32.1600000000326;NA;NA;-1102.09047918359;-1272.82473336247;4.70227281172399;21.0536712858192;26.6712499101662;6.83897834929107;2328.03292685726;2577.40729336874;341.468508357756;0.0099009900990099;27;27
92;44.4400000000023;1.48000000000047;46.109999999986;NA;NA;-1079.13481152514;-1247.61776231637;4.70063882177477;26.3182000137753;20.959107516817;3.78449705453435;2251.91390443383;2512.14447492013;336.965901582447;0.0099009900990099;19;19
93;47.5499999999884;1.82999999999993;49.4899999999907;NA;NA;-1217.76337116783;-1380.76368479669;5.37455051264573;20.6246313660781;26.5566670625197;6.9798523753453;2557.28266567253;2793.5283119072;326.000627257716;0.0099009900990099;24;24
94;44.6800000000512;1.67000000000007;46.4699999999721;NA;NA;-1071.79961871557;-1214.01393730785;4.60563911551166;18.6509730664667;22.5951710322821;5.68086063926853;2245.68407311501;2453.69396601523;284.428637184556;0.0099009900990099;21;21
95;45.820000000007;1.73999999999978;47.6699999999837;NA;NA;-1163.44141285223;-1331.94069386361;4.70494784613378;20.9917430992495;28.1874745006001;6.41838830511446;2455.51578440502;2693.17157042019;336.99856202277;0.0099009900990099;23;23
96;46.4499999999534;1.89000000000033;48.5;NA;NA;-1167.81298414024;-1327.16522603676;6.03709078544871;20.9940677975833;22.4003940255237;6.25526887934424;2437.3518360555;2682.73721376675;318.704483793037;0.0099009900990099;22;22
97;44.2399999999907;1.69999999999982;46.1900000000023;NA;NA;-1064.22302774232;-1214.30847517624;4.5957266598964;18.859957277599;23.7064381565677;5.84934306933823;2235.55158880437;2455.04424427466;300.17089486784;0.0099009900990099;21;21
98;42.25;1.85999999999967;44.3099999999977;NA;NA;-1033.18681956994;-1171.75319181728;4.49944224948539;21.8186921135653;18.7374373511792;4.13461313461222;2148.48158867828;2361.6243685145;277.132744494673;0.0099009900990099;16;16
99;45.890000000014;1.72000000000025;47.8099999999977;NA;NA;-1118.76581443943;-1262.99280318614;4.5557861531624;13.3034784716634;26.0521305938129;8.66354689819578;2355.84095812655;2565.32896904815;288.453977493419;0.0099009900990099;22;22
100;42.2000000000116;1.61999999999989;44.0800000000163;NA;NA;-1140.30206420065;-1314.75258383497;4.81497438856791;21.985579519973;25.8317912415401;6.27621282218721;2398.48697511975;2658.14653547801;348.901039268645;0.0099009900990099;23;23
101;45.6000000000349;1.75;47.4500000000116;NA;NA;-1124.79664554613;-1291.41133755819;4.61322586969787;21.809364572935;25.326744281488;5.37744080026391;2363.40150893441;2606.98673454809;333.229384024111;0.0099009900990099;20;20
102;44.3300000000163;1.35000000000036;45.7700000000186;NA;NA;-1148.47593737355;-1296.1830589542;4.82755291318356;19.2206101021076;25.0061202756534;6.62625960457064;2411.06678903681;2622.60491699045;295.414243161305;0.0099009900990099;23;23
103;31.8099999999977;1.35999999999967;33.2900000000373;NA;NA;-1083.67898288146;-1242.54701337596;4.69393272060238;20.8181075013005;25.1606372516102;6.42809448634566;2283.72039136269;2514.82255305815;317.736060989013;0.0099009900990099;26;26
104;46.3300000000163;1.75;48.2399999999907;NA;NA;-1120.66046818723;-1278.90293571585;4.77935688042854;18.302473135661;25.4704773096618;6.78696445881804;2356.39638710823;2588.46933268991;316.484935057248;0.0099009900990099;21;21
105;45.5599999999977;1.98999999999978;47.75;NA;NA;-1128.70924233983;-1263.26513080273;4.64476129268223;16.8642080853343;23.9000801576146;6.87212566079248;2364.8158468827;2557.4108345504;269.111776925808;0.0099009900990099;20;20
106;31.6199999999953;1.05000000000018;32.6900000000023;NA;NA;-1106.33939864599;-1240.62353304606;4.73612341676241;14.8951856772028;21.8488428650063;7.40133229125884;2312.38554121648;2515.02289339904;268.568268800127;0.0099009900990099;23;23
107;43.5599999999977;1.56999999999971;45.359999999986;NA;NA;-1014.65234523961;-1156.37774489012;4.51713110005896;18.4283436473985;19.4587571019438;4.80146488462747;2115.16332227275;2333.94118028652;283.450799301014;0.0099009900990099;17;17
108;43.9099999999744;1.55000000000018;45.6700000000419;NA;NA;-1144.59654108089;-1316.1758234005;4.74861628218156;21.0349068798318;26.3096070831913;5.77099148890751;2409.25643162178;2658.68744747154;343.158564639211;0.0099009900990099;23;23
109;40.1900000000023;1.65999999999985;41.9500000000116;NA;NA;-1121.19363593089;-1256.64997212402;4.58016625229407;12.8345020063628;24.6598269203334;8.96911638846916;2353.19863091003;2553.60355139333;270.912672386251;0.0099009900990099;20;20
110;44.3099999999977;1.78999999999996;46.2200000000303;NA;NA;-1188.01004699663;-1367.83401540008;6.39562589473949;32.2545076389014;21.3849319553621;4.37008931563527;2474.50134506347;2755.79303582662;359.6479368069;0.0099009900990099;25;25
111;47.0599999999977;1.88000000000011;49.0599999999977;NA;NA;-1183.41659052144;-1357.42665249926;4.77346211340187;18.2657277445392;29.8931898250845;7.75298944090265;2503.88625777384;2750.39889457782;348.020123955638;0.0099009900990099;24;24
112;47.2799999999697;1.77999999999975;49.2199999999721;NA;NA;-1195.9025584503;-1383.50245341863;4.7410335655622;19.9494407892602;29.2212487240991;7.01276436182657;2525.77750549452;2799.15674268353;375.199789936667;0.0099009900990099;24;24
113;45.4699999999721;1.91000000000076;47.4500000000116;NA;NA;-1101.68166061784;-1230.33848598675;4.51792290208511;13.4969741909022;23.0203212021088;7.70986167580391;2306.80739999478;2495.32199414377;257.313650737833;0.0099009900990099;20;20
114;30.3099999999977;1.17000000000007;31.5799999999581;NA;NA;-1126.10797778303;-1294.20760735148;4.7437221930814;23.0917256266347;26.4858798063835;6.34021255731798;2374.70733714733;2617.73730637378;336.199259136908;0.0099009900990099;26;26
115;34.6100000000442;1.46999999999935;36.109999999986;NA;NA;-1098.21586557313;-1230.41415411025;4.66678237689345;13.0632691311612;22.8905654413687;9.11621245475199;2301.37946138875;2502.62394703881;264.396577074239;0.0099009900990099;24;24
116;43.7800000000279;1.4399999999996;45.3699999999953;NA;NA;-1160.28420623545;-1318.84639144861;4.7201996063873;18.1147917014123;26.9967659106936;7.60760361214125;2443.76759707204;2672.409925124;317.124370426318;0.0099009900990099;23;23
117;46.5599999999977;1.77000000000044;48.4199999999837;NA;NA;-1138.46523789517;-1298.60181371062;4.61568212565498;15.5885126489401;27.9640638284221;8.31162771738149;2404.54390449482;2635.13356913638;320.273151630905;0.0099009900990099;23;23
118;33.9200000000419;1.35000000000036;35.3399999999674;NA;NA;-1200.17736227803;-1353.64094696517;4.7093985434972;17.650405330511;29.2140943216179;9.3942220737297;2536.01477429404;2750.90537990055;306.927169374268;0.0099009900990099;27;27
119;45.609999999986;1.88000000000011;47.6599999999744;NA;NA;-1217.38540199082;-1381.09783628662;4.81906827443251;17.132853728345;28.3050389635456;8.18474789690148;2565.67539743678;2800.04833539263;327.424868591605;0.0099009900990099;26;26
120;44.3400000000256;2.0600000000004;46.5899999999674;NA;NA;-1097.18511728395;-1227.31745880696;4.64805009776334;18.6498895622553;21.842455826607;5.50951363454857;2291.37079314351;2479.10221672505;260.264683046019;0.0099009900990099;18;18
121;33.320000000007;1.39999999999964;34.7600000000093;NA;NA;-1237.66770201242;-1423.91230198871;5.07524788564096;17.5204902639026;33.4146613979427;10.479872264528;2633.33997942791;2897.37973032496;372.489199952578;0.0099009900990099;32;32
122;45.3699999999953;1.6899999999996;47.109999999986;NA;NA;-1116.18740892345;-1263.45364321945;4.73849832226844;20.1887558107873;23.1239353792053;5.40621738980087;2336.84860740919;2551.33254142461;294.532468591999;0.0099009900990099;21;21
123;28.9099999999744;1.13000000000011;30.2199999999721;NA;NA;-1092.54052180111;-1240.18221777294;5.74778828323493;29.2808440403472;19.2314071787396;4.42598202987739;2273.64494657635;2500.74683603359;295.283391943665;0.0099009900990099;25;25
124;46.7299999999814;1.43000000000029;48.390000000014;NA;NA;-1118.26588944168;-1267.73680200795;4.66966953211314;14.3264124181888;27.9601599143614;9.26851751934575;2364.72237896903;2577.9675248786;298.94182513253;0.0099009900990099;24;24
125;31.7399999999907;1.23999999999978;33.0800000000163;NA;NA;-1153.152759892;-1299.04989569962;5.25301768647821;15.3570323877652;24.262009014706;9.1235869729626;2418.03620035071;2640.11546211639;291.794271615227;0.0099009900990099;25;25
126;42.640000000014;1.51000000000022;44.3800000000047;NA;NA;-990.521325215635;-1127.98378808878;4.60484246421133;17.959451069602;20.1118316660602;5.34920383212737;2069.78286855842;2279.57007657391;274.924925746288;0.0099009900990099;17;17
127;44.289999999979;1.78999999999996;46.3800000000047;NA;NA;-1145.55167039643;-1314.42375522606;4.77458025257884;22.0903382219822;27.3571693894424;6.08066209568527;2415.33918203914;2656.46133847789;337.744169659265;0.0099009900990099;22;22
128;32.6900000000023;1.27999999999975;34.0599999999977;NA;NA;-1121.39069931777;-1269.32979398401;5.03249499394212;16.1976753367748;25.2433787769367;8.64534758445695;2359.52648563171;2578.64242326033;295.878189332479;0.0099009900990099;26;26
129;40.6600000000326;1.5;42.320000000007;NA;NA;-1118.96696619376;-1255.16547056348;4.9064517700224;11.7955684347177;23.2947303655685;9.58460177139064;2344.23895410882;2554.07007369078;272.397008739459;0.0099009900990099;23;23
130;42.4200000000419;1.53000000000065;44.0800000000163;NA;NA;-1074.8295373482;-1198.35152560746;4.52389355002834;14.0648147917957;21.5988516156061;7.21337780411837;2245.57780690934;2428.73707164608;247.043976518517;0.0099009900990099;18;18
131;40.6900000000023;1.30000000000018;42.1199999999953;NA;NA;-1076.7013852184;-1177.92043146485;4.68599079336628;10.1274866050879;17.8114826840645;8.3426251691945;2231.45316196141;2392.39846862421;202.438092492895;0.0099009900990099;16;16
132;43.2700000000186;1.85000000000036;45.2000000000116;NA;NA;-1075.63087227083;-1201.27616681647;4.51455419157623;15.6420945255875;21.0221509992546;6.50120607327761;2244.01860011557;2431.23785838333;251.290589091298;0.0099009900990099;17;17
133;46;1.81999999999971;47.9700000000303;NA;NA;-1183.50920253957;-1333.88618925418;4.64094452431339;19.8232173110442;26.6994597863878;6.19953122650707;2488.860839312;2696.0638114356;300.753973429228;0.0099009900990099;23;23
134;46.109999999986;1.65999999999985;47.9099999999744;NA;NA;-1090.08091929796;-1234.85210635294;4.59194430544542;15.2158398072476;27.8391806721555;8.1742343019473;2307.20536559168;2507.00716240252;289.542374109952;0.0099009900990099;23;23
135;45.0800000000163;1.52000000000044;46.7799999999697;NA;NA;-1113.1231566523;-1236.44267485072;4.68186430992548;13.0367338873422;24.1627030277071;8.74209452486755;2335.41324834295;2512.38207587486;246.639036396835;0.0099009900990099;21;21
136;43.1700000000419;1.89000000000033;45.1900000000023;NA;NA;-1071.02489690365;-1222.7252159504;4.53260531235611;19.6079347541017;23.2236149232968;5.36182489172209;2246.40739290877;2469.54431971071;303.400638093492;0.0099009900990099;20;20
137;28.8400000000256;1.06999999999971;30.0299999999697;NA;NA;-1070.93178366679;-1245.03286951056;4.63489184502646;30.881722064802;24.279988770592;4.54839766197214;2253.67704773604;2511.01188432806;348.202171687543;0.0099009900990099;25;25
138;28.7600000000093;1.05000000000018;29.8499999999767;NA;NA;-980.927989979403;-1102.60121678744;4.49258017949571;11.7078448023921;17.7034629145331;6.83655607524807;2040.4756097781;2235.56301955006;243.346453616083;0.0099009900990099;18;18
139;47.0900000000256;2.05000000000018;49.2799999999697;NA;NA;-1073.67398207954;-1231.23964381654;4.60787105845604;17.8439811361397;25.2707893938417;6.35452647139032;2261.52122618866;2491.1889968782;315.131323474001;0.0099009900990099;21;21
140;29.8800000000047;1.14999999999964;31.1699999999837;NA;NA;-1043.69717436283;-1216.3057753332;4.63657497972965;24.8941647204849;23.1255005574535;5.14383815633784;2193.8912144289;2456.29980078551;345.21720194073;0.0099009900990099;25;25
141;45.109999999986;1.35000000000036;46.679999999993;NA;NA;-1088.48299517935;-1235.05263319148;4.72821998860423;21.5641130471999;21.3396672043035;4.68831672160984;2271.73370581465;2490.92569721663;293.139276024247;0.0099009900990099;18;18
142;33.5300000000279;1.11999999999989;34.7199999999721;NA;NA;-1114.80668174569;-1301.93127619255;4.79027672734755;28.7193956540753;26.7097926708465;5.48355798696315;2352.61650437309;2629.11527013979;374.249188893703;0.0099009900990099;25;25
143;41.8800000000047;1.51000000000022;43.4199999999837;NA;NA;-1048.60856730623;-1198.02904712243;4.68741349200594;21.7910326737377;21.0576472618186;5.60785072884985;2191.30168682343;2421.11370079624;298.840959632395;0.0099009900990099;19;19
144;47.8600000000442;1.73999999999978;49.6999999999534;NA;NA;-1193.51615495674;-1394.25136770065;4.73547560286096;22.6742978419555;30.9528648901932;6.36916824429549;2530.76660283077;2818.0789280191;401.470425487818;0.0099009900990099;27;27
145;46.2599999999511;1.96000000000004;48.3699999999953;NA;NA;-1170.71982117511;-1333.89575362178;4.7837484366071;16.2011706465982;30.4877968512562;9.49700482022478;2484.10363492843;2712.23160344985;326.35186489334;0.0099009900990099;29;29
146;46.4199999999837;1.72999999999956;48.2599999999511;NA;NA;-1099.33210406796;-1228.79611454968;4.61705124573119;16.3261845688097;23.1344236973513;6.62477818611229;2302.02769728366;2487.1914184764;258.928020963448;0.0099009900990099;19;19
147;33.7999999999884;1.10999999999967;35.0799999999581;NA;NA;-1190.69687286784;-1389.56124982808;4.89969701617326;23.8465597853502;31.477592483853;7.57760734024464;2530.72300550162;2815.07056320314;397.728753920467;0.0099009900990099;33;33
148;30.140000000014;1.22000000000025;31.4500000000116;NA;NA;-1053.33182047761;-1194.09353538628;4.68912660324334;25.3226851883231;19.2477844484306;4.38433774441355;2192.1414763077;2407.65755584842;281.523429817342;0.0099009900990099;18;18
149;42.7200000000303;1.71999999999935;44.6199999999953;NA;NA;-1060.64344366395;-1171.21567646781;4.52508292108459;9.46305772693195;21.342633583336;9.7137134636842;2216.64474467655;2385.83175613231;221.144465607734;0.0099009900990099;19;19
150;33.4700000000303;1.23000000000047;34.8800000000047;NA;NA;-1122.07216844164;-1280.41631156299;4.64965484981312;20.5622304214404;25.6474754390479;6.9726301315545;2360.616024493;2592.49710411673;316.688286242694;0.0099009900990099;22;22
151;46.8300000000163;1.40999999999985;48.4800000000396;NA;NA;-1140.87384081249;-1319.03504310002;4.72346519358862;25.2146967107139;28.0798400479081;5.48648788176286;2410.48698630264;2663.2243119298;356.322404575058;0.0099009900990099;24;24
152;45.5599999999977;1.69000000000051;47.3399999999674;NA;NA;-1097.85559484793;-1243.82034857542;5.11514462049942;14.4903836996893;23.9129964311639;7.88040127660673;2305.34651981366;2523.77043931462;291.929507454966;0.0099009900990099;24;24
153;46.7800000000279;1.52999999999975;48.5799999999581;NA;NA;-1134.80545792827;-1267.20630711994;5.06692139223263;13.0274505196757;25.063077891455;9.40688617717242;2385.03065493138;2577.73292600599;264.80169838334;0.0099009900990099;25;25
154;39.0900000000256;1.51000000000022;40.7700000000186;NA;NA;-1038.82158914326;-1152.77103293531;4.55779952432898;13.3044707808476;20.3986803473559;7.27194321898751;2168.23204812817;2337.83617051579;227.898887584113;0.0099009900990099;18;18
155;44.1500000000233;1.60999999999967;45.9700000000303;NA;NA;-1020.37539967777;-1149.20694522429;4.52629566719347;14.2789460979466;20.4198245964738;6.37977282315532;2130.84998668452;2326.56361054016;257.663091093043;0.0099009900990099;17;17
156;33.1900000000023;1.1899999999996;34.5999999999767;NA;NA;-1163.79764166151;-1359.79819182725;4.69893720927354;19.061664649236;29.5687342641596;8.24982575280414;2464.90215708076;2757.90569284047;392.001100331476;0.0099009900990099;27;27
157;29.8800000000047;1.11000000000058;31.0800000000163;NA;NA;-1084.50642955579;-1203.08827714743;4.69065925024552;11.5101665598284;23.2965771603919;10.5342505901596;2275.82205531359;2454.47355648446;237.163695183282;0.0099009900990099;24;24
158;43.2599999999511;1.71999999999935;45.0599999999977;NA;NA;-1098.20993416392;-1256.4042237778;4.6688927474675;21.1121217808842;24.3663594764221;5.48705085225171;2307.07368358807;2537.72653644435;316.38857922777;0.0099009900990099;22;22
159;31.320000000007;1.27000000000044;32.6999999999534;NA;NA;-1068.56508649661;-1200.48580907596;4.76015636446611;13.3565571334596;22.5867975401822;8.80844680499842;2239.70254638163;2440.97300803674;263.841445158705;0.0099009900990099;22;22
160;40.7999999999884;1.26000000000022;42.210000000021;NA;NA;-1117.20972233588;-1312.16825543928;6.46123505389584;49.1682166729655;21.4253835296714;3.15659947363494;2333.50714153677;2638.93509070489;389.917066206803;0.0099009900990099;26;26
161;45.390000000014;1.86000000000058;47.4100000000326;NA;NA;-1073.09178758654;-1224.92384486804;4.56845033513963;14.7395178030433;24.7404238540975;7.8181496586518;2257.35710447477;2484.97931461394;303.664114563006;0.0099009900990099;20;20
162;45.5499999999884;1.72999999999956;47.3800000000047;NA;NA;-1106.61061301703;-1273.95312138148;5.35168853160361;24.5384899272531;22.9370108198963;5.17920280651567;2317.38400670479;2571.42631563646;334.685016728901;0.0099009900990099;22;22
163;42.25;1.3100000000004;43.6900000000023;NA;NA;-1006.27029135659;-1127.17822978503;4.38824735238873;12.2293947721823;19.4612772557603;6.89228640260758;2097.19241696593;2284.33623317424;241.81587685687;0.0099009900990099;15;15
164;39.8099999999977;1.59999999999945;41.5800000000163;NA;NA;-1026.4710331972;-1153.22127248296;4.44350178339447;19.6431249541055;17.1286205931934;4.29262324729728;2127.44741012789;2325.11441459011;253.500478571526;0.0099009900990099;15;15
165;46.7400000000489;1.78999999999996;48.7700000000186;NA;NA;-1084.07354471986;-1250.56256250256;4.67474012622326;15.2005682641515;26.0060267824892;7.94535220908024;2285.64214920659;2537.02217458069;332.978035565397;0.0099009900990099;21;21
166;46.4199999999837;1.75;48.4200000000419;NA;NA;-1169.15162137326;-1341.52531957366;4.64177902993471;21.7175302149542;26.5951490421432;5.99360918805828;2459.07855642338;2710.26913785162;344.7473964008;0.0099009900990099;22;22
167;46.710000000021;1.63000000000011;48.570000000007;NA;NA;-1170.36366255472;-1365.10240903095;4.88000704615712;26.8069479764441;27.8875428123606;5.21638124596491;2468.58499326945;2754.12066991125;389.477492952463;0.0099009900990099;24;24
168;43.0800000000163;1.82999999999993;45;NA;NA;-1128.69236572757;-1266.94368678307;4.59352259939052;17.4905084120265;22.1552665344979;5.7483994976088;2356.94160193502;2559.71837241055;276.502642111005;0.0099009900990099;20;20
169;46.7000000000116;1.52999999999975;48.3499999999767;NA;NA;-1133.11223560846;-1300.45891463903;4.72498888966866;23.1685989934551;26.0087076884255;5.49933352161567;2383.73164329937;2625.76378234134;334.693358061139;0.0099009900990099;21;21
170;41.929999999993;1.82000000000062;43.8299999999581;NA;NA;-1023.56895672101;-1146.61129818851;4.41097088820991;13.1170580083411;18.5147306014566;6.00148555277164;2127.67249940528;2319.32760241578;246.084682935004;0.0099009900990099;15;15
171;45.1900000000023;1.75999999999931;47.0499999999884;NA;NA;-1129.93553844869;-1270.7091161742;5.08457366826005;14.1814885413402;22.6717127822921;7.87105225369311;2361.74864941536;2576.78758024324;281.547155451036;0.0099009900990099;20;20
172;44.8300000000163;1.82999999999993;46.75;NA;NA;-1153.22617406975;-1307.5910370039;4.60082801600827;17.7563794850777;27.1332282270487;7.45828067418294;2430.27427570768;2649.21778408601;308.729725868287;0.0099009900990099;23;23
173;42.2999999999884;1.64000000000033;44.0999999999767;NA;NA;-1052.3832162766;-1195.14391107105;4.61258757573218;24.2704458247693;20.3642848164152;4.05937807220475;2195.75307480373;2408.42492755705;285.52138958891;0.0198019801980198;19;19
174;46.8000000000466;1.63000000000011;48.6599999999744;NA;NA;-1192.79926504969;-1348.34924009549;4.88886510915826;15.818471567316;28.2427428380938;8.73319994378029;2515.66116738789;2736.91635220036;311.099950091615;0.0099009900990099;25;25
175;40.5400000000373;1.85000000000036;42.4699999999721;NA;NA;-1091.02875824863;-1251.35184293499;4.60363249332462;21.4919350084319;23.3259604387573;5.16253906994256;2287.98661598606;2526.14808449145;320.646169372728;0.0099009900990099;22;22
176;39.5299999999697;1.60999999999967;41.3800000000047;NA;NA;-1138.56537295704;-1289.56682020118;4.70616248399646;18.0910974039468;26.1255532808575;7.82675989248671;2396.35416964203;2614.85089779582;302.002894488281;0.0099009900990099;23;23
177;43.1600000000326;1.70000000000073;44.929999999993;NA;NA;-1082.52857881968;-1223.58370631558;4.59462826776106;14.1144258343033;22.5584370026735;8.09117658776064;2266.42571429412;2483.52591088363;282.110254991809;0.0099009900990099;20;20
178;45.7999999999884;1.65999999999985;47.5999999999767;NA;NA;-1209.42545608364;-1373.54186218382;4.83452839786901;15.6357560241629;31.0904636028451;9.59472392408825;2563.2241654438;2791.63827089694;328.232812200345;0.0099009900990099;27;27
179;32.5599999999977;1.22999999999956;33.8999999999651;NA;NA;-1203.1164444691;-1371.64957259148;4.81217083279785;21.231168324756;28.9799783069961;7.56567745017704;2541.84122529249;2778.70182635625;337.066256244755;0.0099009900990099;29;29
180;44.5100000000093;1.65999999999985;46.3299999999581;NA;NA;-1132.2029567154;-1274.36101394101;4.67450697198904;22.1697147312811;22.846366736351;4.86836327626934;2365.86475818898;2570.34203072857;284.31611445121;0.0099009900990099;18;18
181;44.289999999979;1.6200000000008;46.1300000000047;NA;NA;-1087.3111101165;-1216.52650030322;4.73215471698659;16.449477187863;21.9914327973039;6.29841251282557;2272.87888117363;2461.19400389808;258.430780373435;0.0099009900990099;19;19
182;43.710000000021;1.75;45.6699999999837;NA;NA;-1141.59103735675;-1297.55157859806;4.7327270496921;18.4400544419147;25.5016246137577;6.60733551492041;2400.10088248892;2625.39619941117;311.921082482626;0.0099009900990099;24;24
183;45;1.57999999999993;46.8099999999977;NA;NA;-1073.97799378217;-1224.57639599534;4.58977868617513;18.8907680837808;23.5089359123474;5.80743106890836;2253.59570460865;2475.24905501003;301.196804426325;0.0099009900990099;20;20
184;44.859999999986;1.97000000000025;46.9599999999627;NA;NA;-1089.49851726332;-1252.85299175207;4.5476582398735;24.1444624974855;23.4716822803626;4.51057733056142;2284.46934870946;2525.97470662642;326.708948977507;0.0099009900990099;20;20
185;46.390000000014;1.57999999999993;48.070000000007;NA;NA;-1159.05027128913;-1295.88660450482;4.573758107023;15.5963214108982;26.0508224246388;7.64101819219961;2435.79798876485;2626.29527947743;273.672666431391;0.0099009900990099;21;21
186;44.2900000000373;1.5600000000004;45.9199999999837;NA;NA;-1043.45179749353;-1169.59850693471;4.56344503229794;11.456174178366;20.7906814798263;8.13552811068542;2179.23330977372;2375.32622833635;252.293418882348;0.0099009900990099;18;18
187;45.8699999999953;1.52999999999975;47.4800000000396;NA;NA;-1081.74469205604;-1247.23917416663;4.65494552479575;23.4591527635557;23.2589211618804;4.65179920148533;2268.00563527112;2515.38166583023;330.988964221177;0.0099009900990099;20;20
188;41.3800000000047;1.63999999999942;43.1699999999837;NA;NA;-1062.99743091655;-1188.02229345401;4.57935437696983;17.2081367372519;20.5730643687488;5.23133193932967;2216.7701949773;2399.12699656119;250.049725074918;0.0099009900990099;17;17
189;44.9199999999837;1.5600000000004;46.6100000000442;NA;NA;-1143.51691771003;-1303.90074122183;5.23366776592389;20.7618727354173;23.2504396636448;6.10346224987868;2393.63150230993;2635.78438707684;320.767647023585;0.0099009900990099;24;24
190;28.0699999999488;1.05000000000018;29.289999999979;NA;NA;-973.439136544772;-1103.22088140295;4.51149548207469;14.2882876679599;17.8632751947848;6.34087785691567;2026.69052499149;2234.77249920655;259.563489716361;0.0099009900990099;19;19
191;31.7999999999884;0.989999999999782;32.890000000014;NA;NA;-1126.70896606971;-1328.74787843559;4.74045846706099;22.5093183721589;27.4212585335724;7.03245556490656;2381.25130199004;2690.2799010448;404.077824731757;0.0099009900990099;28;28
192;32.25;1.15999999999985;33.5;NA;NA;-1189.11303777028;-1303.54337817336;6.27540020103441;11.7084378161184;22.6865707214472;11.7379344919956;2484.38516512057;2662.01301446304;228.860680806175;0.0099009900990099;29;29
193;45.679999999993;1.47999999999956;47.3699999999953;NA;NA;-1215.05646001222;-1433.22628182994;5.42971662346938;41.8879449327422;29.2178264829051;4.36814259516507;2566.32159237431;2886.81612163605;436.339643635436;0.0099009900990099;28;28
194;45.0499999999884;1.73000000000047;46.9099999999744;NA;NA;-1073.38932305417;-1242.47694988855;4.59885335158328;26.4431668150904;23.4786582928341;4.25186473560415;2252.85507148601;2504.16379698319;338.175253668758;0.0099009900990099;21;21
195;34.820000000007;1.56999999999971;36.4699999999721;NA;NA;-1153.53496382995;-1293.1729941173;4.70674751612741;17.5243636710878;24.6175960291476;7.42328771850001;2418.86467179459;2620.05701956947;279.276060574698;0.0099009900990099;22;22
196;46.8899999999558;1.8100000000004;48.859999999986;NA;NA;-1111.5441931704;-1288.35158080881;4.67559164869283;21.2659310336113;27.347339264975;6.07228689426304;2347.27958649993;2604.27895573061;353.61477527682;0.0099009900990099;22;22
197;44.8899999999558;2.13999999999942;47.4100000000326;NA;NA;-1086.21599558123;-1260.70060047168;4.52857605572419;16.3179329804888;25.9892645408132;7.20026119633277;2289.21730898873;2553.75628320918;348.969209780903;0.0099009900990099;20;20
198;39.9799999999814;1.84000000000015;41.9700000000303;NA;NA;-1034.73181000441;-1150.81422299371;4.46091615565026;11.2189761331663;19.1972959983391;7.45986985594417;2154.16859679216;2334.54392028178;232.164825978601;0.0099009900990099;17;17
199;44.2799999999697;1.68000000000029;46.1100000000442;NA;NA;-1148.16602610766;-1302.06341768892;4.62926456216736;20.9385788302616;25.6796301285064;5.8149434916958;2412.94976242109;2630.53396786316;307.794783162519;0.0099009900990099;22;22
200;31.609999999986;1.14000000000033;32.9899999999907;NA;NA;-1162.22598474278;-1268.50714113358;5.39398217826127;9.15607428476818;24.830353157433;14.3245911391615;2439.75545646911;2603.53268003166;212.562312781602;0.0099009900990099;27;27
201;42.8399999999674;1.92000000000007;44.9099999999744;NA;NA;-1062.54767786996;-1198.63365920565;4.52951675335921;12.9297192170553;22.1212009762413;7.62435015060864;2223.93181464442;2431.33254710948;272.17196267138;0.0099009900990099;19;19
202;45.8600000000442;1.40999999999985;47.5199999999604;NA;NA;-1171.80251078814;-1332.88640942761;4.95327486204963;15.3554769891604;29.2219748657104;9.51776605556983;2478.75024235053;2709.79039811771;322.167797278949;0.0099009900990099;26;26
203;29.1900000000023;1.22000000000025;30.5599999999977;NA;NA;-1007.26473338998;-1151.21787483041;4.56482551979074;22.8777950170996;20.6358382903335;4.84479826417656;2107.76204988622;2324.32451669045;287.906282880875;0.0099009900990099;21;21
204;43.0300000000279;1.92000000000007;45.2000000000116;NA;NA;-1159.15599402733;-1314.96617182339;4.96392864464811;21.439230827297;22.0878205948365;5.45189822014251;2417.56578356729;2654.43098482209;311.620355592113;0.0099009900990099;20;20
205;41.6500000000233;1.52999999999975;43.3400000000256;NA;NA;-1077.43751118857;-1212.35600217624;4.50328661993522;14.8017166560872;22.7255733716179;6.69024622398876;2256.99462275371;2454.77528414931;269.836981975327;0.0099009900990099;20;20
206;41.7600000000093;1.35000000000036;43.320000000007;NA;NA;-1081.75410050267;-1230.05684271854;4.5963491221257;18.6904182118629;21.2770043613132;5.2379150621895;2258.57283015575;2483.51643727436;296.605484431747;0.0099009900990099;19;19
207;46.6999999999534;1.55999999999949;48.4400000000023;NA;NA;-1165.09108131569;-1330.50248830566;6.19979758574042;28.1623818375516;20.5680004619767;4.39222207361705;2423.1082548706;2680.84900735717;330.822813979937;0.0099009900990099;21;21
208;38.390000000014;1.72000000000025;40.2699999999604;NA;NA;-1082.99814347268;-1204.37271902482;4.62836562176251;11.8541126440665;23.1156991146898;9.17559720446563;2270.97053646028;2450.41415097115;242.74915110428;0.0099009900990099;22;22
209;29.7200000000303;0.970000000000255;30.7999999999884;NA;NA;-1105.8249165176;-1231.60594551716;4.72307764913362;15.5788503001707;24.2777398407868;8.74672912884788;2322.95742385178;2503.31353777911;251.56205799912;0.0099009900990099;24;24
210;29.7200000000303;1.23999999999978;31.0899999999674;NA;NA;-1104.44156094656;-1251.38000530819;4.65879275496623;15.9629864195696;25.3027154998955;8.17465081566002;2325.40643293777;2540.40566883351;293.876888723261;0.0099009900990099;25;25
211;39.6000000000349;1.85000000000036;41.609999999986;NA;NA;-1037.51404125364;-1184.08696977638;4.66407931633018;24.508349296001;18.0816497459682;3.67800955234607;2154.81044988179;2384.4025643428;293.145857045487;0.0099009900990099;17;17
212;34.2800000000279;1.48999999999978;35.8099999999977;NA;NA;-1035.25206556306;-1154.35685373517;4.41977188365265;12.9789913001639;19.6874499427289;7.21529009398252;2156.77506114397;2340.33130083908;238.209576344227;0.0099009900990099;16;16
213;39.2000000000116;1.59000000000015;40.8800000000047;NA;NA;-1079.42425482595;-1239.97864916167;4.83609988407102;24.696347889728;23.0451437877607;5.14864220580496;2264.50494438839;2503.56258298588;321.108788671449;0.0099009900990099;24;24
214;41.5100000000093;1.67000000000007;43.3099999999977;NA;NA;-1045.04338668025;-1202.43883424855;6.52886416538476;34.6478194255176;14.2648897336745;2.68041148934901;2153.43598112222;2416.78115653633;314.790895136601;0.0099009900990099;18;18
215;47.25;1.55000000000018;48.9100000000326;NA;NA;-1182.73108035444;-1345.03500863373;4.90330732443638;22.5254303702661;24.6454655034194;5.56489172964594;2476.81021347089;2715.212161888;324.607856558577;0.0099009900990099;21;21
216;45.7700000000186;1.94999999999982;47.960000000021;NA;NA;-1161.50068378122;-1330.86424036411;4.67892375914488;20.9994932698928;28.6204843356493;6.57341039433049;2454.80356873352;2692.00015429645;338.727113165771;0.0099009900990099;25;25
217;46.75;2.39000000000033;49.4099999999744;NA;NA;-1204.34819413199;-1373.20044280486;4.66215167740283;20.6527230405323;30.0430342407551;6.80497643253912;2547.04967384612;2777.73896019321;337.704497345752;0.0099009900990099;25;25
218;41.1300000000047;1.67000000000007;42.9400000000023;NA;NA;-1159.5787830681;-1323.79025414687;4.72013726156137;23.9296364456189;26.0578575239155;5.54077964331837;2438.62656785753;2672.98364867615;328.422942157541;0.0099009900990099;24;24
219;43.320000000007;1.6899999999996;45.0599999999977;NA;NA;-1068.71082126643;-1206.83979109119;4.64170752168647;17.1200844695069;20.9516423578958;5.89418127069758;2231.56990932612;2440.1656657706;276.257939649533;0.0099009900990099;20;20
220;31.0999999999767;1.05000000000018;32.3300000000163;NA;NA;-1073.25441828702;-1206.36963543461;5.15445311982076;17.2314642504147;20.7711719912652;7.30025700593336;2240.35285646043;2445.72178451499;266.230434295172;0.0099009900990099;21;21
221;40.25;1.61000000000058;42.0800000000163;NA;NA;-1033.39086816235;-1151.05590023675;4.41742402807367;13.8253241930191;19.2819863914921;5.97233704233561;2151.86039582807;2328.46377580154;235.330064148794;0.0099009900990099;17;17
222;28.109999999986;1.1899999999996;29.3500000000349;NA;NA;-1032.6504541196;-1159.75985587467;4.65674173008278;18.5868404468641;19.0561821675126;5.42101221820211;2151.3966152623;2344.01180967348;254.218803510146;0.0099009900990099;21;21
223;44.8099999999977;1.92000000000007;46.9199999999837;NA;NA;-1110.11305636816;-1236.13205592151;4.54874577194471;16.1375922392903;22.3128010679653;6.2245867888983;2319.91863160848;2500.07526536127;252.037999106686;0.0099009900990099;19;19
224;36.8099999999977;1.61999999999989;38.539999999979;NA;NA;-1160.19374921662;-1336.7996116819;4.6348554752619;20.1435190063969;28.6851136760708;7.72364899075757;2451.90183693932;2709.01029404468;353.211724930552;0.0099009900990099;24;24
225;32.9400000000023;1.35999999999967;34.4099999999744;NA;NA;-1197.04378062405;-1371.92384666467;4.710758677818;19.9061076959901;29.6561385468373;8.00776360135812;2532.33957191192;2781.17856218335;349.760132081246;0.0099009900990099;28;28
226;44.0200000000186;1.60999999999967;45.7300000000396;NA;NA;-1091.21103383814;-1231.9196480073;4.84005373008169;19.1561250374156;21.0518086554035;5.32419670945268;2276.48053327541;2487.6275500899;281.417228338336;0.0099009900990099;19;19
227;44.1300000000047;1.34000000000015;45.6900000000023;NA;NA;-1172.96472036696;-1319.23431045452;4.70341686736058;16.0683216112381;27.2078916866821;8.17827510549867;2470.67107215034;2675.96404284692;292.539180175124;0.0099009900990099;24;24
228;44.609999999986;1.90999999999985;46.6199999999953;NA;NA;-1151.07462481547;-1314.99737750515;4.6182101184892;25.0047651707391;24.4121924746027;4.55818587521862;2411.84783892751;2650.47741181317;327.845505379349;0.0099009900990099;20;20
229;47.3299999999581;1.59000000000015;49;NA;NA;-1144.68184468532;-1324.32843796276;4.80171557612448;24.6538922411224;26.5622291999403;5.34767483271727;2410.57987465173;2673.06087976368;359.293186554884;0.0099009900990099;23;23
230;32.0300000000279;1.59000000000015;33.7600000000093;NA;NA;-1106.00260175155;-1248.40088936453;5.03261246348918;29.4360638847683;20.4218730572679;4.47628263690423;2303.77289980923;2516.91639527044;284.796575225949;0.0099009900990099;20;20
231;39.2600000000093;1.65999999999985;41.0300000000279;NA;NA;-985.633295769088;-1113.0739081043;4.41554393944316;13.5889610531945;17.9575791319847;5.9433530686155;2049.9571815888;2252.19174765454;254.881224670422;0.0099009900990099;16;16
232;29.8800000000047;1.25;31.2200000000303;NA;NA;-1224.12310111788;-1386.98683209995;10.3797478462538;49.5808565412863;14.2319132029887;3.48968035135071;2514.33423603647;2790.1785208291;325.727461964122;0.0099009900990099;27;27
233;45.4199999999837;1.69999999999982;47.1900000000023;NA;NA;-1062.90670022267;-1194.54893715271;4.6311341344461;15.66137215894;19.5362524710323;5.87440414431046;2212.5722986758;2415.18562230501;263.284473860081;0.0099009900990099;18;18
234;31.2700000000186;1.24000000000069;32.6499999999651;NA;NA;-1098.28090656909;-1244.50844426369;4.64585357439272;18.4462808433798;22.2281035104604;6.39079157644507;2297.5052660086;2518.03909314318;292.455075389217;0.0099009900990099;22;22
235;41.4599999999627;1.57999999999993;43.2399999999907;NA;NA;-1138.60647483345;-1274.5309558462;5.02252892772926;19.9730710956957;22.0612793086243;6.33153719714266;2376.88566601762;2577.66775554607;271.848962025497;0.0099009900990099;21;21
236;46.2199999999721;1.75999999999931;48.140000000014;NA;NA;-1191.46917154992;-1354.47025095601;4.85046520621432;20.254570189032;27.4220598439145;6.58850591758774;2508.66188394308;2739.14721495767;326.002158812182;0.0099009900990099;24;24
237;44.9199999999837;1.77000000000044;46.9699999999721;NA;NA;-1156.13828008563;-1310.10727868359;4.82811215765418;15.0933240327354;27.4388258294172;9.13078669652901;2439.17510797798;2662.44244201959;307.937997195907;0.0099009900990099;26;26
238;32.5200000000186;1.14000000000033;33.820000000007;NA;NA;-1191.87162005043;-1384.04847597577;4.7511639375981;24.5313658567078;30.600710251754;7.1943336621102;2526.39868775343;2801.63574502814;384.353711850694;0.0099009900990099;28;28
239;44.8800000000047;1.61999999999989;46.5599999999977;NA;NA;-1145.91142850649;-1312.81855803175;4.66652608174754;21.4631466993373;25.2895704175025;5.76019653117804;2406.08097158525;2651.66164650639;333.814259050504;0.0099009900990099;21;21
240;45.8099999999977;1.52999999999975;47.5;NA;NA;-1118.91950784684;-1286.35820005234;4.64316598173512;18.449318300998;27.1694107419774;7.2847719434531;2361.22219732495;2605.79839619129;334.877384411007;0.0099009900990099;22;22
241;44.7200000000303;1.64000000000033;46.5799999999581;NA;NA;-1113.19016429731;-1261.03329345946;4.7984656846163;19.6694440237285;23.94439568841;5.72906084745043;2334.56095249469;2547.95044654535;295.686258324289;0.0099009900990099;21;21
242;27.4199999999837;1.07999999999993;28.5800000000163;NA;NA;-1056.37524451336;-1185.74936686915;4.5761084351838;13.6833095506153;19.9020889688244;7.23352501649057;2202.1824843793;2404.00329025349;258.748244711574;0.0099009900990099;20;20
243;44.4500000000116;1.76999999999953;46.4500000000116;NA;NA;-1062.05384205108;-1208.93309069196;5.34795082130725;14.9807058452594;22.4021166808436;7.49004869089633;2226.33928167756;2452.0468641514;293.758497281769;0.0099009900990099;23;23
244;32.5100000000093;1.1200000000008;33.6399999999558;NA;NA;-1123.17393592566;-1288.85500581408;4.74780977309804;17.6323854303909;26.0876433816489;7.88192672866669;2366.48590937519;2614.00762560716;331.362139776837;0.0099009900990099;25;25
245;46.4100000000326;1.4399999999996;48.109999999986;NA;NA;-1095.58938519135;-1277.31644706214;4.73644883764947;27.1099352879985;24.3231329105449;4.31940473588527;2300.4771617638;2574.04256437903;363.454123741569;0.0099009900990099;20;20
246;33.140000000014;1.17000000000007;34.460000000021;NA;NA;-1072.18702617619;-1211.54693030248;4.696199751861;22.3477381138924;23.1917883140579;5.86182772020975;2249.15440103278;2449.57756009854;278.719808252582;0.0099009900990099;21;21
247;45.390000000014;1.6899999999996;47.1199999999953;NA;NA;-1124.30353910784;-1277.21477138223;4.72340515981304;21.4193302901855;23.4545410242692;5.18974525754031;2355.12009473851;2577.99749158059;305.822464548782;0.0099009900990099;22;22
248;40.5599999999977;1.36000000000058;42.0999999999767;NA;NA;-1131.46283379955;-1287.08434253283;4.71366664421787;21.7296910718308;25.0780592142232;5.80450336839885;2377.90253001697;2600.78093521992;311.243017466554;0.0099009900990099;24;24
249;30.2800000000279;1.1899999999996;31.5100000000093;NA;NA;-1052.98795818765;-1176.40544097451;4.54298094062014;12.2543218679925;19.7778995305275;7.92038731349745;2195.33233774787;2388.59514028881;246.83496557373;0.0099009900990099;21;21
250;32.890000000014;1.01999999999953;34.0900000000256;NA;NA;-1122.58242932316;-1302.65093302741;5.48396353018563;24.4723887049813;25.1367094998137;6.51695909045399;2360.41061849997;2635.18055412734;360.137007408498;0.0099009900990099;24;24
