1;25.7299999999814;1.17000000000007;26.9699999999721;NA;NA;-566.908568129355;-628.404041529248;4.41545646982235;7.19720378312821;14.5221880070404;7.97789562965598;1196.98513063048;1291.50999340343;122.990946799785;0.0099009900990099;15;15
2;29.75;1.04999999999927;30.8800000000047;NA;NA;-552.897213713015;-619.154534109189;4.23098408142985;7.93732641902794;13.3601578106521;6.71984015106281;1161.83601298818;1266.49664669814;132.514640792347;0.0099009900990099;11;11
3;37.5199999999604;1.48000000000047;39.109999999986;NA;NA;-567.340121701169;-652.26585742214;4.68445064948642;19.211521057335;12.6772235411877;2.94135388960753;1188.91602929192;1317.11543550393;169.851471441941;0.0099009900990099;13;13
4;22.390000000014;1;23.5;NA;NA;-511.814710046982;-588.590703803834;4.30708248241036;21.7430770652238;11.120268008634;2.89281923416078;1070.75917981904;1189.4417124248;153.551987513704;0.0099009900990099;12;12
5;40.9199999999837;1.82999999999993;42.8400000000256;NA;NA;-593.259631510507;-673.817336343494;4.3375334361609;12.5322832121129;16.8919132016756;5.94559230988575;1259.4122762344;1373.29145493726;161.115409665975;0.0099009900990099;14;14
6;46.8099999999977;1.63000000000011;48.6999999999534;NA;NA;-661.737085204787;-759.300340826219;4.63480587259104;13.5820032123656;22.3388784671422;7.33536861412381;1422.04087387077;1550.96681426874;195.126511242863;0.0099009900990099;17;17
7;41.0499999999884;1.80999999999949;43.0300000000279;NA;NA;-572.222896713921;-647.028032973139;4.40550174514361;11.3775248391405;15.777860500403;5.76315098643528;1211.94674591285;1318.71201856351;149.610272518437;0.0099009900990099;13;13
8;28.7999999999884;1.16000000000076;30.0599999999977;NA;NA;-481.867244992011;-539.108958306384;4.14092103457687;10.9017807849112;10.0497240448008;3.62535268353486;1004.88152297868;1093.06135965874;114.483426628747;0.0099009900990099;9;9
9;41.2600000000093;1.77000000000044;43.3400000000256;NA;NA;-602.496220886066;-685.836312492427;4.40119737337914;12.1096172386301;17.6693626514268;6.08845228276076;1281.84988226091;1398.15591519868;166.680183212722;0.0099009900990099;15;15
10;32.5;1.07999999999993;33.6300000000047;NA;NA;-645.422995583886;-746.199026060112;4.5416293588299;13.8338761704759;21.6408515681783;7.76592358578646;1387.5362720876;1527.09582409773;201.552060952452;0.0099009900990099;19;19
11;40.0599999999977;1.64999999999964;41.7399999999907;NA;NA;-561.196012900473;-646.028005341871;4.35751497336014;19.9926468414198;14.3211263583236;3.06329204212604;1183.66076815167;1305.16140799524;169.663984882797;0.0099009900990099;13;13
12;30.9500000000116;1;31.9799999999814;NA;NA;-604.639016892673;-683.958880592658;4.51932811978152;14.0765889423803;17.1401978607496;6.04446444460375;1284.38683733473;1394.40476537391;158.63972739997;0.0099009900990099;16;16
13;24.3699999999953;0.8100000000004;25.2700000000186;NA;NA;-557.442813443198;-620.452515426535;4.33166139433109;7.64316480323384;13.1193104209048;7.1018047633823;1170.48769937384;1271.00379752423;126.019403966674;0.0099009900990099;12;12
14;42.7800000000279;1.78999999999996;44.7800000000279;NA;NA;-584.815288659632;-679.522863481459;4.36156344423524;19.7386669442645;16.6961400231232;3.57969190437651;1240.39191751494;1374.21712563893;189.415149643653;0.0099009900990099;12;12
15;32.710000000021;1.53999999999996;34.4199999999837;NA;NA;-558.951613655361;-619.457275024144;4.33938015639681;7.61265454099178;13.7298506730605;7.565015072446;1176.09288270213;1270.97648798037;121.011322737566;0.0099009900990099;12;12
16;30.25;1.07999999999993;31.4400000000023;NA;NA;-533.727890211821;-589.438104030547;4.28314037803554;9.26709580605574;12.8386902830033;6.51121421574647;1121.868532684;1206.47194237868;111.420427637452;0.0099009900990099;12;12
17;39.6599999999744;1.5600000000004;41.320000000007;NA;NA;-546.049701266157;-614.009944892535;4.50042354370994;17.1100835281065;12.0039610856887;3.10783553535709;1142.45217693831;1241.05626506867;135.920487252756;0.0099009900990099;11;11
18;43.6499999999651;1.63000000000011;45.4200000000419;NA;NA;-606.8031358679;-697.097637103572;4.4306989553291;19.8218396641272;16.6441197151211;3.67767589061936;1285.42999139588;1410.06540532189;180.589002471344;0.0099009900990099;14;14
19;41.9799999999814;1.89999999999964;43.9799999999814;NA;NA;-603.16189138991;-685.903876165868;4.39677926577029;11.6429243564151;17.6131798546118;6.3830528135967;1282.32924980676;1399.35229080575;165.483969551916;0.0099009900990099;14;14
20;46.4899999999907;1.85999999999967;48.3499999999767;NA;NA;-593.277576174316;-684.848855186403;4.37665186486644;15.0735321667177;18.4746489614044;5.40717091566446;1266.27808336172;1393.03106381222;183.142558024174;0.0099009900990099;14;14
21;32.5900000000256;1.17000000000007;33.890000000014;NA;NA;-558.996374760819;-639.758942230662;4.21726226896751;14.3111574259838;14.4526309631987;4.58981566572458;1178.61691026893;1298.77069202473;161.525134939686;0.0099009900990099;11;11
22;39.8099999999977;1.85999999999967;41.7700000000186;NA;NA;-551.116808190701;-623.212831016004;4.28214345940576;9.73004506287879;14.5710760204062;6.53596300600068;1163.3546162306;1273.84193474548;144.192045650606;0.0099009900990099;11;11
23;33.0300000000279;1.34000000000015;34.4799999999814;NA;NA;-532.518404155671;-587.877729636349;4.20800895769893;7.81283440490143;12.6560459879653;6.10255933787817;1118.1248701565;1201.35374232659;110.718650961357;0.0198019801980198;11;11
24;26.9400000000023;1.14000000000033;28.2099999999627;NA;NA;-521.416111758185;-584.833924994204;4.21430962296825;9.0576380132372;13.0626135193847;5.92774359307851;1097.62570601762;1194.53283694965;126.835626472038;0.0099009900990099;11;11
25;26.9200000000419;0.970000000000255;28.0200000000186;NA;NA;-549.069549600775;-627.580973788269;4.35318932801821;18.9756112549598;13.9368202849715;3.94544676533776;1158.28011538225;1272.18757988739;157.022848374987;0.0099009900990099;14;14
26;38.7800000000279;1.72999999999956;40.7299999999814;NA;NA;-557.961115566441;-624.229943504493;4.26871932237561;11.2243037228132;13.6556043466976;4.9236029871364;1173.79721681316;1269.32703028154;132.537655876103;0.0099009900990099;12;12
27;31.1800000000512;1.18000000000029;32.5100000000093;NA;NA;-583.555897292425;-646.63925328975;4.31089917840406;7.77572082525452;15.7541537484105;8.35675568429091;1234.51132467866;1329.03043684658;126.166711994649;0.0099009900990099;13;13
28;31.9199999999837;1.52999999999975;33.570000000007;NA;NA;-598.450122253918;-684.70565426737;4.41495878671797;9.64909805606012;20.1960744777659;9.88796048220392;1284.74826839547;1412.42153755707;172.511064026903;0.0099009900990099;15;15
29;43.5499999999884;1.67000000000007;45.4099999999744;NA;NA;-618.443133363864;-704.277003157405;4.42319220167242;17.0956865989654;15.7165712465881;4.02798484146336;1304.12501110096;1425.78655906726;171.667739587084;0.0099009900990099;13;13
30;34.4400000000023;1.44000000000051;36.039999999979;NA;NA;-497.042097101837;-564.87430504502;4.2152410087804;9.50958177008533;12.8365040101521;5.44931906863234;1047.92921968909;1152.60675931016;135.664415886366;0.0099009900990099;11;11
31;28.390000000014;1.02000000000044;29.4099999999744;NA;NA;-578.812065443974;-659.152792407759;4.38141615724354;18.6684157613834;14.9298035847148;3.85084595811214;1222.05012911448;1334.92298995821;160.681453927571;0.0099009900990099;14;14
32;40.1900000000023;1.28999999999996;41.5899999999674;NA;NA;-572.924057270363;-639.255477566953;4.33941647738375;14.7199976266812;13.279581413829;3.85865981304728;1202.12944524223;1294.86467158287;132.66284059318;0.0099009900990099;12;12
33;32.1699999999837;1.4399999999996;33.7199999999721;NA;NA;-504.552580426465;-575.029495785577;4.24043030079269;10.2106939850214;12.7387120983845;4.91231458501278;1063.09418701108;1170.8782925004;140.953830718224;0.0099009900990099;12;12
34;36.0900000000256;1.3100000000004;37.5599999999977;NA;NA;-571.759568905842;-646.527115056579;4.28145384722209;9.30730067359354;15.0488587056501;6.64337726594185;1207.29899405105;1321.21009596673;149.535092301473;0.0099009900990099;12;12
35;22.0400000000373;0.859999999999673;23.0199999999604;NA;NA;-497.574214594374;-568.362997401195;4.15897666044151;7.97483605237273;10.0206396029223;4.27304021924774;1036.70427033485;1154.44639864869;141.577565613643;0.0099009900990099;10;10
36;25.7400000000489;1.07000000000062;26.7999999999884;NA;NA;-533.043960886107;-592.744900866985;4.30468980750992;7.40014854263945;12.5921703950957;6.79557576246042;1119.45587699391;1214.29071306359;119.401879961755;0.0099009900990099;12;12
37;34.5800000000163;1.60999999999967;36.3400000000256;NA;NA;-531.714924988189;-594.933219320649;4.15971688183139;8.65540026364112;12.0918699082032;5.34978521041826;1113.57513460652;1212.05213069084;126.43658866492;0.0099009900990099;10;10
38;39.859999999986;1.71000000000004;41.75;NA;NA;-608.290693242517;-688.237088250785;5.23472117622674;22.2165672017021;13.3036176101356;3.61728554638348;1273.49701583525;1391.94967267451;159.892790016538;0.0198019801980198;13;13
39;43.390000000014;1.84000000000015;45.4199999999837;NA;NA;-593.925696667936;-677.619462059511;4.32594282342609;11.3008622223254;17.673569620209;6.44681422903441;1263.46258175674;1382.81972957376;167.387530783149;0.0099009900990099;13;13
40;39.5200000000186;1.52999999999975;41.140000000014;NA;NA;-568.333376831251;-658.332762497061;4.38281606170956;19.080338196845;14.8123284261821;3.56097750279214;1200.58581592619;1332.03207211431;179.998771331621;0.0099009900990099;14;14
41;38.539999999979;1.64000000000033;40.3699999999953;NA;NA;-576.870744645531;-658.025532332029;4.29009541292887;10.7948571427587;15.5147398736783;5.86169903820326;1220.11675728152;1341.1286262415;162.309575372997;0.0099009900990099;13;13
42;38.2800000000279;1.48999999999978;39.890000000014;NA;NA;-542.996304041838;-621.128781742883;4.62763319832302;14.0390450977058;12.5936570036084;4.44287413875172;1138.81896810955;1260.89399837804;156.264955402088;0.0099009900990099;11;11
43;38.9200000000419;1.51000000000022;40.5999999999767;NA;NA;-581.344154594581;-656.363973259872;4.29922717464968;11.44213912659;16.2224183674119;5.78775250567853;1232.0911722315;1337.48914952764;150.039637330583;0.0099009900990099;13;13
44;40.9700000000303;1.60999999999967;42.6699999999837;NA;NA;-601.663473359839;-672.551596849763;4.33239671766968;10.9629509759297;16.7404001775113;6.56282636902366;1275.56614169824;1373.42350197502;141.776246979847;0.0099009900990099;14;14
45;40.6900000000023;1.5;42.2799999999697;NA;NA;-616.798728317504;-701.824375702832;4.30697682910268;10.6629628120451;17.4687968023875;6.7194602027093;1308.33258456303;1432.3959927605;170.051294770655;0.0099009900990099;13;13
46;43.140000000014;1.75;44.9799999999814;NA;NA;-589.607998652227;-677.359486451275;4.35213378529638;13.8241817815885;16.5859758206726;5.16545091842589;1250.78881088801;1377.00924147986;175.502975598097;0.0099009900990099;14;14
47;39.039999999979;1.47999999999956;40.6699999999837;NA;NA;-556.894529349883;-629.957912048299;4.23329049582602;14.1679269705691;13.0454814624644;4.03975535952169;1168.51067770603;1276.86130474431;146.126765396833;0.0099009900990099;11;11
48;40.5200000000186;1.69999999999982;42.359999999986;NA;NA;-577.891041134989;-653.451015765737;4.59495321492038;13.9526903091631;13.679037008244;4.31491099229272;1214.30383349921;1325.36211373719;151.119949261496;0.0099009900990099;13;13
49;43.929999999993;1.85000000000036;45.859999999986;NA;NA;-639.049133742358;-724.59569408085;4.38161286431977;11.4008509058523;19.2897733149995;7.94934983949317;1362.00410120645;1483.76913124538;171.093120676983;0.0099009900990099;15;15
50;24.3300000000163;0.869999999999891;25.2699999999604;NA;NA;-533.713017743856;-625.622832371262;4.55821628176595;30.0235160685447;11.926427972934;2.37166108391935;1118.8916842535;1261.48000117699;183.819629254814;0.0099009900990099;14;14
51;45.5200000000186;1.98999999999978;47.609999999986;NA;NA;-649.65515543333;-757.431777734001;4.52786214303063;20.841953592191;19.6407218507983;4.12118678470893;1385.97183280828;1533.04762842019;215.553244601341;0.0099009900990099;17;17
52;36.789999999979;1.39000000000033;38.3099999999977;NA;NA;-589.664127512034;-665.193104233873;4.83738339457738;13.953378670686;13.0477740455185;4.01847262801373;1235.14933265745;1347.57806600248;151.057953443679;0.0099009900990099;13;13
53;24.75;0.920000000000073;25.75;NA;NA;-530.531656532645;-600.684409063701;4.1543679544415;15.8924600103945;10.9584314040946;3.00652044529822;1106.5082000869;1213.83693303604;140.305505062112;0.0099009900990099;10;10
54;30.6699999999837;1.22999999999956;31.9899999999907;NA;NA;-557.375959234583;-626.516680387508;4.37504462046555;17.9177496281028;12.5246200262431;3.54693975162828;1168.33483494016;1268.20790307977;138.28144230585;0.0099009900990099;13;13
55;27.820000000007;1.30000000000018;29.2399999999907;NA;NA;-577.46756250639;-644.635626205346;4.37400330645616;11.6883432833871;16.4926584822363;6.72538705404822;1226.67418786448;1318.52505434275;134.336127397912;0.0099009900990099;15;15
56;38.1000000000349;1.52999999999975;39.7299999999814;NA;NA;-577.657127319166;-645.749573667123;4.40855575212506;11.0301119113358;15.2973356520731;5.80900148820606;1220.75942237647;1316.35125788692;136.184892695914;0.0099009900990099;13;13
57;42.8300000000163;1.89000000000033;44.9199999999837;NA;NA;-634.86515911946;-732.049330722405;4.50273791407592;17.1022120442352;20.6674800837089;5.22074540259172;1360.92224551931;1487.13435970963;194.368343205888;0.0099009900990099;17;17
58;41.3300000000163;1.50999999999931;43.0799999999581;NA;NA;-607.895362871215;-698.713869198842;4.48958150346408;16.7014357323395;17.3371047149588;4.67343230113922;1291.76238037151;1417.90684321662;181.637012655254;0.0099009900990099;16;16
59;37.3699999999953;1.82000000000062;39.3499999999767;NA;NA;-561.142560705401;-625.738953186675;4.302609240662;9.65387027389414;13.7735957836228;6.05826642132534;1180.6601766998;1277.15396387177;129.192784962547;0.0099009900990099;12;12
60;38.7799999999697;1.67999999999938;40.5999999999767;NA;NA;-584.945943377523;-661.351590221049;4.28903441013622;12.5443917719197;15.1887009380457;5.16076774306052;1234.2644203298;1344.57547196767;152.811293687052;0.0099009900990099;12;12
61;42;1.74000000000069;43.9100000000326;NA;NA;-605.140108552476;-705.681812043456;4.37140857708795;15.8075045546732;19.175078501276;5.18268658815171;1293.68715621492;1433.9070532914;201.08340698196;0.0099009900990099;15;15
62;37.3600000000442;1.47000000000025;38.9700000000303;NA;NA;-571.962194401488;-647.822328970679;4.55642488181874;15.2141217286979;14.7246736138927;4.3485014468188;1207.46519767913;1314.40957637522;151.720269138382;0.0099009900990099;14;14
63;33.6500000000233;1.60999999999967;35.3400000000256;NA;NA;-560.17390022966;-627.779360327635;4.44672214441683;12.0506711095507;12.9253788480985;5.03109720755173;1175.12795494781;1276.88144438471;135.210920195951;0.0099009900990099;12;12
64;39.1699999999837;1.35999999999967;40.6699999999837;NA;NA;-598.104467711031;-667.241771357034;4.35951773539232;8.09320236399613;17.2228153838916;9.35787765011192;1270.52987789678;1374.86522660356;138.274607292006;0.0099009900990099;14;14
65;41.7300000000396;1.5600000000004;43.4500000000116;NA;NA;-571.080357368385;-647.531680808268;4.38760085237261;12.5015703481982;16.6295029070471;5.85840527369257;1213.92135905592;1320.34390905519;152.902646879767;0.0099009900990099;14;14
66;40.9100000000326;1.57999999999993;42.6100000000442;NA;NA;-559.52865489318;-640.047317526168;4.37241101575174;13.5044564865839;15.3814134162898;4.88066398646104;1185.43212227847;1301.15597370638;161.037325265977;0.0099009900990099;14;14
67;40.6300000000047;1.53999999999996;42.2800000000279;NA;NA;-632.838254679534;-722.877949521611;4.45913332761807;11.3276386856737;19.1330259079398;7.52027320500139;1350.0979047195;1478.93789338707;180.079389684154;0.0099009900990099;17;17
68;42.7800000000279;1.78999999999996;44.7200000000303;NA;NA;-641.539812797083;-719.821225042528;4.43687045968121;10.8707817533854;19.7108302986528;7.96594288335125;1370.05048977067;1474.79089010755;156.562824490891;0.0099009900990099;17;17
69;37.6700000000419;1.52999999999975;39.3099999999977;NA;NA;-604.701919443532;-686.510567352072;4.33988762602225;14.7736405384317;16.0029171060039;4.71085714275217;1278.46060197444;1393.34971251847;163.617295817082;0.0099009900990099;14;14
70;41.25;1.36000000000058;42.6900000000023;NA;NA;-635.303801297474;-723.99624456805;4.47910759650693;14.462334642519;18.6996988291427;5.73689880009941;1352.55018092463;1473.13173247856;177.384886541151;0.0099009900990099;16;16
71;36.7999999999884;1.27999999999975;38.2000000000116;NA;NA;-543.116256923721;-599.889762077076;4.20619861849537;9.18504773745481;12.5417538988568;5.47210277253393;1138.24347855297;1222.47247016972;113.54701030671;0.0099009900990099;10;10
72;43.5299999999697;1.71000000000004;45.3000000000466;NA;NA;-601.424640684076;-701.711908597931;4.33339317229767;16.1076960536663;18.6824901447509;4.89973910022278;1283.46910132112;1424.56746994322;200.574535827711;0.0099009900990099;14;14
73;34.0299999999697;1.28999999999996;35.4400000000023;NA;NA;-504.279451728497;-565.30353948095;4.27704227749734;6.91221848273024;12.79984091759;7.35753638788381;1062.25013900461;1161.46958903491;122.048175504904;0.0099009900990099;11;11
74;29.0900000000256;1.15000000000055;30.3299999999581;NA;NA;-486.44907096987;-561.380807897113;4.27177641743943;14.5254302287823;9.72111251358712;2.71764651560383;1013.21183681209;1134.03176334656;149.863473854486;0.0099009900990099;10;10
75;36.679999999993;1.56999999999971;38.25;NA;NA;-482.320966256549;-551.581901282016;4.35485943079141;12.4028845257056;12.118132551484;3.93664503789326;1014.89612897677;1119.48916724391;138.521870050933;0.0099009900990099;10;10
76;40.9700000000303;1.65999999999985;42.7200000000303;NA;NA;-566.478862236071;-650.500116293992;4.26829319622021;12.419603965692;15.6439286935075;5.13763276254142;1199.25959776411;1322.7744737723;168.042508115843;0.0099009900990099;12;12
77;43.0300000000279;1.6899999999996;44.859999999986;NA;NA;-549.004561401727;-643.576596902652;4.54502371348862;16.5461283539316;16.5972007481897;4.1879779562491;1170.20291914739;1305.36988180309;189.144071001851;0.0099009900990099;15;15
78;38.4199999999837;1.47000000000025;40.109999999986;NA;NA;-585.702166589332;-666.785085815637;4.47034369541894;16.0348938296406;17.4929723894473;4.97424211787964;1248.05900410884;1355.36743307914;162.165838452611;0.0099009900990099;16;16
79;30.7200000000303;1.10000000000036;31.9899999999907;NA;NA;-557.971177418103;-653.99612006239;4.64316681728908;21.9261254816897;15.3545534090039;3.8897567106515;1182.20125938807;1324.77755531799;192.049885288575;0.0099009900990099;14;14
80;39.6600000000326;1.63000000000011;41.390000000014;NA;NA;-611.467063811261;-693.418694795938;4.38899321781529;14.8607171981996;15.8709349906242;4.74426698479173;1291.42135344284;1407.31013959251;163.903261969354;0.0099009900990099;14;14
81;25.1800000000512;1.0600000000004;26.390000000014;NA;NA;-523.541791474561;-600.50400461102;4.20334887444548;11.9433225011357;10.854359945096;4.01214267600428;1092.0968830472;1217.64646448102;153.924426272919;0.0099009900990099;10;10
82;29.140000000014;1.25;30.4400000000023;NA;NA;-625.614361040879;-695.21497610585;4.28629605683768;7.09875774771236;17.5219594117898;9.8375252341055;1326.19129065493;1432.51692106153;139.201230129942;0.0099009900990099;13;13
83;32.6599999999744;1.49000000000069;34.289999999979;NA;NA;-517.290518435731;-590.807276193145;4.1593296425565;12.5003356390555;10.9630399416813;3.36591721457305;1080.04503561283;1195.57309461736;147.033515514827;0.0099009900990099;10;10
84;36.640000000014;1.35999999999967;38.1600000000326;NA;NA;-581.226969194721;-641.657598347443;5.44757105871751;7.89655172000892;13.3089135505722;8.11840717984852;1219.88537316626;1318.3482420798;120.861258305443;0.0099009900990099;14;14
85;30.5899999999674;0.890000000000327;31.6199999999953;NA;NA;-612.049742075438;-704.92101971961;4.46464067498676;15.5895576836896;18.6195150278348;6.0256940184723;1306.78722642877;1436.60165338728;185.742555288344;0.0099009900990099;18;18
86;26.1900000000023;1.07999999999993;27.3499999999767;NA;NA;-494.305977868216;-558.615941730965;4.22626562115968;8.42601734552294;11.3232182678955;5.84731766871216;1035.56962293625;1141.4808549648;128.619927725499;0.0099009900990099;10;10
87;35.8699999999953;1.42999999999938;37.5300000000279;NA;NA;-542.178451569172;-607.446245365751;4.4146306409982;13.2614375522051;12.9796120503452;4.22252607713539;1139.88636965009;1232.95733115091;130.535587593158;0.0099009900990099;13;13
88;42.7700000000186;1.40999999999985;44.3400000000256;NA;NA;-613.108904081848;-692.010387947517;4.44709742720531;11.918495284226;17.6588860890178;6.501715381004;1303.02967814788;1412.30166031789;157.802967731337;0.0099009900990099;15;15
89;39.4099999999744;1.69000000000051;41.2299999999814;NA;NA;-608.050822049087;-710.848899538816;4.78139974701423;19.5139967116177;17.8226103520724;4.93578353936705;1294.20079736037;1443.32653401012;205.596154979459;0.0099009900990099;16;16
90;36.7399999999907;1.64999999999964;38.5300000000279;NA;NA;-505.358509474528;-574.612920759513;4.28743011160572;12.5190246472505;12.3717072277087;3.9959820722663;1062.61237070895;1165.98770723809;138.50882256997;0.0099009900990099;11;11
91;24.320000000007;0.990000000000691;25.4199999999837;NA;NA;-568.13664724577;-651.06287838381;4.40141984118558;15.1361555843404;14.450658017042;5.0771677762981;1199.13015076184;1324.21020474214;165.852462276079;0.0099009900990099;15;15
92;41.7299999999814;1.39999999999964;43.2799999999697;NA;NA;-550.674867828597;-641.400075242961;4.32116412283868;17.7448264162354;16.8321716320362;4.13503160033259;1173.36124935542;1300.49067142638;181.450414828728;0.0099009900990099;13;13
93;37.1300000000047;1.43000000000029;38.6699999999837;NA;NA;-567.37865271396;-643.23700659146;4.25852144149979;17.3016755660537;13.7165797278735;3.2855776250506;1192.89071609056;1300.39890095599;151.716707754999;0.0099009900990099;12;12
94;38.9400000000023;1.67000000000007;40.8099999999977;NA;NA;-556.895215861158;-641.456982303773;4.45111591063688;16.4368644685674;14.670138823696;3.91239701379673;1176.55232162884;1299.65200871207;169.123532885229;0.0099009900990099;13;13
95;38.3300000000163;1.50999999999931;39.929999999993;NA;NA;-574.355218508953;-642.774218843432;4.28421985388322;10.0848562140868;15.2460228568208;5.98180976912999;1213.32591152329;1310.90045770305;136.838000668958;0.0099009900990099;12;12
96;34.8399999999674;1.40999999999985;36.3399999999674;NA;NA;-575.26645446557;-666.502067304911;4.29751599116202;15.4382913125663;15.198377512184;4.35586848766264;1215.55471326721;1351.63944145698;182.471225678682;0.0099009900990099;13;13
97;35.2999999999884;1.3700000000008;36.75;NA;NA;-559.763248719231;-629.485193288635;4.25584648609512;14.188316074608;13.7644026208531;3.93642808771515;1177.8625903974;1275.65369940795;139.443889138809;0.0099009900990099;12;12
98;32.070000000007;1.09999999999945;33.3300000000163;NA;NA;-608.258588820828;-708.987913312478;4.48257661229304;26.3892523525993;17.2717611897626;3.6048932103726;1292.72604219804;1433.88183733175;201.4586489833;0.0099009900990099;17;17
99;23.6900000000023;0.829999999999927;24.6700000000419;NA;NA;-504.023750429415;-582.006960703411;4.25871064723677;11.7597529458705;12.2946970597223;4.56563438691575;1060.15470887462;1183.36392731323;155.966420547992;0.0099009900990099;12;12
100;41.929999999993;1.53999999999996;43.5;NA;NA;-581.241130462922;-661.549822278387;4.3099303808394;12.6237247162216;16.9515945438884;5.43108174221602;1235.00469055582;1346.33493622475;160.617383630931;0.0099009900990099;13;13
101;38.4199999999837;1.46000000000004;40;NA;NA;-582.661896066705;-664.027882571725;4.35916846075233;15.9557579738857;14.7376411060986;3.93208811730983;1228.3744707738;1344.87805186392;162.73197301004;0.0099009900990099;13;13
102;32.8199999999488;1.40000000000055;34.3099999999977;NA;NA;-538.942988481545;-595.490424625584;5.78139587912156;11.159658357529;9.1793122700189;4.21310227676815;1116.39025372932;1208.65346473011;113.094872288079;0.0297029702970297;11;11
103;37.6300000000047;1.38999999999942;39.140000000014;NA;NA;-566.164470287618;-658.928565391776;4.30034813566505;14.5607609108512;14.5762935360874;4.29194010628741;1194.68934091987;1336.21893878506;185.528190208315;0.0099009900990099;13;13
104;35.1900000000023;1.39000000000033;36.6300000000047;NA;NA;-541.610405729424;-597.762752380732;4.15536808065539;10.8913984456415;10.7605618921976;3.58139710457748;1127.27825952862;1210.18897852175;112.304693302616;0.0198019801980198;9;9
105;38.8600000000442;1.53999999999996;40.5499999999884;NA;NA;-542.935017563665;-623.058793818032;4.39103227799895;17.7013619245212;12.3422921286135;2.87283055950656;1137.641999962;1258.16819226873;160.247552508735;0.0099009900990099;11;11
106;35.4499999999534;1.63999999999942;37.179999999993;NA;NA;-578.614245576986;-642.935013919922;4.3713561647604;8.57575638601963;14.4447209036838;6.5431544851779;1219.02599654792;1313.8629968482;128.641536685871;0.0099009900990099;13;13
107;38.4199999999837;1.5;40.109999999986;NA;NA;-538.950706211586;-620.712312954604;4.29855154014547;15.3029581485072;14.3766993227443;3.94958470193551;1138.83253244604;1258.1636989128;163.523213486036;0.0099009900990099;12;12
108;43.7200000000303;1.63000000000011;45.4699999999721;NA;NA;-612.988904835104;-706.410300284478;4.61879633009789;19.0218906721064;17.7381281664478;4.31872888324522;1303.13436346503;1431.60602337561;186.842790898749;0.0099009900990099;15;15
109;26.359999999986;1.17000000000007;27.5499999999884;NA;NA;-537.648669811146;-604.075244214105;4.36063299163784;6.77750758599317;15.5549195878621;8.69177469098399;1142.42087651915;1245.65776423725;132.853148805919;0.0099009900990099;14;14
110;37.5200000000186;1.61999999999989;39.320000000007;NA;NA;-572.629884838257;-645.079169495731;4.32559861539029;11.0627945222728;14.8850220767994;6.07756691022058;1208.34525587499;1315.91619554396;144.898569314949;0.0099009900990099;12;12
111;20.6500000000233;0.850000000000364;21.539999999979;NA;NA;-479.869778007322;-547.027099785237;4.15296574015486;12.6796926185935;9.53789531917935;3.55199874244089;999.293444634328;1108.78442651617;134.31464355583;0.0099009900990099;10;10
112;38.8099999999977;1.80999999999949;40.7799999999697;NA;NA;-621.298948785992;-714.428707165844;4.42194842207732;18.8265761604373;17.1026388453024;4.55333958520395;1317.54211651531;1448.81026967077;186.259516759703;0.0099009900990099;16;16
113;30.3600000000442;0.920000000000073;31.429999999993;NA;NA;-570.466880534101;-655.195090497832;4.45602091236029;9.85251348011078;13.5516487923223;6.0944132620492;1198.36816381505;1336.21943551387;169.456419927462;0.0099009900990099;12;12
114;27.640000000014;1.02999999999975;28.7600000000093;NA;NA;-499.934813076178;-569.445050025572;4.16221828667089;10.0940896096721;11.2466707399104;4.55005667989106;1046.50984885371;1157.75929803529;139.020473898787;0.0099009900990099;10;10
115;41.0499999999884;1.72000000000025;42.859999999986;NA;NA;-544.364623017697;-625.858219913381;4.24716806881851;14.1547251194768;13.6470543692352;4.21682922832352;1145.97427082806;1269.40468867451;162.987193791367;0.0099009900990099;11;11
116;38.5899999999674;1.39000000000033;40.0899999999674;NA;NA;-523.670092223871;-613.46907267523;4.25864870929061;13.8753360823747;15.2124594665234;4.65320811408742;1111.81341107574;1246.65930496617;179.597960902718;0.0099009900990099;12;12
117;26.609999999986;1.22000000000025;27.9199999999837;NA;NA;-578.598912536533;-652.671968668462;4.35094716175637;9.34424674011145;15.456724535609;6.63751072947093;1224.43082660134;1334.21549857814;148.146112263859;0.0099009900990099;15;15
118;40.890000000014;1.66999999999916;42.7000000000116;NA;NA;-570.867760685824;-643.463798770768;4.29935324361001;7.09414011654721;16.6700004951666;9.82620981961278;1213.05323338466;1328.96615670641;145.192076169887;0.0099009900990099;13;13
119;41.5200000000186;1.45000000000073;43.1100000000442;NA;NA;-612.103491539588;-696.462365192441;4.43143397581967;14.0489535268175;17.2133354045807;5.95147095308617;1300.15805326817;1419.18463745468;168.717747305706;0.0099009900990099;17;17
120;42.2000000000116;2;44.4200000000419;NA;NA;-583.367940001435;-655.260470184168;4.52876326695065;9.77598780031862;16.6663777780978;7.50116402573006;1239.23057964277;1343.14918390363;143.785060365467;0.0099009900990099;15;15
121;42.5200000000186;1.61999999999989;44.2900000000373;NA;NA;-613.116345485902;-713.14750533545;4.52702280823417;22.45993599716;17.9406032734531;4.1438542431775;1304.2699623564;1444.31977122238;200.062319699096;0.0099009900990099;15;15
122;45.0800000000163;1.71000000000004;46.9800000000396;NA;NA;-654.171818686653;-781.16781028249;4.82629240732991;23.818609726342;20.8808926188281;3.98076193050881;1401.07397244471;1580.01385848297;253.991983191674;0.0099009900990099;18;18
123;36.109999999986;1.32999999999993;37.710000000021;NA;NA;-564.698909150982;-632.010583639983;4.31198068902579;14.0623394488137;12.6829570783946;3.59842173484628;1183.15054433735;1279.27194645373;134.623348978001;0.0099009900990099;12;12
124;43.8099999999977;1.55000000000018;45.5199999999604;NA;NA;-625.965349675927;-719.550500528555;4.6015998996963;18.128657821851;18.1711935643029;4.56273710106819;1331.55735353444;1459.095036561;187.170301705256;0.0099009900990099;16;16
125;34.0800000000163;1.07999999999993;35.179999999993;NA;NA;-602.632230715829;-679.028877491602;4.46270008894632;12.0547768288842;16.982694797688;6.75241161303121;1279.13506336008;1387.42910718998;152.793293551547;0.0099009900990099;15;15
126;42.7799999999697;1.63999999999942;44.6100000000442;NA;NA;-566.855474511565;-663.097455057693;4.44485396004502;16.4411226624101;16.4072483491975;4.39135505451783;1203.90455297853;1344.98203583957;192.483961092255;0.0099009900990099;13;13
127;39.109999999986;1.77000000000044;40.929999999993;NA;NA;-592.465683481237;-658.891056533777;4.37961425021363;11.9288149731081;15.6371385470467;5.8548436247633;1252.40970012229;1343.04729106171;132.85074610508;0.0099009900990099;14;14
128;26.0400000000373;1;27.1300000000047;NA;NA;-551.894032962766;-603.431136997405;4.62563353532102;6.51692228446578;13.117864012394;8.20184983773754;1159.90900294248;1241.95148499221;103.074208069279;0.0099009900990099;13;13
129;26.2600000000093;1.05999999999949;27.3300000000163;NA;NA;-566.435915794862;-638.998256150844;4.38745933130546;17.8052007359842;13.4201061854335;4.02242667710618;1191.24603743109;1295.49309240223;145.124680711963;0.0099009900990099;15;15
130;33.1900000000023;1.39000000000033;34.6900000000023;NA;NA;-548.514369718339;-621.315419655119;4.24202109008176;8.11892516715275;12.9898796898836;5.67096893362014;1152.08226046391;1266.66545817395;145.602099873559;0.0099009900990099;12;12
131;28.8999999999651;1.25;30.2000000000116;NA;NA;-490.516155543609;-567.239178746099;4.24007721658521;12.3386420308722;12.530397310361;4.50633151520165;1033.59331694872;1153.3809757666;153.446046404981;0.0099009900990099;11;11
132;37.929999999993;1.38999999999942;39.609999999986;NA;NA;-568.720687087513;-631.120167498631;4.29733552887425;13.8042322137389;12.9041673187301;4.29258333458885;1191.57022558158;1280.24634807266;124.798960822236;0.0099009900990099;11;11
133;36.7999999999884;1.36000000000058;38.2000000000116;NA;NA;-561.465510536097;-637.194121876994;4.41647388309301;12.7385991044331;13.9719098230529;4.7521398697016;1182.14656806707;1294.52869451157;151.457222681795;0.0099009900990099;12;12
134;30.7399999999907;1.27999999999975;32.1900000000023;NA;NA;-521.750047485998;-606.280402553986;4.27354915375393;18.6391346183011;14.9482302700217;3.93556862447934;1106.85346922469;1229.24047537394;169.060710135976;0.0099009900990099;12;12
135;39.9400000000023;1.42000000000007;41.4800000000396;NA;NA;-567.613599065528;-648.970437209134;4.29672022244558;10.3287671669617;16.4600698834227;7.17823594954425;1205.64678354141;1328.65085336275;162.713676287213;0.0099009900990099;13;13
136;27.1699999999837;1.09000000000015;28.3800000000047;NA;NA;-568.687586074875;-637.961795859666;4.43528055808048;7.61233561018673;14.4991928195854;8.2644713452353;1199.94297256188;1311.58694209163;138.548419569581;0.0099009900990099;14;14
137;37.6900000000023;1.38000000000011;39.2299999999814;NA;NA;-579.422673885072;-647.527060885886;4.27280925614193;10.9183162314796;13.6379674265947;4.65739875980137;1216.05225574708;1314.59041878215;136.208774001628;0.0099009900990099;11;11
138;40.3099999999977;1.64999999999964;42.109999999986;NA;NA;-599.384446907835;-655.961083355161;4.32665640620299;8.65205774535739;16.3920325743915;7.75678883950649;1269.50479168429;1345.39473459656;113.153272894651;0.0099009900990099;14;14
139;37.390000000014;1.53999999999996;39.109999999986;NA;NA;-530.900847789043;-597.078903781745;4.33680564984708;9.52277511560217;13.8595772835399;6.07733861562232;1121.09583546825;1220.15791988023;132.356111985405;0.0099009900990099;13;13
140;42.2599999999511;1.80999999999949;44.2200000000303;NA;NA;-649.164034350283;-759.784565696202;4.46494277673014;21.6902866542529;19.5996127320379;4.51113782080739;1384.80820327646;1539.47380048804;221.241062691838;0.0099009900990099;17;17
141;42.140000000014;1.39000000000033;43.75;NA;NA;-635.555331400112;-724.872595653643;4.46560215008216;13.2451543165113;19.4245191299846;6.997396780567;1356.81822505666;1480.62007763987;178.634528507061;0.0099009900990099;17;17
142;32.140000000014;1.28999999999996;33.6599999999744;NA;NA;-511.890094763302;-559.747404475864;4.68739436242848;9.47256928482206;9.49171607178344;4.10797159861456;1063.59490024389;1136.7264348871;95.7146194251234;0.118811881188119;11;11
143;28.5599999999977;1.14999999999964;29.7999999999884;NA;NA;-608.255378854278;-700.602032394909;4.56158598403354;14.1457967342052;17.4227975644866;6.05167071476846;1293.88397568005;1428.07903912;184.693307081262;0.0099009900990099;18;18
144;25.3999999999651;1.02000000000044;26.4700000000303;NA;NA;-546.038212184576;-598.852183398816;4.16867993087766;9.67474466452022;10.558337769811;5.03298420565755;1135.86211315904;1218.57627721742;105.62794242848;0.0099009900990099;10;10
145;38.7199999999721;1.76000000000022;40.5300000000279;NA;NA;-530.020539632958;-592.86265612491;4.22571661227844;7.52280464857966;14.5299163420458;7.2770299093439;1120.9894274392;1216.25012341467;125.684232983903;0.0099009900990099;11;11
146;38.1100000000442;1.73999999999978;39.960000000021;NA;NA;-546.824397398775;-609.711731658398;4.23353913511043;7.42377032399259;13.3886351114273;6.88681291046864;1149.80983352115;1248.31143907595;125.774668519247;0.0099009900990099;11;11
147;25.4800000000396;1.22000000000025;26.8099999999977;NA;NA;-556.484850417483;-625.183783179706;4.25442489406421;13.6543720137522;12.5483660537225;4.25422869950895;1166.15200512791;1268.39777716618;137.397865524446;0.0099009900990099;12;12
148;39.1900000000023;1.46000000000004;40.7700000000186;NA;NA;-570.084911358403;-644.505020244063;4.29098259596788;12.444506287785;14.2690903693719;4.78727766214632;1200.64487602323;1309.29941173161;148.840217771321;0.0099009900990099;12;12
149;43.3300000000163;1.76999999999953;45.2099999999627;NA;NA;-575.346010083994;-659.980349327481;4.47299023948616;14.7846520459032;17.6971499166866;5.03247508122177;1227.0598399238;1341.67714179624;169.268678486973;0.0099009900990099;14;14
150;37.5599999999977;1.73000000000047;39.390000000014;NA;NA;-576.289653995834;-632.649442261373;4.30241638453187;7.6293135381327;15.0442963266346;7.8755523981503;1216.94192112851;1298.99212754559;112.719576531077;0.0099009900990099;13;13
151;36.25;1.25;37.640000000014;NA;NA;-587.099649940752;-656.080308133565;4.84998089449524;14.7837668700143;14.8634659873862;4.88807805212956;1238.8517706649;1333.42256981958;137.961316385626;0.0198019801980198;15;15
152;40.1600000000326;1.6899999999996;42.070000000007;NA;NA;-584.056067063326;-660.620396899642;4.25128821848695;14.4632970421184;14.8439348986502;4.24667008672972;1231.02348523841;1339.23896980222;153.128659672633;0.0099009900990099;12;12
153;21.0300000000279;0.850000000000364;21.890000000014;NA;NA;-505.379625420769;-554.710398607652;4.19725700345147;6.2179352013333;10.4486024141334;5.92667846055961;1054.58779347519;1134.28131628657;98.6615463737678;0.0297029702970297;11;11
154;35.3699999999953;1.50999999999931;37.070000000007;NA;NA;-548.400575855733;-615.443148211969;4.25463779838439;11.6039252143065;13.8297980410776;4.98246874852835;1155.41440259861;1252.00292371867;134.085144712471;0.0099009900990099;12;12
155;37.6300000000047;1.49000000000069;39.1699999999837;NA;NA;-600.241522881708;-665.00150552147;4.31316868847195;9.51248701715434;15.6059587155567;7.07271050210685;1267.24856683738;1360.26153028455;129.519965279523;0.0099009900990099;13;13
156;33.8499999999767;1.25999999999931;35.1300000000047;NA;NA;-560.15076277873;-643.107209894585;4.32674074717135;15.123142595298;13.0031519371827;4.28352417861279;1175.93170057673;1304.54022271039;165.91289423171;0.0099009900990099;13;13
157;44.4199999999837;1.45000000000073;45.9899999999907;NA;NA;-652.267316793932;-764.994542478256;4.45071857982781;17.5786114569243;21.1494252147622;5.686376118373;1397.85306613964;1555.07930376284;225.454451368646;0.0099009900990099;17;17
158;45;1.78999999999996;47.0100000000093;NA;NA;-629.511862141996;-706.775300577538;4.40535172542265;12.7507633945343;17.1050428080214;5.60988675809942;1332.83644736245;1437.75872635093;154.526876871085;0.0099009900990099;14;14
159;25.929999999993;0.929999999999382;27.0300000000279;NA;NA;-566.406610936436;-635.059636584682;4.54921639302905;16.6857565908577;13.7459007577182;4.31663814394875;1191.07090050193;1288.41398678476;137.306051296493;0.0198019801980198;12;12
160;29.5900000000256;1.13000000000011;30.8400000000256;NA;NA;-607.146417548337;-679.007023548548;4.59234364725147;9.86521015219341;16.1140885648487;7.65686663616243;1284.38521065861;1391.31955921028;143.721212000421;0.0099009900990099;15;15
161;40.320000000007;1.32999999999993;41.7999999999884;NA;NA;-565.693334099391;-644.669646550497;4.39411182244719;12.9311424376441;14.6464248653661;4.63842981197669;1194.04710488391;1309.18345577028;157.952624902211;0.0099009900990099;13;13
162;33.7699999999604;1.25;35.0200000000186;NA;NA;-559.713233879931;-623.083398034692;4.275051995962;7.30351428476834;14.520892585982;7.84113164134841;1180.96870559438;1279.39896726728;126.740328309521;0.0099009900990099;12;12
163;36.3399999999674;1.53999999999996;38.0599999999977;NA;NA;-512.112577190273;-586.696855354664;4.38762171029842;13.3306631191851;13.3906241264831;3.99283138967383;1081.5130156139;1190.47586971993;149.16855632878;0.0099009900990099;13;13
164;41.7299999999814;1.94000000000051;43.7700000000186;NA;NA;-577.864393714013;-643.492302326353;4.30853889319749;8.56289171214918;15.797147611627;8.19294516425272;1223.31225416636;1322.0357196141;131.25581722468;0.0099009900990099;13;13
165;39.0800000000163;1.38999999999942;40.609999999986;NA;NA;-561.640015539449;-648.043570261944;4.32959814968759;15.8787763354078;15.7885902157629;4.39435863473823;1191.41191770878;1315.04994468953;172.807109444991;0.0099009900990099;14;14
166;40.8600000000442;1.78000000000065;42.7199999999721;NA;NA;-585.353107367461;-670.805326208388;4.31908702840316;12.7322718801975;16.5615023969715;5.33535952324686;1241.55974942993;1364.43642462207;170.904437681854;0.0099009900990099;13;13
167;46.4100000000326;2.06999999999971;48.640000000014;NA;NA;-700.643615592996;-809.577105313912;4.89638468982519;16.2646046856216;24.2028756149153;7.11536802685863;1510.04523457461;1651.12781708224;217.866979441832;0.0099009900990099;20;20
168;29.4499999999534;1.14999999999964;30.7600000000093;NA;NA;-577.163918169749;-649.583398749891;4.46165137973317;9.03874925283237;17.3032191694719;8.48189765455929;1230.6755041649;1336.59180485344;144.838961160285;0.0099009900990099;17;17
169;39.3299999999581;1.66000000000076;41.25;NA;NA;-594.747265188922;-675.728676727569;4.41682134693394;15.1125864251935;15.1181070152147;4.92640738664328;1255.25462784978;1372.88603031304;161.962823077295;0.0099009900990099;15;15
170;39.9100000000326;1.39000000000033;41.4099999999744;NA;NA;-601.166912210693;-674.765749124786;4.43384494965441;14.8882970539747;15.9250177494758;5.26546006292183;1271.60378780992;1372.43497198632;147.197673828186;0.0099009900990099;15;15
171;35.5899999999674;1.48999999999978;37.2199999999721;NA;NA;-547.546603255945;-631.845901928113;4.26617713230547;13.8926853402528;13.4436950739798;4.2323559518713;1151.48520415425;1281.44518233931;168.598597344336;0.0099009900990099;11;11
172;40.4400000000023;1.55000000000018;42.1699999999837;NA;NA;-560.594388344601;-631.393208929516;4.27450593198016;9.24039337957229;13.2416059160383;5.63228163008929;1176.73307500072;1286.41203645997;141.59764116983;0.0099009900990099;11;11
173;27;1.21000000000004;28.2800000000279;NA;NA;-551.440715399472;-636.884972777152;4.32058982745334;10.6322946528916;15.341084996888;6.51871869878287;1169.0822156381;1301.89991772333;170.888514755359;0.0099009900990099;14;14
174;30.8099999999977;1.22000000000025;32.0900000000256;NA;NA;-497.014087043949;-561.139644379149;4.22738089762168;9.39472887529004;11.6930624197616;4.82725107186314;1043.0768281059;1142.52806184974;128.2511146704;0.0099009900990099;11;11
175;32.25;1.46000000000004;33.7800000000279;NA;NA;-544.738184431498;-611.868472776449;4.26954536099245;7.87423722072526;13.7473954883858;6.8037097220984;1147.74038243804;1252.57233011312;134.260576689902;0.0099009900990099;12;12
176;30.9799999999814;1.13999999999942;32.2199999999721;NA;NA;-622.82288444345;-710.154793326272;4.810480762293;18.5832584680684;16.009131520507;4.99861869833283;1316.28348337978;1442.36518660931;174.663817765645;0.0099009900990099;17;17
177;36.7299999999814;1.47000000000025;38.4400000000023;NA;NA;-668.472054958929;-770.044720005549;4.59077979620292;19.2428370857002;21.6230548629216;6.31671089930129;1432.97032677115;1568.14143610791;203.14533009324;0.0099009900990099;18;18
178;32.5900000000256;1.19999999999982;33.929999999993;NA;NA;-509.254979000403;-572.841581594571;4.18631212742088;12.4667783843612;10.5649191723631;3.6540521228968;1062.32294003043;1160.83660803656;127.173205188337;0.0099009900990099;10;10
179;44.0099999999511;1.52999999999975;45.6699999999837;NA;NA;-584.169834898006;-674.842396608356;4.36140472692655;12.7617170676691;17.3653439129253;5.83957021792606;1243.27566006467;1374.88406247495;181.345123420702;0.0099009900990099;14;14
180;27.609999999986;1.16000000000076;28.8499999999767;NA;NA;-574.193239038716;-639.513925876038;4.31700032178793;6.77121604496344;17.9490324901265;10.5347944084304;1225.17615366348;1324.09788243111;130.641373674644;0.0099009900990099;13;13
181;27.5499999999884;1.00999999999931;28.609999999986;NA;NA;-524.108136774757;-596.368803610256;4.24349073517129;12.5626932616583;12.0114586787869;4.18981763780749;1098.60049795865;1210.31255109219;144.521333670998;0.0099009900990099;11;11
182;31.7199999999721;1.44000000000051;33.25;NA;NA;-535.585830267482;-599.814308907903;4.32580399612487;11.7729776919876;12.6414330459819;4.21947890407771;1125.25432727913;1217.68042179825;128.456957280841;0.0099009900990099;13;13
183;43;1.59999999999945;44.640000000014;NA;NA;-580.802448954367;-647.033326795496;4.48538845726305;9.81228798685444;16.400591069797;7.43378372257796;1232.37772791827;1326.14537011326;132.461755682257;0.0099009900990099;14;14
184;32.5299999999697;1.30000000000018;33.8400000000256;NA;NA;-560.058535501271;-643.478170031797;4.35579350037815;16.9001112218348;13.8568717386714;4.00088182616674;1178.84506524492;1303.91281980035;166.839269061051;0.0099009900990099;12;12
185;28.039999999979;1.14999999999964;29.2000000000116;NA;NA;-549.242643586317;-610.733865376435;4.26834638498787;9.56915301830557;14.1566503437373;6.3944648368406;1158.48379878172;1248.56865953415;122.982443580236;0.0099009900990099;12;12
186;34.1800000000512;1.38000000000011;35.6199999999953;NA;NA;-513.098700314233;-584.623082478229;4.22913345508835;11.8707887097906;10.8177886640387;3.75999318290076;1071.0590387163;1184.83895000917;143.048764327992;0.0099009900990099;10;10
187;39.0200000000186;1.84000000000015;41;NA;NA;-561.545570705504;-648.237811408283;4.32097830482622;10.4435927866953;15.4809044340363;5.95370489242104;1189.32165438836;1321.94680447917;173.384481405558;0.0099009900990099;13;13
188;41.0800000000163;1.38000000000011;42.5900000000256;NA;NA;-548.074563594284;-646.00509872548;4.37909965432443;20.9202678343951;14.5654349126678;3.01439298975178;1157.88014367057;1304.78575440819;195.861070262393;0.0099009900990099;12;12
189;34.890000000014;1.42000000000007;36.3099999999977;NA;NA;-577.526352917321;-634.276338105075;4.24710794914989;7.4488757070128;14.5870890432015;7.55283548692427;1216.87549654082;1300.56299479828;113.499970375508;0.0099009900990099;12;12
190;37.2599999999511;1.28999999999996;38.6599999999744;NA;NA;-546.98371345482;-618.049384343858;4.39637297274477;16.7269962262291;12.1236710539079;3.1113211984923;1145.34979497063;1249.28512538331;142.131341778075;0.0099009900990099;12;12
191;26.109999999986;0.890000000000327;27.1000000000349;NA;NA;-532.470017104047;-610.188174641449;4.36650587788892;17.466051446715;13.7922635370854;4.05909175345247;1124.45725030127;1237.8923893718;155.436315074803;0.0099009900990099;14;14
192;39.7099999999627;1.75;41.6900000000023;NA;NA;-580.093342138658;-667.801708374091;4.36636661065517;15.7908027874487;16.8908350703531;4.85809037338595;1233.65771867938;1356.73493117389;175.416732470866;0.0099009900990099;15;15
193;33.140000000014;1.23000000000047;34.4599999999627;NA;NA;-523.838174376203;-596.260601217099;4.21697333684109;13.8994659299527;13.6640427180358;4.48571194313969;1104.99263423049;1211.33732820392;144.844853681792;0.0099009900990099;11;11
194;40.9800000000396;1.6299999999992;42.710000000021;NA;NA;-576.963802581901;-652.729276039214;4.34930160648047;9.87716826576041;16.9820389146367;7.284669197952;1227.20953434587;1336.89380051724;151.530946914627;0.0099009900990099;14;14
195;33.0999999999767;1.66000000000076;34.9700000000303;NA;NA;-490.399460055734;-560.537470782067;4.21682244925782;8.25474361392615;11.4836304522855;5.51151177796871;1028.969074063;1144.19396929265;140.276021452666;0.0099009900990099;11;11
196;27.2700000000186;0.950000000000728;28.3300000000163;NA;NA;-568.029250269525;-646.391890697583;4.32166687053825;10.3142731170157;14.6445802113076;6.02526284101083;1198.71104541236;1318.56110277092;156.725280856115;0.0099009900990099;13;13
197;42.75;1.76999999999953;44.7299999999814;NA;NA;-586.519862018188;-669.290641310533;4.46687303239393;14.2260424440809;16.1532317348505;4.89329147513975;1242.74513397008;1359.69711218375;165.541558584691;0.0099009900990099;14;14
198;37.8800000000047;1.5;39.4799999999814;NA;NA;-572.528945989398;-633.700921558519;4.41648804092117;7.91490462386477;15.7507038067603;8.5915381134527;1213.5696320096;1304.77294938093;122.343951138242;0.0099009900990099;15;15
199;37.1699999999837;1.27999999999975;38.5599999999977;NA;NA;-565.268978217666;-634.870025292437;4.26401418909968;15.6218345012551;13.1877630797641;3.59483807938131;1186.43014399573;1284.97564156166;139.202094149543;0.0099009900990099;12;12
200;32.4400000000023;1.38000000000011;33.9799999999814;NA;NA;-570.4595058105;-646.888740474447;4.37744715906313;11.8446213466232;15.372424016516;6.05632487612651;1207.2550325074;1319.91210311687;152.858469327894;0.0099009900990099;14;14
201;40.8800000000047;1.51000000000022;42.4500000000116;NA;NA;-575.560781541602;-650.439123607005;4.30113565117026;17.9032189581761;14.5013833799316;3.4242714905305;1213.16148227697;1315.52798931131;149.756684130805;0.0099009900990099;13;13
202;36.3800000000047;1.38000000000011;37.8400000000256;NA;NA;-558.164574518962;-627.235291337352;4.21519700027097;9.46609118348037;12.5308485834011;5.43857724079418;1168.89204784538;1277.28367336539;138.141433636778;0.0099009900990099;11;11
203;31.0299999999697;1.19999999999982;32.320000000007;NA;NA;-645.299401586888;-750.826178037014;4.61679940132334;17.8104719255091;19.4860647428541;5.90399668919568;1377.66160049822;1528.03112849108;211.053552900251;0.0198019801980198;19;19
204;31.1600000000326;1.47999999999956;32.75;NA;NA;-547.868343330884;-621.955709308017;4.20520674647169;12.8970738110812;14.4799210723467;5.18357286046781;1156.47532068165;1265.65484755562;148.174731954265;0.0099009900990099;11;11
205;33.2699999999604;1.40999999999985;34.7800000000279;NA;NA;-615.759233246778;-706.423898770391;4.47391358380603;13.5337639549741;18.9255313646681;7.13539472361893;1314.45064900889;1444.11528726859;181.329331047227;0.0099009900990099;16;16
206;39.4500000000116;1.35000000000036;40.890000000014;NA;NA;-585.456236867675;-664.134179799457;4.30594338063279;13.3652648907265;14.7309749580873;4.62982571097095;1233.93463321497;1348.07571214346;157.355885863565;0.0099009900990099;13;13
207;32.25;1.55999999999949;33.9199999999837;NA;NA;-498.13752190292;-571.695291081453;4.22056859929844;12.3430584301788;11.1623017396265;3.89899257480445;1043.09732666189;1159.74560798549;147.115538357065;0.0099009900990099;11;11
208;29.3300000000163;1.19000000000051;30.5799999999581;NA;NA;-540.828071484487;-623.732934857812;4.2970512195722;13.1506425909095;14.5070564813918;4.99162757322786;1143.72033286485;1268.82108550262;165.80972674665;0.0099009900990099;13;13
209;36.8499999999767;1.38999999999942;38.3800000000047;NA;NA;-522.921188428199;-586.752248001065;4.16461376688307;9.10116016778805;11.8230521058604;5.28804333896066;1094.87286738816;1195.4341429783;127.662119145732;0.0099009900990099;10;10
210;39.609999999986;1.43000000000029;41.25;NA;NA;-550.244967451217;-621.944794552048;4.21714524377912;10.4270604634075;13.4895196120558;5.05028457643986;1157.07415181404;1265.07391635644;143.399654201663;0.0099009900990099;11;11
211;23.75;0.720000000000255;24.5599999999977;NA;NA;-577.178614042153;-643.645648664605;4.373932805515;11.5428830972581;13.0298949511816;5.08103430309655;1210.10181525199;1309.02901360951;132.934069244903;0.0099009900990099;13;13
212;28.4700000000303;1.23999999999978;29.7800000000279;NA;NA;-487.002474212575;-546.011610216514;4.09934782734673;6.5071050009061;9.96121020608494;5.30406709840321;1014.78957526559;1113.73989871504;118.018272007877;0.0099009900990099;9;9
213;36.4899999999907;1.44999999999982;38.0599999999977;NA;NA;-581.814434816488;-661.198389949583;4.30810662936595;10.9772126086054;15.1031390228586;5.82808918553142;1228.24322400189;1347.33055157124;158.767910266191;0.0099009900990099;13;13
214;32.0899999999674;1.35999999999967;33.5300000000279;NA;NA;-602.159025102743;-702.736903064085;5.0071119541392;20.2384873185515;16.9774092652299;4.90604791905057;1279.7133351939;1427.26116338893;201.155755922685;0.0099009900990099;18;18
215;37.289999999979;1.3100000000004;38.8099999999977;NA;NA;-563.150014411404;-638.600132668587;4.36696853655964;8.57389091127214;15.068425716373;7.04303474501975;1190.76587248258;1307.3318255485;150.900236514367;0.0099009900990099;13;13
216;26.5300000000279;1.07999999999993;27.710000000021;NA;NA;-546.892399630581;-623.838126880369;4.44086833956019;15.9053270123933;14.7965859281024;4.67584280654489;1159.07235161338;1268.30765707948;153.891454499576;0.0099009900990099;17;17
217;39.5;1.57999999999993;41.2200000000303;NA;NA;-591.792508500648;-668.306813635171;4.38242919554859;10.8275421736422;15.8896118921883;6.74688118612074;1252.15283852538;1365.72818010858;153.028610269046;0.0099009900990099;14;14
218;41.929999999993;1.72000000000025;43.8300000000163;NA;NA;-586.517288155215;-670.539145680983;4.36398487887877;14.4539549758488;15.5735107390219;4.59128607106572;1239.66127822559;1360.72076335113;168.043715051536;0.0099009900990099;13;13
219;42.609999999986;1.60000000000036;44.4199999999837;NA;NA;-600.300590732444;-687.004402352683;4.44074374801516;15.05981283451;16.7826028998801;5.04839555544191;1273.02249220278;1395.79394884716;173.407623240476;0.0099009900990099;14;14
220;25.5800000000163;0.829999999999927;26.5100000000093;NA;NA;-487.338566871951;-549.08398784256;4.18020823770658;5.69024313278934;11.9319637992909;7.5679517727671;1024.15928377151;1129.55245952373;123.490841941218;0.0099009900990099;10;10
221;41.9100000000326;1.42000000000007;43.429999999993;NA;NA;-581.738952118617;-672.954491869899;4.36451169553849;11.7987353876729;17.2283668315331;6.35747196396718;1237.82280265711;1373.34313417263;182.431079502564;0.0099009900990099;14;14
222;23.0500000000466;1.14000000000033;24.25;NA;NA;-505.499749020176;-565.751422549885;4.09789850821374;8.11202395037049;10.8742844864967;5.04618341837184;1055.5225655957;1152.16365873876;120.503347059418;0.0099009900990099;9;9
223;29.6599999999744;1.10000000000036;30.8299999999581;NA;NA;-508.062033357155;-572.482320742041;4.14911262062185;8.53316133212798;12.3181093586895;5.86589379465715;1067.2075719609;1169.29064864231;128.840574769773;0.0099009900990099;10;10
224;42.75;1.88999999999942;44.7199999999721;NA;NA;-602.77937387836;-697.218425922146;4.34450575356968;14.8170210889977;17.6442105877805;5.26528654336075;1281.6981204944;1417.15793719414;188.878104087571;0.0099009900990099;14;14
225;35.9500000000116;1.39000000000033;37.4799999999814;NA;NA;-566.363365741971;-638.923058488447;4.37648507537684;12.4249902002979;14.253052145478;5.13512812439421;1193.13381182084;1299.60974303989;145.119385492951;0.0099009900990099;12;12
226;30.890000000014;1.10999999999967;32.0800000000163;NA;NA;-577.319092785402;-659.141723957055;4.3095619184333;12.8292642721716;14.4987232661874;5.38649497853057;1216.08646571344;1341.11241335823;163.645262343306;0.0099009900990099;12;12
227;36.8099999999977;1.35000000000036;38.3299999999581;NA;NA;-567.447675409865;-655.308931073064;4.32443160226024;15.1303701707518;14.2810825416137;4.16589270691441;1195.99277743541;1328.44041328732;175.722511326399;0.0099009900990099;13;13
228;39.25;1.69999999999982;40.9500000000116;NA;NA;-611.085845374271;-680.45844394775;4.42392353627087;12.0468183759514;16.2227059947654;5.84232593469709;1293.26002050409;1386.51811574979;138.745197146959;0.0099009900990099;16;16
229;18.9500000000116;0.609999999999673;19.5599999999977;NA;NA;-489.778309241502;-545.389041227179;4.11465405137882;8.39857523019503;8.00345825505024;3.71097168683366;1012.32553426854;1105.97207920091;111.221463971355;0.0099009900990099;9;9
230;43.890000000014;1.89000000000033;45.9400000000023;NA;NA;-624.568654508031;-712.063763049214;4.42833496144369;14.7486926784298;18.5195246282952;5.48503143055664;1329.69274783291;1447.98608201069;174.990217082365;0.0099009900990099;15;15
231;29.3800000000047;1.19999999999982;30.609999999986;NA;NA;-624.754302031563;-715.497960231444;4.54919007051964;16.6290716636827;19.031667311731;5.94364624640583;1334.02668090017;1457.3911669706;181.487316399763;0.0099009900990099;18;18
232;26.9700000000303;1.18000000000029;28.2000000000116;NA;NA;-567.402507954607;-645.406219296636;4.61229772595539;16.4689367436959;13.297977087279;4.32804521384297;1192.64798980529;1309.63838517765;156.007422684059;0.0099009900990099;15;15
233;43.75;1.75;45.6700000000419;NA;NA;-655.698556247437;-747.328519192772;4.48235265186665;17.102675958703;18.922559796402;5.06769191357041;1393.70565650622;1516.70026865629;183.259925890671;0.0099009900990099;15;15
234;40.5;1.52000000000044;42.210000000021;NA;NA;-586.931121311983;-663.22332551713;4.56772579007005;16.7756757860396;15.6396142549212;4.45112074726717;1241.35125910927;1345.65439852687;152.584408410294;0.0099009900990099;14;14
235;20.609999999986;0.779999999999745;21.4800000000396;NA;NA;-489.964451992041;-547.987412453869;4.06041123271107;6.42575329556028;8.96744618412913;4.78354027401281;1016.11661198826;1115.27857706948;116.045920923655;0.0099009900990099;8;8
236;26.4099999999744;1.05000000000018;27.5;NA;NA;-558.977243995437;-612.718017414672;4.2897398273464;5.83577339408478;14.2054090066734;9.19859338450171;1178.72816756327;1264.78952099816;107.48154683847;0.0099009900990099;13;13
237;38.640000000014;1.28999999999996;40.1199999999953;NA;NA;-580.272292476289;-649.948859193261;4.31796231734621;14.7691709449792;13.5605515403665;3.94029120877033;1218.01671919797;1316.59740384122;139.353133433944;0.0198019801980198;12;12
238;34.2200000000303;1.42000000000007;35.7999999999884;NA;NA;-550.882045054622;-605.015498294248;4.29215198120468;9.57315440766866;13.5510356185086;5.63761659767764;1159.19589411166;1233.92426206234;108.266906479252;0.0297029702970297;12;12
239;35.4700000000303;1.47000000000025;37.0200000000186;NA;NA;-557.42096075343;-642.384350146573;4.25879756476129;9.3635621998861;13.4459363998397;5.74428602971445;1171.82829551431;1309.11405061765;169.926778786285;0.0099009900990099;12;12
240;37.5599999999977;1.42000000000007;39.0999999999767;NA;NA;-558.766064667838;-622.662825615244;4.32020521389676;12.8212631765811;14.1280572529672;4.61195689908692;1177.9748820976;1265.0565572998;127.793521894813;0.0099009900990099;13;13
241;35.9400000000023;1.57999999999993;37.6900000000023;NA;NA;-581.768257433289;-665.138398268429;4.30245572684536;18.4851192156215;14.4232769382277;3.60944827847929;1225.24227853843;1345.71876325576;166.740281670278;0.0099009900990099;13;13
242;44.640000000014;1.75;46.640000000014;NA;NA;-606.073748212505;-689.843978165495;4.36773951594343;14.6020468189307;17.9762351776573;5.15892458388253;1290.33975794767;1402.12802658219;167.54045990598;0.0099009900990099;15;15
243;39.179999999993;1.64000000000033;41.0599999999977;NA;NA;-551.7684323019;-624.552620787398;4.33527599785319;16.2141074360657;14.9352134934091;4.25503340310342;1167.43279880516;1267.30915506216;145.568376970996;0.0099009900990099;13;13
244;34.8299999999581;1.44999999999982;36.4099999999744;NA;NA;-554.604004011051;-612.191650817069;4.22520721546105;8.67347495709896;12.3070889618371;5.27374578670309;1160.83230684033;1246.50497713582;115.175293612036;0.0099009900990099;11;11
245;40.2999999999884;1.47000000000025;41.890000000014;NA;NA;-556.76441259609;-637.852432643479;4.44654669294731;16.6700362175537;14.6602693958462;3.65940845713034;1176.24849164386;1291.3605719895;162.176040094777;0.0099009900990099;13;13
246;37.0499999999884;1.60999999999967;38.710000000021;NA;NA;-530.757642900675;-597.489525526811;4.20413609430615;9.42061720040125;13.2972492437368;5.75241584841737;1117.29299006169;1219.10859424668;133.463765252274;0.0099009900990099;11;11
247;24.8499999999767;1.14000000000033;26.039999999979;NA;NA;-560.418703579578;-616.182994837251;4.38309603663755;9.43532894399343;12.9218777724604;6.61324128297862;1176.11987448187;1260.65880450848;111.528582515345;0.0099009900990099;13;13
248;37.3800000000047;1.46999999999935;39.0199999999604;NA;NA;-611.779468446547;-715.478647711322;4.6128944759937;26.7635336898185;16.0119190893296;3.1750323172333;1293.20690002548;1444.76791565755;207.398358529549;0.0099009900990099;15;15
249;42.4400000000023;1.72000000000025;44.2200000000303;NA;NA;-646.220241929255;-760.749670180573;4.49714465712617;18.1389763305622;21.313281906108;5.46713919094874;1386.481907671;1545.62221153429;229.058856502636;0.0099009900990099;17;17
250;43.210000000021;1.90000000000055;45.2800000000279;NA;NA;-589.649396584977;-702.004456523547;4.4535442134786;18.3720826396659;19.2081981423959;4.53304149830887;1263.46962903403;1423.87282162877;224.71011987714;0.0099009900990099;16;16
