1;60.9100000000326;2.48999999999978;63.4699999999721;NA;NA;-1577.14243465022;-1913.25794579927;5.16779167330921;17.65247964949;93.5837730465827;29.6117592856233;3616.74241225526;3972.84661749248;672.231022298116;0.0099009900990099;49;49
2;59.070000000007;2.03000000000065;61.1900000000023;NA;NA;-1500.5907762667;-1901.24887429866;5.21961138035068;25.5043878661733;85.4191182754296;18.4144913697679;3422.41165043897;3893.30573349782;801.316196063933;0.0099009900990099;48;48
3;61.0200000000186;1.86999999999989;63.2299999999814;NA;NA;-1572.34957898949;-1895.01161290429;5.24099154145505;17.8602023294128;91.1295554476119;28.793919536735;3595.02883513242;3932.31248010451;645.324067829606;0.0099009900990099;49;49
4;60.7000000000116;2.07999999999993;63.0599999999977;NA;NA;-1597.21925384286;-1955.66146626739;5.23912586920505;18.9087750902629;95.2047482405439;27.8823901987023;3665.868027257;4049.38938466867;716.884424849055;0.0099009900990099;50;50
5;60.1100000000442;1.92000000000007;62.3899999999558;NA;NA;-1514.90838106444;-1840.28549366103;5.07832588097137;16.6991716518767;89.3572684625805;29.0002620216382;3471.38843073206;3823.87991239497;650.754225193177;0.0099009900990099;49;49
6;59.9199999999837;2.04999999999927;62.0800000000163;NA;NA;-1541.77238278334;-1900.67167721614;5.10743224203218;20.4390524242407;91.1921239727279;24.1804083971333;3534.18363399816;3920.83428636358;717.798588865603;0.0099009900990099;49;49
7;61.890000000014;1.84000000000015;63.9099999999744;NA;NA;-1556.52914652311;-1949.86378478488;5.12162978927189;21.8673481236012;93.2973333278852;22.8860808360409;3575.04278269499;4013.0535779128;786.66927652354;0.0099009900990099;50;50
8;59.6900000000023;1.97000000000025;61.9699999999721;NA;NA;-1573.97845412017;-1930.44956213696;5.26619266780363;19.7648449357764;91.5401046585681;25.7823160434932;3600.31537279121;3988.30611098756;712.942216033573;0.0099009900990099;49;49
9;60.2700000000186;2.02000000000044;62.5200000000186;NA;NA;-1525.15248289414;-1930.42441774493;5.136557727873;25.4408568498085;88.7840464279247;18.743773077327;3487.19404076143;3953.08330790612;810.543869701587;0.0099009900990099;47;47
10;58.4800000000396;1.82999999999993;60.6900000000023;NA;NA;-1534.81754997878;-1886.78383254191;5.13372322679314;19.4890432189817;90.0122400347176;25.2187526842934;3513.51540975269;3897.92972684158;703.932565126276;0.0099009900990099;48;48
11;59.1700000000419;1.66000000000076;61.109999999986;NA;NA;-1536.12545556622;-1905.33231388723;5.26186864989716;21.3580857007141;89.0732321751315;23.5007288795859;3512.418973968;3926.79682656805;738.41371664201;0.0099009900990099;49;49
12;61.0300000000279;1.75999999999931;63.0599999999977;NA;NA;-1640.79896354008;-1936.60814466727;6.95166605999388;20.6992788767756;69.8300289573256;24.9552107356371;3627.37833836622;3996.78809878018;591.618362254367;0.0099009900990099;50;50
13;56.5300000000279;1.94000000000051;58.6699999999837;NA;NA;-1444.39831337242;-1846.95670642531;5.23866636640528;28.2057443874192;80.8175117229411;15.5610446512605;3284.72675007772;3770.14795901041;805.116786105784;0.0099009900990099;45;45
14;59.5800000000163;2.23999999999978;61.9000000000233;NA;NA;-1512.6938482229;-1838.85036550597;5.28311357550071;18.6199196159475;86.029314559001;25.7650104878832;3449.62687528618;3804.75657178231;652.313034566139;0.0099009900990099;48;48
15;58.9599999999627;1.93000000000029;60.960000000021;NA;NA;-1489.23725550225;-1775.97195704113;5.21140380879187;16.5803169345138;83.7487830646137;28.5539399295708;3390.58603143322;3692.452315136;573.469403077751;0.0099009900990099;47;47
16;57.25;2.01999999999953;59.5900000000256;NA;NA;-1475.76846864942;-1840.39706533851;5.14701724197813;23.479206043397;83.1240450379236;19.1238528962808;3358.76691384922;3774.48310073319;729.257193378189;0.0099009900990099;45;45
17;62.2800000000279;1.94000000000051;64.4199999999837;NA;NA;-1594.47813720956;-1997.74384194018;5.23822421648302;22.6175398451665;94.3072086453882;23.0437615728803;3654.98877741903;4109.3617136454;806.531409461249;0.0099009900990099;49;49
18;57.5200000000186;2.25;60.0800000000163;NA;NA;-1474.41818185059;-1818.2153627096;5.2296832954901;22.5734591373287;82.0006956928594;20.1756766699103;3350.56298045669;3735.27264695259;687.594361718029;0.0099009900990099;45;45
19;58.320000000007;1.80999999999949;60.3800000000047;NA;NA;-1514.51613451747;-1878.67937731116;5.2793260359246;21.279011148283;86.8552931163482;23.0275637253031;3457.34462300992;3870.9153344416;728.326485587386;0.0099009900990099;48;48
20;59.3199999999488;2.02999999999975;61.5900000000256;NA;NA;-1541.61157953731;-1904.61202092859;5.30769068566172;20.4204004662607;89.2216379182344;24.1028911371961;3523.20474673759;3928.08341899089;726.000882782557;0.0099009900990099;48;48
21;60.4799999999814;1.75;62.4699999999721;NA;NA;-1538.26270765475;-1910.26946427586;5.14625128128238;21.7383686780193;89.9060360663977;22.829751605315;3520.80889718385;3933.35539758218;744.013513242226;0.0099009900990099;49;49
22;59.0300000000279;1.67000000000007;60.9800000000396;NA;NA;-1563.58639513473;-1967.27342805109;5.24812447397563;23.0566278317169;92.1747496851377;22.083404062683;3582.66744360694;4043.67514245396;807.374065832718;0.0099009900990099;49;49
23;58.140000000014;2.03000000000065;60.4000000000233;NA;NA;-1525.98165918236;-1878.81311191329;5.13717112262167;19.4878898760688;89.7481400701543;25.4442368480747;3494.54126334767;3883.10022303233;705.66290546186;0.0099009900990099;48;48
24;57;1.79999999999927;58.9700000000303;NA;NA;-1521.35229196801;-1827.50714873071;5.06447102006299;16.3342082947323;89.8869044327451;29.7156825704384;3485.02060927849;3801.23940875924;612.309713525394;0.0099009900990099;47;47
25;58.929999999993;2.20000000000073;61.3500000000349;NA;NA;-1543.90456865629;-1878.89345204705;5.34614548728834;19.1334999266772;87.2662752542625;25.5366336595384;3517.2295546748;3883.44772612591;669.977766781522;0.0099009900990099;47;47
26;57.4899999999907;1.84999999999945;59.5799999999581;NA;NA;-1503.98176044953;-1868.70621018794;5.20752463114968;21.9916958035542;86.5782988510462;21.4105959267695;3433.99853979728;3842.76981086904;729.44889947683;0.0099009900990099;47;47
27;57.9199999999837;2.03000000000065;60.070000000007;NA;NA;-1502.73089592872;-1861.16209914761;5.14263994922412;20.7848872429614;87.4187332654241;22.6836752003093;3436.55265670859;3834.18494935888;716.862406437776;0.0099009900990099;48;48
28;56.4400000000023;2.08999999999924;58.6500000000233;NA;NA;-1446.63413677023;-1785.96320399984;5.27544581200513;21.2077869022113;80.5392921495908;21.2885064963334;3288.7204643061;3676.45410258716;678.65813445923;0.0099009900990099;46;46
29;56.1900000000023;1.53000000000065;57.890000000014;NA;NA;-1480.91177023795;-1798.56377684613;5.20733984669914;18.453565026917;83.5773509166855;25.6411592102677;3372.19276071941;3723.02700367299;635.304013216364;0.0099009900990099;46;46
30;57.6900000000023;2.13000000000011;60.109999999986;NA;NA;-1560.10280831665;-1912.98685113325;5.14742239167009;17.7880955538962;93.0599663171825;28.4161228064484;3580.07469403287;3966.39602021292;705.768085633213;0.0099009900990099;49;49
31;58.5800000000163;1.91999999999916;60.6599999999744;NA;NA;-1503.71433628332;-1843.2146286881;5.1537927807796;20.3709942489762;86.6839877673432;23.1345429523221;3433.98376612619;3800.26985686465;679.000584809543;0.0099009900990099;47;47
32;58.5699999999488;1.70000000000073;60.5;NA;NA;-1553.20513727437;-1983.34135622372;5.43694250595381;28.561375382169;87.5052597646533;17.4075809605794;3539.71389997909;4052.88059312888;860.272437898698;0.0099009900990099;50;50
33;57.7700000000186;1.52999999999975;59.4799999999814;NA;NA;-1541.99115855609;-1891.97882585499;5.13808202900203;18.6961339823819;91.0960269570941;27.166983794683;3532.24819991718;3917.64111059023;699.975334597801;0.0099009900990099;47;47
34;55.9699999999721;2.03999999999996;58.1700000000419;NA;NA;-1472.32353183852;-1837.10214356997;5.09504032647737;21.2830721045672;85.501615203297;21.6488533410768;3365.3839311412;3780.73409616471;729.557223462919;0.0099009900990099;47;47
35;55.7000000000116;2.06999999999971;57.8400000000256;NA;NA;-1454.14553829337;-1851.08621864144;5.07416889128034;23.1191265256655;86.0006286626999;19.9453148636562;3331.48349251316;3800.31946381996;793.88136069613;0.0099009900990099;47;47
36;58.7400000000489;1.99000000000069;60.9499999999534;NA;NA;-1556.12548488158;-1925.09637991601;5.2380475245937;20.9161243615124;90.8158806768216;24.4315159076889;3561.03057836237;3970.9245752901;737.94179006885;0.0099009900990099;49;49
37;58.0800000000163;2.02999999999975;60.1900000000023;NA;NA;-1568.05467144222;-1908.47701044656;5.09106979402319;17.2510510606919;95.0907487722451;29.5507403666859;3606.01382101506;3962.98321310866;680.844678008682;0.0099009900990099;49;49
38;58.1300000000047;1.82999999999993;60.0299999999697;NA;NA;-1535.06359389987;-1929.16634730109;5.27731647845938;25.7857824185457;86.6674542562569;18.6737647459101;3497.51324584679;3950.41924280117;788.205506802442;0.0099009900990099;48;48
39;57.6199999999953;1.52999999999975;59.4099999999744;NA;NA;-1489.3934634629;-1772.05134645503;5.142501542611;16.2852845766276;84.5793157025896;29.0317803538687;3393.14636689891;3686.33122891703;565.315765984247;0.0099009900990099;45;45
40;56.5800000000163;1.61000000000058;58.4199999999837;NA;NA;-1545.34947199671;-1910.61128661755;5.68147900776489;23.7414413654598;82.8719951743471;20.2184890425653;3498.49596124573;3920.71383693114;730.523629241697;0.0099009900990099;47;47
41;58.4699999999721;1.59000000000015;60.2000000000116;NA;NA;-1551.0220336043;-1938.81116537644;5.21301959832466;22.1416119465308;91.0303502645901;22.5532266597873;3551.88350782108;3989.07231238161;775.578263544284;0.0099009900990099;49;49
42;58;1.82999999999993;59.9699999999721;NA;NA;-1604.51681876565;-1986.3239646094;5.17045805812003;20.108724533114;96.1706826439466;26.2008315753928;3685.24621677292;4102.3877339053;763.614291687495;0.0099009900990099;50;50
43;56.3099999999977;1.84000000000015;58.2799999999697;NA;NA;-1531.66727299285;-1947.29903251147;5.31976685363146;27.8982616641858;86.6579500176132;17.1436528738104;3490.67373546918;3979.1391223915;831.263519037257;0.0099009900990099;48;48
44;56.320000000007;2;58.4699999999721;NA;NA;-1568.52077179249;-1889.26148851916;5.06934203552901;16.2785725391796;94.8174985415029;31.588165274964;3604.61818216623;3934.29473188748;641.48143345335;0.0099009900990099;48;48
45;58.1999999999534;1.8100000000004;60.0800000000163;NA;NA;-1503.42139141436;-1842.22803210538;5.29476032167573;21.1973764712969;83.609162705347;22.1879502683431;3419.14738750301;3793.87223066805;677.613281382047;0.0099009900990099;48;48
46;57.8899999999558;1.82999999999993;59.929999999993;NA;NA;-1525.27372901429;-1899.36566892312;5.12285702127002;21.539564180343;88.9390911735824;22.5906995130041;3489.13571366805;3910.13359485543;748.183879817651;0.0099009900990099;48;48
47;57.6900000000023;1.75;59.6499999999651;NA;NA;-1528.97676075826;-1963.60510270664;5.41186603046433;30.8416050100981;84.9449365529295;15.3565163173934;3476.84527155073;4002.9382977006;869.256683896757;0.0099009900990099;48;48
48;56.4000000000233;1.9399999999996;58.5299999999697;NA;NA;-1541.17027895694;-1869.63790513055;6.13885295426748;23.2627497170475;74.3699504310212;20.2609207231587;3449.08353224758;3839.18915275609;656.935252347211;0.0099009900990099;48;48
49;55.890000000014;1.90000000000055;57.9699999999721;NA;NA;-1468.84931088875;-1733.54825420883;5.02470329088732;13.6790160591041;85.4461208484702;33.9159231175659;3358.16241228333;3633.99018891378;529.397886640176;0.0099009900990099;47;47
50;55.7299999999814;1.69000000000051;57.640000000014;NA;NA;-1586.72184888741;-1981.82230312839;5.37667357119629;22.8439951519253;91.615269743524;23.008437828155;3627.09903953843;4077.57649507399;790.200908481963;0.0099009900990099;50;50
51;58.1399999999558;1.80999999999949;60.1700000000419;NA;NA;-1524.43635412262;-1824.41205130784;5.14937860070099;16.5075372171825;88.1334571901382;30.5191030696428;3482.56035974515;3799.00269038629;599.951394370427;0.0099009900990099;47;47
52;56.460000000021;1.67000000000007;58.390000000014;NA;NA;-1507.6707050437;-1817.33533368983;5.07235368569043;16.4142842043247;88.848874994745;29.3659310413704;3453.48477972697;3779.48384571005;619.329257292247;0.0099009900990099;48;48
53;57.7999999999884;1.8100000000004;59.7799999999697;NA;NA;-1544.20615982403;-1869.56828754057;5.16647071192402;17.1567812292414;90.7676217542498;29.3698532174695;3536.01766807738;3883.9690949671;650.724255433082;0.0099009900990099;48;48
54;55.4700000000303;1.98999999999978;57.75;NA;NA;-1519.14226105123;-1872.12452806635;5.18597403003901;20.0976887486919;87.699334526902;23.9968091725801;3470.75912515215;3862.58530779705;705.96453403025;0.0099009900990099;48;48
55;56.8099999999977;1.63999999999942;58.75;NA;NA;-1538.91827245504;-1835.75217353595;5.29630516124888;15.7516984789962;89.4608867254964;32.1959731317301;3518.99794805864;3830.27340472846;593.66780216182;0.0099009900990099;48;48
56;55.210000000021;1.81999999999971;57.2600000000093;NA;NA;-1544.53856982712;-1866.44602714053;5.13622966052973;16.7829591096692;91.0844753075983;30.0608470020617;3538.24499839734;3881.13209446706;643.814914626808;0.0099009900990099;48;48
57;56;2.02000000000044;58.2600000000093;NA;NA;-1539.1624306686;-1828.44930372091;5.2169556803278;15.932920873452;88.5699048297452;30.6104498008508;3516.00566041034;3808.16450475287;578.573746104621;0.0099009900990099;49;49
58;54.179999999993;1.84000000000015;56.2900000000373;NA;NA;-1514.65526088779;-1876.87681425897;5.16667656600548;21.2092477511796;87.6423097332309;22.34431677788;3461.50391659102;3863.94089026924;724.443106742372;0.0099009900990099;48;48
59;55.9199999999837;1.60999999999967;57.7400000000489;NA;NA;-1545.56495985886;-1853.42397062704;5.27555259471896;17.05246658741;89.1680714247799;29.1780496207182;3530.84735317566;3850.73461377625;615.718021536366;0.0099009900990099;48;48
60;54.859999999986;1.92000000000007;57.0300000000279;NA;NA;-1503.14060804138;-1851.70001476759;5.30284144385088;19.8384821188213;86.5179669485035;24.0468064190834;3432.93010246905;3821.98283426007;697.118813452422;0.0099009900990099;48;48
61;55.359999999986;1.48999999999978;56.9700000000303;NA;NA;-1541.89869759469;-1943.9998678755;5.38060788055897;23.9935184076726;88.49070812436;20.221544950702;3520.17452480067;3987.71890320858;804.202340561615;0.0099009900990099;48;48
62;56.5299999999697;2.11000000000058;58.8300000000163;NA;NA;-1513.82861492276;-1816.65542322234;5.13204831300037;15.3163719952552;89.0790715560373;32.3794205671369;3465.99806626119;3792.64369585729;605.653616599152;0.0099009900990099;47;47
63;55.3999999999651;1.9399999999996;57.609999999986;NA;NA;-1473.05238283198;-1824.67754785945;5.22933023497391;22.1615548803892;82.5933536603773;20.7969776309543;3351.64250725491;3751.4693575402;703.250330054938;0.0099009900990099;46;46
64;54.5300000000279;1.56999999999971;56.359999999986;NA;NA;-1540.82456891006;-1890.78783078464;5.24464975304757;19.975676424374;88.6110245106624;24.846206508353;3519.53313565287;3904.35672969187;699.926523749174;0.0099009900990099;49;49
65;54.859999999986;1.71000000000004;56.7299999999814;NA;NA;-1518.93952269151;-1915.35576998034;5.20749549225399;23.686681094536;88.7740365719043;20.3598959399708;3473.76426747146;3930.67970752625;792.832494577654;0.0099009900990099;46;46
66;56.2199999999721;2.09000000000015;58.4000000000233;NA;NA;-1573.851655855;-1907.58225828803;5.10008455962273;17.9032618973248;94.0815851629064;29.0550372686495;3611.65091652487;3958.44457425425;667.461204866064;0.0099009900990099;48;48
67;54.9400000000023;1.94999999999982;57.2900000000373;NA;NA;-1476.17466167037;-1790.09662710082;5.2620788941683;19.0358629900484;82.2561405027921;24.2182187303077;3357.11583918432;3699.36641204109;627.843930860894;0.0099009900990099;47;47
68;54.8600000000442;2.07000000000062;57.140000000014;NA;NA;-1504.74463843899;-1864.53110123518;5.24364921668833;22.5754950633306;85.0397916404795;20.6405419185956;3427.95360014894;3830.63030652249;719.572925592382;0.0099009900990099;47;47
69;54.4700000000303;2.13999999999942;56.8899999999558;NA;NA;-1524.87471698497;-1867.20001440994;5.19116661359995;20.1508903659177;87.249279747457;24.3738900167912;3480.00466713341;3854.59579161161;684.650594849938;0.0099009900990099;48;48
70;56.8400000000256;1.61000000000058;58.7199999999721;NA;NA;-1506.74617190832;-1958.98313337192;5.18147890190529;29.2856311001866;87.7623726396681;15.9935346682466;3446.27780877815;3996.83570850556;904.473922927188;0.0099009900990099;48;48
71;56.2400000000489;1.83999999999924;58.25;NA;NA;-1580.82632880903;-1891.50375042764;5.20354385236151;15.9194322527422;93.0306419810808;32.5410346315689;3621.37682463435;3943.81365806624;621.354843237209;0.0099009900990099;49;49
72;56.1399999999558;1.89999999999964;58.140000000014;NA;NA;-1490.05775589556;-1867.83687413511;5.13591063202111;22.7556544635155;85.7860222572699;20.1927113419185;3402.25189121408;3835.03816490032;755.558236479101;0.0099009900990099;47;47
73;56.0499999999884;1.61000000000058;57.9199999999837;NA;NA;-1550.07116027062;-1883.54165418585;5.26028284368594;18.4910848009103;90.0686278548418;27.0800990523768;3542.38405440572;3900.04802920043;666.940987830471;0.0099009900990099;46;46
74;55.6399999999558;1.80000000000018;57.5;NA;NA;-1521.03164530642;-1842.33469216297;5.31884929219163;18.8414824942715;85.4600635349252;25.6416452080334;3463.49530321871;3811.116869848;642.606093713098;0.0099009900990099;48;48
75;56.8499999999767;1.78999999999996;58.859999999986;NA;NA;-1558.97777674889;-1894.90619894852;5.20896781532746;18.1088722798807;90.4754177438009;28.0342491221279;3565.05271602384;3928.34763264494;671.856844399264;0.0099009900990099;49;49
76;55.5799999999581;1.5;57.25;NA;NA;-1556.29695000644;-1926.10822020222;5.26695296077359;22.6911979375026;88.7563453134793;21.7539107690232;3551.19602128973;3959.71648871829;739.622540391546;0.0099009900990099;49;49
77;59.5299999999697;1.6899999999996;61.2800000000279;NA;NA;-1556.74208051589;-1928.04696494524;5.15828203136342;20.0357042397247;92.0406473747982;25.4299617542635;3567.36722243223;3981.4975338582;742.609768858708;0.0099009900990099;48;48
78;57.0800000000163;1.96000000000004;59.1900000000023;NA;NA;-1493.65172587823;-1818.63018177084;5.12784372831247;17.0822142801117;87.6967446923314;28.1756451928257;3418.84212574439;3775.90724955693;649.956911785217;0.0099009900990099;47;47
79;59;1.89000000000033;61.1599999999744;NA;NA;-1553.03710257349;-1897.28686710163;5.18326268853174;18.6988565115712;90.8822571792404;26.9506810478086;3555.18182268641;3927.75436298732;688.499529056269;0.0099009900990099;49;49
80;58.7399999999907;1.75999999999931;60.6599999999744;NA;NA;-1505.0199167646;-1799.68098200834;5.13787425084355;16.4643081159267;86.8189893455206;29.2774173877826;3437.25924367469;3743.43045734148;589.322130487475;0.0099009900990099;47;47
81;59.6199999999953;1.91000000000076;61.7299999999814;NA;NA;-1575.91790950339;-1920.10916059326;5.31993661723691;18.5172060488498;92.119730790766;28.8008873934713;3606.10886704867;3982.24508125446;688.382502179744;0.0099009900990099;48;48
82;58.8399999999674;1.60999999999967;60.6999999999534;NA;NA;-1525.74963271876;-1799.85271730303;5.09769420133964;13.6278908215174;90.7524682350619;36.9760778777364;3499.02988682095;3782.0467794837;548.206169168552;0.0099009900990099;48;48
83;57.8000000000466;1.89000000000033;59.859999999986;NA;NA;-1481.35521891421;-1857.03811573762;5.31629284986035;24.009769418107;82.8676649142753;18.9234946833609;3370.48614671067;3807.19507906218;751.365793646839;0.0099009900990099;47;47
84;58.6499999999651;2.1899999999996;61;NA;NA;-1545.44814756676;-1930.99114659825;5.19787557145215;22.529938861676;90.3383283976529;22.0290474421777;3536.38465516166;3970.61485693843;771.085998062969;0.0099009900990099;48;48
85;59.929999999993;1.61999999999989;61.8600000000442;NA;NA;-1523.3401455876;-1836.96173784489;5.27559020546699;18.0956516473812;86.3188852578776;26.9428190048952;3471.43878608839;3806.50386311077;627.243184514572;0.0099009900990099;47;47
86;62.1300000000047;1.77000000000044;64.140000000014;NA;NA;-1616.32777978343;-2050.6146257158;5.34943933234172;25.514533182175;94.8349675643516;20.9335781173405;3702.25401997623;4204.88696658917;868.573691864742;0.0099009900990099;50;50
87;60;2.28999999999996;62.5499999999884;NA;NA;-1542.03507694219;-1827.37214669502;5.02509378654127;13.9353195519083;93.144324314658;36.8199238996187;3542.41531076867;3835.92799857457;570.674139505676;0.0099009900990099;47;47
88;59.0200000000186;1.96999999999935;61.4199999999837;NA;NA;-1490.95509939486;-1835.01671402352;5.14157061910992;21.5048490229844;84.8467924026662;21.1470399703834;3400.31796735867;3774.31651943198;688.123229257322;0.0099009900990099;48;48
89;60.820000000007;1.86000000000058;62.7600000000093;NA;NA;-1541.73155546682;-1869.52074271671;5.47876584127914;18.660151845954;85.3759739186453;25.8741370604622;3506.22305842811;3867.16358258887;655.57837449979;0.0099009900990099;50;50
90;61.0599999999977;1.92000000000007;63.2000000000116;NA;NA;-1597.21284968871;-1958.13513207289;5.34114615474706;19.0405274487966;93.7057387025539;27.7308904968998;3658.4325077984;4053.58652857418;721.844564768359;0.0099009900990099;50;50
91;61.1500000000233;1.96999999999935;63.4500000000116;NA;NA;-1489.20541377776;-1898.41570752252;5.08034407904097;24.1822202279195;88.3315216613784;19.4851118373523;3413.07311590863;3892.71387173483;818.420587489519;0.0099009900990099;47;47
92;59.960000000021;1.63000000000011;61.8800000000047;NA;NA;-1459.27449749481;-1829.39730618924;5.08409479446796;23.1836994296462;83.900721874951;19.3899200233844;3330.50598376776;3754.00014681223;740.245617388857;0.0099009900990099;46;46
93;62.1199999999953;1.69999999999982;63.9500000000116;NA;NA;-1602.63001859937;-1974.43356787208;5.62392285791902;21.884020201778;89.9117923882435;23.9215528367885;3650.48019557033;4067.3205361224;743.607098545425;0.0099009900990099;50;50
94;59.5300000000279;1.8700000000008;61.6499999999651;NA;NA;-1498.78621139774;-1817.43096105613;5.10499227695625;17.0882618932414;87.9891742940329;28.3022204309251;3429.60392952399;3773.82732364762;637.289499316781;0.0099009900990099;46;46
95;60.359999999986;1.81999999999971;62.429999999993;NA;NA;-1544.73163022208;-1859.78307508147;5.43893576483171;18.5020940374468;85.4764249486844;26.5551400958971;3510.07617155041;3850.23884485362;630.102889718788;0.0099009900990099;47;47
96;59.609999999986;2.25;62;NA;NA;-1514.25781794717;-1893.72326871646;5.19607095945424;22.4081732824914;87.2863188483336;21.4098811397717;3458.95352119006;3893.02578609215;758.930901538589;0.0099009900990099;48;48
97;60.140000000014;2.11999999999989;62.429999999993;NA;NA;-1524.2454080292;-1815.16027641989;5.20322703137477;16.040996684307;87.4298695602285;30.2898497033912;3479.63659768514;3779.68988155333;581.829736781378;0.0099009900990099;48;48
98;60.4699999999721;1.9399999999996;62.5599999999977;NA;NA;-1512.39184246858;-1840.88582596446;6.02632732118185;22.576110653606;75.9716323865901;20.2625492793079;3397.80842430932;3781.26184223399;656.98796699176;0.0099009900990099;46;46
99;61.0900000000256;1.94999999999982;63.25;NA;NA;-1553.23344774835;-1921.59194131034;5.50623551435037;20.9541127706572;87.261251677365;23.6454882051724;3534.92426361801;3959.28448225211;736.716987123977;0.0099009900990099;46;46
100;60.2700000000186;2.15000000000055;62.5800000000163;NA;NA;-1518.0502134599;-1872.45137090866;5.07025688224331;19.5686604712315;90.0877168640163;25.0966724284251;3480.35293807731;3868.66278520763;708.802314897516;0.0099009900990099;48;48
101;62.5800000000163;2.19000000000051;64.9699999999721;NA;NA;-1563.49576252268;-1898.51634421924;5.15548921488128;18.3539812731527;91.6007493131723;27.1486876094227;3578.70530271509;3930.91190155387;670.041163393126;0.0099009900990099;48;48
102;61.9400000000023;1.82999999999993;63.9199999999837;NA;NA;-1553.26255188537;-1932.79654038101;5.25634741593599;22.536270270154;89.2252345246511;22.2432379423263;3547.44430786502;3975.51120899401;759.067976991274;0.0099009900990099;49;49
103;60.1900000000023;2.0600000000004;62.3699999999953;NA;NA;-1545.40292874777;-1883.03557987108;5.19868572223153;18.6798616662494;89.7097137767742;26.5699830519466;3534.11918481498;3897.37051515967;675.265302246623;0.0099009900990099;49;49
104;59.1900000000023;1.89000000000033;61.2799999999697;NA;NA;-1498.49759297488;-1841.53273123081;5.20630450391583;20.5018545234488;85.2168033286561;22.834305833005;3417.22760152663;3795.66902330181;686.070276511867;0.0099009900990099;48;48
105;59;2.1299999999992;61.3499999999767;NA;NA;-1441.98442861736;-1823.34698307843;5.34012643103533;26.2566715318133;78.9059230942578;16.5635997927986;3271.40111941619;3728.02211854317;762.725108922132;0.0099009900990099;46;46
106;56.7199999999721;1.8700000000008;58.7299999999814;NA;NA;-1517.60675203341;-1865.64928874346;5.21049359694705;19.436018549911;87.7024872945413;25.3460948683213;3466.78043628659;3856.0217950775;696.085073420094;0.0099009900990099;47;47
107;57.859999999986;1.64999999999964;59.6900000000023;NA;NA;-1587.65303382356;-2001.39552855452;5.26603229383649;25.4267360765466;92.6196477174141;20.2642247299509;3633.93483179196;4103.13430579647;827.484989461922;0.0099009900990099;50;50
108;68.0300000000279;2.01000000000022;70.25;NA;NA;-1599.43259204506;-1977.68574229178;5.91784309888401;25.0542561601395;84.6294522204018;20.7166312029212;3617.07367538464;4057.74566818947;756.506300493452;0.0099009900990099;49;49
109;68.3699999999953;1.80999999999949;70.4200000000419;NA;NA;-1539.739713867;-1886.60517311231;5.14490548093454;18.3576942757048;90.8432060170305;27.282125355669;3528.39406839359;3908.02885426114;693.730918490626;0.0099009900990099;49;49
110;63.0599999999977;1.97000000000025;65.1599999999744;NA;NA;-1581.22818683299;-1964.6425962475;5.1206573505638;19.8831464450309;95.2107638835991;25.7508870281396;3633.91568116031;4056.79698706996;766.828818829016;0.0099009900990099;50;50
111;56.109999999986;1.86999999999989;58.1600000000326;NA;NA;-1542.60907975373;-1935.66247541878;5.12911833510466;22.717007894495;91.0546636323716;21.6008070509923;3533.2805014129;3977.61833338622;786.106791330107;0.0099009900990099;47;47
112;55.4700000000303;1.71999999999935;57.3999999999651;NA;NA;-1540.16108666211;-1901.59574307728;5.23622237646432;22.1661263321306;88.1953882062996;22.2263406137324;3515.24298214328;3912.79696818046;722.869312830336;0.0099009900990099;48;48
113;55.0999999999767;2.13000000000011;57.3099999999977;NA;NA;-1526.79566909435;-1879.94976793892;5.15534712403616;18.3124810090756;90.611451812275;27.3467926155651;3502.27603075874;3895.31384601286;706.308197689155;0.0099009900990099;50;50
114;56.0899999999674;1.32999999999993;57.5799999999581;NA;NA;-1571.21721403143;-1893.49464689025;5.329784775488;17.2205838392257;90.8080219875572;29.7668673887336;3589.2830942643;3933.46627564312;644.554865717651;0.0099009900990099;47;47
115;54.2599999999511;1.73000000000047;56.1699999999837;NA;NA;-1523.74135042983;-1913.96017770198;5.21467321734446;22.3219155838701;89.1374088457702;21.6927245611173;3487.04892693663;3934.89439909818;780.437654544303;0.0099009900990099;48;48
116;55.4700000000303;1.67999999999938;57.2600000000093;NA;NA;-1538.20388271772;-1895.82284247832;5.22578631189603;17.8998890820265;91.4859264312566;28.0645842094442;3529.42263225754;3930.61431514931;715.2379195212;0.0099009900990099;50;50
117;56.1700000000419;1.77999999999975;58.0800000000163;NA;NA;-1594.64586090689;-1952.36848304351;5.12737608952812;18.3764360518459;95.5707458242827;28.236000500329;3662.53356764247;4044.55440583123;715.445244273239;0.0099009900990099;50;50
118;55.4400000000023;1.82000000000062;57.4199999999837;NA;NA;-1559.93998243462;-1936.5016713908;5.11284192921667;19.2996341277253;94.5550273737706;26.7799935795961;3587.13709941045;4005.34049513174;753.123377912368;0.0099009900990099;49;49
119;55.3499999999767;1.36999999999989;56.859999999986;NA;NA;-1560.44281399031;-1904.93257379758;5.19427000922516;18.9526123073781;90.1133600538613;26.185876780062;3566.19363086664;3939.26638716474;688.979519614551;0.0099009900990099;49;49
120;53.640000000014;1.84000000000015;55.710000000021;NA;NA;-1489.50083263928;-1784.51658199795;5.06548630645105;15.7282792205034;86.5364676590742;30.0424780869379;3405.74178482532;3717.18262094865;590.031498717342;0.0099009900990099;48;48
121;53.75;1.78999999999996;55.8099999999977;NA;NA;-1508.00882466523;-1829.3320776802;5.18363616692908;18.2549774303545;87.6556150909504;26.8631321731989;3445.44807540888;3790.26834618113;642.646506029945;0.0099009900990099;45;45
122;55.7800000000279;2.14000000000033;58.109999999986;NA;NA;-1528.81028979951;-1903.69915123422;5.78106292580779;26.8836464924611;78.8633923530043;17.4757689184615;3446.52221137316;3893.57713457442;749.777722869415;0.0099009900990099;48;48
123;58.390000000014;2.03999999999996;60.789999999979;NA;NA;-1512.91151981213;-1853.25648009828;5.33838307199899;19.6069732008874;85.2782861705271;24.4921033377893;3446.35864755459;3827.29167221304;680.689920572295;0.0099009900990099;48;48
124;54.75;1.54999999999927;56.4499999999534;NA;NA;-1536.81360831869;-1884.22059558729;5.35464946899965;22.1064288394735;85.1435588079663;22.3041883927465;3494.37623885476;3878.66051473804;694.813974537196;0.0099009900990099;49;49
125;52.7199999999721;1.60000000000036;54.5200000000186;NA;NA;-1543.92113368895;-1902.42417441981;5.20977067466946;20.9130107189051;89.706994246089;23.2529288423172;3532.04831782368;3919.99089451456;717.006081461717;0.0099009900990099;50;50
126;54.7799999999697;1.93000000000029;56.8800000000047;NA;NA;-1525.51492917243;-1895.56055443473;5.1663458743864;21.7650213783908;88.2022862133384;22.5066785991379;3485.98468353213;3902.10903079198;740.091250524604;0.0099009900990099;48;48
127;55.1300000000047;1.76999999999953;57.0800000000163;NA;NA;-1490.03545385839;-1849.92338912321;5.54550822860595;25.8959751090957;79.0661165042077;17.5183369695999;3368.28972802684;3785.86274074498;719.775870529642;0.0099009900990099;46;46
128;54.8300000000163;1.64000000000033;56.640000000014;NA;NA;-1561.19474617273;-1854.9453645328;5.32044485065758;15.7718716653972;89.5342967812803;32.6421922757933;3562.97040381473;3870.51662709835;587.501236720129;0.0099009900990099;47;47
129;53.7300000000396;1.97999999999956;55.8500000000349;NA;NA;-1520.0524429125;-1858.81840207792;5.2105927241393;19.0123241647421;87.4501374401904;25.9136933781964;3471.35061511256;3845.42584973691;677.531918330852;0.0099009900990099;48;48
130;52.4500000000116;1.68000000000029;54.25;NA;NA;-1530.21837998225;-1844.96408214723;5.15397952858422;16.4412228458099;88.8993619753573;30.3129974155412;3498.82909770647;3839.4116420797;629.491404329955;0.0099009900990099;48;48
131;55.8000000000466;1.8100000000004;57.7999999999884;NA;NA;-1588.50179231174;-1979.74431789437;5.1928185272595;20.125282748637;96.7969806176858;26.3065128865299;3655.33965042432;4089.48601585974;782.485051165275;0.0099009900990099;49;49
132;54.820000000007;1.88999999999942;56.960000000021;NA;NA;-1566.60953581546;-1846.66329241084;5.23561989616095;14.7587037764528;90.8439034484497;34.8421605606444;3582.13715874721;3865.50408354352;560.107513190755;0.0099009900990099;49;49
133;53.3099999999977;1.72000000000025;55.2000000000116;NA;NA;-1502.75443067292;-1863.80017593845;5.67439023316778;25.8001612855129;77.7964296849257;17.4509234718764;3388.33000510675;3813.47296210136;722.091490531072;0.0099009900990099;47;47
134;54.6700000000419;1.89000000000033;56.75;NA;NA;-1542.72525772222;-1860.56664479351;5.09339961919463;17.015759516081;91.2181831067601;29.378515990761;3536.21815879816;3866.31141052026;635.682774142561;0.0099009900990099;49;49
135;54.4700000000303;2.07000000000062;56.8300000000163;NA;NA;-1523.54670334781;-1831.46827035143;5.1146105665592;16.5319631555269;88.8586418463981;29.7102592719266;3485.28493993089;3809.44771612333;615.843134007233;0.0099009900990099;48;48
136;55.1900000000023;1.60999999999967;56.9400000000023;NA;NA;-1542.11836730113;-1862.35179577387;5.25788936161234;16.1644359187381;90.1554880287405;31.2386855547149;3530.66361134499;3879.3895583221;640.46685694548;0.0099009900990099;50;50
137;54.1900000000023;1.85999999999967;56.2000000000116;NA;NA;-1491.34797196504;-1880.28934892913;5.1711968955793;24.0362770083753;86.1856102639514;19.2279624637542;3407.70586890351;3855.3981794293;777.882753928178;0.0099009900990099;48;48
138;56.7099999999627;1.97000000000025;58.8699999999953;NA;NA;-1523.21621489977;-1849.8435661915;5.08059553676194;17.9981703323841;89.811808371745;26.8207910703689;3489.3243443651;3831.94937854723;653.254702583452;0.0099009900990099;48;48
139;56;1.97999999999956;58.0300000000279;NA;NA;-1542.64386039724;-1933.38389047921;5.2805821893293;23.5379485810683;88.6581352468904;21.0521656163096;3522.4904892632;3970.58301533123;781.480060163931;0.0099009900990099;48;48
140;53.3699999999953;1.92000000000007;55.5;NA;NA;-1470.17490381917;-1872.72795919406;5.29597625042523;27.555954315154;81.4497883887687;16.2234882441807;3341.14842110112;3825.2885578882;805.106110749789;0.0099009900990099;47;47
141;54.3699999999953;1.80000000000018;56.359999999986;NA;NA;-1484.57759049361;-1784.99537193156;5.04607164045245;16.3788896320926;87.1862860829748;28.7209847927638;3397.24446406902;3711.01230059781;600.83556287589;0.0099009900990099;46;46
142;54.8999999999651;1.55999999999949;56.6700000000419;NA;NA;-1529.60773359598;-1882.11108254824;5.27939420985405;20.4454456248002;87.298891926989;23.8623278644564;3488.79638487546;3881.64405300143;705.006697904525;0.0099009900990099;47;47
143;56.4700000000303;1.85999999999967;58.4400000000023;NA;NA;-1523.85269376782;-1884.96234647365;5.88264509960823;25.8263019441493;79.2927509725671;18.1811658131606;3437.03699509058;3859.19518017896;722.219305411644;0.0099009900990099;46;46
144;54.929999999993;1.8700000000008;57.1199999999953;NA;NA;-1533.27790705463;-1856.61049631583;5.17964725483666;17.6000220227537;88.6558628332605;27.7168595137597;3503.74737655016;3849.90205048303;646.665178522398;0.0099009900990099;48;48
145;54.3800000000047;1.89999999999964;56.4700000000303;NA;NA;-1534.59326467428;-1886.28808079222;5.25790276384575;21.1764439164214;86.1866240392209;22.5205173852316;3495.09000696225;3883.86450567441;703.389632235877;0.0099009900990099;49;49
146;55.4700000000303;1.51000000000022;57.140000000014;NA;NA;-1547.21251640832;-1932.9708614865;5.29802524888867;23.0201172111657;90.3399544863645;21.2763983581432;3539.92141162933;3970.86272361575;771.516690156368;0.0099009900990099;48;48
147;56.4900000000489;1.71999999999935;58.4100000000326;NA;NA;-1523.29971397744;-1896.42983860222;5.1376497047378;21.5284750974939;89.207296074251;22.650049749481;3486.51029121249;3904.55460998022;746.260249249573;0.0099009900990099;48;48
148;54.6300000000047;1.6200000000008;56.3800000000047;NA;NA;-1475.51316972534;-1788.17913931633;5.02673262287163;17.1001811190586;87.1394869213666;27.4713336251726;3378.88583616994;3711.2439819382;625.331939181972;0.0099009900990099;46;46
149;58.9400000000023;1.6899999999996;60.7399999999907;NA;NA;-1606.48447789291;-1972.08465684881;5.21922655955962;18.2297023828605;97.3431677163817;29.425563305468;3694.00408292427;4089.57992563709;731.20035791179;0.0099009900990099;49;49
150;53.9199999999837;1.71000000000004;55.859999999986;NA;NA;-1475.39631029542;-1828.82531493018;5.3159578235035;22.9200223003332;81.6459225334576;19.8570701259121;3350.78118110381;3754.93167769731;706.858009269529;0.0099009900990099;45;45
151;55.4500000000116;1.89999999999964;57.5299999999697;NA;NA;-1561.7108213049;-1882.11235115585;5.41010623305868;18.4204486495153;88.1649713949175;27.4261014018441;3558.19245600985;3899.47193515502;640.80305970191;0.0099009900990099;48;48
152;55.5;1.86999999999989;57.4499999999534;NA;NA;-1529.00415765344;-1879.82681827613;5.28362969446643;20.6539377880969;87.3075404013483;23.5095180531442;3489.45096076786;3875.82926829878;701.64532124538;0.0099009900990099;49;49
153;56.1300000000047;1.82999999999993;58.0899999999674;NA;NA;-1512.04884211445;-1888.36421193692;5.36874192730047;22.9556645117676;84.993343537753;20.3073646812163;3442.33344539381;3876.65702735242;752.630739644946;0.0099009900990099;47;47
154;56.8300000000163;1.77000000000044;58.890000000014;NA;NA;-1542.33303507907;-1896.1713365118;5.17188504081125;19.9735150068621;89.6986986184097;24.7820565865556;3526.0559711862;3914.29036761107;707.676602865452;0.0099009900990099;47;47
155;57.2700000000186;1.96000000000004;59.4400000000023;NA;NA;-1505.45960831855;-1868.22217486375;5.19041171886275;20.9132385932243;87.5934775884568;22.5715074567064;3441.94973323298;3847.51436072903;725.525133090405;0.0099009900990099;47;47
156;56.210000000021;1.89999999999964;58.3299999999581;NA;NA;-1496.64184390149;-1896.30934298601;5.2255034463959;25.3041454288979;85.8316187880553;18.5907391973163;3416.54796300783;3884.29580756173;799.33499816904;0.0099009900990099;48;48
157;58.3500000000349;1.84000000000015;60.2799999999697;NA;NA;-1488.81123252843;-1811.57796443234;5.14887247961711;19.5519807755877;84.2632123680956;23.6348336292608;3392.26539232701;3739.45836175519;645.533463807805;0.0099009900990099;47;47
158;55.2699999999604;1.98999999999978;57.4899999999907;NA;NA;-1474.1288305591;-1775.14821047589;5.23920333338413;17.6465635777365;82.045931062392;25.6773560153883;3351.98977707056;3676.64971040707;602.038759833587;0.0099009900990099;47;47
159;56.8499999999767;1.88999999999942;59;NA;NA;-1535.97341852486;-1771.99058286946;5.03807778185157;11.835995649229;91.5786264779919;43.1425841694849;3523.55151965716;3756.73160522501;472.03432868921;0.0099009900990099;48;48
160;58.0599999999977;1.71000000000004;60.070000000007;NA;NA;-1579.67606771625;-1949.91666813232;5.64244610957152;23.6004523592888;85.4787131695456;21.390104655562;3581.75737066118;4005.53558485463;740.481200832148;0.0099009900990099;49;49
161;59.4400000000023;2.14000000000033;61.8399999999674;NA;NA;-1488.52643746136;-1888.37731835589;5.20596051928776;25.7862897964024;85.2469991314531;18.0057830690163;3397.43419605171;3865.54714497173;799.701761789067;0.0099009900990099;48;48
162;57.9400000000023;1.80000000000018;59.8999999999651;NA;NA;-1546.42293437153;-1988.18117461082;6.08938763380575;33.4146974534526;76.5614813648982;14.1147733868178;3469.59007130921;4045.81841184239;883.516480478565;0.0099009900990099;47;47
163;61.6000000000349;2.07999999999993;63.9199999999837;NA;NA;-1619.63348102567;-1974.54039126335;5.18228060493723;18.6155173280013;97.7603844980954;29.3303043539902;3723.35133755535;4094.31693456761;709.813820475354;0.0099009900990099;50;50
164;56.7800000000279;1.77999999999975;58.7799999999697;NA;NA;-1516.78864643347;-1844.25409556267;5.23143593913208;19.1495961231584;87.249504641663;25.2413547580056;3463.83363505857;3812.98171123006;654.930898258403;0.0099009900990099;48;48
165;60.0900000000256;2.32000000000062;62.640000000014;NA;NA;-1592.50586507737;-2030.9277071073;5.36870631315546;28.1683308971611;92.3870669539948;18.6300897282231;3642.48881395184;4154.10684507765;876.843684059871;0.0099009900990099;50;50
166;59.3400000000256;2.14999999999964;61.7800000000279;NA;NA;-1468.20975809995;-1800.99274762317;5.08860852211122;19.6704375011627;84.183647861743;23.3854823720035;3349.76568656029;3716.80945246394;665.56597904644;0.0099009900990099;46;46
167;57.4799999999814;2.02999999999975;59.7299999999814;NA;NA;-1481.38542538819;-1774.84968990531;5.16322637652296;16.8715978746878;84.3112200479213;27.6164292944015;3375.81687310825;3684.99402107638;586.92852903424;0.0099009900990099;45;45
168;58.179999999993;2.19999999999982;60.6300000000047;NA;NA;-1545.5548534508;-1868.61544779424;5.43209780729298;18.0061487111323;87.2377908155946;27.307166358647;3521.30828431878;3871.89162015471;646.121188686885;0.0099009900990099;48;48
169;57.429999999993;1.93000000000029;59.6599999999744;NA;NA;-1468.68676072554;-1773.41158113931;5.19803260624094;18.1433659465719;82.6225579318844;25.021309817138;3343.94310640551;3669.94817561647;609.449640827543;0.0099009900990099;47;47
170;56.4400000000023;1.81999999999971;58.2999999999884;NA;NA;-1447.5433282702;-1729.6566016335;5.15933294486967;16.3492644149085;81.1026052516248;27.5688565351177;3291.50216760047;3594.06500709381;564.226546726602;0.0099009900990099;44;44
171;56.570000000007;2.0600000000004;58.820000000007;NA;NA;-1493.36971299795;-1825.66361026508;5.3344010618131;20.0464824130961;82.8921052716019;23.027164704242;3393.74405382337;3764.39181901831;664.587794534246;0.0099009900990099;46;46
172;55.9900000000489;1.96000000000004;58.2199999999721;NA;NA;-1502.63919311685;-1854.11906507124;5.22860574578468;22.1385829841687;84.1458360602275;20.8876081305213;3418.4388986457;3810.7973925175;702.959743908772;0.0099009900990099;46;46
173;59.5300000000279;1.69999999999982;61.570000000007;NA;NA;-1524.53517721499;-1939.29227003081;5.17683751026974;25.5217560925597;88.7955967728457;19.1647686433724;3487.86644238359;3973.28997380921;829.514185631637;0.0099009900990099;49;49
174;59.3400000000256;1.84000000000015;61.3600000000442;NA;NA;-1605.22750005923;-1966.79226781536;5.49888827874828;20.1740154876654;91.4791205117947;25.8084923805374;3661.5689856931;4060.85480008363;723.129535512248;0.0099009900990099;48;48
175;58.6500000000233;2.17999999999938;61.0300000000279;NA;NA;-1555.62628415703;-1929.45272612872;5.18730511810916;20.835303340864;91.5124099158005;24.0800876347216;3563.4741753492;3977.90063485334;747.652883943379;0.0099009900990099;49;49
176;56.75;2.09000000000015;58.9199999999837;NA;NA;-1609.27776221934;-2012.28123179814;5.65332402405664;25.3153842799599;88.4823192222982;20.5856932615599;3655.80350675844;4126.28959871643;806.00693915761;0.0099009900990099;49;49
177;57.6999999999534;2.13999999999942;60.0900000000256;NA;NA;-1512.76969604741;-1840.58540831148;5.1989435739048;19.0448645352785;86.8171670740222;25.0124343703017;3453.66373386755;3804.51545411601;655.631424528133;0.0099009900990099;48;48
178;59.0100000000093;1.67000000000007;61;NA;NA;-1580.69592035864;-1954.62572277791;5.99719137935258;24.4638351323898;80.0350435820305;20.0886279386965;3556.89640737763;4008.52226158969;747.859604838532;0.0099009900990099;49;49
179;56.570000000007;2;58.7799999999697;NA;NA;-1559.99265421648;-1874.55145319773;5.16490584312692;16.4060838342305;91.3210377362469;30.9785797906614;3570.31973523473;3901.86859236426;629.117597962496;0.0099009900990099;48;48
180;58.7000000000116;2.26999999999953;61.2799999999697;NA;NA;-1556.45644203495;-1883.09199120911;5.09000865333113;17.1319178349081;93.221271931488;29.8082504576094;3571.63668525449;3912.86460233753;653.271098348324;0.0099009900990099;47;47
181;56.7299999999814;2.17000000000007;59.0599999999977;NA;NA;-1547.63279191422;-1898.63004043869;5.15207710422481;19.0967260564808;91.2950362594852;26.3895991169253;3546.41300798198;3927.66804338923;701.994497048933;0.0099009900990099;49;49
182;59.1300000000047;2.19000000000051;61.6699999999837;NA;NA;-1585.73831878548;-1966.15238315036;5.24821751497495;20.8080393655896;93.7362079723177;24.8569173679372;3634.68745942149;4055.13876366142;760.82812872977;0.0099009900990099;49;49
183;59.5200000000186;1.84000000000015;61.6999999999534;NA;NA;-1547.96691064953;-1924.97045677487;5.34160396497243;21.8007513337464;89.302581411118;22.6633885116927;3537.23524604877;3961.93527565919;754.007092250669;0.0099009900990099;49;49
184;57.5900000000256;2.21000000000004;59.9199999999837;NA;NA;-1543.54678947383;-1899.90627206013;5.25504564403761;20.5093926090295;88.9580463120911;24.1420719379068;3526.69243443593;3919.11403097831;712.718965172599;0.0099009900990099;49;49
185;56.539999999979;1.92000000000007;58.640000000014;NA;NA;-1491.80154211494;-1838.41574164466;5.16549572442588;21.5976668150255;85.3765489023407;21.7007399416575;3401.86822028756;3783.14478666062;693.228399059442;0.0099009900990099;45;45
186;58.4799999999814;1.71999999999935;60.3400000000256;NA;NA;-1556.08133558095;-1926.17122336371;5.17440809042118;19.6106830622774;92.4657789019306;26.1739702813958;3569.0954868233;3981.68484863808;740.179775565514;0.0099009900990099;49;49
187;56.9699999999721;1.78999999999996;58.9199999999837;NA;NA;-1536.59449184743;-1891.8373173235;5.25613146465167;19.884487184784;88.762160855284;24.6259875333437;3510.9047370561;3905.11357418561;710.485650952132;0.0099009900990099;48;48
188;57.7400000000489;2.40999999999985;60.359999999986;NA;NA;-1503.60297745709;-1857.53438846231;5.24851958966984;19.6243608679652;86.6115526500199;24.6684242919522;3433.4046093084;3836.45730902655;707.862822010433;0.0099009900990099;47;47
189;56.1600000000326;1.92000000000007;58.2700000000186;NA;NA;-1512.44206349116;-1855.25850201684;5.3534943160058;20.1131439335389;85.0994972785649;24.1429505566348;3443.64225011983;3829.31978178693;685.632877051372;0.0099009900990099;47;47
190;58.8400000000256;1.89999999999964;60.9700000000303;NA;NA;-1581.98514753397;-1944.56542441195;5.22053927277008;19.6636613530144;93.4124568749811;26.1367657017119;3626.52484702455;4018.55341571913;725.160553755952;0.0099009900990099;50;50
191;56.2199999999721;2.02000000000044;58.5599999999977;NA;NA;-1493.83726711326;-1824.91168699227;5.10722465942595;17.6741046726449;87.5432176385213;26.8849398528258;3418.45773135546;3782.11894932244;662.14883975802;0.0099009900990099;47;47
192;57.039999999979;1.80000000000018;59;NA;NA;-1506.92931274444;-1840.45587119756;5.07309373784786;18.1030369187065;89.0808273267701;26.1561234235452;3452.20810171183;3809.62095342069;667.053116906233;0.0099009900990099;47;47
193;57.4099999999744;2.03999999999996;59.6300000000047;NA;NA;-1565.96293251389;-1903.67926390598;5.2049759234184;18.0736405116338;92.4732341227518;28.2219806339115;3587.94215563818;3946.53050600049;675.432662784169;0.0099009900990099;48;48
194;57.8099999999977;1.88999999999942;59.929999999993;NA;NA;-1525.02324730781;-1839.75749345155;5.44655422330945;17.7348228760747;85.2714672079564;27.4546235590888;3469.6508484263;3814.61386528327;629.46849228747;0.0099009900990099;47;47
195;58.5;1.99000000000069;60.7000000000116;NA;NA;-1585.19615551654;-2020.49698334795;5.73474660290352;30.3824729618582;85.4608258889593;16.5451610507174;3593.57242374347;4122.92136495614;870.601655662809;0.0099009900990099;50;50
196;56.039999999979;1.80999999999949;57.9899999999907;NA;NA;-1440.18737834577;-1795.5762135054;5.04782198322939;22.8602559762922;82.6788366882301;19.0838247858455;3286.33222447742;3684.85501761383;710.777670319275;0.0099009900990099;46;46
197;58.7800000000279;1.85999999999967;60.8300000000163;NA;NA;-1524.65881358812;-1867.14400056403;5.26051901646483;18.830787063996;87.8109121442738;25.505944160612;3483.24775579641;3860.32925682085;684.970373951826;0.0099009900990099;49;49
198;58.1500000000233;1.91000000000076;60.2099999999627;NA;NA;-1558.50595392126;-1956.79223037879;5.19770487239947;23.3925587751167;91.6229277035606;21.2153904406679;3568.83505453576;4018.20461105709;796.572552915064;0.0099009900990099;48;48
199;59.2000000000116;1.80999999999949;61.1900000000023;NA;NA;-1594.67634816617;-1937.77076508494;5.39092328924298;19.2115699092594;91.8055576665732;27.3734063815532;3643.02293472878;4010.8111163963;686.188833837548;0.0099009900990099;49;49
200;55.9400000000023;1.90000000000055;57.9799999999814;NA;NA;-1454.99040634796;-1743.99150288894;5.26892145462146;16.1329031340429;81.7709415794129;27.7778565878638;3311.48046740468;3624.37375306732;578.002193081968;0.0099009900990099;46;46
201;58.609999999986;1.64999999999964;60.5899999999674;NA;NA;-1566.40018245863;-1906.3385564182;5.39477742812548;19.8306251546289;88.8568134574669;26.0237175156473;3571.89896383657;3941.27701930573;679.876747919141;0.0099009900990099;49;49
202;56.7200000000303;1.72999999999956;58.609999999986;NA;NA;-1491.70770092748;-1814.04747731212;5.30441115236394;19.5065092660992;83.2593933085851;23.7505425252807;3393.11873019946;3744.96676855316;644.67955276928;0.0099009900990099;47;47
203;61.179999999993;2.1200000000008;63.5499999999884;NA;NA;-1555.89766198597;-1889.40783103193;5.39534968726642;18.5977186336111;87.8002213473952;26.4835421775894;3546.55952358386;3909.95537721527;667.020338091929;0.0099009900990099;50;50
204;60.359999999986;1.71000000000004;62.3399999999674;NA;NA;-1577.39443826217;-1946.59519183346;5.15578808993122;19.8221226011694;94.0595457936814;26.5265238556739;3619.59751826976;4024.27497927647;738.401507142578;0.0099009900990099;49;49
205;58.1399999999558;1.94999999999982;60.2700000000186;NA;NA;-1514.63107059906;-1875.62150694014;5.10200619616328;20.1289507079981;89.7230123679352;23.5703992941648;3472.64118539981;3867.71949895017;721.980872682171;0.0099009900990099;49;49
206;58.929999999993;2.01000000000022;61.3099999999977;NA;NA;-1531.67037860491;-1976.30855877339;5.27824571395113;31.030653228206;86.9916200542374;15.2825792184877;3493.22223728135;4028.13815933975;889.276360336969;0.0099009900990099;49;49
207;56.7299999999814;1.88000000000011;59;NA;NA;-1563.28392512023;-1892.02088844735;5.24908159989953;17.8490846602009;90.2081845858693;29.1164963267837;3572.34444205656;3927.92509034087;657.473926654236;0.0099009900990099;49;49
208;59.109999999986;1.76000000000022;61.1599999999744;NA;NA;-1611.9354016426;-2044.59124023211;5.2785015261652;24.2309556043521;96.696044374688;22.1733223005859;3702.6848392073;4198.97909116534;865.311677179031;0.0099009900990099;50;50
209;58.3300000000163;1.82999999999993;60.2199999999721;NA;NA;-1585.2105743647;-1974.10484656422;5.37237227908378;21.8789674906323;91.8434108399139;23.4673678567097;3624.27844397306;4064.17703367613;777.788544399029;0.0099009900990099;49;49
210;56.5900000000256;1.73999999999978;58.5599999999977;NA;NA;-1526.51875640508;-1849.22501185496;5.35650553533514;18.2271536189409;85.8462496327037;26.7397282484239;3475.47025946801;3830.0310409028;645.412510899744;0.0099009900990099;47;47
211;58.4100000000326;1.75;60.2999999999884;NA;NA;-1589.31291609656;-1948.51346423619;5.22163694577943;19.8194453357079;93.3109015465319;26.1917934120692;3639.73494176738;4026.45740592167;718.401096279258;0.0099009900990099;49;49
212;56.8899999999558;1.89000000000033;59.0299999999697;NA;NA;-1543.29439492193;-1890.52845178405;5.23272662772793;18.6425347131143;90.6276370290857;26.7545108794363;3533.50382700943;3912.9923000542;694.468113724242;0.0099009900990099;48;48
213;58.8800000000047;2.03999999999996;61.0799999999581;NA;NA;-1576.11113064959;-1932.55427528535;6.86221209487855;26.1987764544228;70.6856596855025;18.8440913415077;3500.7967719121;3958.03503589369;712.886289271512;0.0099009900990099;48;48
214;56.6300000000047;1.82999999999993;58.5900000000256;NA;NA;-1544.12744512282;-1934.00620956451;5.23655650324224;21.4871030905799;91.5264775824614;23.2070617388925;3539.60240929516;3982.45416338648;779.757528883376;0.0099009900990099;48;48
215;59.0099999999511;1.90999999999985;61.2700000000186;NA;NA;-1557.00059070207;-1882.20661196655;5.05899170970409;15.6948859559256;95.7023229165118;33.433633520991;3585.94118342953;3929.28559683651;650.412042528973;0.0099009900990099;48;48
216;58.8899999999558;1.76000000000022;60.8300000000163;NA;NA;-1565.49424287613;-1919.69419841642;5.17727824844411;19.1101620463351;92.6976166331097;26.6076988539228;3590.00333199015;3971.14290403357;708.399911080585;0.0099009900990099;50;50
217;57.8099999999977;1.59999999999945;59.5799999999581;NA;NA;-1511.78771729135;-1901.87415756239;5.42782243283369;25.9162006111964;83.0852995078735;18.3105242875098;3433.29669549957;3894.04360374459;780.172880542078;0.0099009900990099;48;48
218;56.4500000000116;1.86999999999989;58.6399999999558;NA;NA;-1503.51051398214;-1849.93158250816;5.21203980266889;21.1868909028326;85.0253294076121;22.5573445786546;3425.4141853919;3810.86348324151;692.842137052037;0.0099009900990099;47;47
219;57.6500000000233;1.95000000000073;59.7199999999721;NA;NA;-1520.08860147911;-1851.92184882405;5.16377500175437;17.7703457352721;89.0131443218424;27.6869951190407;3478.19362423939;3840.086031412;663.666494689876;0.0099009900990099;47;47
220;57.9500000000116;1.85999999999967;60.0599999999977;NA;NA;-1551.02382048838;-1894.3569881985;5.36855765819077;20.3397403064878;87.2874695576724;24.1775252033312;3533.39110350516;3908.19066061548;686.666335420245;0.0099009900990099;49;49
221;57.25;1.78000000000065;59.2199999999721;NA;NA;-1556.46161986311;-1909.44467546614;5.10934850033395;18.3637040756807;92.6906598843205;27.5842233116893;3570.01172912164;3954.91633553268;705.966111206065;0.0099009900990099;48;48
222;58.9699999999721;1.9399999999996;61.1699999999837;NA;NA;-1583.97135727891;-1894.83962253675;5.19401998080582;15.9799611639058;93.8422843919455;32.7919891424515;3630.71024763681;3951.38745602055;621.736530515682;0.0099009900990099;48;48
223;57.9699999999721;2.15000000000055;60.1399999999558;NA;NA;-1614.81529636941;-1994.62517615603;5.20521772908546;19.7660083935888;97.6148583940066;27.3385061687252;3712.99436026264;4124.6236300855;759.619759573225;0.0099009900990099;50;50
224;55.25;1.73999999999978;57.1499999999651;NA;NA;-1440.65482485035;-1783.53300079017;5.20358594781486;21.0882846822739;80.5818813797948;21.3175097198176;3276.97095584268;3671.73610353148;685.756351879638;0.0099009900990099;46;46
225;56.9400000000023;1.65999999999985;58.5599999999977;NA;NA;-1545.14358836801;-1879.37381789727;5.26393339110546;19.6183315415247;88.8081741800667;25.7586931255273;3527.29497969847;3885.50116939548;668.460459058521;0.0099009900990099;47;47
226;58.6300000000047;2.01999999999953;60.7800000000279;NA;NA;-1515.78407688637;-1897.39869148824;5.54012258374776;24.8450446909334;83.0468454222917;18.9847314842961;3441.09978479688;3888.41741164564;763.22922920374;0.0099009900990099;48;48
227;59.5500000000466;2.07000000000062;61.9400000000023;NA;NA;-1537.23901361891;-1967.98394336797;5.28249098091348;28.9699116347259;87.3295892816943;16.5505534100392;3505.12929343994;4017.58417327759;861.489859498115;0.0099009900990099;48;48
228;54.2099999999627;1.84999999999945;56.179999999993;NA;NA;-1460.7820021238;-1833.45145480431;5.22771150541583;24.6246075134707;82.6323072358838;18.5271224372853;3326.38492607137;3757.66845924279;745.338905361034;0.0099009900990099;45;45
229;56.4199999999837;2;58.640000000014;NA;NA;-1473.26467689189;-1892.46251854896;5.2660197019894;30.3741710599258;82.5069192532518;14.8309448129105;3351.64269785715;3857.74576175114;838.395683314147;0.0099009900990099;46;46
230;55.6699999999837;2.06999999999971;58.1499999999651;NA;NA;-1512.81503873856;-1845.01608828806;5.13265547958559;18.9449315224414;87.4344193288655;25.1481602361545;3456.79829552708;3814.04612348042;664.402099099003;0.0099009900990099;48;48
231;55.5999999999767;1.82000000000062;57.640000000014;NA;NA;-1475.88694841383;-1740.66958616447;5.11313882957729;14.3826957538019;84.8418734902096;32.8030106433099;3367.41962407958;3642.04320506655;529.56527550128;0.0099009900990099;45;45
232;58.570000000007;1.6899999999996;60.5300000000279;NA;NA;-1668.62684549951;-2045.5183489015;7.42810125561968;30.5123564598823;68.9339305462861;17.010577002974;3678.59685255529;4175.2687166082;753.783006803972;0.0099009900990099;50;50
233;57.1199999999953;2.02999999999975;59.3899999999558;NA;NA;-1443.67828301215;-1766.71688598797;5.40800421879575;23.9679170212928;75.4754534260861;18.1553419243301;3257.11560644169;3622.37794526222;646.077205951646;0.0099009900990099;45;45
234;56.8199999999488;1.97000000000025;59.0599999999977;NA;NA;-1512.29220220335;-1829.69274377645;5.18863979444816;18.5500723253796;85.8848919603218;25.7616139396622;3447.20730246501;3786.15339391376;634.801083146192;0.0099009900990099;47;47
235;58.25;1.92000000000007;60.320000000007;NA;NA;-1585.6242144696;-2030.00050358669;5.56872794624242;30.3071792955184;88.9274772399129;16.6485615436161;3610.69622300358;4142.27224517273;888.752578234177;0.0099009900990099;49;49
236;59.1600000000326;1.97000000000025;61.3099999999977;NA;NA;-1551.22440215713;-1951.10867068068;5.25035435972614;25.4081804140761;89.8987562151189;19.5260036778733;3547.60441089671;3998.90510854866;799.768537047104;0.0099009900990099;50;50
237;57.0200000000186;1.92000000000007;59.1600000000326;NA;NA;-1584.92300608923;-1943.70485988937;5.61961262278807;21.950060314537;87.056496269354;23.2564034429227;3599.1505658571;4002.09478439866;717.563707600283;0.0099009900990099;48;48
238;58.3499999999767;1.82999999999993;60.3000000000466;NA;NA;-1552.65207467608;-1830.58559101015;5.09212570038566;14.0191108482365;92.2613466314885;36.3037478250908;3560.27555223144;3840.197043671;555.867032668124;0.0099009900990099;48;48
239;58.7399999999907;1.84999999999945;60.710000000021;NA;NA;-1558.10978489479;-1874.65899908244;5.14003711622789;16.2425505988045;92.2745836929778;31.0004102821679;3573.13966529901;3902.82408684135;633.098428375287;0.0099009900990099;50;50
240;55.9499999999534;1.89000000000033;58.0100000000093;NA;NA;-1494.8245180502;-1811.27336328137;5.25089411548355;19.5217494869817;83.8150632223045;24.0409108683378;3400.26435462846;3740.32467594785;632.897690462336;0.0099009900990099;45;45
241;57.1000000000349;1.93000000000029;59.109999999986;NA;NA;-1500.04895362173;-1856.6098468635;5.25796845313247;21.1697777327867;85.0267805088043;22.7411393299242;3419.39325706003;3825.36381953664;713.121786483543;0.0099009900990099;48;48
242;57.5900000000256;1.8799999999992;59.6100000000442;NA;NA;-1519.86151011927;-1936.10759434652;5.34016060414727;27.5391442377885;86.1340453203376;17.3462724683402;3464.47866131527;3957.75543070977;832.492168454509;0.0099009900990099;48;48
243;59.4700000000303;2.02000000000044;61.7000000000116;NA;NA;-1599.01554936655;-1977.8104670109;5.46303754929993;21.7505952787618;91.8285004973009;24.098855157198;3652.74230455463;4074.95229006163;757.589835288699;0.0099009900990099;50;50
244;56.2999999999884;1.64000000000033;58.0200000000186;NA;NA;-1501.54603823846;-1918.66904145659;5.242756467203;27.4819679317873;85.8246817870828;16.9584182126034;3426.32214302148;3920.96568652511;834.246006436263;0.0099009900990099;48;48
245;58.0599999999977;2.14000000000033;60.390000000014;NA;NA;-1562.32280365418;-2010.69236587797;5.18722533212842;27.1999098972155;92.2009791741734;18.3779730956453;3581.2012320999;4112.38774565273;896.739124447579;0.0099009900990099;50;50
246;58.25;1.82999999999993;60.2300000000396;NA;NA;-1602.6588269149;-1954.69475452168;5.11188165536307;18.1265283583614;97.3425041097199;29.3424013255595;3687.33279272146;4054.68556218796;704.071855213555;0.0099009900990099;50;50
247;60.3800000000047;1.81999999999971;62.4800000000396;NA;NA;-1566.35761165241;-1907.5545640988;5.30235589461315;19.1739595422453;90.4229770236767;26.646097599534;3580.46663701345;3947.05377614792;682.393904892767;0.0099009900990099;50;50
248;56.6399999999558;1.75;58.5100000000093;NA;NA;-1524.39888610923;-1907.106538038;5.0825851754713;22.002316501591;90.7766755783488;21.9575071379541;3496.44776806734;3922.49285077069;765.415303857537;0.0099009900990099;48;48
249;57.0599999999977;1.93000000000029;59.1699999999837;NA;NA;-1503.47677644268;-1862.94141008683;5.08868607584006;20.3086730575053;88.4705141648866;23.439351412372;3442.29979639403;3841.22332298387;718.929267288298;0.0099009900990099;47;47
250;56.6300000000047;1.67999999999938;58.4799999999814;NA;NA;-1500.80245640168;-1821.4852349587;5.10619849204086;17.2831980170732;87.5267793427884;28.1358173780185;3431.36603582737;3781.11882364831;641.365557114038;0.0099009900990099;46;46
