1;48.9400000000023;1.92000000000007;50.9800000000105;NA;NA;-1738.7090073806;-1993.69427573089;4.9248874518931;26.7054935647312;37.1201544539976;6.96320283216285;3651.11733010904;4019.97202484345;509.970536700594;0.0099009900990099;29;29
2;51.6600000000035;1.93000000000029;53.640000000014;NA;NA;-1683.45133704718;-1919.58416938791;6.04618689305908;26.8135940696597;30.121828222834;7.13422376405729;3508.36474868114;3872.67301474581;472.26566468146;0.0099009900990099;30;30
3;48.9300000000221;1.56999999999971;50.7799999999988;NA;NA;-1631.69942443263;-1826.79841421787;4.86774806230671;14.8606100589437;33.5745356391636;11.3360713508812;3420.50686577483;3706.64261613101;390.197979570481;0.0099009900990099;29;29
4;49.1600000000035;2.39000000000033;51.6300000000047;NA;NA;-1580.75336433321;-1782.50096065274;4.68974555470492;17.7553787835669;29.7702522359905;7.83927987226016;3298.60380669295;3601.10313925282;403.495192639052;0.0099009900990099;25;25
5;43.390000000014;1.60000000000036;45.1900000000023;NA;NA;-1667.65137732417;-1883.55728651696;7.07815237777871;30.5553341252245;25.1762452814405;6.68701997568294;3455.11430392412;3798.93751622375;431.811818385576;0.0099009900990099;34;34
6;47.2099999999919;1.80999999999949;49.2699999999895;NA;NA;-1497.99049095746;-1713.70989746676;4.74248111955978;20.8246154922927;28.7772420992597;6.48246057351975;3127.91770705576;3457.14031561353;431.438813018594;0.0099009900990099;24;24
7;49.2999999999884;1.77000000000044;51.1600000000035;NA;NA;-1646.61569815335;-1904.54243151772;4.84082978249781;27.1542294034949;32.6579238240955;5.83107263701387;3445.47723322362;3836.26835879369;515.853466728735;0.0099009900990099;28;28
8;49.0400000000081;1.81999999999971;51.0499999999884;NA;NA;-1612.41755560871;-1860.70201532619;5.02005107148843;25.5126946199168;31.4046088249167;6.52739207649922;3371.2382009959;3751.83365241659;496.568919434959;0.0099009900990099;28;28
9;50.789999999979;1.93000000000029;52.8899999999849;NA;NA;-1675.73644281196;-1943.37993967678;4.9382823111708;24.6072421481032;37.194430378309;7.53444061442609;3526.76004010328;3922.26763259682;535.28699372965;0.0099009900990099;31;31
10;47.5400000000081;1.86000000000058;49.5800000000163;NA;NA;-1566.08404614001;-1773.78075372018;4.68950233260786;24.00283286591;26.328338604269;5.07416854432694;3252.31692265025;3570.71737097076;415.393415160342;0.0099009900990099;23;23
11;48.6900000000023;2.09000000000015;50.9700000000012;NA;NA;-1634.37735052631;-1854.06529131136;4.76550938195655;28.7679584154481;29.4164131005719;5.05604045096991;3404.79915599219;3731.51366012279;439.375881570107;0.0099009900990099;26;26
12;46.4700000000012;1.57999999999993;48.3399999999965;NA;NA;-1515.42929257805;-1719.31486665586;4.60095713969064;18.455534899109;25.3288156393017;6.40804232926408;3145.29400938507;3467.58122685446;407.771148155615;0.0099009900990099;21;21
13;49.7700000000186;1.71000000000004;51.5899999999965;NA;NA;-1614.55228049312;-1805.75222017601;5.71264611408559;16.9694265592921;27.4910245379922;8.85607194310409;3356.76327650604;3652.62894508792;382.399879365771;0.0099009900990099;27;27
14;35.0199999999895;1.33999999999924;36.5299999999988;NA;NA;-1584.5297976683;-1828.77318957178;5.3281218463116;27.8126515541065;29.226793160087;6.25044324014836;3305.31006885176;3686.68491125979;488.486783806951;0.0099009900990099;28;28
15;50.1999999999825;1.72000000000025;52.070000000007;NA;NA;-1600.5248773997;-1799.63119912498;4.76508862367953;19.3034444764985;30.4324291395467;7.66728103477322;3341.79306094696;3634.72189039396;398.212643450562;0.0099009900990099;26;26
16;46.4499999999825;1.76000000000022;48.4100000000035;NA;NA;-1642.16403617994;-1856.28036508437;4.72992307333704;17.5756935319584;32.6796909649459;9.25389264270352;3436.08114239929;3755.53257527742;428.232657808858;0.0099009900990099;27;27
17;49.6700000000128;1.41000000000076;51.25;NA;NA;-1636.29220809627;-1883.67100997296;4.83737724091304;20.6913286373556;35.5171470022428;8.84914601876099;3439.38469342579;3808.90053840219;494.757603753371;0.0099009900990099;30;30
18;47.4500000000116;1.71000000000004;49.3399999999965;NA;NA;-1603.52233341047;-1759.9276911707;4.82012642831811;14.1532566172788;27.0520500673975;9.37178061917847;3330.49613953132;3562.62330996513;312.810715520454;0.0099009900990099;23;23
19;49.7099999999919;2.04999999999927;51.8300000000163;NA;NA;-1666.39401846472;-1885.87986851516;5.10765680728829;21.9493137133664;31.1054742010724;7.14160380145357;3477.23099418102;3804.92285056889;438.971700100883;0.0099009900990099;27;27
20;48.4100000000035;2.10000000000036;50.7200000000012;NA;NA;-1592.17591921951;-1822.33979956623;4.73349595793886;23.220955936113;28.7236738489687;6.03908218125407;3315.43173181024;3672.2388261499;460.327760693443;0.0099009900990099;23;23
21;45.5;1.81999999999971;47.4599999999919;NA;NA;-1638.795898118;-1863.66070371906;4.78302948687061;25.9939767001725;28.9397355928758;5.5894706456557;3412.50405487263;3753.37859469087;449.729611202118;0.0099009900990099;28;28
22;47.9500000000116;1.89000000000033;49.9599999999919;NA;NA;-1571.4301930443;-1771.37683838195;4.97311470248017;17.6552829250214;25.8061437480692;7.32402509876259;3261.1753407632;3576.33256813392;399.893290675287;0.0099009900990099;24;24
23;49;1.93000000000029;51.2200000000012;NA;NA;-1589.12365156382;-1829.08179162294;4.7952683221536;25.7952638351162;31.6883653639084;6.0328401792495;3325.39700333936;3686.1779858068;479.916280118254;0.0099009900990099;27;27
24;49.1300000000047;1.67000000000007;51.0299999999988;NA;NA;-1664.91462413671;-1885.56629076923;4.99066459241433;28.1915321986436;30.1181257295593;5.4358661712915;3470.23496673746;3796.47369014885;441.303333265023;0.0099009900990099;28;28
25;43.7600000000093;1.61000000000058;45.5099999999802;NA;NA;-1522.63103846643;-1715.0623369021;4.74295534959597;23.9403310414829;23.2009118709403;5.00731798295642;3150.62329917536;3452.86417412108;384.862596871346;0.0099009900990099;22;22
26;48.789999999979;1.73999999999978;50.6600000000035;NA;NA;-1580.66892026185;-1793.5288288582;4.6244059720229;23.3715086263399;29.7271551680822;5.852347265288;3296.99710020444;3613.76472379502;425.719817192698;0.0099009900990099;23;23
27;48.3800000000047;1.84999999999945;50.429999999993;NA;NA;-1624.80993662223;-1846.79746513023;4.84438602060677;22.2005256507116;29.9920574540049;6.4667013706157;3387.73840204809;3723.37519061411;443.975057016004;0.0099009900990099;25;25
28;49.4199999999837;1.73000000000047;51.2200000000012;NA;NA;-1622.93023275938;-1833.65467929488;5.99868593920599;23.5765456663558;27.4648528780337;6.85625839523357;3373.89706498964;3699.27210071395;421.448893071003;0.0099009900990099;28;28
29;50.2200000000012;2.21999999999935;52.6699999999837;NA;NA;-1688.45871775903;-1901.39960325667;6.25173001438314;25.0867895151256;28.0684164226408;6.73827522579174;3508.73600868496;3834.44437710278;425.88177099529;0.0099009900990099;30;30
30;49.1499999999942;1.97000000000025;51.2799999999988;NA;NA;-1622.22297655735;-1813.877110638;4.63866363899291;17.522612000106;29.5262595456874;7.82206950599244;3379.81674287555;3663.61652631846;383.308268161304;0.0099009900990099;24;24
31;37.1499999999942;1.23999999999978;38.5599999999977;NA;NA;-1798.20151291629;-2074.24688867297;5.0149295538211;25.314480137385;41.7083392761832;9.55364744576836;3797.20888272668;4194.49005519121;552.090751513378;0.0099009900990099;38;38
32;48.1000000000058;1.86999999999989;50.1399999999849;NA;NA;-1639.39641998913;-1879.24127703533;4.91769502134128;29.1945488177076;30.2258600190935;5.18127969958169;3418.58080927684;3782.44483561088;479.689714092418;0.0099009900990099;26;26
33;34.3500000000058;1.10000000000036;35.4700000000012;NA;NA;-1589.00942180869;-1779.72349845621;5.21944610240888;13.3092635320082;29.7232332401718;12.3806672577022;3318.09629402067;3617.79368785742;381.428153295046;0.0099009900990099;31;31
34;42.1000000000058;1.72000000000025;43.8899999999849;NA;NA;-1522.34275300723;-1705.9557266888;4.6432662492976;17.1910131185209;23.6725574454984;6.28260061490019;3151.06047252002;3440.14293751346;367.225947363143;0.0099009900990099;20;20
35;47.3399999999965;1.53999999999996;49.1700000000128;NA;NA;-1655.41964560231;-1878.48598664246;4.84308858834553;16.4184272897776;35.156996995035;10.5407144637814;3475.94818480719;3806.47465700793;446.132682080317;0.0099009900990099;30;30
36;37.9199999999837;1.65999999999985;39.640000000014;NA;NA;-1609.83612703952;-1849.25525945101;4.8666667241854;28.4139072304334;31.6546191246633;6.45090541975852;3368.33282204002;3728.80610577315;478.838264822977;0.0099009900990099;30;30
37;46.8399999999965;1.67000000000007;48.75;NA;NA;-1535.96848664393;-1774.78901384133;4.7060732694765;23.2413782637519;31.007599288349;6.35025700168124;3214.73224506963;3578.82204190017;477.641054394812;0.0099009900990099;25;25
38;45.7200000000012;1.4399999999996;47.359999999986;NA;NA;-1738.94161814589;-1925.3333165196;4.80022848542767;18.9894881789143;33.6299036170535;8.91837920965262;3636.90560610056;3892.83808297619;372.783396747423;0.0099009900990099;32;32
39;43.7000000000116;1.51999999999953;45.4200000000128;NA;NA;-1594.21705985071;-1794.20296901829;6.65908115014018;24.4542097231233;21.2866028257637;5.69195585244833;3286.87998626731;3614.72998471213;399.971818335172;0.0099009900990099;26;26
40;45.7000000000116;1.89999999999964;47.8399999999965;NA;NA;-1625.94783943621;-1847.1830574969;7.24366588739701;35.0285076706583;22.4657009019786;4.60307704070742;3356.62705904739;3715.82489848016;442.470436121377;0.0099009900990099;28;28
41;42.9100000000035;1.5600000000004;44.4800000000105;NA;NA;-1538.62885686298;-1710.47114466537;4.61177487614729;15.0448361016911;27.2059852185486;8.22097204334263;3201.41166632471;3458.45852574658;343.684575604784;0.0099009900990099;23;23
42;45.4100000000035;1.81999999999971;47.4100000000035;NA;NA;-1574.6611927982;-1785.48189006774;4.95222179463104;29.4849957351462;28.0290073246263;4.95219070190125;3277.8286344789;3593.66838196035;421.641394539078;0.0099009900990099;24;24
43;48.3899999999849;1.86999999999989;50.4799999999814;NA;NA;-1746.93635841766;-2012.06181501046;4.83754725248099;24.683184014033;39.3179767904064;7.87143110975087;3680.98352946792;4061.58308220429;530.250913185597;0.0099009900990099;34;34
44;47.9200000000128;1.85000000000036;49.859999999986;NA;NA;-1699.83466710424;-1940.96877131701;5.89122373050158;21.845088603594;32.5253052233985;8.43612962217153;3554.92583121109;3922.20661695637;482.268208425539;0.0099009900990099;35;35
45;44.0800000000163;1.71000000000004;45.9499999999825;NA;NA;-1542.37786796606;-1700.44367880134;4.54831979111675;14.0705832229725;25.3871884217901;7.95881639670383;3198.83556546705;3436.65108231103;316.13162167057;0.0099009900990099;20;20
46;42.2300000000105;1.68000000000029;44.0299999999988;NA;NA;-1586.38164090873;-1768.19199329911;4.74870960434216;21.1019724419287;26.8283962949859;6.05776361257545;3295.19411514884;3564.02846594231;363.620704780751;0.0099009900990099;23;23
47;47.1600000000035;1.67999999999938;49.070000000007;NA;NA;-1685.85286887788;-1924.49810491343;5.48487426023494;32.0185890829646;31.0096811408385;5.27825029258593;3517.33746349318;3873.7846201137;477.290472071097;0.0099009900990099;30;30
48;46.2200000000012;1.80000000000018;48.2599999999802;NA;NA;-1727.10077790919;-1938.49060305214;6.61914518476292;27.5079503343564;26.8898021423334;6.48406081855142;3580.48496624562;3907.43250170139;422.779650285884;0.0099009900990099;30;30
49;35.25;1.38999999999942;36.7399999999907;NA;NA;-1621.67636595513;-1900.22661408139;5.04331226051989;43.6958393555021;35.4344745207261;4.95242073208948;3413.95290787531;3824.29678333821;557.100496252523;0.0099009900990099;38;38
50;31.7900000000081;1.15000000000055;33;NA;NA;-1599.55043612194;-1839.29007519192;5.31043249551754;29.0823621280592;28.7176995674388;6.40528239531183;3333.96869394835;3708.66147643258;479.479278139968;0.0099009900990099;30;30
51;46.3600000000151;1.76999999999953;48.2200000000012;NA;NA;-1653.89602220435;-1891.85175410414;4.79085955619125;24.0077101342026;33.2317046239044;6.64692736944347;3462.10847306556;3814.56951718382;475.911463799579;0.0099009900990099;27;27
52;43.8800000000047;1.77999999999975;45.7200000000012;NA;NA;-1585.80484162061;-1816.67682737693;4.72045405492543;31.8574785771357;27.9041226773453;4.11592093349746;3299.54336608958;3652.22416107378;461.743971512623;0.0099009900990099;24;24
53;45.7599999999802;1.6200000000008;47.5;NA;NA;-1622.12564900996;-1807.52711117135;4.78065539982967;15.439820998879;29.7196865880034;9.54205122657631;3381.11551263189;3658.9969921645;370.802924322793;0.0099009900990099;25;25
54;31.9899999999907;0.989999999999782;33.0899999999965;NA;NA;-1584.24843643703;-1751.53962003131;4.72662992464803;11.3156299877409;29.5786322280555;13.5320672650115;3305.84970931883;3565.91743377896;334.582367188576;0.0099009900990099;27;27
55;48.0599999999977;1.9399999999996;50.1199999999953;NA;NA;-1684.08579257348;-1894.15513085654;4.85114988666564;21.4766760061422;32.3508452261238;7.53639828484485;3518.39761043894;3823.30666293339;420.138676566122;0.0099009900990099;27;27
56;36.9100000000035;1.15999999999985;38.1699999999837;NA;NA;-1697.22308164183;-1962.43887555042;5.12806350669583;38.3162430353293;34.5203627747537;5.54997768868181;3558.72555043495;3951.28960949726;530.431587817164;0.0099009900990099;34;34
57;45.8999999999942;1.86999999999989;47.890000000014;NA;NA;-1665.27433875432;-1861.38499688599;7.49988735612668;22.5122312252224;21.569699221909;6.86915134850162;3432.20075716488;3755.14242107684;392.221316263354;0.0099009900990099;31;31
58;43.5499999999884;1.74000000000069;45.3699999999953;NA;NA;-1510.75652131608;-1707.82792601915;4.77503652488579;29.2128424764137;25.5630909039387;4.27778432815025;3138.71365854627;3435.26846304418;394.142809406143;0.0099009900990099;24;24
59;48.4400000000023;1.77999999999975;50.359999999986;NA;NA;-1794.59995176154;-2025.50308028955;4.8561668738728;17.3603223072233;41.4973114200016;11.9407930414505;3784.76535682811;4107.27984492308;461.806257056026;0.0099009900990099;31;31
60;45.6699999999837;1.69999999999982;47.5;NA;NA;-1584.29844986619;-1786.92295676662;4.73741251715571;21.0292184439792;29.2702306006003;6.78412294160489;3302.79385843467;3604.94948352722;405.24901380085;0.0099009900990099;24;24
61;34.3600000000151;1.3100000000004;35.7600000000093;NA;NA;-1705.29997083935;-1930.06061594652;4.88157535272695;19.4304875413405;34.8366092686201;9.88468840353428;3574.20418848111;3906.54300011586;449.521290214337;0.0099009900990099;30;30
62;37.8899999999849;1.26999999999953;39.1999999999825;NA;NA;-1644.76961097203;-1833.24682434467;4.90431213269975;20.0595267274809;30.4368811285192;9.04659988872694;3431.43092533314;3708.66740041741;376.954426745287;0.0099009900990099;28;28
63;32.8099999999977;0.980000000000473;33.859999999986;NA;NA;-1649.9613498283;-1882.70310201099;4.87489766171627;24.1623990259264;34.1500860660228;8.27451083694694;3462.43997233696;3804.78387737205;465.483504365377;0.0099009900990099;34;34
64;35.6499999999942;1.48999999999978;37.2999999999884;NA;NA;-1529.70351549406;-1703.91190507365;4.77876632310399;14.2706073915526;26.9295335928732;10.509588224966;3184.45837868389;3456.62666693378;348.416779159188;0.0099009900990099;27;27
65;46.5299999999988;2.22000000000025;48.8899999999849;NA;NA;-1556.03130203853;-1746.15399276142;4.70143171483521;17.5799036308551;29.5725865975966;7.97515477724834;3247.64579221485;3528.87214966936;380.245381445776;0.0099009900990099;24;24
66;44.8800000000047;1.60999999999967;46.6499999999942;NA;NA;-1639.34884466506;-1856.5569105115;4.79114726084276;22.0169728418416;28.9657217841751;6.57978200092785;3412.65779583892;3743.54386879522;434.416131692887;0.0099009900990099;26;26
67;47.140000000014;1.51000000000022;48.7799999999988;NA;NA;-1771.32509510372;-2031.76053132338;6.30596584496858;32.6439819597759;31.2785912312698;6.11772617222719;3690.55414373987;4092.44934400096;520.870872439317;0.0099009900990099;32;32
68;46.0499999999884;1.81999999999971;48;NA;NA;-1612.77994175015;-1829.9173416025;4.85483456962578;19.6050554767538;31.2526795956495;8.13058660342243;3370.6864111864;3697.5902874307;434.274799704706;0.0099009900990099;27;27
69;33.7999999999884;1;34.890000000014;NA;NA;-1725.55731222886;-2018.36891796426;5.52005497895431;38.9683655113643;36.5045763555658;6.57711264830735;3626.38007630641;4068.31581149347;585.623211470787;0.0099009900990099;37;37
70;46.5100000000093;1.64999999999964;48.2799999999988;NA;NA;-1649.20645538114;-1868.42652587293;5.29506655782018;21.6233895168543;29.0439711481696;7.05778862953219;3433.8110983097;3769.75529447487;438.440140983574;0.0099009900990099;28;28
71;43.5599999999977;1.70000000000073;45.3500000000058;NA;NA;-1615.19712047012;-1809.79357409774;5.26146163354253;21.0281896865865;25.4384820470785;6.70244891064793;3348.52166607187;3650.71097981507;389.192907255247;0.0099009900990099;27;27
72;46.7999999999884;1.71000000000004;48.7000000000116;NA;NA;-1691.09876912372;-1880.96159263987;5.33378687847342;17.4347106631112;31.6756286150888;9.4678093493671;3531.47609285389;3806.5423753876;379.725647032293;0.0099009900990099;31;31
73;33.2200000000012;1.41999999999916;34.8899999999849;NA;NA;-1690.82222084717;-1895.69891048155;4.90377594752277;15.2941232892901;36.3035352112468;13.3048581933622;3554.93596554003;3854.90731494109;409.753379268762;0.0099009900990099;35;35
74;43.5199999999895;1.72000000000025;45.3899999999849;NA;NA;-1493.46919772458;-1687.84056827447;4.52649204214092;22.1072245786706;21.8861864165349;4.46823845128764;3084.72482063726;3395.64501041548;388.742741099781;0.0099009900990099;19;19
75;41.4400000000023;1.5;43.1499999999942;NA;NA;-1528.52849945504;-1743.42804500015;4.95705927048744;22.3370297410385;27.9013944101441;6.73792602252234;3187.61823114576;3518.38540754198;429.799091090205;0.0099009900990099;29;29
76;46.0299999999988;1.71000000000004;47.859999999986;NA;NA;-1629.82667966317;-1873.41562511725;4.68135208331072;25.5311464989275;31.8611664380752;6.11095292991661;3405.72913491689;3774.84849783182;487.177890908167;0.0099009900990099;24;24
77;45.4200000000128;1.77999999999975;47.3500000000058;NA;NA;-1600.67518152994;-1783.71511193664;4.66814842543416;17.9473549313924;28.564823307734;7.68060383673109;3331.70534526144;3602.48050111981;366.079860813408;0.0099009900990099;23;23
78;46.679999999993;1.8100000000004;48.6300000000047;NA;NA;-1646.32836655466;-1873.87975791901;4.93111166337312;20.2536476410634;33.8830272604323;8.23504652508521;3449.35829830655;3785.84479877435;455.102782728702;0.0099009900990099;26;26
79;43.0400000000081;1.73999999999978;44.9100000000035;NA;NA;-1669.08385913876;-1877.96593394152;4.87723680024725;16.5095280582703;33.0512139411821;9.58475171483604;3492.82691400132;3800.78256516958;417.764149605515;0.0099009900990099;29;29
80;45.9500000000116;1.72999999999956;47.8600000000151;NA;NA;-1547.12509553169;-1745.2390824172;4.98922735199452;21.3103705134149;25.4852254773001;5.97543490704552;3210.55149206239;3517.7469388283;396.227973771015;0.0099009900990099;23;23
81;50.4700000000012;2.02000000000044;52.6600000000035;NA;NA;-1734.26535122788;-1990.27831958843;4.9211032376356;31.0284212639308;36.2978401109967;5.96827872902058;3639.59247278238;4008.68350077708;512.0259367211;0.0099009900990099;31;31
82;31.8099999999977;1.21000000000004;33.0599999999977;NA;NA;-1673.16349318162;-1876.9450428918;4.91357994690787;17.8140390189866;33.2363895050626;10.1827068429604;3504.49605702569;3802.34869702757;407.563099420347;0.0099009900990099;34;34
83;45.9499999999825;1.82999999999993;47.8699999999953;NA;NA;-1717.70762866141;-1923.92420404222;5.45509405748654;19.1338550329606;32.5304004439846;9.22875590895628;3589.23851618008;3891.48750535157;412.433150761624;0.0099009900990099;32;32
84;38.1399999999849;1.39000000000033;39.6700000000128;NA;NA;-1617.89648531893;-1813.41183312743;4.71965403923183;19.9442751397091;29.8328155488315;8.31223498325128;3373.76319551802;3665.26592887062;391.03069561699;0.0099009900990099;26;26
85;44.7600000000093;1.57999999999993;46.5500000000175;NA;NA;-1609.30745369154;-1811.61207485806;5.38691378322751;25.1861430568326;25.5594773578317;5.37407288348259;3336.8218809457;3648.07805742197;404.609242333043;0.0099009900990099;26;26
86;43.8500000000058;1.80999999999949;45.6999999999825;NA;NA;-1573.26181637147;-1760.65459738835;4.810016817202;18.9371975344452;25.9067234236125;6.44231017870456;3265.29972100919;3550.84563556516;374.785562033759;0.0099009900990099;24;24
87;30.5599999999977;1.18000000000029;31.8000000000175;NA;NA;-1580.97321047053;-1768.2301026231;5.04322101835432;17.0204806586119;27.9609989463526;8.85127903140446;3293.26052608795;3578.0287410358;374.513784305143;0.0099009900990099;30;30
88;45.9100000000035;1.77999999999975;47.8899999999849;NA;NA;-1604.89292465134;-1821.20335856316;4.81915561361431;21.3791661345846;28.9720587563501;6.55546470938601;3343.20711051412;3672.59574776128;432.620867823636;0.0099009900990099;25;25
89;44.359999999986;1.84000000000015;46.3399999999965;NA;NA;-1640.87187048619;-1827.44358656083;4.87516654217188;14.8435077726965;32.3685812785603;11.5365409408297;3433.75731150411;3709.06658756398;373.143432149281;0.0099009900990099;30;30
90;41.0599999999977;1.65999999999985;42.9199999999837;NA;NA;-1542.04517896257;-1728.39196063214;4.66401908965608;18.2192233828224;26.898555839742;7.45399024633745;3207.41375897491;3490.95867153887;372.693563339151;0.0099009900990099;24;24
91;46.2600000000093;1.67000000000007;48.109999999986;NA;NA;-1688.42384465344;-1926.84780548921;4.96300331749902;24.56106504707;33.2936336865998;6.91558793122028;3531.45169489948;3885.80918576147;476.847921671532;0.0099009900990099;27;27
92;45.9599999999919;1.5;47.5800000000163;NA;NA;-1722.3124600924;-1929.31487886517;5.30580734803821;22.3744574140148;32.3700456573666;7.57643581472144;3596.09667053624;3894.08278138155;414.004837545547;0.0099009900990099;29;29
93;44.6999999999825;2.03999999999996;46.8800000000047;NA;NA;-1657.67320494535;-1896.72621647424;4.93715739743225;27.9958712479923;31.5422334388187;5.98392434047973;3462.39108284626;3821.3484980557;478.106023057767;0.0099009900990099;28;28
94;43.4200000000128;1.56999999999971;45.1300000000047;NA;NA;-1470.37840513568;-1676.73242296023;4.80462041747241;32.167786848576;20.6455267996695;3.06134334631256;3033.00002813684;3367.14278032218;412.708035649093;0.0099009900990099;19;19
95;44.5799999999872;1.72000000000025;46.4199999999837;NA;NA;-1518.61148342901;-1676.65869128596;4.89712621645829;14.8244910524891;24.7013887733925;8.32540005809769;3150.47288601117;3391.48733698812;316.094415713905;0.0099009900990099;24;24
96;41.7099999999919;1.64999999999964;43.4700000000012;NA;NA;-1617.13658003023;-1842.75723029972;4.88261189821663;24.9481737821667;28.7110735239614;6.90728266848864;3369.10986367177;3717.95334607521;451.241300538974;0.0099009900990099;30;30
97;46.9100000000035;1.47000000000025;48.4899999999907;NA;NA;-1679.48572893091;-1886.14726418637;4.73213657715683;17.3545910395102;32.1024407695967;8.93601056666364;3507.43820130188;3813.6216161696;413.32307051093;0.0099009900990099;26;26
98;47.7299999999814;1.38000000000011;49.3399999999965;NA;NA;-1694.52806985014;-1902.33515325658;4.88319549611465;17.6107389166432;34.0268291276318;9.62077342850431;3548.28060979919;3849.689563093;415.614166812883;0.0099009900990099;29;29
99;44.8099999999977;1.58999999999924;46.5800000000163;NA;NA;-1641.41876598279;-1869.84592774221;4.74828900256356;18.0964113913646;33.7298211756798;9.19869359296753;3440.08037696727;3782.57464289452;456.854323518849;0.0099009900990099;28;28
100;44.0499999999884;1.77000000000044;45.9800000000105;NA;NA;-1625.14966417247;-1811.34122730111;5.05836376183942;17.6638898461231;29.6938136511048;9.26967221741714;3388.18702708623;3665.72757454417;372.383126257284;0.0099009900990099;27;27
101;47.7099999999919;1.64999999999964;49.4799999999814;NA;NA;-1729.49740331209;-1973.28756289812;4.92215269967065;24.0642585538478;35.0742379259695;7.20257370596423;3622.50510005325;3980.15233259378;487.58031917206;0.0099009900990099;28;28
102;42.8099999999977;1.35000000000036;44.390000000014;NA;NA;-1667.27331281032;-1885.58559691873;5.09553201271541;22.7907292392251;31.9821505689124;7.94100310743685;3486.74688288687;3808.96173307275;436.624568216812;0.0099009900990099;34;34
103;46.1399999999849;1.44999999999982;47.7300000000105;NA;NA;-1611.01242432699;-1818.82469243047;4.85159097687747;16.407547305801;32.3018594554011;9.52373887402247;3373.17752984283;3682.21457986893;415.624536206948;0.0099009900990099;29;29
104;47.8999999999942;2.02000000000044;50.1600000000035;NA;NA;-1695.54581761045;-1900.64370863322;4.79297950684922;15.0279605930386;38.241090799393;12.4230121409707;3570.03623789601;3859.41941416098;410.195782045544;0.0099009900990099;29;29
105;45.7799999999988;1.44999999999982;47.289999999979;NA;NA;-1592.15067460058;-1786.02484138401;4.77147867677751;18.5529719576959;30.3278495329366;7.93504690894304;3323.96625767537;3608.59192421749;387.748333566859;0.0099009900990099;25;25
106;45.7399999999907;1.60999999999967;47.4200000000128;NA;NA;-1625.5328282463;-1839.76925948282;4.75462820444996;19.5379368486878;31.012319908572;7.67697762947378;3395.07603774798;3715.18772155895;428.472862473038;0.0099009900990099;27;27
107;46.6499999999942;1.72000000000025;48.5299999999988;NA;NA;-1593.8255609975;-1804.78761027227;4.89827589640855;20.7577567104497;32.2120121964118;7.77438710484422;3337.81819268925;3645.81812678893;421.924098549553;0.0099009900990099;28;28
108;44.2000000000116;1.92000000000007;46.2099999999919;NA;NA;-1584.36729853076;-1774.1777135748;4.69739087483282;17.4320446807991;29.2028158957949;7.98902889126496;3304.34227372946;3585.45368680522;379.620830088071;0.0099009900990099;27;27
109;45.5499999999884;1.60999999999967;47.3699999999953;NA;NA;-1669.58874593663;-1905.30007849556;5.18414191931742;21.5528079275036;32.7620819273522;8.03526091301138;3491.90889663237;3848.05921376205;471.422665117876;0.0099009900990099;28;28
110;45.679999999993;1.98000000000047;47.8299999999872;NA;NA;-1634.43244018558;-1887.27504000874;4.74345372286463;30.954575302947;32.7594609268822;5.2505115826149;3421.58406645978;3799.02709620634;505.685199646324;0.0099009900990099;28;28
111;44.390000000014;1.85999999999967;46.3800000000047;NA;NA;-1604.16491887792;-1832.08542238464;4.97356603962696;23.4354626379506;29.1068069537471;6.06540184378868;3344.53165356707;3692.55316599268;455.841007013436;0.0099009900990099;29;29
112;45.2200000000012;1.71000000000004;47.0899999999965;NA;NA;-1614.29410365438;-1853.51713221551;4.74738500311217;28.3322960501432;30.2516536705295;5.1274221019797;3367.90222086912;3730.64691582604;478.446057122263;0.0099009900990099;25;25
113;45.890000000014;1.8100000000004;47.9400000000023;NA;NA;-1584.98287322636;-1791.85534747355;4.8328442777951;18.3077544840648;29.5226727317492;7.90645006165639;3307.05872654293;3620.42548736225;413.744948494375;0.0099009900990099;27;27
114;44.8899999999849;1.77999999999975;46.9400000000023;NA;NA;-1632.73524988639;-1847.92050679522;4.75894492744367;21.8975756809597;31.9769815854172;7.21240444758395;3412.72994200782;3729.05536352174;430.37051381767;0.0099009900990099;25;25
115;47.3999999999942;1.97999999999956;49.4800000000105;NA;NA;-1674.26117963533;-1887.29276191512;4.88208310833583;16.7528211439743;34.2227888938822;10.0178238156516;3510.34824653283;3821.95580777848;426.063164559574;0.0099009900990099;32;32
116;46.0799999999872;1.71000000000004;47.9300000000221;NA;NA;-1618.75111981391;-1815.98940453173;4.71797925187654;19.2066815100951;30.7324734704236;7.86467109611588;3380.21311177297;3668.49959455577;394.476569435639;0.0099009900990099;27;27
117;46.2999999999884;1.86999999999989;48.3699999999953;NA;NA;-1684.87162911345;-1900.51789314739;4.86032780464524;19.4571784784271;32.4456624086572;8.24169713476961;3522.11882725665;3839.74152374789;431.292528067891;0.0099009900990099;30;30
118;46.2200000000012;1.63000000000011;48.0299999999988;NA;NA;-1626.05701488642;-1848.69406349037;4.77981831279034;23.7075979082051;30.8320291130762;6.39990732797585;3395.84784768026;3727.22343594241;445.274097207906;0.0099009900990099;28;28
119;42.1700000000128;1.59000000000015;43.7700000000186;NA;NA;-1508.68613305466;-1713.41571765153;4.73020518387173;25.0861452553969;24.7993911431639;5.16975100844908;3130.54377626536;3450.42348743771;409.459169193753;0.0099009900990099;23;23
120;44.0199999999895;1.38000000000011;45.5599999999977;NA;NA;-1601.205104769;-1816.04671014514;5.02815709843379;26.1252887168447;30.5988972966959;6.40117235017509;3346.11275838851;3662.15544420677;429.683210752274;0.0099009900990099;30;30
121;45.5899999999965;1.46000000000004;47.25;NA;NA;-1577.80222676376;-1791.91079298557;4.88742770908846;26.2624319429903;30.5632904546568;5.84256218635779;3297.52969884196;3610.95240399591;428.21713244362;0.0099009900990099;27;27
122;44.5;1.66000000000076;46.2999999999884;NA;NA;-1543.01774332306;-1742.71388156699;4.76636069986868;16.9253365054541;26.7195287323344;7.29607307225412;3208.53809152018;3518.87850119362;399.392276487845;0.0099009900990099;24;24
123;44.2799999999988;1.88999999999942;46.2299999999814;NA;NA;-1623.57457097508;-1826.09910788138;4.78236799552008;22.3188333528833;28.7896956296854;6.33901612416161;3379.14296352904;3681.2610781855;405.049073812594;0.0099009900990099;24;24
124;43.0800000000163;1.68000000000029;44.8699999999953;NA;NA;-1472.23325417156;-1666.33508673836;4.81605369256086;22.8739961343447;22.3023942712611;4.63938768651037;3044.68451178703;3353.51771860973;388.203665133604;0.0099009900990099;20;20
125;46.5599999999977;1.64000000000033;48.2799999999988;NA;NA;-1590.15611872516;-1798.82141050773;4.79740612460905;18.1067777446825;32.182264765535;8.73732840537724;3329.14814935364;3638.05104741864;417.330583565125;0.0099009900990099;26;26
126;44.9100000000035;1.65999999999985;46.6900000000023;NA;NA;-1628.91541918753;-1844.09265782861;5.05155515639968;20.5437626379135;29.8081826014062;7.85337286046173;3396.79165326235;3724.79644042441;430.354477282158;0.0099009900990099;28;28
127;46.0299999999988;1.71999999999935;47.8500000000058;NA;NA;-1657.04712917533;-1875.92797379657;4.97050115676689;22.3522030796073;31.7591802330657;7.56888676320259;3462.15030136252;3787.14084524921;437.761689242475;0.0099009900990099;28;28
128;44.4499999999825;1.59000000000015;46.2200000000012;NA;NA;-1585.48593444539;-1759.22652944533;4.70764047924234;16.6244402119519;26.2141095023523;7.59734260688887;3291.15724830602;3553.2850452175;347.481189999868;0.0099009900990099;24;24
129;46.2900000000081;1.67999999999938;48.2099999999919;NA;NA;-1569.01483814902;-1766.79425779705;4.79297550803027;19.9144335217126;27.9726017891679;6.91872410201402;3266.84826808202;3565.45041755378;395.558839296077;0.0099009900990099;25;25
130;45.3800000000047;1.65000000000055;47.1300000000047;NA;NA;-1578.66066896942;-1781.45105325988;4.77910474390306;20.265133618976;31.3908582415416;7.6577196163301;3302.49716834874;3598.31737920177;405.580768580905;0.0099009900990099;26;26
131;42.7999999999884;1.67000000000007;44.6000000000058;NA;NA;-1530.36191979882;-1701.94814591936;4.59620714049351;15.0295752039753;26.0224325574791;8.08785519188611;3179.47667403065;3440.80505224759;343.172452241074;0.0099009900990099;23;23
132;32.9200000000128;1.09999999999945;34.1399999999849;NA;NA;-1640.93432533973;-1854.61953988426;5.32110152680216;18.7599179365445;32.9693908099126;10.2518757636567;3440.60061862051;3758.59699555273;427.370429089053;0.0099009900990099;38;38
133;43.390000000014;1.82999999999993;45.25;NA;NA;-1527.85343116544;-1712.04059239106;4.62595351120719;16.815569122212;24.6352884849982;6.58939619901424;3167.58195239262;3454.00530333531;368.374322451239;0.0099009900990099;22;22
134;44.4100000000035;1.67000000000007;46.3000000000175;NA;NA;-1520.68141355857;-1716.4199185944;4.59197800169712;13.6765933588986;24.6563046958403;7.98910846972971;3152.75985127996;3468.93457726524;391.477010071659;0.0099009900990099;21;21
135;45.8299999999872;1.64000000000033;47.6199999999953;NA;NA;-1626.9410455501;-1860.93580912008;6.08918419141217;40.0292243504038;24.2793508641865;3.70109772740571;3366.16876056299;3738.98838299599;467.989527139958;0.0099009900990099;26;26
136;44.390000000014;1.72999999999956;46.2399999999907;NA;NA;-1549.59987886351;-1755.48085220712;5.04885734698483;18.159356958828;28.71056317574;7.97492062404801;3231.97981166826;3547.84396214484;411.761946687226;0.0099009900990099;26;26
137;45.0299999999988;1.71000000000004;46.8099999999977;NA;NA;-1641.11004658111;-1840.66190959219;4.79437232816609;14.6765516302722;36.8329522052047;12.0058384255149;3455.80370010167;3737.90404459294;399.103726022154;0.0099009900990099;31;31
138;44.8299999999872;1.82000000000062;46.820000000007;NA;NA;-1619.97581987881;-1864.12641184627;4.87549687309128;25.5806313669396;32.0375760324043;6.33302489635658;3388.72295233685;3757.66117922714;488.301183934915;0.0099009900990099;27;27
139;44.6900000000023;1.75;46.6000000000058;NA;NA;-1611.52342398632;-1819.88655431689;4.66339374117447;20.2794757536148;30.6033158019356;6.94884376986587;3363.9803254961;3671.77371678986;416.726260661138;0.0099009900990099;25;25
140;44.9900000000198;1.81999999999971;47.0499999999884;NA;NA;-1663.89096748293;-1879.93416842642;4.79032960760013;18.1454188062387;35.6990599431428;9.4170839455137;3495.43653557629;3804.09407978037;432.086401886976;0.0099009900990099;30;30
141;45.1499999999942;1.64999999999964;46.9700000000012;NA;NA;-1617.68145985865;-1839.93799422235;4.83365888428228;19.0843256427848;29.7576837218994;7.60606267375208;3371.79473359655;3714.74795417822;444.513068727383;0.0099009900990099;24;24
142;46.8099999999977;1.72000000000025;48.6700000000128;NA;NA;-1700.1821363684;-1950.57301143105;5.00698205956567;28.7727252186097;35.8639039431424;6.71706141639739;3569.95033699007;3932.9083209867;500.781750125291;0.0099009900990099;32;32
143;45.5499999999884;1.83999999999924;47.5499999999884;NA;NA;-1597.03340654354;-1760.13673626562;7.82448240597899;24.421005423447;18.5446848986914;5.98467367811868;3279.08972757842;3547.71176016854;326.206659444167;0.0099009900990099;24;24
144;44.7200000000012;1.70000000000073;46.5899999999965;NA;NA;-1642.67503912382;-1902.55640111991;6.23358364612425;34.3534879000893;26.13331427405;4.57861891536971;3407.17926507824;3826.45756599298;519.762723992189;0.0099009900990099;28;28
145;48.3699999999953;1.3799999999992;49.859999999986;NA;NA;-1657.35787398337;-1936.55670397591;4.77446422733465;31.0193444431137;35.8146175131451;5.66488941352949;3482.91304517133;3899.7176035144;558.397659985088;0.0099009900990099;30;30
146;44.75;1.84000000000015;46.8800000000047;NA;NA;-1591.88039099121;-1835.6187960766;5.14855994955437;30.540298624622;27.1492459252173;4.54688289234205;3308.23353670509;3692.08395527393;487.476810170777;0.0099009900990099;24;24
147;39.6700000000128;1.55000000000018;41.320000000007;NA;NA;-1564.73647790278;-1768.48042185878;4.87264022564695;19.1269635771841;26.5775742793833;7.78052639594503;3251.32473369706;3572.6326836045;407.487887911988;0.0099009900990099;24;24
148;43.5599999999977;1.61999999999989;45.320000000007;NA;NA;-1692.35489030798;-1910.29962372206;6.59852969636903;30.4597983390328;24.356379813989;6.00820733614819;3498.25519302553;3848.608515859;435.889466828145;0.0099009900990099;28;28
149;33.0499999999884;1.35999999999967;34.5599999999977;NA;NA;-1699.15841786472;-1892.51197583787;5.44205649067148;14.9764580158477;33.3943158533858;12.946445064001;3558.19184713338;3847.00495051802;386.707115946293;0.0099009900990099;36;36
150;46.1000000000058;1.80000000000018;47.9899999999907;NA;NA;-1642.48128146788;-1880.75335732988;4.83511503858704;25.5644730713982;32.7480340659265;6.38064674120675;3437.03299446432;3791.13620940784;476.544151724003;0.0099009900990099;27;27
151;47.8300000000163;1.97000000000025;49.960000000021;NA;NA;-1714.56393440226;-1992.53517224516;4.92028832741322;28.9044702862522;38.3699256805803;6.51563216679664;3609.95481041178;4015.77673279996;555.942475685807;0.0099009900990099;31;31
152;45.2900000000081;1.67000000000007;47.1999999999825;NA;NA;-1543.0459148873;-1769.01550957723;4.77498049726319;23.9236671741031;28.5615860601869;5.85400213214747;3217.03982390868;3564.87020922066;451.939189379871;0.0099009900990099;24;24
153;46.2400000000198;1.75999999999931;48.25;NA;NA;-1716.10560869032;-1957.26872221639;4.79915972772702;22.219903091955;37.4158825700181;8.07234771612731;3607.92858525401;3952.44786096731;482.326227052138;0.0099009900990099;30;30
154;46.75;1.55000000000018;48.390000000014;NA;NA;-1562.15199628389;-1754.72374741201;4.6819917207871;16.3011250992074;27.6678624202638;7.94982657045461;3251.15447903154;3545.89553524172;385.143502256257;0.0099009900990099;24;24
155;46.5299999999988;1.64000000000033;48.3099999999977;NA;NA;-1660.22993465352;-1887.80143905832;4.85850693699661;25.1787281243973;33.1644672029921;6.7122789802845;3475.64902010045;3807.01218339698;455.143008809593;0.0099009900990099;29;29
156;30.320000000007;1.13999999999942;31.4599999999919;NA;NA;-1658.07608992926;-1863.86948712256;4.98079989791281;28.4478001126906;28.8827440633436;5.89905855323311;3451.3055202194;3755.34291197019;411.586794386597;0.0099009900990099;29;29
157;31.8899999999849;1.02999999999975;33.0599999999977;NA;NA;-1617.25702373515;-1847.33526683803;5.67954778938037;32.3545461482341;26.9165266255897;5.54241214138626;3360.92296491575;3720.69953543304;460.156486205763;0.0099009900990099;30;30
158;44.6100000000151;2.14000000000033;46.820000000007;NA;NA;-1641.23353326698;-1850.3157535044;4.77542429770781;20.7388548900161;31.75211434663;7.41755977657357;3430.49016955246;3735.21094329348;418.164440474822;0.0099009900990099;28;28
159;44.7599999999802;1.63000000000011;46.6199999999953;NA;NA;-1580.14277115775;-1786.42734509317;4.66669175960404;18.2770728291149;29.7377560386263;7.77860146874077;3296.62599256575;3608.51770474561;412.569147870842;0.0099009900990099;24;24
160;47.3500000000058;1.81999999999971;49.2200000000012;NA;NA;-1669.51707707499;-1921.78764621589;5.20467912725638;27.769034471972;35.3123717805756;6.97339749924499;3506.01224329526;3876.54970141541;504.541138281811;0.0099009900990099;32;32
161;45.9500000000116;1.53000000000065;47.6900000000023;NA;NA;-1675.92259354591;-1902.62331009925;4.98127051194087;22.0023601023508;33.610636663977;8.06278552997939;3509.1221344217;3842.975459072;453.401433106681;0.0099009900990099;29;29
162;33.7999999999884;1.21999999999935;35.1300000000047;NA;NA;-1633.10377143749;-1860.30807372856;5.15429928933881;31.7122650971196;30.0945621117599;5.82118361938713;3405.95617748875;3747.64769088429;454.408604582149;0.0099009900990099;27;27
163;43.6800000000221;1.99000000000069;45.7700000000186;NA;NA;-1577.45066523554;-1776.88854972776;4.60165580780493;20.5260242574109;25.2723895212095;5.6729357498457;3269.08182186571;3579.40738625621;398.875768984432;0.0099009900990099;21;21
164;41.9899999999907;1.36999999999989;43.4700000000012;NA;NA;-1548.52407330811;-1713.55675580303;4.63036153335795;20.6332697822467;23.4587750204526;5.23926321237509;3203.03473949867;3450.78446870463;330.065364989845;0.0099009900990099;21;21
165;33.25;1.38999999999942;34.8399999999965;NA;NA;-1651.37751537158;-1866.67691933977;4.8829585544303;19.3735065803954;35.0013874996017;9.62612248655489;3469.83087449297;3779.30323244281;430.598807936368;0.0099009900990099;35;35
166;46.25;2.15999999999985;48.4400000000023;NA;NA;-1627.74846396985;-1892.95723223815;5.06202657172902;22.9073229994059;32.4263574725023;7.1424862133468;3406.07360572793;3819.08167562747;530.417536536587;0.0099009900990099;27;27
167;47.6199999999953;1.85999999999967;49.5899999999965;NA;NA;-1653.72008107703;-1914.17292562437;4.86059527356436;28.9106537229126;35.0241687066257;5.9536143496942;3471.92525015283;3856.30599466921;520.905689094677;0.0099009900990099;30;30
168;46.7300000000105;1.69000000000051;48.5;NA;NA;-1657.77891049762;-1873.48763742591;4.98055959290798;24.9692697790641;31.0490566909957;6.22954796367385;3460.30338555907;3776.01639664671;431.417453856584;0.0099009900990099;28;28
169;32.0200000000186;1.11999999999989;33.25;NA;NA;-1605.02323216205;-1838.9393669333;4.70855652378495;27.6278800660786;29.4867449684233;6.01201744498271;3346.97260843077;3705.79644292282;467.832269542485;0.0099009900990099;27;27
170;48.5299999999988;1.73999999999978;50.3600000000151;NA;NA;-1769.70721131396;-2043.64280810747;5.18391374967303;27.0901890065603;39.3326172583272;7.67008164102818;3726.59490796684;4123.78686388751;547.871193587019;0.0099009900990099;34;34
171;44.1300000000047;1.77999999999975;46;NA;NA;-1559.54707359386;-1759.68699635372;4.99682519882078;20.2848363224831;27.0509460302063;6.61226532653607;3243.11622056349;3549.68963692159;400.279845519732;0.0099009900990099;24;24
172;43.9900000000198;1.36999999999989;45.609999999986;NA;NA;-1595.7276573858;-1782.45862167838;4.93437113211725;21.3374509780686;25.3914067846519;6.41672732966502;3307.86880034226;3594.336392943;373.461928585164;0.0099009900990099;24;24
173;45.9199999999837;1.57999999999993;47.6700000000128;NA;NA;-1606.12688777068;-1847.63843388408;4.85674329308779;25.0125970430321;31.1365738515946;6.33079294446706;3357.40733062633;3724.78997691035;483.023092226787;0.0099009900990099;28;28
174;44.5299999999988;1.67000000000007;46.3299999999872;NA;NA;-1582.23261648185;-1786.60320537651;5.72441906940717;29.8478517324008;23.3741823047573;4.35824436129207;3270.61332017027;3592.99830321361;408.741177789322;0.0099009900990099;22;22
175;43.0800000000163;1.64000000000033;44.859999999986;NA;NA;-1529.03336054614;-1734.38971071399;4.66991882615267;20.4143019865714;24.3575716034372;5.66931604621947;3168.68062839356;3494.5252227668;410.712700335703;0.0099009900990099;22;22
176;43.7400000000198;1.5;45.359999999986;NA;NA;-1591.77122872871;-1784.44942090036;6.51501550194391;23.5963118368334;19.1051128635913;5.27831824811905;3270.72824609201;3592.9863382951;385.35638434329;0.0099009900990099;23;23
177;36.8999999999942;1.35999999999967;38.2799999999988;NA;NA;-1661.80965739693;-1876.07044567353;4.86192563236308;19.8800969628008;33.4007963407917;9.72027015791036;3481.55832788457;3798.10416300236;428.52157655319;0.0099009900990099;32;32
178;44.0400000000081;1.76000000000022;46;NA;NA;-1585.47641318156;-1770.21802478827;6.6662695878248;28.9896745160341;22.0379206337711;5.11382223119097;3271.52242278687;3563.77287188933;369.483223213429;0.0099009900990099;23;23
179;43.6700000000128;1.89999999999964;45.6399999999849;NA;NA;-1531.31870058504;-1754.90749998556;4.60764729483418;24.4129377316728;27.0346750992481;5.0678511941412;3186.00958357155;3532.94203440418;447.17759880104;0.0099009900990099;23;23
180;46.2599999999802;1.64999999999964;48.1300000000047;NA;NA;-1558.68613177722;-1790.39337105285;4.75850734971894;22.0172977107149;30.5401400349746;6.55547698502466;3259.19000640618;3611.22808743902;463.414478551252;0.0099009900990099;27;27
181;39.4800000000105;1.53999999999996;41.1700000000128;NA;NA;-1656.83496037392;-1890.72033222426;5.23002774628366;22.2382524784151;33.5783536198765;9.14781225420268;3472.44853122836;3824.69701153157;467.770743700678;0.0099009900990099;32;32
182;45.5099999999802;1.6899999999996;47.3299999999872;NA;NA;-1632.94211924779;-1901.67460658924;4.91789783947775;26.5191670338845;34.2660187985044;6.61632250394754;3427.91454269446;3834.63515725902;537.464974682907;0.0099009900990099;32;32
183;42.3699999999953;1.52000000000044;44.0100000000093;NA;NA;-1454.98905026373;-1662.00197750984;4.77431316852925;20.0080069748224;24.8866371923486;6.08897762023629;3023.54775623007;3351.79087884416;414.025854492228;0.0099009900990099;23;23
184;45.429999999993;1.89999999999964;47.429999999993;NA;NA;-1611.3818712601;-1805.2310534678;5.03118498995779;19.6266547090013;29.5534637622762;7.46584975517221;3359.99970540108;3645.13090542624;387.698364415392;0.0099009900990099;27;27
185;44.7799999999988;1.57000000000062;46.5299999999988;NA;NA;-1547.57050725773;-1729.81792359328;4.6841614830582;18.4573898238436;27.0704418455757;6.9248012012052;3219.2524715099;3491.3843931239;364.49483267109;0.0099009900990099;24;24
186;46.6399999999849;2;48.7799999999988;NA;NA;-1757.62388788343;-1974.60722069058;5.60005338205059;30.4608711197853;30.4007852851911;5.62232668373055;3657.50460814665;3975.52344547856;433.966665614318;0.0099009900990099;29;29
187;46.890000000014;1.35999999999967;48.429999999993;NA;NA;-1553.25803002498;-1781.08277190375;4.71169252696735;19.9625640099734;28.4305574053635;6.91389185258438;3236.86331935486;3593.86407300851;455.649483757544;0.0099009900990099;24;24
188;45.2700000000186;2.02999999999975;47.3699999999953;NA;NA;-1686.16432061242;-1886.53785798778;6.28372520173602;29.017296729456;24.59533404052;5.26279903674668;3486.07666353332;3797.41500656014;400.747074750722;0.0099009900990099;26;26
189;43.9200000000128;1.69999999999982;45.640000000014;NA;NA;-1742.60879880773;-1997.75072764391;5.04570944683021;25.3984727087935;34.211935754322;7.90617429113826;3646.44907250594;4032.76108744822;510.283857672364;0.0099009900990099;31;31
190;33.2099999999919;1.3100000000004;34.5899999999965;NA;NA;-1656.44615677246;-1855.26621758609;5.1368346535045;16.3402000195207;32.6915628380471;11.349604775675;3468.94242569342;3764.70871015969;397.640121627272;0.0099009900990099;35;35
191;45.9499999999825;1.5600000000004;47.6699999999837;NA;NA;-1658.77145544673;-1883.650373567;4.84610021008064;24.312093730259;32.3535961180906;6.65295812073402;3469.48610615206;3798.54524036115;449.757836240534;0.0099009900990099;30;30
192;47.4400000000023;1.54999999999927;49.1900000000023;NA;NA;-1654.62641429738;-1887.26177504791;4.93224277881474;20.3999055640693;35.0701320536717;9.00016539602891;3473.95377568348;3816.79130552978;465.270721501071;0.0099009900990099;30;30
193;44.6100000000151;1.30000000000018;46.0899999999965;NA;NA;-1590.18057638311;-1800.42749170843;5.03542416575598;18.940907121654;27.1005278539319;7.29489247365448;3305.1636956637;3634.44920474652;420.493830650632;0.0099009900990099;25;25
194;42.6199999999953;1.36999999999989;44.210000000021;NA;NA;-1492.14588672904;-1668.43367337491;4.74766325686558;24.2279735464915;22.3017260211138;4.32177837201129;3084.50677405418;3356.28768317209;352.575573291746;0.0099009900990099;20;20
195;44.0299999999988;1.5;45.679999999993;NA;NA;-1661.39775100418;-1881.83183961746;4.76298125316286;18.6815404236491;33.5332640064832;9.70823706111061;3479.12203001185;3808.92187397864;440.868177226549;0.0099009900990099;28;28
196;31.679999999993;1.51000000000022;33.3099999999977;NA;NA;-1673.61207516136;-1924.80189625574;4.89116702148044;28.1992163402614;35.1573931474011;7.33707316546656;3514.01033311909;3884.41076528773;502.379642188751;0.0099009900990099;33;33
197;46.6999999999825;1.65999999999985;48.4400000000023;NA;NA;-1591.43631104948;-1818.19490351256;4.78133228661152;18.4624760148891;30.8277480858164;7.86646720398042;3326.02591627919;3672.91893301498;453.517184926164;0.0099009900990099;27;27
198;47.4400000000023;2.09000000000015;49.6300000000047;NA;NA;-1688.08767881907;-1922.73331450516;4.95226815609147;17.3400077208465;35.2208888577717;10.0255697499131;3542.16175192671;3892.71439099033;469.291271372181;0.0099009900990099;31;31
199;41.1699999999837;1.54999999999927;42.8300000000163;NA;NA;-1828.64810592733;-2110.19174722311;8.82114442981231;51.208246826845;25.980213314637;5.09278649793159;3782.71603188402;4244.96898796327;563.087282591562;0.0099009900990099;39;39
200;44.0899999999965;1.89999999999964;46.1199999999953;NA;NA;-1670.33408128423;-1930.14517819581;4.7718014115709;24.2446443518421;34.8368397008176;7.27930845674911;3503.68298009606;3894.35300817046;519.622193823163;0.0099009900990099;29;29
201;47.3300000000163;2.01000000000022;49.4500000000116;NA;NA;-1601.32841564976;-1832.00110597875;4.96441203238801;22.2516796057912;32.5782549593975;7.1392487702301;3353.93886796009;3697.15438955366;461.345380657981;0.0099009900990099;27;27
202;45.7099999999919;1.71000000000004;47.6000000000058;NA;NA;-1582.58507150334;-1808.77402338546;4.76668242152758;16.3369229620758;32.7273517935807;9.34782535427198;3317.739641629;3661.12606177519;452.377903764241;0.0099009900990099;28;28
203;46.9799999999814;1.61999999999989;48.6999999999825;NA;NA;-1637.05312325977;-1889.6837285966;4.88619607373471;28.202414852855;32.9082255545207;5.77364589347196;3426.92055136729;3806.17825202584;505.261210673674;0.0099009900990099;27;27
204;47.6600000000035;1.79999999999927;49.5199999999895;NA;NA;-1620.93595391481;-1846.56491597628;4.88525397782365;25.0933772077933;31.0334908093612;6.28793510579269;3385.9805993534;3722.32880624936;451.257924122957;0.0099009900990099;27;27
205;45.1600000000035;1.76000000000022;46.9899999999907;NA;NA;-1543.42125137414;-1729.5566019944;4.59973737770949;16.9836514218943;26.4831915322066;6.99981078199053;3206.4933897492;3490.73830354997;372.270701240502;0.0099009900990099;21;21
206;30.3800000000047;1.21999999999935;31.6300000000047;NA;NA;-1569.31033272411;-1793.33185046599;4.82025430066442;27.7861475440989;26.6023570001259;5.40016744583626;3262.15271932792;3611.74019230736;448.043035483754;0.0099009900990099;27;27
207;38.359999999986;1.16000000000076;39.5799999999872;NA;NA;-1510.70687040209;-1709.09869759768;4.66095990985042;18.5421811080512;27.8490625534995;7.90646444986444;3150.20954343027;3454.76305814357;396.783654391186;0.0099009900990099;26;26
208;46.6600000000035;1.85999999999967;48.6300000000047;NA;NA;-1643.06281956687;-1862.41096608726;4.8649885662467;20.0380548541355;32.6695652417918;8.01348432084672;3437.83168885167;3762.03375430299;438.696293040771;0.0099009900990099;27;27
209;46.0800000000163;1.36999999999989;47.6100000000151;NA;NA;-1599.77998241659;-1786.59912014333;6.65712783384805;21.8621456082321;21.7747977792168;6.25776836892514;3299.83661437194;3602.01632861005;373.63827545348;0.0099009900990099;25;25
210;33.6199999999953;1.30000000000018;35;NA;NA;-1757.08770171833;-1997.55911027477;5.38405712364546;22.4472484724349;37.0260736503539;10.4753891384963;3692.43837376379;4045.55224714373;480.942817112865;0.0099009900990099;38;38
211;45.0799999999872;1.68000000000029;46.8699999999953;NA;NA;-1638.16234324069;-1872.18282043988;4.83289548901605;29.8078291121327;29.5449911833935;4.75786542738606;3413.52130566534;3766.45950603335;468.040954398393;0.0099009900990099;27;27
212;40.429999999993;1.5;42.0799999999872;NA;NA;-1627.67082635744;-1842.86987472976;4.82916441492084;20.1337800743669;31.871287290531;8.89878299662333;3404.4795230457;3727.3805383161;430.398096744636;0.0099009900990099;29;29
213;47.4100000000035;1.6299999999992;49.1600000000035;NA;NA;-1690.33359534836;-1926.42820512794;5.14696561061097;23.6012517820497;32.9619096140593;7.40374925069256;3534.33015906551;3887.37146415416;472.189219559154;0.0099009900990099;28;28
214;45.0299999999988;1.83000000000084;47.0800000000163;NA;NA;-1624.45800369438;-1837.25047164636;4.7082003365748;20.1849662938193;31.2259155397644;7.40445680901859;3393.91825214784;3708.88465438558;425.584935903965;0.0099009900990099;27;27
215;48.4400000000023;1.85999999999967;50.4500000000116;NA;NA;-1697.65287598178;-1913.93737504949;6.08428804925265;28.4429480653535;27.8257383967923;6.15724996201593;3524.51876173027;3856.46686823553;432.568998135415;0.0099009900990099;27;27
216;43.6399999999849;1.52999999999975;45.2700000000186;NA;NA;-1551.50588194898;-1745.85907823704;4.86351408455371;21.710592043641;25.5331960403007;5.79795996984663;3220.07531906132;3518.3004067217;388.706392576107;0.0099009900990099;24;24
217;31.3399999999965;1.14000000000033;32.5299999999988;NA;NA;-1585.03753819448;-1755.78730904438;4.73577033801221;14.9854266797797;28.1288222470416;10.0229321018134;3300.16470620235;3557.92847945267;341.499541699783;0.0099009900990099;26;26
218;45.1000000000058;1.82999999999993;47.0899999999965;NA;NA;-1568.49264703777;-1739.73157892078;4.6859672630475;13.529545931336;28.3106757671551;9.50708084290397;3267.36077406361;3523.24488309508;342.477863766024;0.0099009900990099;25;25
219;47.8800000000047;2.09999999999945;50.0899999999965;NA;NA;-1693.80305531459;-1956.96783669979;4.77900849308669;24.6544756565163;38.5312810055074;7.54174542289214;3569.19347565142;3949.4778522027;526.329562770396;0.0099009900990099;31;31
220;45.8099999999977;1.61000000000058;47.609999999986;NA;NA;-1645.08230193916;-1851.12887533644;5.1631012647808;16.5725956422958;30.8599389779351;9.92671256394338;3434.56999095145;3748.70861278199;412.093146794556;0.0099009900990099;29;29
221;44.4200000000128;1.50999999999931;46.1699999999837;NA;NA;-1553.60749053088;-1758.22475861236;4.73484484469831;21.0141437569722;28.0922720677886;6.50452746360198;3236.0112835568;3546.2712092818;409.234536162961;0.0099009900990099;24;24
222;46.3800000000047;1.77000000000044;48.3300000000163;NA;NA;-1761.28461014854;-2034.88944138887;7.41166880348828;44.7217326719476;24.0351496015377;3.96988777285733;3635.03882317129;4088.35549697281;547.209662480656;0.0099009900990099;29;29
223;41.0100000000093;1.30999999999949;42.5800000000163;NA;NA;-1689.49736799822;-1859.46948741142;6.32368856180932;12.9101957326383;26.8657982866197;13.0536263537765;3506.03235581812;3780.66435533577;339.944238826402;0.0099009900990099;32;32
224;46.8099999999977;1.77000000000044;48.7799999999988;NA;NA;-1668.75460832992;-1856.82923476637;5.93631644410323;20.8280516255501;27.3145526011716;7.60157566444235;3465.78739581905;3749.35798470377;376.149252872891;0.0099009900990099;30;30
225;43.9400000000023;1.84000000000015;45.8600000000151;NA;NA;-1599.89701179126;-1815.66073999826;4.68462064793435;18.3366206248369;32.0833725092731;8.44384442495526;3348.17258050326;3670.37240739751;431.52745641401;0.0099009900990099;26;26
226;46.859999999986;1.86999999999989;48.8800000000047;NA;NA;-1699.05369485557;-1948.21207806152;4.78528913554319;24.5825809998159;35.3767702478676;7.22831269709041;3564.24841124613;3930.37070486265;498.316766411908;0.0099009900990099;30;30
227;46;1.73000000000047;47.9100000000035;NA;NA;-1623.97203630774;-1853.61610746409;4.88110657800401;21.1158219386464;32.9792557304226;7.57096376470367;3401.68790570846;3742.52679522156;459.288142312698;0.0099009900990099;28;28
228;31.5400000000081;1.39000000000033;33;NA;NA;-1610.18694953943;-1842.68391095068;5.17409193909155;35.0645545594343;28.6876788394461;5.11664761293094;3356.02646369248;3709.56240295488;464.993922822499;0.0099009900990099;32;32
229;45.9700000000012;2.23999999999978;48.3699999999953;NA;NA;-1603.05526275465;-1810.18717653303;4.78744901528474;17.2688122459118;32.8916832396667;9.25109300203393;3360.58075597848;3663.82054758591;414.263827556764;0.0099009900990099;30;30
230;47.1999999999825;1.47999999999956;48.8699999999953;NA;NA;-1641.46118732192;-1848.58547539931;4.79797292127763;17.9660470867099;31.4616453065581;8.56794352873477;3428.42557969469;3736.7958093201;414.248576154767;0.0099009900990099;26;26
231;41.6699999999837;1.68000000000029;43.4900000000198;NA;NA;-1570.80361896043;-1759.74134046734;4.68759721721395;19.959033516685;25.9986512706094;6.3318688901066;3260.25154694158;3548.37803406117;377.875443013827;0.0099009900990099;23;23
232;38.390000000014;1.5;40.0299999999988;NA;NA;-1603.60141856124;-1848.02796399465;5.04016927760462;29.6836400820425;30.7115238491708;6.27448065103412;3349.81642654409;3725.19242449774;488.853090866818;0.0099009900990099;27;27
233;45.7200000000012;1.82999999999993;47.6499999999942;NA;NA;-1617.68113732581;-1848.35627356633;4.93438055004529;26.5127077234785;29.3834798283526;5.53763551811669;3370.67819991774;3722.21430112156;461.350272481039;0.0099009900990099;25;25
234;36.9700000000012;1.34000000000015;38.3899999999849;NA;NA;-1550.29895279068;-1740.51319347958;4.80062502432658;27.4956001896908;25.4999124055418;5.31701422453412;3216.39947204867;3505.17229641711;380.42848137779;0.0099009900990099;22;22
235;45.25;1.98999999999978;47.359999999986;NA;NA;-1650.53193254276;-1855.28771162269;4.73144277041572;17.3511995322116;33.0864958188802;9.12873663381164;3455.30763372574;3753.13208288776;409.511558159848;0.0099009900990099;28;28
236;46.5599999999977;1.47999999999956;48.0299999999988;NA;NA;-1607.83496537526;-1847.63980444089;4.87203928653775;27.6637899374179;28.117306503698;5.16059065529879;3345.15491237164;3719.04500710965;479.609678131259;0.0099009900990099;25;25
237;46.8899999999849;1.95000000000073;48.9899999999907;NA;NA;-1753.38176249891;-1999.42697772185;5.23025653679248;25.934566206646;34.662067579856;6.9788364442139;3670.11634779001;4031.7432985373;492.090430445884;0.0099009900990099;31;31
238;44.5899999999965;1.69000000000051;46.3800000000047;NA;NA;-1636.06598503546;-1860.32488857453;4.70521916406028;18.4894689263562;33.9720926277895;8.57250727160183;3430.50424449336;3760.61338754484;448.51780707814;0.0099009900990099;28;28
239;43.7299999999814;2.08999999999924;45.9799999999814;NA;NA;-1505.7304490965;-1713.05269242964;4.67045032245871;23.9562769957792;26.7541782588108;5.56021652074286;3134.66844226109;3451.71112820825;414.644486666284;0.0099009900990099;25;25
240;46.359999999986;1.77000000000044;48.2999999999884;NA;NA;-1646.78669835881;-1886.17335320089;4.84522186810699;23.8927399295516;34.9016414916062;7.25874900572623;3455.64442889008;3806.05380135094;478.773309684173;0.0099009900990099;27;27
241;45.8299999999872;2.01000000000022;47.9700000000012;NA;NA;-1600.6917508673;-1841.65954406261;4.88580628544964;26.2852732329304;31.8911332583166;6.15936671317095;3349.47478522246;3711.92103571478;481.935586390628;0.0099009900990099;27;27
242;49.4100000000035;1.82999999999993;51.4200000000128;NA;NA;-1814.17603486259;-2104.21276617104;5.93592532303959;31.5773726932321;37.9963182135278;7.11796164654664;3810.25912942855;4242.50271495036;580.073462616906;0.0099009900990099;36;36
243;39.3099999999977;1.4399999999996;40.7999999999884;NA;NA;-1658.73806906697;-1811.52125218374;5.14450987996059;10.7076689449161;32.1361921003813;16.2758090467387;3468.92520219497;3699.74593081157;305.56636623355;0.0099009900990099;31;31
244;46.390000000014;1.61999999999989;48.1900000000023;NA;NA;-1603.56508827923;-1814.23670829409;4.71968857249867;17.5020380205011;31.5795543992247;8.54456016931384;3353.17868528685;3667.99013220399;421.343240029721;0.0099009900990099;26;26
245;43.5599999999977;1.71000000000004;45.3399999999965;NA;NA;-1615.65551952225;-1843.91958173876;5.32666362345877;31.1810025598773;28.5161642196563;5.19021691733066;3366.15257958839;3712.38162436037;456.528124433018;0.0099009900990099;32;32
246;46;1.57999999999993;47.6900000000023;NA;NA;-1603.12619269887;-1832.52089981835;5.34748190954606;29.0905128252124;27.906962866293;5.23697790574501;3334.76869877106;3689.15897415291;458.789414238959;0.0099009900990099;25;25
247;43.5899999999965;1.8100000000004;45.5;NA;NA;-1601.50931345285;-1810.91670540014;4.70930687221378;17.5700276683651;29.8574828995302;7.84283075684975;3341.10293286941;3658.10478188319;418.814783894577;0.0099009900990099;26;26
248;45.5599999999977;1.75;47.4400000000023;NA;NA;-1607.90451170113;-1830.64440674408;4.71545074751708;24.3668182205654;30.1503758552635;5.77546078250178;3354.65663538726;3687.88579329409;445.479790085898;0.0099009900990099;25;25
249;44.2999999999884;1.42000000000007;45.859999999986;NA;NA;-1598.58364206149;-1784.21518481712;4.71965855856423;15.5308838230878;29.6470468901925;9.36431148447972;3334.27836972524;3611.73825518217;371.26308551126;0.0099009900990099;26;26
250;45.8299999999872;1.8799999999992;47.8099999999977;NA;NA;-1651.37724231848;-1842.39393525104;4.62698670372918;17.3343968901739;29.5265521258858;8.19355284343668;3438.12661580758;3722.35333718936;382.033385865112;0.0099009900990099;24;24
