1;49.5;0.940000000000055;50.9700000000012;NA;NA;-1893.87917818256;-1907.27382679759;4.78132601787311;4.80813138513757;164.330999739661;163.085509292102;4544.53057699983;4565.58417875385;26.7892972300524;0.831683168316832;100;100
2;49.9499999999971;1.02999999999997;51.5;NA;NA;-1895.33668460843;-1908.02719519527;4.82185002041421;4.85276946605355;162.525807705327;161.202300643139;4539.13237331506;4558.41841922502;25.38102117369;0.95049504950495;100;100
3;50.6699999999983;1.02999999999997;52.1700000000055;NA;NA;-1905.5298555277;-1920.4163730834;4.96011998394077;5.04547678125502;160.462811652349;157.904146875436;4550.01826723662;4568.00821560144;29.7730351113937;0.811881188118812;100;100
4;53.0500000000029;1.19999999999982;54.75;NA;NA;-1893.61064620779;-1906.98396710436;4.72933748602164;4.7617529687134;169.032927395675;167.603159237544;4565.64669010843;4585.80900620688;26.7466417931446;0.445544554455446;100;100
5;51.4300000000003;0.990000000000009;52.6900000000023;NA;NA;-1878.50952633465;-1893.63522729039;4.6971966236479;4.75739047437551;164.131989166488;162.19313971282;4512.87479574572;4534.19746595806;30.2514019114906;0.0495049504950495;100;100
6;48.6500000000015;1.07999999999993;50.6700000000055;NA;NA;-1870.92428175715;-1883.3707490843;4.70113880780329;4.72626587708531;160.547465937841;159.263454668804;4480.39018911063;4499.37648572254;24.8929346542991;0.326732673267327;99;99
7;52.1299999999974;0.779999999999973;53.4599999999991;NA;NA;-1891.31257911715;-1906.01370636598;4.80039856112441;4.86915177285609;163.358595801997;161.088367886958;4534.91929324654;4553.86676183445;29.4022544976478;0.504950495049505;100;100
8;53.0900000000038;0.980000000000018;54.5699999999997;NA;NA;-1897.19790501079;-1907.22872368723;4.74583483561446;4.76512143068855;169.693661261083;168.528879731129;4575.86399961229;4590.56161979022;20.0616373528655;0.801980198019802;100;100
9;49.4700000000012;1.17000000000007;51.3199999999997;NA;NA;-1881.68546969364;-1892.73576624807;4.76973750362045;4.78835715338255;162.110892563949;161.078114062374;4509.91918864669;4527.26366099137;22.1005931088621;0.594059405940594;100;100
10;49.1800000000003;1.1099999999999;50.5999999999985;NA;NA;-1878.35247305081;-1890.92580958702;4.8064539884693;4.83579791809371;159.811273376457;158.59156382034;4491.85997915437;4511.39581138873;25.1466730724078;0.762376237623762;99;99
11;49.0599999999977;0.950000000000045;50.4199999999983;NA;NA;-1894.89714151936;-1908.58564556099;4.78556815154828;4.84354608098493;165.116075451059;163.352011232365;4550.1819109333;4569.43510307046;27.377008083261;0.435643564356436;100;100
12;50.010000000002;0.990000000000009;51.5500000000029;NA;NA;-1887.13913723742;-1901.91217121513;4.76023097325752;4.81981850246624;162.796651134218;161.015820279197;4523.98455865684;4545.32959745244;29.5460679554326;0.386138613861386;100;100
13;49.3400000000038;0.889999999999873;50.5199999999968;NA;NA;-1890.32010255019;-1905.29446377507;4.82795197584458;4.89489772296775;162.728882181254;160.626622255212;4530.03440172065;4550.30185943581;29.9487224497657;0.455445544554455;100;100
14;51.0400000000009;0.830000000000155;52.5800000000017;NA;NA;-1890.7782082558;-1900.82070813893;4.79298326602706;4.8269173239015;162.333944181776;161.054342317309;4529.13185643138;4543.32407184145;20.0849997662494;0.871287128712871;100;100
15;51.6399999999994;1.04999999999995;53.5600000000049;NA;NA;-1901.29837472526;-1945.45704550319;4.93118454655544;5.3988106825366;160.191734399626;149.514080076918;4540.30694874941;4579.45187496205;88.3173415558585;0.128712871287129;100;100
16;52.5699999999997;0.920000000000073;53.9000000000015;NA;NA;-1895.06164415796;-1906.31740104979;4.75868914539306;4.7878029675648;167.186691204953;165.859966886146;4560.04645414696;4576.44817665264;22.511513783671;0.871287128712871;100;100
17;50.1399999999994;1;51.489999999998;NA;NA;-1899.72783849671;-1912.85185216146;4.81893719570304;4.84708409416017;163.800603487653;162.44133459036;4553.78533262162;4573.77369535056;26.2480273294946;0.712871287128713;100;100
18;55.5999999999985;0.900000000000091;57.0499999999956;NA;NA;-1916.09323392383;-1963.77302821157;5.26882561901861;5.83091927097942;151.44442765376;136.997030680829;4529.61383091279;4558.44069768338;95.3595885754667;0.702970297029703;100;100
19;51.6399999999994;1.13999999999987;53.5500000000029;NA;NA;-1895.17240843537;-1913.16640788009;4.9137736921255;5.00985629564332;157.948477929624;154.955802519206;4517.72443835445;4539.93065766748;35.9879988894281;0.841584158415842;100;100
20;52.5199999999968;0.940000000000055;54.4099999999962;NA;NA;-1898.2372919655;-1909.37024929144;4.86291557879925;4.90616459403432;162.384066210553;160.788887315224;4544.28084432336;4559.20068868514;22.2659146518668;0.881188118811881;100;100
21;49.2999999999956;0.960000000000036;50.6800000000003;NA;NA;-1884.15016454096;-1899.14211412462;4.78004946243924;4.81604083278929;162.782469818557;161.29702265258;4517.12329664547;4540.27392343262;29.9838991673155;0.247524752475248;99;99
22;51.2799999999988;1.15999999999985;52.5599999999977;NA;NA;-1912.99270692899;-1927.91081131173;5.04123853306335;5.13955818726889;158.964697335772;156.208091969512;4558.0448986533;4575.18647057153;29.8362087654718;0.910891089108911;100;100
23;50.0900000000038;1.01999999999998;51.3600000000006;NA;NA;-1894.25796504121;-1908.46187895996;4.75372934050095;4.79754006682708;165.876947766146;164.224923712124;4552.40750447778;4573.20748039516;28.4078278374927;0.534653465346535;100;100
24;52.6699999999983;1.03999999999996;54.4500000000044;NA;NA;-1885.68761958458;-1903.8727205761;4.71616302973522;4.78253336587668;167.609042693282;165.68237614207;4543.24340548227;4570.74098010533;36.3702019830425;0.0297029702970297;100;100
25;53.0999999999985;1.04999999999995;54.6699999999983;NA;NA;-1906.27236604841;-1921.4017438704;4.95201594134448;5.06607121896268;163.019167932457;159.975615461997;4563.27574400396;4579.51842255149;30.2587556439898;0.495049504950495;100;100
26;51.510000000002;0.829999999999927;52.7200000000012;NA;NA;-1889.71836888158;-1903.38391990948;4.75094194111018;4.78515162932357;165.488344795132;164.11529762543;4541.53872934222;4562.54671550816;27.3311020558049;0.346534653465347;100;100
27;50.9300000000003;0.990000000000009;52.2200000000012;NA;NA;-1876.46963296488;-1891.01260658025;4.69223878480929;4.72283082183272;165.469931963804;164.096266496741;4514.95646328694;4537.71644726325;29.0859472307475;0.0099009900990099;100;100
28;54.8599999999933;1.13000000000011;56.510000000002;NA;NA;-1930.1243416683;-1939.75287506816;5.37088198254887;5.374145425882;148.658855407158;148.437249216692;4544.84801214075;4563.08454471912;19.2570667997365;0.871287128712871;100;100
29;48.25;0.970000000000027;49.5299999999988;NA;NA;-1890.5881440236;-1901.46000221485;5.0133966259918;5.07359386053542;153.829504807337;152.111337072841;4488.81431821751;4502.65421385598;21.7437163825102;1;99;99
30;51.1999999999971;0.809999999999945;52.5600000000049;NA;NA;-1899.75925480915;-1919.02589342681;4.79963667055534;4.91567203386159;168.919557643099;165.743710555411;4577.4218203066;4601.32978121844;38.5332772353195;0.108910891089109;100;100
31;49.3700000000026;0.930000000000064;50.8599999999933;NA;NA;-1882.84898568909;-1897.67921201647;4.71212188361013;4.76007055527952;163.648798016859;161.840490318532;4519.32853697822;4540.66142493353;29.6604526547462;0.168316831683168;100;100
32;53.4499999999971;0.910000000000082;54.9599999999991;NA;NA;-1895.19113418333;-1907.13964868117;4.80474500848144;4.8300598781969;164.083775751033;162.891295360652;4546.01598045967;4564.4214343142;23.8970289956887;0.653465346534653;100;100
33;50.5799999999945;0.889999999999873;52.2200000000012;NA;NA;-1894.0217034467;-1904.30877545256;4.74275370163607;4.77357426522017;169.448494446619;167.918959809213;4568.38256157954;4581.91293828064;20.5741440117113;0.851485148514851;100;100
34;49.5800000000017;0.880000000000109;51.0800000000017;NA;NA;-1879.09373592099;-1890.24957849098;4.70463056704951;4.73216816005181;164.500294694;163.145696593597;4515.73932455305;4531.81285490705;22.3116851399741;0.613861386138614;100;100
35;50.1599999999962;0.700000000000045;51.3499999999985;NA;NA;-1879.86513374501;-1900.60218006241;4.70285207534636;4.83056073716694;167.39314237477;164.345533542087;4530.60417609317;4558.04351139315;41.4740926348031;0.0099009900990099;100;100
36;52.5699999999997;1.1400000000001;54.25;NA;NA;-1904.35347046901;-1916.92787629972;4.88303946511943;4.9425014837652;163.373075090716;161.485395001491;4561.06775553898;4577.52347913281;25.1488116614132;0.841584158415842;100;100
37;52.8600000000006;0.919999999999845;54.239999999998;NA;NA;-1884.50260367805;-1898.26644440936;4.70022151545553;4.7226830400944;167.182719708743;165.912464892023;4538.91008377121;4560.58802562327;27.5276814626218;0.455445544554455;100;100
38;53.0299999999988;0.990000000000009;54.5699999999997;NA;NA;-1901.08113634115;-1924.80759893947;5.05531638640058;5.26279179516098;154.517669205306;148.990530934343;4513.74243611495;4535.74194893231;47.4529251966342;0.544554455445545;100;100
39;51.4499999999971;0.839999999999918;52.7900000000009;NA;NA;-1884.65394971139;-1895.43831032103;4.74399322495692;4.77412178348423;163.328532935411;162.04389179042;4521.46358981812;4537.11631993678;21.5687212192715;0.653465346534653;100;100
40;53.4200000000055;1.00999999999999;54.9499999999971;NA;NA;-1917.54855803777;-1935.98237194955;5.11431807826459;5.24141103166227;157.870627990877;154.515988867023;4562.11822534235;4583.53716908798;36.867627823553;0.396039603960396;100;100
41;50.3400000000038;1.1099999999999;51.75;NA;NA;-1878.20800501327;-1890.07514205563;4.70695775155708;4.73624069262096;162.891762327658;161.472777870833;4506.56029744092;4523.7599066107;23.7342740847271;0.613861386138614;100;100
42;51.7699999999968;1.04000000000019;53.1900000000023;NA;NA;-1888.18346735673;-1898.36845318011;4.73859064465233;4.77393541637414;165.149196599418;163.671813294127;4536.90709113299;4550.47346122895;20.369971646764;0.653465346534653;100;100
43;48.3100000000049;0.9699999999998;49.760000000002;NA;NA;-1886.58246585402;-1898.74575258718;4.78795643175838;4.8171541535297;161.475952374601;160.128567030655;4515.97772956077;4534.10613504973;24.3265734663205;0.623762376237624;99;99
44;50.0800000000017;0.75;51.3400000000038;NA;NA;-1891.54701993349;-1911.90772624183;4.8349371129701;4.98625084999518;161.074055530643;157.100497075464;4524.86747813288;4547.2899778195;40.7214126166878;0.277227722772277;100;100
45;47.4399999999951;0.819999999999936;49.1700000000055;NA;NA;-1886.72405762211;-1902.47971404884;4.88360504123728;4.9421288016315;157.054662388631;155.273199924314;4496.71156404677;4520.0189390721;31.5113128534517;0.574257425742574;100;100
46;51.4400000000023;1.20000000000005;53.0999999999985;NA;NA;-1883.06425198983;-1897.33315918273;4.73453929085166;4.769055649526;162.799792386481;161.269384003439;4515.84925416294;4537.33927749076;28.5378143857961;0.306930693069307;100;100
47;50.7099999999991;0.849999999999909;52.1599999999962;NA;NA;-1900.57332959635;-1919.57641062248;4.87005692003696;4.96267573348604;162.316329619274;159.457801358434;4548.64098105439;4573.48313398404;38.0061620522724;0.306930693069307;100;100
48;53;0.740000000000009;54.0200000000041;NA;NA;-1906.58524083753;-1942.38553821984;5.05356444661589;5.42241248505169;157.810092115172;148.486933814169;4539.91281293189;4568.57867704947;71.6005947646095;0.366336633663366;100;100
49;49.4700000000012;1;50.6399999999994;NA;NA;-1874.92503507309;-1888.19682775723;4.74863172897765;4.78406216890999;159.635994954799;158.168637245185;4485.00099472256;4504.78714811436;26.5435853682943;0.603960396039604;100;100
50;51.2699999999968;0.950000000000045;53.010000000002;NA;NA;-1881.58450915832;-1898.28347775709;4.73841199453383;4.85659445209469;165.08096571426;162.232985681425;4522.56540032384;4542.8622163618;33.3979371975388;0.118811881188119;99;99
51;48.8899999999994;0.920000000000073;50.5200000000041;NA;NA;-1873.72090334217;-1906.80327868716;4.80907000820859;5.1455131825054;158.532650890872;150.632396321917;4476.71499088005;4506.53742487324;66.1647506899762;0.108910891089109;99;99
52;50.5599999999977;1.08999999999992;52.0299999999988;NA;NA;-1878.96129891649;-1892.51935012755;4.74104568492908;4.7870867081135;161.455066876857;159.863452691647;4501.45065819099;4521.23710641978;27.116102422116;0.435643564356436;100;100
53;48.75;1.05000000000018;50.3099999999977;NA;NA;-1888.7536730979;-1902.2760591194;4.74551737908995;4.78527682560593;164.063373103017;162.503064750307;4533.04710062246;4552.90638715861;27.0447720429984;0.346534653465347;100;100
54;51.5699999999997;1.01999999999998;52.9700000000012;NA;NA;-1896.55328354734;-1908.831500188;4.78930495448257;4.82054494483606;166.044430864821;164.757943816823;4557.76942966272;4576.40137114593;24.5564332813151;0.693069306930693;100;100
55;50.6100000000006;0.769999999999982;51.9700000000012;NA;NA;-1892.48802243909;-1906.41978126849;4.77008520946025;4.82580696749565;165.474098834637;163.722793828193;4547.01243138469;4566.81089144125;27.8635176588105;0.465346534653465;100;100
56;50.2299999999959;0.920000000000073;52.0499999999956;NA;NA;-1885.77730989494;-1900.37827649539;4.71460838831459;4.78143241149504;165.551137240921;163.496085813178;4533.9457812682;4553.68385290338;29.2019332008949;0.207920792079208;100;100
57;48.9599999999991;0.950000000000045;50.4300000000003;NA;NA;-1878.9146002768;-1893.01082792733;4.78304984558847;4.86810740227205;160.958923567071;158.71255789926;4498.26359091318;4516.12243837872;28.192455301064;0.217821782178218;99;99
58;51.7000000000044;1.14999999999986;53.25;NA;NA;-1891.48035364294;-1905.22438199697;4.78260460728058;4.84788508199157;162.52473170031;160.451304955087;4531.41475619785;4549.35432987598;27.4880567080581;0.683168316831683;100;100
59;57.0299999999988;1.06999999999994;58.5;NA;NA;-1893.38143475399;-1985.31368378486;4.82494404579719;6.00238433067034;163.102925672179;134.788470899634;4537.87960006094;4591.35121517164;183.864498061739;0.0495049504950495;100;100
60;47.1099999999933;1.13000000000011;48.6099999999933;NA;NA;-1876.38812613443;-1892.82502971811;4.79932159667444;4.8587131393459;160.266438414104;158.372198638151;4490.02511050193;4514.18514000094;32.8738071673743;0.0693069306930693;99;99
61;47.6600000000035;0.940000000000055;49.0299999999988;NA;NA;-1875.89285528031;-1891.48697675118;4.7558487859643;4.83188277035999;161.700807027153;159.567650494546;4495.63287242308;4517.00828596861;31.1882429417437;0.0891089108910891;99;99
62;50.3799999999974;1.04999999999995;52.0400000000009;NA;NA;-1891.13755639785;-1904.73387575428;4.7768899627158;4.85391556340485;164.154109915972;161.859093393611;4538.23272568814;4554.85642273587;27.1926387128624;0.316831683168317;100;100
63;50.7900000000009;1.24000000000001;52.739999999998;NA;NA;-1891.96788914848;-1908.03506100759;4.90959032928595;4.9811703568696;161.520434918385;159.236958424911;4526.95320230187;4548.58322300478;32.1343437182213;0.752475247524752;99;99
64;51.4199999999983;1.02999999999997;53.1900000000023;NA;NA;-1900.38575319517;-1911.77318477834;4.93838270841347;4.99400599420794;159.149249559182;157.512688776148;4533.68088558266;4548.91910782341;22.7748631663376;0.96039603960396;100;100
65;52.739999999998;0.920000000000073;54.6100000000006;NA;NA;-1899.35643328216;-1911.71320397011;4.81495026956415;4.87105078628714;165.328250292746;163.612944646188;4560.07759571406;4576.89186266657;24.7135413758924;0.752475247524752;100;100
66;55.0900000000038;1.11000000000013;56.8400000000038;NA;NA;-1892.48245458513;-1904.54727800127;4.74292129014429;4.77136063578116;167.330126227233;165.896439886842;4555.54861768954;4573.075894931;24.1296468322853;0.702970297029703;100;100
67;50.1500000000015;1.02999999999997;51.8199999999997;NA;NA;-1872.77602055072;-1888.0157504071;4.81940060236546;4.88075586051389;158.022948242237;156.090625851902;4472.48051919734;4494.07101569291;30.4794597127616;0.227722772277228;99;99
68;50.2799999999988;1.27999999999997;52.9499999999971;NA;NA;-1887.41231027428;-1902.69555365034;4.85113645457943;4.89643437525239;158.36571805685;156.749509596688;4504.12570382657;4527.24927556361;30.5664867521218;0.534653465346535;100;100
69;51;1.25999999999999;53.1500000000015;NA;NA;-1883.94107446;-1905.99540754271;4.79027007961951;4.95027021879177;160.963342944772;157.403749229226;4509.14573688625;4536.8618681986;44.1086661654172;0.0198019801980198;100;100
70;51.1299999999974;0.740000000000009;52.8600000000006;NA;NA;-1881.08730855579;-1898.34229219041;4.7862067659683;4.84672204015927;160.347419522127;158.457258462732;4500.60177289501;4526.4072268068;34.5099672692318;0.148514851485149;100;100
71;54.0699999999997;1.33999999999992;56.4499999999971;NA;NA;-1902.60313166265;-1923.50752357496;4.86330116577627;5.02477588698274;163.459816363856;159.489052266671;4557.96653625121;4581.48927563989;41.8087838246256;0.445544554455446;100;100
72;52.489999999998;1.27000000000021;54.5900000000038;NA;NA;-1879.42684193871;-1894.26214529069;4.72734767523112;4.7833760224913;162.051748492677;160.266146897416;4505.12956462313;4526.57717209655;29.6706067039618;0.0693069306930693;100;100
73;55;0.980000000000018;57.7000000000044;NA;NA;-1899.07954246879;-1913.22255406456;4.84245261108848;4.90328831731965;166.687789524205;164.657532480636;4564.947089489;4583.8936358562;28.2860231915511;0.405940594059406;99;99
74;58.1100000000006;1.07999999999993;60.0400000000009;NA;NA;-1892.03982945276;-1904.09007520217;4.73885911018632;4.7600343556314;168.365440379675;167.180984589893;4559.43116529276;4578.07703630184;24.1004914988107;0.722772277227723;100;100
75;56.6800000000003;1.17000000000007;58.9100000000035;NA;NA;-1903.76534833857;-1913.71361636049;4.76285890668722;4.79883574231929;171.113631906228;169.647042471816;4595.53809274783;4608.68073485325;19.8965360438551;0.920792079207921;100;100
76;52.1900000000023;0.960000000000036;53.7999999999956;NA;NA;-1883.07655595938;-1893.95038585682;4.78042377260175;4.80791852635733;162.628329637544;161.278089450909;4514.26701229654;4529.8033714237;21.747659794893;0.930693069306931;99;99
77;57.6399999999994;1.24000000000001;59.9700000000012;NA;NA;-1892.04011734152;-1926.99418244267;4.80277480599237;5.11194975622038;167.490222546369;159.28103796582;4555.40121399808;4587.50465211877;69.9081302023028;0.118811881188119;100;100
78;54.1500000000015;1.11999999999989;55.9700000000012;NA;NA;-1885.75774051322;-1894.65116412768;4.72348672299682;4.74031752215329;167.009038107562;165.906285785164;4540.62052410993;4553.32900922123;17.7868472289365;0.98019801980198;100;100
79;56.2200000000012;0.870000000000118;58.5299999999988;NA;NA;-1896.40435593284;-1909.20671057738;4.80223289400572;4.83940168671165;165.18429058421;163.754910345639;4553.51048205767;4572.53265208765;25.6047092890885;0.683168316831683;100;100
80;53.1699999999983;1.18000000000006;55.4700000000012;NA;NA;-1875.78974733595;-1890.52574504073;4.89693864872499;4.99081831088056;156.025739125284;153.548061440735;4469.32052119841;4487.39483995103;29.4719954095654;0.613861386138614;99;99
81;56.9700000000012;1.27999999999997;58.9599999999991;NA;NA;-1909.40088250421;-1922.79021744389;5.00223014349639;5.0485093371569;160.121052352702;158.572477751673;4556.18646145213;4575.83368174804;26.7786698793448;0.811881188118812;100;100
82;49.5599999999977;0.960000000000036;51.3099999999977;NA;NA;-1861.48050210805;-1887.4183705292;4.71636968511481;4.90416878054875;158.355847824344;154.209702305628;4452.21663339364;4484.99866450638;51.8757368422935;0.0099009900990099;100;100
83;54.5999999999985;0.930000000000064;56.3299999999945;NA;NA;-1896.09532590814;-1915.94496471854;4.82872653752696;4.94012739043392;163.904579176751;161.059759504616;4546.99913318798;4573.59753207016;39.6992776208003;0.138613861386139;100;100
84;55.4099999999962;0.879999999999882;57.4400000000023;NA;NA;-1888.71982595595;-1903.25306575012;4.73896830258938;4.7766085294484;164.151827051252;162.734130635457;4533.3867518238;4555.92449814534;29.0664795883349;0.207920792079208;100;100
85;54.0900000000038;1.21000000000004;56.739999999998;NA;NA;-1884.3376402728;-1900.27714980449;4.85576944300829;4.92527067488074;160.882003552737;158.814621530832;4507.93916075348;4530.31841712349;31.8790190633772;0.653465346534653;98;98
86;56.25;1.05999999999995;58.4100000000035;NA;NA;-1903.84929357461;-1921.49280156206;4.86812704435148;5.0013304604553;166.593061314801;163.365131498605;4574.88798630863;4595.30983613152;35.2870159748986;0.297029702970297;100;100
87;54.1500000000015;1.06000000000017;55.9599999999991;NA;NA;-1889.88159607872;-1901.19142334824;4.72980343764451;4.74655908105635;167.326416480491;166.220405556971;4550.32981666162;4567.8561026703;22.6196545390476;0.633663366336634;100;100
88;51.6599999999962;0.919999999999845;54.0299999999988;NA;NA;-1883.78465277688;-1898.34775317841;4.76396332218986;4.82276076733948;161.28620919275;159.457065165545;4510.31974753925;4531.02242880234;29.1262008030526;0.207920792079208;100;100
89;55.2799999999988;1.12999999999988;57.9599999999991;NA;NA;-1879.06631036002;-1892.79168328977;4.75931347395286;4.79236803612362;162.820421406321;161.51652867785;4507.94837105044;4529.39446899107;27.4507458595076;0.584158415841584;100;100
90;58.6599999999962;1.32000000000016;61.4700000000012;NA;NA;-1908.50054030182;-1922.98739224145;4.89069230392638;4.93099807526785;167.29113285895;165.76957348252;4587.40521802585;4609.37188202857;28.9737038792687;0.435643564356436;100;100
91;53.0500000000029;0.889999999999873;55.1100000000006;NA;NA;-1891.58324705217;-1905.49297107273;4.80408012272059;4.84103374096538;163.58129812427;162.091993289812;4536.48621121145;4557.44715703108;27.8194480411262;0.524752475247525;100;100
92;54.5;0.960000000000036;56.4700000000012;NA;NA;-1883.06055339889;-1901.75632381516;4.73769589267333;4.83495050240951;166.619979992035;163.879991272286;4532.59717766763;4557.38437304146;37.3915408325306;0.0297029702970297;99;99
93;56.2900000000009;1.05999999999995;58.2999999999956;NA;NA;-1902.63169922362;-1921.26527860224;4.95771593070573;5.08932065140919;160.722269645486;157.080870082187;4545.41680284296;4565.91469689604;37.2671587572522;0.574257425742574;100;100
94;54.2199999999939;0.940000000000055;56.3600000000006;NA;NA;-1887.77505157868;-1898.97499476522;4.73371357957817;4.76778513042082;165.844930177312;164.415321681794;4539.29423110719;4555.11052705908;22.3998863730853;0.821782178217822;100;100
95;51.7699999999968;1.1400000000001;53.9000000000015;NA;NA;-1886.08322298041;-1898.75719358136;4.85391299252681;4.89507447949476;160.054082867479;158.568783041117;4508.43843788402;4526.95378448937;25.3479412019092;0.811881188118812;99;99
96;55.2999999999956;1.19000000000005;57.8099999999977;NA;NA;-1884.33044816403;-1913.17658170515;4.75588955620515;4.97620616745575;162.345861510307;156.97528811052;4516.29121757387;4549.25108015376;57.6922670822487;0.0297029702970297;100;100
97;55.0800000000017;1.13999999999987;57.4599999999991;NA;NA;-1901.85199621792;-1913.18511353004;4.9409176722618;4.9729959049296;160.653199448459;159.383255843303;4543.53931681948;4560.35724501537;22.666234624246;0.861386138613861;100;100
98;51.4000000000015;1.05999999999995;53.9500000000044;NA;NA;-1894.1171588148;-1915.09080017369;4.80490076520957;4.96275280211447;162.908880216876;159.32686537557;4538.45743583707;4563.9089306019;41.9472827177751;0.118811881188119;100;100
99;55.7000000000044;1.1400000000001;58.2699999999968;NA;NA;-1894.98814107317;-1909.59651640519;4.79581756569374;4.82144890549842;167.471870204127;166.068512795756;4561.21274580206;4583.96679676878;29.216750664038;0.227722772277228;100;100
100;54.4399999999951;1.22000000000003;56.5699999999997;NA;NA;-1884.98745962122;-1897.10912419271;4.74721325447506;4.77130239681196;164.011583266627;162.742593151217;4525.27617265862;4543.67558635578;24.2433291429616;0.485148514851485;100;100
101;50.1100000000006;0.860000000000127;51.6899999999951;NA;NA;-1882.80445314936;-1893.2124530639;4.78224037275579;4.81459593543825;161.584830927514;160.2830246474;4508.9225612842;4523.75006343933;20.815999829078;0.99009900990099;99;99
102;53.3600000000006;0.829999999999927;54.4800000000032;NA;NA;-1899.68479442534;-1913.62267315308;4.85803747260217;4.92996804303272;164.766515602718;162.593779657833;4558.14743415347;4576.01737281353;27.8757574554734;0.574257425742574;100;100
103;51.2200000000012;1.40000000000009;53.1600000000035;NA;NA;-1886.95721568597;-1898.85828803259;4.83494114896874;4.89640669163273;160.951922552884;158.946622713145;4515.12542648995;4529.69282414726;23.8021446932353;0.742574257425743;100;100
104;53.9199999999983;1.13000000000011;55.5599999999977;NA;NA;-1887.07747469213;-1897.76730250301;4.76948293703124;4.79017653010657;163.582022727484;162.379406252075;4527.47800341249;4543.31940549653;21.3796556217726;0.693069306930693;100;100
105;52.5299999999988;1.19999999999982;54.2800000000061;NA;NA;-1885.3213856078;-1897.87196697364;4.72687732277186;4.75329084672195;165.302287133342;163.930383341994;4531.88793559772;4550.67124789142;25.1011627316666;0.495049504950495;100;100
106;51.9799999999959;1;53.4700000000012;NA;NA;-1885.51651962732;-1896.79653435499;4.7507743916246;4.7666184987122;163.13121671517;162.092528629256;4522.2800548753;4540.05674892485;22.5600294553378;0.683168316831683;100;100
107;54.4400000000023;0.869999999999891;55.8799999999974;NA;NA;-1907.88896181244;-1927.94606933451;4.96028135610612;5.09362324658053;162.8415233761;159.255089818621;4565.69085211737;4589.2889302686;40.1142150441583;0.584158415841584;100;100
108;49.2799999999988;0.849999999999909;50.4800000000032;NA;NA;-1895.18402944505;-1907.7360134016;4.83481232981302;4.89412102969961;160.996713584659;159.267911580022;4531.78532433224;4548.9278647961;25.1039679130895;0.653465346534653;100;100
109;52.3300000000017;0.720000000000027;53.3700000000026;NA;NA;-1897.12250875414;-1909.83359470434;4.80500002783488;4.85960693937013;166.489840601798;164.612995010215;4560.95906771759;4577.73804625593;25.4221719004058;0.722772277227723;100;100
110;50.9599999999991;1.05999999999995;52.7900000000009;NA;NA;-1886.91869542212;-1901.89592843778;4.75365951585861;4.80386085561732;163.458166652166;161.677604251858;4526.59006656706;4548.34473971819;29.9544660313181;0.198019801980198;100;100
111;54.1599999999962;1.05999999999995;55.3799999999974;NA;NA;-1898.6764184465;-1910.54408382008;4.75828009114857;4.78068298391944;168.680940763508;167.343741120719;4574.15727624153;4591.734575061;23.7353307471544;0.663366336633663;100;100
112;49.8299999999945;0.819999999999936;50.9400000000023;NA;NA;-1883.47208768891;-1896.2838758697;4.78540868525895;4.84444727395388;160.021606762431;158.21865589417;4503.87090795409;4521.19158873033;25.6235763615682;0.613861386138614;100;100
113;50.6500000000015;1.19999999999982;52.3700000000026;NA;NA;-1882.43267241544;-1893.57217282284;4.76986973047466;4.80321222308675;160.406730883405;159.026730686905;4503.56563952695;4519.48950458017;22.2790008147977;0.861386138613861;100;100
114;52.9599999999991;1.02999999999997;54.4099999999962;NA;NA;-1906.76444122653;-1923.83970726279;4.9138217236156;5.01401800190091;163.862973236371;161.123232987942;4568.14576138857;4589.67932335167;34.1505320725269;0.366336633663366;100;100
115;53.1100000000006;0.869999999999891;54.3899999999994;NA;NA;-1904.56721808424;-1921.34623364577;4.88223286555948;4.98043077602906;163.497865067182;160.67779083958;4562.06992984858;4582.64103921641;33.5580311230615;0.386138613861386;100;100
116;54.0499999999956;0.839999999999918;55.1100000000006;NA;NA;-1888.51914168698;-1901.2871988066;4.70929849276229;4.72997693930344;168.565570555062;167.26684762668;4553.3114232782;4572.8666974078;25.5361142392476;0.504950495049505;100;100
117;50.25;1.08999999999992;51.7700000000041;NA;NA;-1881.46668910883;-1897.43581574174;4.73365662894647;4.8320633228468;162.813465083667;160.405884700086;4512.71709349839;4533.56802936136;31.938253265806;0.118811881188119;100;100
118;51.5999999999985;0.960000000000036;53.25;NA;NA;-1887.18315644088;-1898.77686781786;4.74669725874398;4.7865197871672;163.873147568429;162.303529855723;4529.03004634792;4544.98911240792;23.1874227539474;0.782178217821782;100;100
119;51.0999999999985;0.970000000000027;52.5699999999997;NA;NA;-1887.8099742401;-1903.58718622443;4.84751237629567;4.92506357477119;160.344190929622;158.203350638807;4514.03223604567;4535.72772613412;31.5544239686669;0.465346534653465;100;100
120;53.5299999999988;0.869999999999891;54.9099999999962;NA;NA;-1888.24362071351;-1901.67545168695;4.72473321264202;4.77644758267936;166.322770521316;164.543640966249;4542.43190548272;4561.1023730456;26.8636619468843;0.336633663366337;100;100
121;51.6399999999994;0.929999999999836;53.3699999999953;NA;NA;-1885.42435597995;-1900.61738996173;4.76871356298912;4.84447912192151;162.569471963067;160.497151707925;4519.50879739604;4540.35147790481;30.3860679635663;0.485148514851485;100;100
122;48.2000000000044;1.03999999999996;49.4599999999991;NA;NA;-1879.44799110974;-1894.92317067065;4.80275211068239;4.8737693992335;158.751474279661;156.763660542834;4489.17578573696;4510.98191340049;30.9503591218254;0.306930693069307;99;99
123;51.0299999999988;1.12999999999988;52.6099999999933;NA;NA;-1885.28015664252;-1896.05831967145;4.93263027923506;4.96066988659336;157.610252380525;156.422101083299;4494.79027165435;4510.88696071823;21.5563260578597;0.98019801980198;98;98
124;50.8799999999974;0.920000000000073;52.1800000000003;NA;NA;-1884.84884445444;-1897.41036893987;4.77783799173817;4.81857465022896;161.527817019131;160.074390729586;4513.56077605312;4531.99054960783;25.1230489708587;0.752475247524752;100;100
125;52.0299999999988;1.11000000000013;53.7300000000032;NA;NA;-1877.24446284651;-1931.27373950591;4.79412536010439;5.41217787631515;159.93179725156;143.492981254175;4490.19838604937;4522.63600185497;108.058553318795;0.237623762376238;99;99
126;52.8400000000038;0.940000000000055;54.2200000000012;NA;NA;-1903.58153853058;-1916.60285147483;4.90980013644413;4.97562769903925;163.130406734465;161.20994127908;4558.40636258282;4575.60491821297;26.0426258885109;0.514851485148515;100;100
127;52.1900000000023;1.05999999999995;53.9800000000032;NA;NA;-1908.48598810196;-1921.67873154906;5.00671048452404;5.07752461564557;158.854034415046;156.674763779919;4548.52183941602;4564.87141415412;26.385486894188;0.910891089108911;100;100
128;53.4200000000055;0.8900000000001;54.9300000000003;NA;NA;-1898.90517261031;-1921.76001060139;4.83874846589402;5.07531172253502;163.625967206062;157.847512047605;4550.51352308905;4569.64146736195;45.7096759821661;0.217821782178218;99;99
129;53.3099999999977;0.940000000000055;54.8899999999994;NA;NA;-1895.28144074399;-1907.87136711386;4.79555003572856;4.82508369806406;164.779635393237;163.454260304427;4549.40114565891;4568.47742055441;25.1798527397418;0.940594059405941;100;100
130;50.6900000000023;1.18000000000006;52.2099999999991;NA;NA;-1886.68883843072;-1904.50526086071;4.80195732984513;4.87878376140284;162.294216013023;160.140318935381;4520.77016180293;4546.48394405726;35.6328448599702;0.178217821782178;100;100
131;54.6199999999953;1.05999999999995;56.239999999998;NA;NA;-1904.64673552581;-1918.55629053356;4.8322617210114;4.88666492468365;168.498762546421;166.665409083528;4585.25894870629;4604.63515401409;27.8191100154927;0.752475247524752;100;100
132;50.8199999999997;0.970000000000027;52.3600000000006;NA;NA;-1896.66777950447;-1909.37618092518;4.8291590928566;4.86586588008709;162.782402588493;161.36543388827;4542.97622621299;4561.86764704165;25.4168028414042;0.732673267326733;100;100
133;54;0.779999999999973;55.3399999999965;NA;NA;-1905.99355917146;-1920.15318169425;4.98305985164923;5.04974381153641;159.863316319665;157.931736775473;4548.18489649143;4567.60888900823;28.3192450455749;0.871287128712871;100;100
134;51.8600000000006;0.769999999999982;53.1100000000006;NA;NA;-1887.04799010942;-1897.076143853;4.70605509758067;4.72116390465052;169.82793341817;168.697109814548;4555.32910206009;4570.18345698075;20.0563074871643;0.920792079207921;99;99
135;52.2999999999956;1.02999999999997;53.5699999999997;NA;NA;-1889.05159440569;-1901.15242075314;4.74912364712864;4.77789664297726;165.051527613377;163.729206483644;4538.1935629283;4556.30570178025;24.2016526948969;0.504950495049505;100;100
136;49.5199999999968;0.809999999999945;50.7300000000032;NA;NA;-1874.91402178698;-1901.56202697231;4.72680278559446;4.93006206826519;163.665675429831;159.142195485751;4503.53633253301;4536.00094792829;53.296010370666;0.0099009900990099;100;100
137;51.2800000000061;0.869999999999891;52.3700000000026;NA;NA;-1879.41024491962;-1890.6818013541;4.73883767972155;4.77224738509677;162.033301709508;160.78862892235;4505.01142000908;4521.82260286731;22.5431128689688;0.574257425742574;100;100
138;49.3000000000029;1.17000000000007;50.7799999999988;NA;NA;-1882.48688132958;-1898.37095768031;4.70608836800721;4.75773193020713;163.511968602819;161.737659806908;4517.97420552108;4541.57136425489;31.7681527014752;0.0198019801980198;100;100
139;53.0799999999945;1.17000000000007;54.760000000002;NA;NA;-1898.46683016392;-1908.98207024978;4.79022098435633;4.80673526982267;167.309749591003;166.154140153611;4567.42353096947;4583.13223301346;21.0304801717139;1;100;100
140;48.9700000000012;1.01999999999998;50.2200000000012;NA;NA;-1882.91081052312;-1901.26025576065;4.82878519493452;4.96623700741574;158.684979250321;155.448587428936;4496.59295645396;4518.38771180299;36.6988904750524;0.188118811881188;100;100
141;47.8400000000038;1.07999999999993;49.5800000000017;NA;NA;-1880.15287929468;-1893.37275681581;4.78184159684657;4.83182952716121;160.472732250759;158.928655574016;4499.31000081461;4518.63901998025;26.4397550422623;0.405940594059406;100;100
142;55.0600000000049;0.879999999999882;56.3600000000006;NA;NA;-1908.62416041486;-1921.3573308866;4.87820475784802;4.93633453498309;166.414806126485;164.400871005173;4583.61682451041;4599.8086514767;25.4663409434806;0.772277227722772;100;100
143;58.4800000000032;1.04999999999995;60.0599999999977;NA;NA;-2114.02857180595;-2129.03069415042;8.78791244295079;8.92028329364842;94.4622922834696;92.8453306741877;4663.07207573583;4685.62993702981;30.0042446889247;0.792079207920792;100;100
144;50.9700000000012;0.970000000000027;52.25;NA;NA;-1889.96999147096;-1903.84002280195;4.7848191634146;4.81424248752071;163.282962133707;161.998776145788;4531.8858120399;4553.71197967703;27.740062661966;0.405940594059406;100;100
145;53.2799999999988;0.840000000000146;54.5;NA;NA;-1893.76433741922;-1906.46912760049;4.75426104725629;4.79009615004277;167.477683060965;166.009857921379;4558.79190768916;4577.44190348064;25.4095803625523;0.356435643564356;100;100
146;52.0800000000017;1.04999999999995;53.4700000000012;NA;NA;-1884.01906480015;-1896.62879910643;4.77830290227579;4.79690721611499;163.802243215212;162.507742095576;4522.37533645296;4541.63340710364;25.2194686125531;0.564356435643564;100;100
147;51.4199999999983;1.17000000000007;53.2300000000032;NA;NA;-1893.56358052399;-1908.68786386106;4.87852441834648;4.93832883118072;161.775936828252;159.962589329726;4532.13288213975;4554.03067497683;30.2485666741359;0.772277227722772;100;100
148;50.8600000000006;1.1099999999999;52.4700000000012;NA;NA;-1878.75249209278;-1889.13046136922;4.71126488359041;4.73868871391313;164.35139580908;163.131275858078;4514.37113219107;4529.50821072225;20.7559385528702;0.752475247524752;100;100
149;50.4099999999962;1.1099999999999;51.7799999999988;NA;NA;-1895.72818580146;-1907.94939536919;4.77295864931221;4.84372621696873;164.606249482624;162.423214930484;4549.49616414762;4563.88533764858;24.4424191354556;0.732673267326733;100;100
150;51.5299999999988;1.20000000000005;53.1100000000006;NA;NA;-1890.90769555532;-1901.59839536123;4.8000380959688;4.81746752311885;163.035893381133;162.052925229162;4532.62342655537;4549.47809053996;21.3813996118261;0.910891089108911;100;100
151;50.9400000000023;1.27999999999997;52.75;NA;NA;-1886.78076641575;-1902.86567164886;4.72190460696006;4.81560513737558;166.095168394225;163.761350747819;4538.45805035725;4559.88023337872;32.1698104662369;0.0693069306930693;100;100
152;50.4700000000012;0.830000000000155;51.4700000000012;NA;NA;-1881.13698805409;-1891.30733395214;4.73167013794741;4.76071045995542;162.340619972421;161.082450741426;4509.88015918;4524.42676754458;20.3406917960942;0.96039603960396;100;100
153;51.5;0.980000000000018;53.0900000000038;NA;NA;-1898.86816462247;-1913.86362698119;4.80098243117807;4.85101176042517;166.438197702392;164.538637502384;4564.21255511359;4585.45568183146;29.9909247174401;0.544554455445545;100;100
154;49.1899999999951;1.25;50.8099999999977;NA;NA;-1884.50502595586;-1898.2265117185;4.79570093321513;4.82401667509492;163.743842079461;162.453614285692;4522.25547129178;4543.76320785939;27.442971525285;0.465346534653465;99;99
155;49.3700000000026;1.13999999999987;50.7300000000032;NA;NA;-1880.76930597184;-1896.53227995169;4.87564276303963;4.98159114948455;158.315426066787;155.238862371935;4489.81253044707;4507.18583925314;31.5259479596989;0.643564356435644;99;99
156;51.1699999999983;1.02999999999997;52.739999999998;NA;NA;-1889.08941972621;-1897.64089175074;4.75257171485963;4.7696069487549;163.510911545219;162.450041016205;4531.1744143842;4543.39186910185;17.1029440490502;0.99009900990099;100;100
157;49.8099999999977;0.920000000000073;51.0299999999988;NA;NA;-1865.32380154168;-1877.22545868871;4.71535783544124;4.74084931931711;159.253701816232;158.075507045081;4464.03800269571;4482.41552955638;23.8033142940685;0.98019801980198;100;100
158;51.6399999999994;1.08999999999992;53.760000000002;NA;NA;-1888.25483309945;-1900.33511230405;4.87563249854705;4.92322467505844;157.853106272024;156.290570127744;4503.45008496845;4520.41489851146;24.1605584091858;0.792079207920792;100;100
159;49.510000000002;1.04999999999995;51.0800000000017;NA;NA;-1882.16105564936;-1899.58203437678;4.72303811214104;4.78130275395106;165.913512486522;164.002634960387;4528.38207245422;4554.42411369663;34.8419574548388;0.0198019801980198;100;100
160;53.2999999999956;0.8599999999999;54.739999999998;NA;NA;-1916.9888401613;-1927.86726915923;5.23819329944765;5.2761949334541;151.267143361473;149.960544835923;4530.58861905045;4546.32836847138;21.7568579958461;0.930693069306931;100;100
161;51.1699999999983;1.03999999999996;52.6500000000015;NA;NA;-1890.7121831763;-1902.43814014043;4.76346429158145;4.79515896037491;164.449341123042;163.002978104677;4538.74156919782;4555.53273527578;23.4519139282538;0.693069306930693;100;100
162;50.2799999999988;0.940000000000055;51.4700000000012;NA;NA;-1892.72952626719;-1906.75299342191;4.80935507971761;4.87801354986068;162.818454005087;160.637389584621;4535.26574264728;4553.26850411387;28.0469343094346;0.811881188118812;100;100
163;56.5899999999965;1.31000000000017;58.9000000000015;NA;NA;-1890.51501850571;-1900.58939121709;4.72587068665089;4.74147620559039;169.027584582958;167.866486297643;4559.43083014245;4574.23252035865;20.1487454227436;0.940594059405941;100;100
164;54.9099999999962;1.22000000000003;63.5;NA;NA;-1901.69051679971;-1917.82248870775;4.96705853187556;5.03409063423736;160.160635868308;157.981142698001;4540.94801886904;4563.17502571667;32.2639438160854;0.435643564356436;100;100
165;54.9699999999939;1.16000000000008;60.3000000000029;NA;NA;-1887.87939069647;-1901.06709659932;4.71589976013189;4.78708755236167;166.776831652066;164.991970742667;4543.79447423058;4561.95029779018;26.3754118057004;0.257425742574257;100;100
166;52.260000000002;1.11999999999989;56.1899999999951;NA;NA;-1881.10447779575;-1898.86927148293;4.71705432095216;4.80467383399648;163.250161905857;161.016268403194;4514.00373405807;4539.24586167531;35.5295873743694;0.0297029702970297;100;100
167;68.7799999999988;1.37999999999988;70.6899999999951;NA;NA;-1957.45460004344;-2082.50518736646;5.97711753882554;8.16669120909057;131.830604269677;96.5264818596309;4522.01156847038;4609.53125115121;250.101174646049;0.346534653465347;100;100
168;51.0500000000029;1.21000000000004;52.5800000000017;NA;NA;-1888.53050986626;-1904.88973624036;4.75342081509563;4.83148300602698;165.809614133227;163.594826443016;4540.64251128905;4563.16148979799;32.7184527481973;0.158415841584158;100;100
169;53.1500000000015;1.08000000000015;54.7699999999968;NA;NA;-1903.58721888461;-1925.26554855462;5.00666704485112;5.21876716062528;157.376941660081;152.270986988738;4531.92203746421;4551.76490658075;43.3566593400169;0.554455445544555;100;100
170;49.3600000000006;0.929999999999836;50.4799999999959;NA;NA;-1888.8827896141;-1899.34383471731;4.76203964435293;4.79795692292158;163.154521474474;161.802239539659;4529.1199172316;4543.81451898877;20.9220902064271;0.96039603960396;100;100
171;50.9300000000003;0.949999999999818;52.0299999999988;NA;NA;-1893.60843619132;-1909.12913096989;4.8869597510137;5.00887858104987;161.210171718092;157.962407008138;4529.61714885681;4545.70202920057;31.0413895571455;0.613861386138614;100;100
172;51.0299999999988;0.920000000000073;52.4000000000015;NA;NA;-1885.65134385418;-1897.56490357591;4.76399018867739;4.7870274325032;163.049988847967;161.868083239524;4522.17563517671;4540.55987814952;23.827119443466;0.98019801980198;100;100
173;50.1800000000003;1.20000000000005;51.6100000000006;NA;NA;-1895.80126624781;-1906.11491424819;4.79050056625415;4.82491754681885;163.964385412498;162.579117794014;4546.68643176112;4560.93433462562;20.6272960007677;0.811881188118812;100;100
174;51.5199999999968;1;52.760000000002;NA;NA;-1899.48943748342;-1912.31184004521;4.81330167379053;4.85522267337139;167.024948524109;165.398450361752;4568.15718822626;4586.311692505;25.6448051235889;0.762376237623762;100;100
175;51.8400000000038;1.08000000000015;53.6800000000003;NA;NA;-1885.50780956237;-1899.36567771679;4.7245894204325;4.75851448365278;165.687650101496;164.224312239721;4533.20283729342;4554.18700722768;27.7157363088418;0.326732673267327;99;99
176;50.6399999999994;0.879999999999882;51.9700000000012;NA;NA;-1903.32416424225;-1924.57741532003;5.0232066297601;5.21567670963809;155.471530237473;151.170470353785;4522.62118430406;4545.32057371511;42.5065021555556;0.435643564356436;100;100
177;47.0999999999985;0.880000000000109;48.239999999998;NA;NA;-1882.18240839471;-1897.78932062606;4.81419575710754;4.88595575149037;159.023307066283;157.041032554008;4496.6942093683;4518.77932234663;31.2138244627026;0.346534653465347;100;100
178;50.989999999998;1.01999999999998;52.2200000000012;NA;NA;-1878.14828301117;-1894.76900129333;4.71649401464814;4.77450835601729;165.23897186923;163.170371283776;4516.41979925615;4540.14537314294;33.241436564334;0.0495049504950495;99;99
179;50.2800000000061;0.970000000000027;51.7200000000012;NA;NA;-1885.13598181985;-1900.53442984993;4.71142976730729;4.77373818345942;164.018517899353;162.139847117043;4525.60515221975;4547.75044960394;30.7968960601665;0.188118811881188;100;100
180;49.7900000000009;0.910000000000082;51.2699999999968;NA;NA;-1892.41251812366;-1906.27749934859;4.79712627790666;4.839302817738;163.973423367249;162.339796906026;4539.95055683258;4560.15739140818;27.7299624498705;0.693069306930693;100;100
181;51.0499999999956;1.04999999999995;52.8100000000049;NA;NA;-1885.38883019866;-1900.71276696509;4.77865104953561;4.82427222929629;165.470535302646;163.861506554057;4531.96611900573;4555.21222695685;30.647873532866;0.306930693069307;99;99
182;50.3600000000006;0.940000000000055;51.7900000000009;NA;NA;-1897.98729709588;-1909.29378508776;4.84711678704132;4.87135556424886;164.246785173008;163.052607357355;4552.3589924149;4569.47257632523;22.6129759837436;0.99009900990099;100;100
183;50.0800000000017;1;51.3899999999994;NA;NA;-1889.98759857862;-1904.66333498333;4.76959725060434;4.78995911935657;165.271402407702;163.963937436213;4541.07813212164;4564.40850622512;29.3514728094087;0.653465346534653;100;100
184;49.5199999999968;0.8900000000001;50.7900000000009;NA;NA;-1884.74352096657;-1896.77002532987;4.7653777665195;4.78637093663573;162.636344201578;161.369285101777;4518.45508540835;4536.67307134466;24.0530087265965;0.96039603960396;100;100
185;49.6399999999994;0.990000000000009;51.0299999999988;NA;NA;-1895.15821584677;-1909.31849440446;4.83138387968632;4.86253619390778;163.634039115625;162.27371474184;4543.87903004162;4565.93506190758;28.3205571153885;0.356435643564356;100;100
186;51.4700000000012;0.759999999999991;52.4099999999962;NA;NA;-1901.67088475523;-1917.83310088389;4.85376770267854;4.99968698725413;165.211286586451;161.807126964658;4564.16786088711;4580.81555874581;32.3244322573228;0.198019801980198;100;100
187;50.7699999999968;1.07000000000016;52.5299999999988;NA;NA;-1893.48495018793;-1906.19344834017;4.79554797248492;4.84731122515509;163.097531725332;161.358348210457;4538.0617908856;4555.46955111943;25.4169963044965;0.633663366336634;100;100
188;52.0200000000041;0.919999999999845;53.7699999999968;NA;NA;-1900.34961039454;-1912.68562251284;4.83517103190375;4.88003133525309;164.05297087713;162.322866317797;4556.19107119521;4572.89566949653;24.6720242366032;0.891089108910891;100;100
189;52.1699999999983;0.990000000000009;53.6899999999951;NA;NA;-1901.92828291186;-1923.84295853167;4.93461618528768;5.10289405359461;159.56682669389;155.47533905471;4538.68895878715;4563.67631313448;43.8293512396276;0.524752475247525;100;100
190;50.0900000000038;1.15000000000009;51.8399999999965;NA;NA;-1884.76151740942;-1897.18509595541;4.708265520787;4.73198919566743;166.625408611543;165.366313927841;4536.8613987848;4555.91021057806;24.8471570919855;0.257425742574257;100;100
191;52.5600000000049;0.779999999999973;53.5699999999997;NA;NA;-1896.49529106943;-1909.4908219906;4.77234861414091;4.79743874603904;167.201076726921;165.842993009193;4562.97999574678;4582.71685094216;25.991061842341;0.920792079207921;100;100
192;51.1500000000015;0.910000000000082;52.6299999999974;NA;NA;-1890.71511695699;-1903.78152069622;4.76412100499428;4.78793935153763;165.142475880625;163.95825050866;4541.9394402797;4562.61868838169;26.1328074784574;0.920792079207921;100;100
193;53.3799999999974;1.06999999999994;54.8299999999945;NA;NA;-1888.92523258512;-1901.12964194863;4.71805897761821;4.73792023785886;168.855961254511;167.634846570303;4555.46090366587;4574.24628145551;24.4088187270308;0.792079207920792;100;100
194;51.5899999999965;0.779999999999973;52.760000000002;NA;NA;-1894.6130111803;-1910.50138252495;4.8248973635774;4.91714275482825;162.944402238325;160.399793068599;4539.61272552219;4559.67110992807;31.7767426892988;0.504950495049505;100;100
195;51.3300000000017;0.809999999999945;52.5899999999965;NA;NA;-1904.76305855151;-1917.51481331767;4.83658459334323;4.86153998661367;168.192231934286;166.854279430466;4584.07996912158;4603.42197967306;25.5035095323306;0.782178217821782;100;100
196;50.7900000000009;1.03999999999996;52.1399999999994;NA;NA;-1890.96914335931;-1901.21741387773;4.77577809323824;4.80575262054919;162.222021586932;160.979753562523;4528.99830404147;4543.7739894093;20.4965410368436;0.851485148514851;100;100
197;51.3499999999985;0.990000000000009;52.6699999999983;NA;NA;-1891.60581914166;-1905.95261473845;4.7886525298726;4.84823869754741;163.254903642146;161.376498016329;4535.0282532525;4555.07146686086;28.6935911935666;0.455445544554455;100;100
198;52.6399999999994;1;54.0800000000017;NA;NA;-1883.34625658655;-1897.73000178456;4.69620283604253;4.73901901759354;165.78890675352;164.111708277737;4530.17864372198;4551.22234970132;28.767490396006;0.0693069306930693;100;100
199;54.9500000000044;1.09000000000015;56.8300000000017;NA;NA;-1912.67110663426;-1927.17105018454;5.09178663688462;5.19345473620414;157.17979679512;154.802449375788;4549.18192730908;4567.23372495238;28.9998871005487;0.811881188118812;100;100
200;52.9300000000003;1.12999999999988;54.3899999999994;NA;NA;-1889.3881259904;-1911.544475891;4.75013082430995;4.94129735491136;163.833238710547;159.199008039387;4533.25619836449;4556.22747724387;44.3126998011981;0.0396039603960396;100;100
201;49.6900000000023;1.19000000000005;51.260000000002;NA;NA;-1901.89369328969;-1917.64197071673;4.89377572565178;4.97439849115216;162.12921617076;159.908084229701;4550.42001916659;4571.68788342655;31.4965548540731;0.524752475247525;100;100
202;51.0600000000049;1.04000000000019;52.5;NA;NA;-1895.50783359236;-1915.22759416543;4.88126548486825;5.03389468253963;159.577802180679;156.036270091444;4525.89860413268;4549.02876728876;39.4395211461442;0.306930693069307;100;100
203;48.9300000000003;0.889999999999873;50.1599999999962;NA;NA;-1887.84017888864;-1903.72845725653;4.87670111808026;4.97074563717711;158.057056082111;155.662720552323;4503.56000013168;4524.31023427042;31.7765567357792;0.504950495049505;100;100
204;51.2799999999988;1.09000000000015;52.6599999999962;NA;NA;-1886.98705705601;-1898.21313943853;4.71353346337386;4.751334478174;166.656929124609;165.194417665175;4541.45763540501;4557.17468600039;22.4521647650363;0.435643564356436;100;100
205;49.4700000000012;1.03999999999996;50.989999999998;NA;NA;-1877.14054770521;-1891.66881807893;4.72839428423986;4.76693703161955;161.988538498929;160.528011034119;4500.26588337748;4522.59644658816;29.0565407474373;0.178217821782178;100;100
206;47.7000000000044;0.789999999999964;48.6299999999974;NA;NA;-1884.66834980546;-1902.81296137378;4.78737086082842;4.92899840749661;161.080923687772;157.823702562233;4511.14176690928;4532.43093242942;36.2892231366386;0.158415841584158;100;100
207;52.8400000000038;1.1400000000001;54.4199999999983;NA;NA;-1892.34035318562;-1904.13555035154;4.85155914851332;4.90118451963802;165.704343049832;163.990423381638;4546.94471452305;4562.65082983188;23.5903943318308;0.712871287128713;99;99
208;48.8100000000049;0.880000000000109;49.9599999999991;NA;NA;-1888.4370913436;-1901.99795792837;4.78796946284797;4.83528707796256;164.431443827974;162.791503837326;4533.2826698251;4552.86044121672;27.1217331695225;0.693069306930693;99;99
209;51.8600000000006;0.939999999999827;53.6300000000047;NA;NA;-1896.81828907914;-1909.88516754074;4.77914876912879;4.82927981492325;165.704286590802;164.082640790125;4556.73301845666;4575.39882048636;26.1337569232069;0.554455445544555;100;100
210;52.1599999999962;1.13999999999987;53.8000000000029;NA;NA;-1900.56722451529;-1913.82891278055;4.8564029715459;4.9112461147128;162.635946514588;160.670298013417;4550.10066108951;4567.57189174632;26.5233765305297;0.97029702970297;100;100
211;50.6100000000006;1.17000000000007;52.6100000000006;NA;NA;-1880.85274822236;-1893.17401313048;4.73931616576992;4.75935769161579;163.133241439828;161.92809721742;4512.96183626702;4532.05447184041;24.642529816243;0.633663366336634;100;100
212;51.25;1.02999999999997;52.4200000000055;NA;NA;-1892.04805606121;-1903.54580201954;4.72620697348847;4.74740129865447;169.251824774835;168.025962828326;4563.52956949957;4580.87975852802;22.9954919166485;0.891089108910891;100;100
213;53.1100000000006;1.17999999999984;54.7700000000041;NA;NA;-1922.76949138839;-1936.49204945804;5.34187228590153;5.44628684096716;149.215534734651;146.670166566564;4532.70191462307;4548.42517716233;27.4451161393004;0.99009900990099;100;100
214;49.3199999999997;1.00999999999999;50.4300000000003;NA;NA;-1894.77794810921;-1911.4123313012;4.80314124326346;4.89063092359601;164.381196338769;162.002881551891;4546.55928073477;4568.87550276932;33.268766383972;0.207920792079208;100;100
215;52.3299999999945;1.03999999999996;53.7300000000032;NA;NA;-1887.15165127591;-1899.86076929;4.79504796281408;4.82302970590191;163.651901534339;162.235614420325;4527.94816037802;4546.84415321394;25.4182360281766;0.475247524752475;100;100
216;51.6100000000006;1.11000000000013;53.0499999999956;NA;NA;-1891.76557212995;-1905.52092038713;4.74654324581863;4.78986381794986;167.702346865531;166.12678038348;4555.82899216527;4576.08393689045;27.5106965143686;0.663366336633663;100;100
217;52.6200000000026;1.16999999999985;54.3099999999977;NA;NA;-1941.18387687871;-1942.42796433005;5.74352071492378;5.62426340804325;136.548881032604;139.326311705378;4510.51240856141;4525.77716733646;2.48817490267265;0.99009900990099;99;99
218;54.5800000000017;1;55.8600000000006;NA;NA;-1933.44416501762;-1959.5304544094;5.37406187357486;5.61695399274975;146.570489635711;140.161520801486;4541.87037905129;4564.52856563656;52.1725787835644;0.95049504950495;100;100
219;53.5999999999985;1.03999999999996;55.1500000000015;NA;NA;-1894.22799263893;-1927.74957768116;4.85372000436936;5.20671212569031;160.858940115534;150.943318345057;4529.23878044757;4550.61882477909;67.0431700844597;0.396039603960396;100;100
220;51.6999999999971;0.950000000000045;53.2199999999939;NA;NA;-1899.19647058818;-1913.46429112772;4.72375625878192;4.77034602457351;169.45242059938;167.837916766048;4578.75017646414;4599.85075262479;28.5356410790828;0.158415841584158;100;100
221;51.3300000000017;1.05999999999995;52.8100000000049;NA;NA;-1879.67566596122;-1891.20652544524;4.74259998366675;4.76239590330959;163.683270178439;162.512310489733;4513.14064769321;4530.80989801384;23.0617189680479;0.415841584158416;100;100
222;52.3300000000017;0.830000000000155;53.6500000000015;NA;NA;-1894.02042458984;-1912.89365316183;4.77746183823541;4.90688420329935;166.059780445162;162.734494324126;4552.77439917746;4575.20734781698;37.7464571439941;0.217821782178218;100;100
223;54.8299999999945;0.979999999999791;56.4700000000012;NA;NA;-1893.60494439116;-1902.06357815232;4.74235355107511;4.75962590769362;167.350425253977;166.315794246431;4557.88707777437;4570.03969342724;16.9172675223185;0.99009900990099;100;100
224;48.9000000000015;0.789999999999964;49.9800000000032;NA;NA;-1885.45949566936;-1898.24927576647;4.80896657313703;4.84369741243246;159.74399309408;158.326042067409;4506.56726572626;4525.61692012727;25.5795601942223;0.762376237623762;100;100
225;48.7999999999956;1.02999999999997;50.4499999999971;NA;NA;-1888.07100567431;-1902.62372217082;4.74326854333221;4.80099407831592;163.670770565282;161.805181050142;4529.87376427355;4550.38784005217;29.1054329930321;0.217821782178218;100;100
226;50.4499999999971;0.680000000000064;51.4099999999962;NA;NA;-1897.02436279023;-1915.39861748922;4.95717334356055;5.04539636263104;159.164636244446;156.651922315579;4527.02896307701;4552.20599720386;36.7485093979794;0.336633663366337;100;100
227;49.4300000000003;0.960000000000036;50.75;NA;NA;-1890.8196958421;-1916.31466719324;4.84859665918524;5.03600581522734;161.251603605571;157.045881300709;4524.23046905134;4555.85234478473;50.989942702291;0.0297029702970297;100;100
228;51.1100000000006;0.819999999999936;52.3799999999974;NA;NA;-1903.68328055883;-1926.7123357427;4.97765443933851;5.1764331245818;158.933127378482;154.2287166637;4539.2806608869;4563.67415928828;46.058110367745;0.267326732673267;100;100
229;50.9000000000015;1.25999999999999;52.7000000000044;NA;NA;-1896.42860698904;-1918.18391250298;4.82120610590875;4.99671364152661;165.436077002937;161.022984929929;4554.71850347883;4577.90607446407;43.5106110278775;0.217821782178218;100;100
230;50.1800000000003;1.13000000000011;51.5599999999977;NA;NA;-1888.15292202932;-1900.21209798632;4.84258849173004;4.87657372404344;159.999501867052;158.536856305834;4513.13077982973;4530.51340001255;24.118351914015;0.891089108910891;100;100
231;48.5499999999956;0.779999999999973;49.6900000000023;NA;NA;-1879.83674543804;-1895.05364657709;4.79370497064053;4.83285539606909;161.199353766714;159.613593201329;4501.21389502075;4524.35296873415;30.4338022780939;0.475247524752475;99;99
232;56.4599999999991;1.23000000000002;58.1899999999951;NA;NA;-1945.25869317198;-1978.80723459269;5.60050043245601;5.94244703787599;147.943057906732;140.248134415831;4571.82034583995;4603.48099643761;67.0970828414142;0.574257425742574;100;100
233;54.1200000000026;1.12000000000012;55.6600000000035;NA;NA;-1895.98281383537;-1993.92157884748;5.01287159891036;6.33530435383997;154.464566540788;122.796374976724;4503.30124429596;4553.34136268518;195.877530024211;0.257425742574257;100;100
234;51.1299999999974;1.1099999999999;52.5899999999965;NA;NA;-1886.88712285845;-1897.83194278856;4.74000477503482;4.75460131172911;165.39873665084;164.323141151309;4535.46357654145;4552.39991607505;21.8896398602237;0.871287128712871;100;100
235;54.0199999999968;1.22000000000003;55.8800000000047;NA;NA;-1915.33678576753;-1930.15020941304;5.02265993164613;5.10426147310733;162.056480098761;159.63006578286;4576.97124213204;4595.42403855663;29.6268472910297;0.861386138613861;100;100
236;50.1500000000015;0.809999999999945;51.3199999999997;NA;NA;-1883.54004112403;-1895.50478758544;4.75223888548945;4.80066642364886;164.045649538395;162.371763442564;4522.53821664332;4538.75917922288;23.9294929228208;0.445544554455446;100;100
237;48.6399999999994;1.11000000000013;50.0699999999997;NA;NA;-1902.87419781201;-1918.80434356011;4.96234041420611;5.04428103400462;157.99526788145;155.632227328485;4533.34349279887;4554.32158039227;31.8602914961962;0.821782178217822;100;100
238;51.6200000000026;1.12999999999988;53.2099999999991;NA;NA;-1878.07287425398;-1891.83462705112;4.71264744310703;4.75935875124798;165.790719359562;164.092286545103;4518.80710021065;4538.51756855499;27.5235055942908;0.217821782178218;99;99
239;48.739999999998;1.24000000000001;50.510000000002;NA;NA;-1883.11128267046;-1909.33711450864;4.77823273104848;4.99578937653388;160.529950013134;155.574061680853;4505.49030509956;4535.11925958302;52.4516636763728;0.0297029702970297;100;100
240;49.510000000002;1.08000000000015;51.0299999999988;NA;NA;-1899.77826252259;-1914.90323261052;4.84793646430422;4.88834382776426;164.02518849705;162.464639029636;4554.92043286288;4577.98377715762;30.2499401758446;0.534653465346535;100;100
241;52.1100000000006;0.889999999999873;53.9300000000003;NA;NA;-1894.22702882564;-1906.90582050326;5.00557330108036;5.05513060333137;157.520448954135;155.808200270817;4513.07096615042;4530.55195725542;25.3575833552391;0.99009900990099;99;99
242;49.2300000000032;0.789999999999964;50.3199999999997;NA;NA;-1890.67051511943;-1906.03086363787;4.83560510802329;4.90583821625676;161.902980184839;159.743361458288;4526.9318076087;4547.70709287297;30.7206970368775;0.336633663366337;100;100
243;51.5699999999997;1.07999999999993;52.8199999999997;NA;NA;-1897.55539000348;-1911.53481754417;4.81613790844186;4.86222989324257;165.993264351372;164.210994787623;4559.53801207273;4579.28921249575;27.9588550813883;0.603960396039604;100;100
244;50.6399999999994;0.899999999999864;51.8400000000038;NA;NA;-1887.03613031729;-1899.09477457222;4.72898714133962;4.7649631980142;164.672042852399;163.15534149067;4532.4150428442;4549.54766346198;24.1172885098658;0.772277227722772;100;100
245;48.1999999999971;0.990000000000009;49.3600000000006;NA;NA;-1878.96522566521;-1891.76621605798;4.76613374717053;4.81078761673364;162.43718388804;160.860792758439;4504.3404922257;4522.69884726404;25.6019807855332;0.712871287128713;98;98
246;51.6200000000026;0.950000000000045;52.739999999998;NA;NA;-1890.86697039754;-1902.04376546632;4.77345629823207;4.79237740300756;165.488601588242;164.430080476202;4543.83711495011;4561.31603522126;22.3535901375608;0.693069306930693;100;100
247;54.0800000000017;0.849999999999909;55.5300000000061;NA;NA;-1900.88967907681;-1922.20145886571;4.89523821000521;5.03825410322468;163.039343971602;159.540276003845;4552.60328415469;4579.11304024863;42.623559577803;0.148514851485149;100;100
248;51.4599999999991;1.14999999999986;53.1800000000003;NA;NA;-1878.15702606737;-1890.03198716482;4.73497491258911;4.77175029889749;161.705673788681;160.466210740504;4500.99619997148;4519.03818389029;23.7499221949001;0.930693069306931;100;100
249;49.3700000000026;0.910000000000082;50.6100000000006;NA;NA;-1862.26264430302;-1876.7532450898;4.7373861376185;4.79016274892493;158.184907770853;156.55563603085;4451.39582804878;4472.89041383046;28.9812015735633;0.445544554455446;98;98
250;52.9199999999983;1.36000000000013;54.5299999999988;NA;NA;-1875.92649990761;-1886.82878414834;4.7673433356482;4.7988887383241;162.252371131392;160.853335255928;4498.23743654392;4513.60623711278;21.8045684814615;0.772277227722772;99;99
