1;85.0400000000009;1.76999999999998;87.5;NA;NA;-3908.20924424967;-3927.46131538189;5.48441710817157;5.49259048718194;274.241045820922;272.938103447928;9269.43458419263;9301.03532425462;38.5041422644299;0.356435643564356;100;100
2;90.4700000000012;1.61000000000013;92.9699999999939;NA;NA;-3943.20790349436;-3960.07622191345;5.46704573614409;5.47903199477847;282.947695740343;281.674438669965;9385.56249715453;9412.55301394466;33.736636838189;0.297029702970297;100;100
3;82.7799999999988;1.78999999999996;85.5400000000009;NA;NA;-3926.47824368209;-3939.94627928361;5.47188936347621;5.48120861042759;274.407200041753;273.222894376443;9306.85292085122;9327.51416478045;26.9360712030448;0.900990099009901;100;100
4;85.989999999998;1.60000000000014;88.4400000000023;NA;NA;-3926.15343953328;-3940.93485486906;5.40749473285181;5.42284905526268;284.685643832631;283.173145996603;9360.66176979189;9382.21090691196;29.5628306715626;0.376237623762376;100;100
5;88.6899999999951;1.70000000000005;91.2200000000012;NA;NA;-3914.280530842;-3932.30702178245;5.36812035710304;5.37416718786833;283.338107350791;282.139919794681;9329.77627646556;9359.48088040953;36.0529818808909;0.0693069306930693;100;100
6;86;1.54999999999995;88.5900000000038;NA;NA;-3910.49015238934;-3924.99237590652;5.37667171058186;5.38227628785159;280.893533238671;279.694851834747;9309.24339008817;9331.89684262317;29.0044470343692;0.653465346534653;100;100
7;78.7900000000009;1.5;80.9700000000012;NA;NA;-3907.73948770999;-3922.24978258649;5.39936766572367;5.42527329164304;278.002824438042;276.458997307496;9288.42616808947;9309.26707174574;29.0205897529868;0.544554455445545;100;100
8;86.5299999999988;1.6400000000001;88.8899999999994;NA;NA;-3925.48555364311;-3941.31691899399;5.45985536086075;5.46782769851534;275.863475977487;274.610995255931;9312.58335285404;9337.61004319753;31.6627307017734;0.683168316831683;100;100
9;86.9400000000023;1.93000000000006;89.6999999999971;NA;NA;-3922.25042021116;-3935.60965357968;5.44509609820002;5.45325876586721;280.713138048111;279.562228300626;9331.80813476083;9352.42871639543;26.7184667370302;0.663366336633663;100;100
10;85.5800000000017;1.73000000000002;88.0899999999965;NA;NA;-3930.01878755475;-3946.89149016826;5.41689633410045;5.42569621685962;283.180771308129;282.068366273688;9360.41917360384;9388.27070391824;33.7454052270105;0.306930693069307;100;100
11;80.4499999999971;1.65000000000009;82.6800000000003;NA;NA;-3911.19686219444;-3927.56179483097;5.4096176253397;5.4191841806681;276.905939805274;275.644669320713;9289.52927415948;9315.57652812026;32.729865273046;0.386138613861386;100;100
12;88.5900000000038;1.90000000000009;91.3600000000006;NA;NA;-3920.50909775024;-3937.83427128798;5.38329673958856;5.39133179181887;283.631143021733;282.492809426634;9343.7860062664;9372.40510068604;34.6503470754751;0.099009900990099;100;100
13;84.989999999998;1.5;87.3700000000026;NA;NA;-3929.67136904185;-3943.75184819857;5.45623339099467;5.47038062554178;277.13925142951;275.717595341594;9327.71444688479;9348.34302005837;28.160958313445;0.712871287128713;100;100
14;84.4700000000012;1.45000000000005;86.6100000000006;NA;NA;-3933.56674757021;-3948.75997114105;5.46117387085258;5.46674597412478;280.343443121829;279.249226110181;9352.48202843068;9377.07096657676;30.3864471416664;0.603960396039604;100;100
15;89.0900000000038;1.6099999999999;91.2200000000012;NA;NA;-3940.6837146573;-3956.01930180868;5.46475366695426;5.48997156149502;281.05272482355;279.746912467628;9370.47396216286;9394.22652818279;30.6711743027554;0.356435643564356;100;100
16;86.6800000000003;1.50999999999999;88.9400000000023;NA;NA;-3919.9078924189;-3935.78257905633;5.38979050665107;5.39970671952115;280.263878628381;279.11444065558;9324.74276019066;9350.40204629247;31.7493732748708;0.316831683168317;100;100
17;86.5;1.83000000000015;89.0800000000017;NA;NA;-3930.86834938768;-3946.27593757857;5.3962851329618;5.40135967851501;285.938915660252;284.619803781006;9376.73182138998;9400.55792439354;30.8151763817905;0.297029702970297;100;100
18;79.9800000000032;1.88999999999987;82.7200000000012;NA;NA;-3926.38821403794;-3940.31926589158;5.42198808286284;5.43461385555226;282.207630499635;280.985890219969;9348.00201772447;9369.39095369058;27.862103707278;0.653465346534653;100;100
19;84.6500000000015;1.77999999999997;87.3600000000006;NA;NA;-3921.77695751414;-3936.27837862307;5.39526136674874;5.40027729126364;281.850860173173;280.758581735377;9336.88922226031;9360.10482666208;29.0028422178457;0.792079207920792;100;100
20;86.5699999999997;1.41999999999985;88.6500000000015;NA;NA;-3915.96563893889;-3938.81022198887;5.44407398593731;5.47550170304876;276.775664408235;275.129134788738;9298.37658724981;9335.34191687224;45.6891660999499;0.0693069306930693;100;100
21;87.5800000000017;1.7199999999998;89.9400000000023;NA;NA;-3922.6874354038;-3939.17770595866;5.39100958217607;5.39669432445833;282.833317958974;281.807852925399;9343.91555118804;9371.46285310157;32.9805411097068;0.277227722772277;100;100
22;79.1899999999951;1.67999999999984;81.5699999999997;NA;NA;-3921.58575179794;-3937.65638006268;5.44111982642786;5.45241594220474;278.173133530629;276.967722623709;9317.0210478883;9342.77565487582;32.141256529475;0.534653465346535;100;100
23;79.8399999999965;1.22000000000003;81.9100000000035;NA;NA;-3923.45624182935;-3935.10410489912;5.42700918208701;5.43158759457848;278.277935768104;277.317389802132;9321.31730346598;9339.52375223264;23.2957261395386;0.97029702970297;100;100
24;84.9000000000015;1.8599999999999;87.3600000000006;NA;NA;-3904.36930857938;-3920.52076945362;5.3892455702578;5.39858651163572;280.691888250158;279.324121827599;9295.93332332374;9320.98938448219;32.3029217484764;0.217821782178218;100;100
25;83.0999999999985;1.27999999999997;84.9399999999951;NA;NA;-3929.54678785278;-3942.09307733232;5.50906836316392;5.51515060221752;276.157591618799;275.211031282735;9322.26413928352;9342.34154117555;25.0925789590838;0.98019801980198;100;100
26;84.0299999999988;1.56999999999994;86.0599999999977;NA;NA;-3894.27018010603;-3908.49341340784;5.38583305561269;5.39200227008662;275.74576362656;274.479771855152;9249.52892838672;9271.26776880197;28.4464666036074;0.415841584158416;100;100
27;89.8300000000017;1.61000000000013;92.5999999999985;NA;NA;-3914.48619769604;-3927.93685005842;5.35879278389706;5.36361083692758;284.778260946197;283.635601995097;9337.81800097865;9358.66513593877;26.9013047247736;0.831683168316832;100;100
28;82.989999999998;1.80999999999995;85.7099999999991;NA;NA;-3941.87836631026;-3958.57833099115;5.44496644982776;5.46830891306033;284.885563581264;283.135317326006;9393.17086162196;9417.29743085376;33.3999293617717;0.475247524752475;100;100
29;89.260000000002;1.75;91.7200000000012;NA;NA;-3928.15175454444;-3946.67901267811;5.45453244753759;5.46608594244263;279.903335522718;278.592641625372;9339.32021264362;9369.43025667242;37.0545162673379;0.198019801980198;100;100
30;80.5599999999977;1.77999999999997;83.25;NA;NA;-3917.79269604932;-3930.91432855749;5.41509900591913;5.42595220331783;280.38013104004;279.17853806752;9321.1283096231;9341.00515372561;26.2432650163428;0.821782178217822;100;100
31;85.5199999999968;1.6099999999999;87.7099999999991;NA;NA;-3915.4434513019;-3933.59233722758;5.37447547994008;5.3876556494149;280.770908924064;279.408070751387;9318.50028537765;9347.57730807091;36.2977718513512;0.188118811881188;100;100
32;87.3599999999933;1.44000000000005;89.5900000000038;NA;NA;-3918.5923928719;-3932.58391199407;5.42955280133541;5.43406897833976;279.527722707933;278.43360767668;9318.21137339886;9340.39744297212;27.9830382443488;0.95049504950495;100;100
33;86;1.5;88.4400000000023;NA;NA;-3903.74911051835;-3917.59975567122;5.39354693763477;5.40488473143315;277.634970642058;276.451154201251;9278.49640755058;9299.92546264917;27.7012903057239;0.495049504950495;100;100
34;89.6299999999974;1.49000000000001;92.0499999999956;NA;NA;-3918.41018181505;-3930.05522958535;5.37074809867769;5.38213403510625;282.214880839041;280.857715477567;9332.08436787787;9348.18377061451;23.2900955406085;0.732673267326733;100;100
35;78.5900000000038;1.53999999999996;80.75;NA;NA;-3914.63235543868;-3928.52309230164;5.42393670561726;5.4452693016327;278.601174056787;277.004633034673;9305.38214972311;9324.70464242514;27.7814737259087;0.316831683168317;100;100
36;77.4700000000012;2.07000000000016;80.2300000000032;NA;NA;-3916.43953352715;-3931.14590537364;5.43278236846541;5.44379024363044;275.300667240002;273.892052004404;9291.50937331426;9313.45882644169;29.4127436929784;0.920792079207921;100;100
37;85.1100000000006;1.56999999999994;87.5299999999988;NA;NA;-3883.31930977947;-3901.76199246454;5.36401692317711;5.37199331882305;277.757148364694;276.45587138773;9238.28414242246;9268.27492938686;36.8853653701326;0.0594059405940594;100;100
38;86.2999999999956;1.62000000000012;89.0199999999968;NA;NA;-3940.5573952326;-3954.47760744573;5.50984614109806;5.52610847859178;280.39459797092;279.160351169427;9366.73435838078;9388.03535154408;27.840424426262;0.881188118811881;100;100
39;91.2099999999991;1.89999999999986;93.9099999999962;NA;NA;-3921.32076941407;-3937.87741326523;5.39621844763244;5.41322927440241;281.763035412031;280.391019223641;9335.51152260299;9361.35543310719;33.1132877023283;0.544554455445545;100;100
40;93.760000000002;2.2800000000002;97.1800000000003;NA;NA;-3938.45140645064;-3957.62638529955;5.53989181138201;5.65798640981158;273.819334997715;270.89631977513;9327.68455081631;9350.54744619762;38.3499576978147;0.178217821782178;100;100
41;90.5499999999956;1.66000000000008;93.2000000000044;NA;NA;-3905.87838755542;-3921.60437164406;5.39374584585671;5.40125415495252;278.339115027776;277.221048943039;9286.48574205211;9312.01384127569;31.451968177279;0.267326732673267;100;100
42;91.3799999999974;1.73000000000002;93.8700000000026;NA;NA;-3916.78463639389;-3929.67103074541;5.41009496122609;5.41830493937919;277.468923884198;276.445938459292;9303.68769088082;9324.04037814135;25.7727887030396;0.801980198019802;100;100
43;90.7299999999959;1.42000000000007;93.25;NA;NA;-3923.28536805191;-3938.16373373174;5.40737751480027;5.42369233186454;280.259059566869;279.086455494061;9331.47217853939;9355.01608137599;29.7567313596519;0.732673267326733;100;100
44;89.5999999999985;2.00999999999999;93.2300000000032;NA;NA;-3944.37594350836;-3962.14184086598;5.51467737654977;5.51995574582314;279.652979894258;278.626852401439;9370.44212699738;9400.53717259713;35.5317947152453;0.118811881188119;100;100
45;97.5500000000029;1.38999999999987;99.8199999999997;NA;NA;-3949.52696739541;-3962.93656004713;5.38587994089051;5.39043188347964;292.753435746368;291.910525182871;9450.1545475224;9472.50772514883;26.8191853034559;0.930693069306931;100;100
46;89.3700000000026;1.78999999999996;92.0900000000038;NA;NA;-3925.06458990555;-3944.65477803618;5.3907421175482;5.40525419654665;282.700049207738;281.162057838221;9347.96376005245;9378.99536993098;39.1803762612435;0.0495049504950495;100;100
47;84.75;1.46000000000004;87.1399999999994;NA;NA;-3925.16834086107;-3939.71183029153;5.44809488162272;5.45221233577438;277.270894524687;276.234274555368;9319.4058774206;9343.00051469556;29.086978860917;0.584158415841584;100;100
48;93.4700000000012;2.05999999999995;96.8600000000006;NA;NA;-3935.64821466829;-3947.67167853851;5.45507851604687;5.46187041278412;280.237544710161;279.269573983079;9356.0838792332;9375.00219086004;24.0469277404454;0.96039603960396;100;100
49;89.0999999999985;1.76999999999998;92.0799999999945;NA;NA;-3921.09553036903;-3935.78885990176;5.38684633686682;5.39144259349503;283.140753770584;281.984189342017;9342.36063361824;9365.61944728629;29.3866590654598;0.623762376237624;100;100
50;86.7799999999988;1.70000000000005;89.6500000000015;NA;NA;-3919.11374038135;-3936.01745601617;5.40798662769826;5.41831718718196;279.643450617763;278.259619261724;9319.86723161221;9346.34268517578;33.8074312696517;0.138613861386139;100;100
51;88.5800000000017;1.97000000000003;91.5900000000038;NA;NA;-3916.86491763401;-3932.55255632472;5.42560492911757;5.4434234177816;276.670239503139;275.271477701338;9299.6165700345;9323.58076346977;31.3752773814213;0.514851485148515;100;100
52;91.2999999999956;2.00999999999999;94.8899999999994;NA;NA;-3913.51793372794;-3927.62479979526;5.39118987235633;5.39848270087629;278.33746530383;277.060330720653;9301.75609363612;9323.20316142929;28.2137321346372;0.594059405940594;100;100
53;85.3499999999985;1.78999999999996;88.0600000000049;NA;NA;-3932.17249407391;-3945.60310221708;5.43113555065582;5.43638795321964;279.643578756029;278.637759093096;9345.98541791453;9367.51748241314;26.8612162863419;0.732673267326733;100;100
54;88.489999999998;1.80000000000018;91.5;NA;NA;-3930.818875097;-3956.46218743862;5.40349352672211;5.45721097475788;284.74938104876;282.245429516877;9370.33034091845;9408.35023571533;51.28662468325;0.0099009900990099;100;100
55;86.1299999999974;1.91999999999985;89.4300000000003;NA;NA;-3913.14410930522;-3931.74245129372;5.41500513547012;5.43461674527751;277.356080959595;276.062353692089;9295.80875907636;9326.15086540436;37.1966839770093;0.108910891089109;100;100
56;92.25;1.72999999999979;95.1299999999974;NA;NA;-3914.18028130875;-3926.31262171057;5.41134142725785;5.41996728584151;277.828152909284;276.686102124491;9300.38229009272;9318.59602338981;24.2646808036488;0.752475247524752;100;100
57;89.4100000000035;1.59999999999991;91.9599999999991;NA;NA;-3932.34361000409;-3949.56923578325;5.4891748843807;5.52170667477422;276.856594125032;275.429587573886;9331.56132070418;9358.45183867038;34.4512515583192;0.247524752475248;100;100
58;86;1.94000000000005;89.1399999999994;NA;NA;-3923.08705090412;-3937.90696167507;5.42468772750578;5.43172005518034;280.295343257426;279.01882799701;9331.2677867516;9354.14422532057;29.6398215418976;0.306930693069307;100;100
59;96.6599999999962;1.70000000000005;100.309999999998;NA;NA;-3942.32366287823;-3957.73799795759;5.44473733136986;5.45674620530687;282.736443194652;281.322973877154;9382.6747328907;9406.01439401744;30.8286701587185;0.455445544554455;100;100
60;86.3600000000006;1.94000000000005;90.3199999999997;NA;NA;-3928.07130612222;-3941.22482715963;5.42764610035616;5.43505887564196;279.353481878668;278.150011572605;9336.24601668785;9356.17669113993;26.3070420748127;0.851485148514851;100;100
61;87.9199999999983;1.65000000000009;91.1999999999971;NA;NA;-3915.91300287903;-3930.53410996166;5.39906064245844;5.40531789297762;279.472775176829;278.191206192494;9312.56146395482;9335.01351891395;29.2422141652696;0.534653465346535;100;100
62;87.0799999999945;1.66999999999985;89.2200000000012;NA;NA;-3930.91996104095;-3944.81206552087;5.45635112411016;5.48000257601285;280.144288697415;278.514126233185;9346.13327202667;9365.28036289198;27.7842089598316;0.544554455445545;100;100
63;85.0199999999968;1.58999999999992;87.3900000000067;NA;NA;-3930.76639347943;-3945.2047808339;5.41501072100311;5.41997035905628;284.111561113938;283.084583501454;9366.84600524591;9390.28152663558;28.8767747089514;0.821782178217822;100;100
64;83.8799999999974;1.36000000000013;85.8300000000017;NA;NA;-3923.46845667522;-3939.94116600933;5.42683700792839;5.43944579782773;281.206319926745;279.99964463804;9336.85724180137;9363.40931183167;32.945418668226;0.207920792079208;100;100
65;92.4400000000023;1.91999999999985;95.3199999999997;NA;NA;-3935.77724334572;-3948.40972570384;5.40664318056635;5.40895757684084;287.641380420279;286.60292927503;9395.56980791006;9415.33272888912;25.2649647162434;0.851485148514851;100;100
66;88.0900000000038;1.72999999999979;90.5499999999956;NA;NA;-3907.96747851815;-3921.58764850541;5.37508031898245;5.38573616187462;283.513773247031;282.438125205871;9318.0809054866;9339.62212076436;27.2403399745317;0.861386138613861;100;100
67;84.4599999999991;1.75;86.8600000000006;NA;NA;-3907.0657502115;-3925.66001174641;5.46344800314017;5.50435222430224;271.688097260819;269.896373658834;9253.62126442438;9281.31666721776;37.1885230698281;0.108910891089109;100;100
68;82.0500000000029;1.74000000000001;84.4700000000012;NA;NA;-3924.87806981732;-3940.23308615652;5.42638952177433;5.43498922368381;278.756355301424;277.705145431812;9326.69577796381;9351.83616713416;30.7100326784057;0.752475247524752;100;100
69;81.6199999999953;1.75;84.25;NA;NA;-3926.21832423521;-3939.39463473297;5.42527778614534;5.43758898380202;279.479394963617;278.163365621608;9333.20718039849;9352.58706027636;26.3526209955144;0.643564356435644;100;100
70;91.0500000000029;1.80999999999995;93.5299999999988;NA;NA;-3928.40618930302;-3945.40495192789;5.39973283464693;5.4174617523682;282.164718873808;280.749346617974;9351.81060884229;9378.3090426888;33.997525249727;0.386138613861386;100;100
71;84.4599999999991;1.68000000000006;86.8199999999997;NA;NA;-3944.05707842055;-3956.08555155666;5.52761552628206;5.53708778776245;277.791222099452;276.686429802238;9359.94021316522;9378.14361922269;24.0569462722251;1;100;100
72;93.8300000000017;1.80999999999995;96.4199999999983;NA;NA;-3942.2827062999;-3956.60749754537;5.38073460294878;5.38597913267469;288.008540593686;286.800239026731;9410.52606494148;9432.7736822562;28.6495824909416;0.811881188118812;100;100
73;84.9699999999939;1.46000000000004;87.2200000000012;NA;NA;-3927.4523867131;-3941.92191970097;5.47814800789463;5.4899160870859;276.193868864886;275.196601038262;9318.26754536712;9341.92276989795;28.9390659757337;0.910891089108911;100;100
74;90.4300000000003;1.66000000000008;92.5900000000038;NA;NA;-3923.14743182382;-3941.53833276368;5.44818786790704;5.47113581158891;280.50916866323;278.762749995832;9332.52146345199;9360.05018497696;36.7818018797125;0.326732673267327;100;100
75;87.6899999999951;1.40000000000009;89.6399999999994;NA;NA;-3917.92232887576;-3932.0661225467;5.51552866427199;5.52470194804727;273.861261712132;272.65213531053;9286.84853670567;9308.72978863558;28.2875873418689;0.425742574257426;100;100
76;87.8300000000017;1.90999999999985;90.5;NA;NA;-3930.14279053033;-3946.86848969952;5.43674674422852;5.47148466737579;281.981108076113;280.382623191306;9354.3109830188;9379.29310113183;33.4513983383731;0.306930693069307;100;100
77;91.4199999999983;1.75;94.1900000000023;NA;NA;-3937.95994834284;-3948.22581370688;5.44217481081052;5.44755354371432;283.663113553902;282.752597890961;9378.85709747741;9394.56462725602;20.5317307280829;0.920792079207921;100;100
78;86.5300000000061;2.00999999999999;89.2699999999968;NA;NA;-3937.5515472612;-3949.61091092569;5.43644299699274;5.44309069929637;284.276517337345;283.401556408192;9381.29030323264;9400.77320987566;24.1187273289906;0.920792079207921;100;100
79;81.8600000000006;1.29999999999995;83.7799999999988;NA;NA;-3907.01668705372;-3918.24978697051;5.44588672261283;5.45326035890544;272.516550709448;271.477878852975;9257.91254740308;9274.87553410135;22.4661998335678;0.98019801980198;100;100
80;86.25;1.67000000000007;88.510000000002;NA;NA;-3924.05331790877;-3937.39058965827;5.44731783848021;5.45760168710934;277.594767235115;276.618194169289;9318.89181192222;9340.39216138684;26.6745434989925;0.722772277227723;100;100
81;87.2300000000032;1.6099999999999;89.8300000000017;NA;NA;-3923.45409182953;-3933.79761584374;5.47247169202381;5.48282218903369;279.319202789841;278.167638156612;9326.82996661083;9341.41565974431;20.6870480284215;0.871287128712871;100;100
82;86.9499999999971;1.77999999999997;89.3700000000026;NA;NA;-3935.38175903303;-3946.21869349527;5.44140816044203;5.44712476300382;281.012260650286;280.031091225257;9359.65565888238;9376.13098080272;21.6738689244894;1;100;100
83;79.6200000000026;1.56000000000017;81.8900000000067;NA;NA;-3919.03964602827;-3933.60330640892;5.44490756589923;5.45570829132651;276.941583353658;275.617114124333;9305.40369265854;9327.51355510064;29.1273207612903;0.386138613861386;100;100
84;80.1699999999983;1.79999999999995;82.5799999999945;NA;NA;-3927.1135792616;-3942.69446517385;5.42827636032019;5.43850049794595;280.354806727788;279.110031518041;9339.63589980426;9364.20245751751;31.1617718244943;0.287128712871287;100;100
85;83.2200000000012;1.57999999999993;85.5699999999997;NA;NA;-3930.3953868357;-3945.78573511777;5.52552451944744;5.5408241760312;274.660507602966;273.372739184489;9316.0293110091;9339.98700179753;30.7806965641466;0.544554455445545;100;100
86;90.0900000000038;1.53999999999996;92.6100000000006;NA;NA;-3924.28696941305;-3939.57638537707;5.53434079076556;5.54956377626848;274.86491040398;273.61105914945;9304.89546707418;9328.83099712527;30.5788319280282;0.405940594059406;100;100
87;85.4300000000003;1.5;87.75;NA;NA;-3915.92260887211;-3929.81991973896;5.38979231642099;5.39625967568696;280.314208843819;279.177667290897;9317.03885855159;9338.81172243765;27.7946217337094;0.524752475247525;100;100
88;89.239999999998;1.6400000000001;91.3400000000038;NA;NA;-3925.04161523521;-3938.67430958319;5.39490977027802;5.40310792419999;283.371669326041;282.235425096191;9351.47626724829;9372.72147340859;27.2653886959479;0.613861386138614;100;100
89;89.3400000000038;1.69000000000005;91.6100000000006;NA;NA;-3934.76025209995;-3946.57538204976;5.41651529978112;5.42577746593993;280.773145332274;279.570196600603;9357.1457361742;9374.40239191774;23.6302598996144;0.96039603960396;100;100
90;90.2200000000012;1.6099999999999;92.8700000000026;NA;NA;-3931.26262117552;-3945.71230386191;5.43121957408299;5.44169363863042;280.962667466471;279.693358203691;9351.15462274031;9373.32878480257;28.8993653727703;0.594059405940594;100;100
91;83.4300000000003;1.7199999999998;85.8199999999997;NA;NA;-3923.62402132704;-3941.86805935529;5.39465439355838;5.410428553468;284.495378089528;283.309497975428;9354.59484508848;9384.79975194179;36.4880760564911;0.128712871287129;100;100
92;79.4300000000003;1.61999999999989;81.4000000000015;NA;NA;-3923.14844342739;-3939.89561730961;5.42597518848187;5.43403352007297;278.535253245453;277.319623021754;9322.06505632102;9349.11860935994;33.4943477644438;0.386138613861386;100;100
93;84.1399999999994;1.58000000000015;86.4399999999951;NA;NA;-3901.50052328915;-3917.32488368836;5.46367568153742;5.47884550131485;272.698328759786;271.373765550295;9247.8433376749;9272.47410221739;31.6487207984237;0.237623762376238;100;100
94;80.1800000000003;1.75999999999999;82.5699999999997;NA;NA;-3939.94335474872;-3950.62243921584;5.44830305443212;5.45563937177746;281.834593014099;280.758260253254;9373.13582815805;9388.7912445333;21.3581689342218;0.95049504950495;100;100
95;83.3399999999965;1.66000000000008;85.9200000000055;NA;NA;-3914.99222254082;-3929.88634852635;5.4270829182167;5.43506982748338;276.846407245721;275.558397763914;9296.80457245806;9319.7685414234;29.7882519710702;0.643564356435644;100;100
96;80.8899999999994;1.33999999999992;83.0799999999945;NA;NA;-3922.38651565914;-3937.38420500383;5.44992541970764;5.45515191450542;277.51680212136;276.467351388487;9315.14512350676;9339.58017915281;29.995378689373;0.574257425742574;100;100
97;85.9199999999983;1.52999999999997;88.1800000000003;NA;NA;-3935.19759664391;-3948.59322965641;5.41851139099906;5.42385563786153;283.964880936828;282.823516028719;9374.93125344516;9395.67520595596;26.7912660250004;0.633663366336634;100;100
98;90.7099999999991;2.02999999999997;93.510000000002;NA;NA;-3933.90377196691;-3952.35613287942;5.4105290685074;5.4248705195723;283.623846533795;282.223720961591;9370.53669559099;9400.02310778145;36.9047218250125;0.099009900990099;100;100
99;86.9000000000015;1.55999999999995;89.1999999999971;NA;NA;-3913.13128916546;-3932.64630355846;5.42411571898992;5.44434571216462;276.308986059417;274.727139893516;9290.23527770281;9320.88418347681;39.0300287859982;0.0792079207920792;100;100
100;93.8600000000006;2.05999999999995;101.540000000001;NA;NA;-3907.84668348015;-3921.07144381449;5.39120701431738;5.3993762973456;278.323145863516;277.108574646884;9290.33772420125;9310.35206109993;26.4495206686688;0.683168316831683;100;100
101;90.1699999999983;2.12000000000012;96.9200000000055;NA;NA;-3910.66628968202;-3927.35758842964;5.3900853497742;5.4063023529584;279.7405833443;278.532097507761;9303.48697022542;9330.46662622571;33.3825974952515;0.207920792079208;100;100
102;83.7300000000032;1.8599999999999;86.1699999999983;NA;NA;-3926.86347327883;-3940.99943522517;5.4714283651761;5.48174636110511;275.738669801446;274.844774944789;9314.67792939551;9338.2137146453;28.2719238926902;0.871287128712871;100;100
103;89.5599999999977;1.54000000000019;91.8899999999994;NA;NA;-3919.99077137267;-3938.36827320677;5.39522991508717;5.40274214656659;283.823987396315;282.485399700209;9343.77110421016;9373.43384544142;36.7550036681869;0.128712871287129;100;100
104;81.1500000000015;1.73000000000002;83.5499999999956;NA;NA;-3919.29854969226;-3938.3783561092;5.40729504337129;5.41848014933992;279.591668284793;278.158997764844;9319.96249099997;9350.53136073746;38.1596128338797;0.148514851485149;100;100
105;87.2799999999988;1.8599999999999;89.8600000000006;NA;NA;-3922.23793278791;-3939.02619444424;5.42876023595383;5.44954889237794;278.989035386383;277.2831821272;9322.64831683998;9347.18668820473;33.5765233126685;0.267326732673267;100;100
106;86.3299999999945;1.60000000000014;88.6700000000055;NA;NA;-3913.07164740071;-3930.60646781568;5.39825851476892;5.40797599831325;279.077319881459;277.859498534877;9304.78350533903;9333.40074217903;35.0696408299518;0.316831683168317;100;100
107;89.2799999999988;1.61000000000013;91.5;NA;NA;-3938.98836052546;-3950.46859954295;5.44084193671076;5.45027663097978;283.646680918251;282.608380080373;9380.8268565238;9398.28608719776;22.9604780349864;0.99009900990099;100;100
108;84.6500000000015;2.06999999999994;87.4400000000023;NA;NA;-3912.3852220319;-3929.24523122961;5.40453057780042;5.41601040659414;277.911457987285;276.627001758641;9297.23354828053;9324.14810993314;33.7200183954028;0.148514851485149;100;100
109;79.4599999999991;1.83000000000015;81.7200000000012;NA;NA;-3919.5358279178;-3931.24347985302;5.43870332476998;5.44355051627779;277.965803276888;277.178966312875;9311.82269864402;9331.06909056339;23.4153038704371;1;100;100
110;83.75;1.73000000000002;86.0500000000029;NA;NA;-3916.20528845521;-3930.9267290405;5.42935709554248;5.43703737778914;276.609829706455;275.46652082937;9297.97724140203;9321.36250929382;29.4428811705675;0.425742574257426;100;100
111;80.0699999999997;1.57999999999993;82.3000000000029;NA;NA;-3904.35703605296;-3922.64282513661;5.40049151302922;5.40971731145578;275.854780273113;274.559346061659;9270.28024507225;9299.98820165977;36.5715781672843;0.188118811881188;100;100
112;77;1.70000000000005;79.2799999999988;NA;NA;-3903.23730970123;-3916.17777423474;5.43231481748478;5.44135123235403;273.414234130841;272.262232052417;9255.11000435933;9274.88726080794;25.8809290670251;0.693069306930693;100;100
113;85.5;1.47000000000003;87.7200000000012;NA;NA;-3924.2954664094;-3936.46269954608;5.40310410782888;5.4069681566531;280.855676818992;279.824397724933;9336.65344280247;9355.52386514203;24.3344662733634;0.98019801980198;100;100
114;81.8800000000047;1.51999999999998;84.0300000000061;NA;NA;-3921.59540212236;-3938.92155170397;5.42334108721714;5.43152519859463;279.952217156034;278.764250817909;9326.46649820616;9354.82457468922;34.652299163221;0.663366336633663;100;100
115;82.1299999999974;1.42999999999984;84.0800000000017;NA;NA;-3923.95206272898;-3941.96506998704;5.44488595037117;5.45412037308961;279.874821992001;278.646872941428;9330.76975527773;9360.28970601395;36.0260145161192;0.178217821782178;100;100
116;79.5;1.52999999999997;81.7799999999988;NA;NA;-3917.08882763434;-3930.54840549421;5.43137344560684;5.43766815751937;277.122108635865;276.109486145133;9302.45853610849;9324.01249649984;26.9191557197501;0.841584158415842;100;100
117;87.1399999999994;1.88999999999987;89.6200000000026;NA;NA;-3918.12063734272;-3929.55863215517;5.39989299716935;5.40561268249563;279.674035195933;278.535064125088;9318.04307233661;9334.88443175686;22.8759896248994;0.920792079207921;100;100
118;79.6699999999983;1.58000000000015;81.75;NA;NA;-3905.24458374655;-3921.07708450805;5.40396104745828;5.41195007415823;275.486980011865;274.353468042199;9270.10661794784;9295.76591331676;31.6650015229843;0.732673267326733;100;100
119;81.8199999999997;1.51999999999998;84.1100000000006;NA;NA;-3909.31934305586;-3926.51392730761;5.48566939951724;5.50410070100538;271.464408801349;270.127543875666;9256.9432776636;9284.24931151462;34.3891685034978;0.287128712871287;100;100
120;80.8700000000026;1.46000000000004;83.25;NA;NA;-3923.82295014396;-3938.35374268669;5.43171576402783;5.44664546541985;280.644010624658;279.322245657055;9334.58693559823;9356.64539040135;29.0615850854638;0.425742574257426;100;100
121;79.0500000000029;1.3900000000001;80.989999999998;NA;NA;-3906.25635325934;-3924.06047093242;5.42666057041593;5.43720777814199;276.134399338245;274.865487419761;9275.56039003381;9304.44552732564;35.6082353461534;0.168316831683168;100;100
122;85.1999999999971;1.79999999999995;87.6699999999983;NA;NA;-3926.25221714296;-3942.07776957545;5.45147837922063;5.46352919885893;279.849447669417;278.466666789286;9335.23562289168;9359.56031580531;31.6511048649636;0.455445544554455;100;100
123;85.6599999999962;1.44000000000005;87.739999999998;NA;NA;-3931.73923730176;-3948.28497152734;5.38373820578887;5.41181281247674;283.939505682662;282.094772474433;9367.88008861104;9391.19757506839;33.091468451159;0.297029702970297;100;100
124;86.0200000000041;1.73000000000002;88.4799999999959;NA;NA;-3923.49814704429;-3941.67812968168;5.40823358092041;5.42067153447795;281.511309219484;280.168978988504;9338.53255260586;9367.78042630619;36.3599652747798;0.188118811881188;100;100
125;78.2000000000044;1.75;80.3799999999974;NA;NA;-3916.63191251764;-3932.30265705519;5.43822375898832;5.45464176465602;275.962578857991;274.754112541995;9295.40114911596;9320.33980012212;31.3414890750955;0.623762376237624;100;100
126;90.8899999999994;1.8599999999999;93.4700000000012;NA;NA;-3935.66439058875;-3951.50867656027;5.40424066298517;5.42323860174147;288.902113678694;287.394489012663;9402.02386731376;9425.72456530653;31.6885719430402;0.237623762376238;100;100
127;88.1399999999994;1.75999999999999;90.75;NA;NA;-3925.50012779951;-3941.15719200486;5.44656089340474;5.45601151488206;279.936901569156;278.492407698416;9334.19480272053;9357.85554417001;31.3141284106923;0.356435643564356;100;100
128;81.0499999999956;1.59000000000015;83.3300000000017;NA;NA;-3928.75835631247;-3946.06564560419;5.45444262286412;5.4641021258383;278.782895567433;277.68907956522;9334.59696970641;9363.41616396952;34.6145785834387;0.386138613861386;100;100
129;80.9200000000055;1.19000000000005;82.8400000000038;NA;NA;-3925.88327197013;-3939.40954781996;5.44722933261066;5.45608769628353;278.438534892747;277.134467519959;9327.02226887869;9347.16545776997;27.0525516996713;0.801980198019802;100;100
130;81.8100000000049;1.87999999999988;84.3199999999997;NA;NA;-3930.15016724143;-3943.8742376641;5.41858248838099;5.42430639967122;281.718477940031;280.603624564663;9352.93423863;9374.47553247549;27.4481408453512;0.782178217821782;100;100
131;80.8600000000006;1.42000000000007;82.9500000000044;NA;NA;-3917.41170862211;-3928.93103974798;5.41897878459192;5.43122360817007;279.689613621056;278.400984513547;9316.70775433577;9332.91885060815;23.0386622517362;0.752475247524752;100;100
132;82.5699999999997;1.47000000000003;84.5899999999965;NA;NA;-3924.39843820549;-3936.85511203572;5.42353962087669;5.43550277454767;279.261154497164;278.241840331076;9328.41110108556;9347.92379879787;24.9133476604638;0.920792079207921;100;100
133;83.0900000000038;1.66000000000008;85.2099999999991;NA;NA;-3910.91686441411;-3926.66602651031;5.4489410704902;5.47193695141325;275.236539595147;273.733290842341;9280.12426647377;9303.65790169293;31.4983241923965;0.386138613861386;100;100
134;81.6199999999953;1.45000000000005;83.7300000000032;NA;NA;-3921.6817905703;-3937.72811099078;5.37599102501154;5.38398929026683;284.534588094921;283.144560359828;9350.91813062751;9375.64596337965;32.0926408409578;0.247524752475248;100;100
135;87.0299999999988;1.79999999999995;89.4300000000003;NA;NA;-3917.54874217858;-3931.57205148981;5.42911151676032;5.44121255278617;279.62054825689;278.322819909485;9316.61589123032;9337.78673321266;28.0466186224503;0.386138613861386;100;100
136;88.9300000000003;1.86000000000013;91.5200000000041;NA;NA;-3932.97249415974;-3948.24384917075;5.44203268795947;5.45531819956847;281.792373438047;280.497034673628;9358.97041426707;9382.650008418;30.5427100220113;0.633663366336634;100;100
137;91.8499999999985;1.97000000000003;95.0599999999977;NA;NA;-3925.41149399828;-3937.380539274;5.37940694000408;5.38780743730705;285.857706771514;284.449822479786;9365.38784014566;9381.86651290415;23.9380905514436;0.792079207920792;100;100
138;87.7999999999956;1.74000000000001;90.2900000000009;NA;NA;-3930.25920484077;-3945.64003901878;5.38762615846466;5.39216509366801;287.038361289995;285.903907587092;9381.33874416981;9406.0897167702;30.7616683560282;0.495049504950495;100;100
139;82.739999999998;1.3900000000001;85.2300000000032;NA;NA;-3928.05127499864;-3943.02918769521;5.39800843669106;5.40555389387906;282.287192927553;281.032318293021;9351.74968663942;9375.05678796359;29.95582539315;0.455445544554455;100;100
140;89.7999999999956;1.84999999999991;92.5599999999977;NA;NA;-3942.55139355578;-3955.11124485576;5.44983100013087;5.45653806559931;284.242892231937;283.292417398095;9391.11183934187;9411.19562462321;25.1197025999591;0.871287128712871;100;100
141;88.8300000000017;1.88000000000011;91.3600000000006;NA;NA;-3914.31752908522;-3930.74455760408;5.40873315488386;5.41322322843218;280.448087121061;279.427167500434;9314.53802857914;9341.98292946104;32.8540570377236;0.633663366336634;100;100
142;89.0500000000029;1.77999999999997;91.7900000000009;NA;NA;-3939.33401268727;-3953.45379322159;5.43939034829888;5.44762221425985;281.517725467317;280.259826491551;9370.23827920913;9391.81309228909;28.2395610686244;0.792079207920792;100;100
143;86.8099999999977;1.72000000000003;89.1399999999994;NA;NA;-3946.09440776451;-3956.15704627941;5.50915466182999;5.51875437447822;281.896073483806;280.937793890012;9385.76367722998;9400.81168484596;20.1252770297824;0.910891089108911;100;100
144;86.6500000000015;1.88000000000011;89.0199999999968;NA;NA;-3912.58922073956;-3928.34397939636;5.41285498971278;5.42177871335603;276.30781427483;275.247919805892;9289.14493236438;9315.0387924065;31.509517313596;0.603960396039604;100;100
145;87.0800000000017;2.1099999999999;89.8600000000006;NA;NA;-3905.7899778268;-3918.10039445713;5.38469389317569;5.39144107678803;281.25732939016;280.118139220598;9301.77054843041;9320.35559063188;24.6208332606648;0.851485148514851;100;100
146;84.3899999999994;1.80999999999995;87.5199999999968;NA;NA;-3913.70789572199;-3933.18110260664;5.4113243172052;5.43293029499778;280.20949019952;278.433718721065;9312.05459963968;9341.59241254565;38.9464137692885;0.0891089108910891;100;100
147;85.5599999999977;1.51999999999998;87.9300000000003;NA;NA;-3921.41044194117;-3937.63871021914;5.44550479250877;5.45790232201069;279.588332948724;278.252510342132;9324.16860382877;9349.54752826959;32.4565365559474;0.445544554455446;100;100
148;86.3600000000006;1.86000000000013;89;NA;NA;-3921.44155351657;-3935.39125823827;5.38539382391728;5.38944063373006;283.642024550647;282.591958800895;9345.70857159269;9368.04439943814;27.8994094433838;0.574257425742574;100;100
149;85.260000000002;1.50999999999999;87.6500000000015;NA;NA;-3919.11261507888;-3931.91226593967;5.39144285878812;5.39665577630783;282.823876862648;281.878434419266;9336.71588861357;9357.30593621832;25.5993017215851;0.534653465346535;100;100
150;80.5900000000038;1.6099999999999;82.760000000002;NA;NA;-3918.28507953727;-3931.70222611682;5.40795832634498;5.41369382911273;278.320312904607;277.107624324247;9311.1995064001;9331.60859059367;26.8342931591114;0.762376237623762;100;100
151;88.4399999999951;2.05999999999995;91.0400000000009;NA;NA;-3921.36086866535;-3936.26194632597;5.40668226180991;5.4180240562616;281.314831826909;279.948295468898;9333.21699626676;9355.77880827033;29.8021553212384;0.376237623762376;100;100
152;87.5299999999988;2.06999999999994;90.760000000002;NA;NA;-3917.60393034446;-3930.91985331511;5.37555196392863;5.38053479576792;284.661339575649;283.544601808074;9343.4339797474;9364.14899458088;26.6318459413051;0.871287128712871;100;100
153;91.6699999999983;1.81000000000017;94.6699999999983;NA;NA;-3927.20102751404;-3940.47283204012;5.42396566257717;5.42950919795041;279.790425785505;278.671576134271;9336.8205269613;9357.43611547576;26.5436090521489;0.881188118811881;100;100
154;86.75;1.63999999999987;89.8499999999985;NA;NA;-3931.95378805023;-3955.48716254545;5.41410920171958;5.43732864608347;283.78419067113;282.054553189903;9367.48628188509;9405.38886257091;47.0667489904426;0.0198019801980198;100;100
155;95.6100000000006;1.72999999999979;98.8799999999974;NA;NA;-3927.96629663212;-3941.22486123908;5.38426164699544;5.39582629998833;286.280791909932;284.816441862013;9372.73908474975;9391.49762267409;26.5171292139348;0.574257425742574;100;100
156;87;1.9699999999998;89.9400000000023;NA;NA;-3904.00625424075;-3920.22777756172;5.39887393122869;5.40482557538536;276.367007769373;275.13953901201;9272.29262528689;9298.23215289479;32.4430466419381;0.297029702970297;100;100
157;95.1399999999994;1.8599999999999;98.510000000002;NA;NA;-3916.17520033223;-3932.65592031484;5.36676039639136;5.37781635124933;283.273031379453;281.842896918628;9333.22082229692;9358.60495601185;32.9614399652219;0.277227722772277;100;100
158;92.6800000000003;1.59000000000015;95.260000000002;NA;NA;-3940.42402692553;-3958.49031556003;5.46965486748881;5.50975019512045;280.664128260883;278.823187762229;9367.89567878277;9394.27436903695;36.1325772689852;0.217821782178218;100;100
159;84.3499999999985;1.6099999999999;86.8299999999945;NA;NA;-3932.88043589819;-3944.97420846068;5.42260218942143;5.43125897253458;282.356496219673;281.269815991776;9361.77519927473;9380.20516767636;24.1875451249789;0.782178217821782;100;100
160;89.0600000000049;1.65999999999985;91.9200000000055;NA;NA;-3943.03782223627;-3956.81585689831;5.45662642834779;5.46709576641415;283.758484658901;282.575267409865;9389.51815164615;9410.80516047126;27.5560693240732;0.732673267326733;100;100
161;83.1100000000006;1.84999999999991;85.8600000000006;NA;NA;-3920.03148386943;-3938.69117180714;5.38425261337107;5.41236315433656;283.321384094272;281.419872002;9341.18957739997;9368.43413873421;37.319375875426;0.0198019801980198;100;100
162;90.9499999999971;1.92000000000007;94;NA;NA;-3928.79097452177;-3942.87290586465;5.45227187757782;5.45911969720997;281.142149610122;280.182985020421;9347.16228279149;9370.24418707427;28.1638626857712;0.742574257425743;100;100
163;92.0800000000017;1.75999999999999;94.5800000000017;NA;NA;-3922.69235920084;-3937.14953662706;5.37087208414207;5.37576891416038;285.546269962631;284.607894028138;9358.2994794977;9382.24202084006;28.9143548524326;0.544554455445545;100;100
164;90;2.04999999999995;93.1900000000023;NA;NA;-3941.14062891873;-3952.40900324705;5.46306633146819;5.46658914575392;281.196939054845;280.019181144427;9372.1518834519;9388.44849691817;22.5367486566265;0.98019801980198;100;100
165;90;1.8599999999999;93.0699999999997;NA;NA;-3918.45395222555;-3934.19239767675;5.40265432646121;5.41054309861735;282.301271179425;281.22120322431;9332.62963213964;9358.3839802384;31.476890902396;0.425742574257426;100;100
166;78.6100000000006;1.55999999999995;81.0999999999985;NA;NA;-3904.38516476269;-3921.16491684114;5.42483075230562;5.4542413933649;275.267572589187;273.673644733987;9267.22528982219;9292.33965834286;33.5595041569049;0.237623762376238;100;100
167;87.010000000002;1.56999999999994;89.5800000000017;NA;NA;-3920.74476070958;-3936.62013188375;5.45795315222992;5.46458534329639;277.317410002574;276.2992491579;9310.80517088193;9337.16137394499;31.750742348343;0.495049504950495;100;100
168;87.3799999999974;2.05999999999995;90.3099999999977;NA;NA;-3916.60207216062;-3930.2424597887;5.46524104325669;5.47628532671101;276.532899514953;275.384469736072;9298.36320824321;9319.55923805765;27.2807752561448;0.485148514851485;100;100
169;87.1699999999983;1.45000000000005;89.5;NA;NA;-3921.39350373517;-3939.7347354807;5.45997651191098;5.47625980758598;277.96064555032;276.636564223803;9315.5107230065;9345.17778341056;36.6824634910627;0.198019801980198;100;100
170;84.9100000000035;1.52999999999997;87.5600000000049;NA;NA;-3937.46175804207;-3951.75242332242;5.43048649243609;5.44251644968201;282.78769565674;281.74852803375;9373.22247502835;9396.2979657254;28.5813305607007;0.663366336633663;100;100
171;89.7300000000032;1.63999999999987;92.4799999999959;NA;NA;-3921.98636085658;-3939.54129094482;5.46559353609669;5.48606245141969;277.185382887636;275.801769719667;9312.58884962;9340.36788812002;35.1098601764625;0.158415841584158;100;100
172;87.3899999999994;1.84000000000015;90.0199999999968;NA;NA;-3913.31479228667;-3931.31786401;5.40345689564517;5.41162912072604;277.475349102665;276.20718133668;9296.78204551297;9326.06903366142;36.0061434466616;0.247524752475248;100;100
173;92.6100000000006;1.87999999999988;95.510000000002;NA;NA;-3933.0294990385;-3948.64431947104;5.40725302719318;5.42825373013835;284.004535204736;282.396839675337;9370.80515913066;9393.5167188522;31.2296408650709;0.326732673267327;100;100
174;86.4199999999983;1.91000000000008;89.6600000000035;NA;NA;-3915.36477574504;-3930.22115030084;5.52267948600241;5.53450272428327;271.417460492415;270.31839645149;9268.78539600141;9292.67495501802;29.7127491115916;0.801980198019802;100;100
175;80.6800000000003;1.76999999999998;83.239999999998;NA;NA;-3914.20057129382;-3928.65683275251;5.39867691876962;5.40832659034597;278.984258688203;277.663759647262;9306.54828538888;9328.46438530513;28.9125229173842;0.613861386138614;100;100
176;89.5800000000017;1.77999999999997;92.2999999999956;NA;NA;-3930.39713481308;-3947.87903694406;5.45807934624949;5.4767041121865;277.898950844224;276.463855000144;9333.19110702959;9360.5513180582;34.9638042619681;0.287128712871287;100;100
177;89.3099999999977;1.6099999999999;91.9100000000035;NA;NA;-3924.88659188216;-3938.7919170743;5.38984024474408;5.39861030096881;282.364058715162;281.090546779283;9345.82757974386;9366.89075972175;27.8106503842673;0.712871287128713;100;100
178;85.1599999999962;2.05999999999995;88.5199999999968;NA;NA;-3912.34437772125;-3928.76648022462;5.42272964928956;5.43763844478732;276.070436645129;274.692335242451;9287.39754430988;9312.94013072196;32.8442050067506;0.504950495049505;100;100
179;87.5299999999988;1.88999999999987;90.5400000000009;NA;NA;-3902.36619444814;-3918.1291336857;5.39467014019178;5.40307093660788;275.897337853928;274.623857792304;9266.52404543212;9291.30262238078;31.5258784751213;0.396039603960396;100;100
180;81.8099999999977;1.5;84.3299999999945;NA;NA;-3909.03456498315;-3922.38854240018;5.41130606886225;5.42258604346263;277.485491063399;276.067638670803;9288.27532623262;9307.47104911178;26.7079548340525;0.544554455445545;100;100
181;83.0900000000038;1.6400000000001;85.5599999999977;NA;NA;-3924.77143537211;-3942.30363573991;5.41635565696212;5.42660312556343;281.803261824585;280.389350503986;9342.62598681929;9370.19903665021;35.0644007356022;0.128712871287129;100;100
182;86.3300000000017;1.97000000000003;89.1900000000023;NA;NA;-3911.82126025795;-3933.67997821005;5.42840946192388;5.45569329657738;278.089709756497;276.519933951155;9297.05005917706;9332.45032467022;43.7174359041901;0.0495049504950495;100;100
183;87.9399999999951;1.57999999999993;90.5800000000017;NA;NA;-3918.20274754526;-3935.89345682447;5.36876854350462;5.37962771740504;284.765083663832;283.162087055864;9345.18128325312;9372.06951704501;35.3814185584051;0.099009900990099;100;100
184;90.3000000000029;1.70999999999981;93.0500000000029;NA;NA;-3919.12705245237;-3938.21191018371;5.38976964677017;5.40543252629063;281.779544873684;280.254917935267;9331.21156104698;9361.30331912434;38.1697154626781;0.0396039603960396;100;100
185;86.6100000000006;1.69000000000005;90.6699999999983;NA;NA;-3920.78439013713;-3930.6454615152;5.43640947280157;5.44855061425891;275.879483241033;274.797209455156;9303.26583740452;9317.25375016558;19.722142756139;0.96039603960396;100;100
186;94.0300000000061;1.74000000000001;98.0300000000061;NA;NA;-3929.43004076461;-3944.59795404014;5.4453593825876;5.45806138678035;281.631809062337;280.390138900693;9351.03478645654;9374.79185042663;30.3358265510542;0.376237623762376;100;100
187;92.489999999998;1.79999999999995;95.5300000000061;NA;NA;-3934.19953467291;-3946.2988919546;5.43494532308287;5.44958076579955;281.191577857516;279.86896124148;9358.24128963534;9375.43236161269;24.198714563383;0.712871287128713;100;100
188;91.3499999999985;1.5;93.5;NA;NA;-3933.55596216945;-3951.11655989083;5.42336795981999;5.43413536271275;281.69141570771;280.321242578886;9359.60244419055;9387.46402754969;35.1211954427654;0.306930693069307;100;100
189;84.9599999999991;1.63000000000011;87.6500000000015;NA;NA;-3928.12411167297;-3947.40983950664;5.50006044015168;5.54353464706259;275.990859310914;274.130053386332;9318.53538624146;9347.24770156281;38.5714556673393;0.198019801980198;100;100
190;94.3600000000006;1.46000000000004;96.8099999999977;NA;NA;-3927.15799448409;-3942.87841731532;5.372828067326;5.384524049628;289.13269569817;287.737491043106;9386.23277182265;9410.2813804313;31.4408456624633;0.227722772277228;100;100
191;85.5500000000029;1.66999999999985;87.9300000000003;NA;NA;-3900.9308100491;-3919.78944863498;5.37514000949735;5.38051030642761;279.929425854208;278.758799774068;9285.01655850938;9316.531487191;37.7172771717624;0.207920792079208;100;100
192;79.5699999999997;1.29999999999995;81.510000000002;NA;NA;-3914.90150376536;-3929.21448131679;5.43144632728623;5.44093959722247;277.339602399601;275.998378070975;9299.23623935606;9320.75596230611;28.6259551028461;0.613861386138614;100;100
193;80.3799999999974;1.61999999999989;82.5800000000017;NA;NA;-3919.85755523146;-3937.04325984043;5.43578291224531;5.4514011952328;277.385508922746;275.972434828866;9309.39156961706;9336.27606382318;34.3714092179416;0.415841584158416;100;100
194;87.1699999999983;1.47000000000003;89.3199999999997;NA;NA;-3936.05429340002;-3949.31365444717;5.4608659368944;5.47389084828621;280.314585524129;279.05337251652;9357.30422337925;9377.14063869242;26.5187220942998;0.851485148514851;100;100
195;84.989999999998;1.38999999999987;86.8700000000026;NA;NA;-3930.14997079908;-3946.36815333576;5.54443854615265;5.56166154631577;274.341849328102;273.056855350252;9313.85012626416;9339.47818542876;32.4363650733576;0.524752475247525;100;100
196;90.1999999999971;1.6400000000001;92.7300000000032;NA;NA;-3922.21099936605;-3938.27913596504;5.39473004346237;5.40489126471466;281.343872999287;280.018453096241;9335.07112701611;9360.18490492381;32.136273197978;0.554455445544555;100;100
197;86.1599999999962;1.93000000000006;88.989999999998;NA;NA;-3915.38091377506;-3932.23534037348;5.38533764604337;5.39276775312218;279.742785926893;278.519125546681;9312.92788839311;9340.15340054671;33.7088531968375;0.188118811881188;100;100
198;90.9499999999971;1.99000000000001;93.8099999999977;NA;NA;-3921.32229177138;-3935.07245287429;5.37251315659258;5.37804643530472;284.225416140843;282.938486452801;9348.56104189613;9369.24280218627;27.5003222058285;0.544554455445545;100;100
199;87.8799999999974;1.68000000000006;90.5400000000009;NA;NA;-3924.55428333365;-3939.34923231404;5.45951384850014;5.47540509893223;276.277011818539;275.038940157327;9312.91185636347;9335.9420577406;29.58989796077;0.772277227722772;100;100
200;83.1800000000003;1.49000000000001;85.4400000000023;NA;NA;-3910.00605150102;-3924.24250913872;5.38713321556819;5.39442772418338;280.212712558819;279.061512736413;9304.66798427997;9327.04147754394;28.4729152753989;0.841584158415842;100;100
201;87.4700000000012;1.53999999999996;90.0199999999968;NA;NA;-3927.1062908147;-3939.04440762413;5.4254813353159;5.43273620468583;281.710917709128;280.646914142162;9346.80642927387;9365.0452343158;23.8762336188593;0.792079207920792;100;100
202;89.8600000000006;1.52999999999997;92.6200000000026;NA;NA;-3915.73268532851;-3929.55557728239;5.43289404657261;5.43891873529892;276.935342623925;275.648095621939;9298.75670589229;9319.58224665439;27.6457839077621;0.683168316831683;100;100
203;84.7200000000012;1.62999999999988;87.3000000000029;NA;NA;-3937.78777954867;-3955.93000366616;5.41443269882815;5.42543804210423;287.197252130944;285.826044268197;9397.23774768759;9426.25710149024;36.2844482349883;0.108910891089109;100;100
204;82.9700000000012;1.94000000000005;85.5499999999956;NA;NA;-3905.52478924378;-3921.66566480911;5.47130453062963;5.49981056617018;272.577583777676;270.81365590099;9255.25212434852;9278.18802577679;32.2817511306484;0.158415841584158;100;100
205;86.25;1.46000000000004;88.3199999999997;NA;NA;-3919.85660234569;-3933.69203257582;5.39064515960371;5.39489055047042;281.070068428693;280.013795403507;9328.91162946397;9350.98602021107;27.6708604602554;0.99009900990099;100;100
206;86.0799999999945;1.75;88.5999999999985;NA;NA;-3920.85643049567;-3938.21178414359;5.43374991960494;5.45643954454547;279.584687662501;277.890803142181;9323.04126705447;9348.77723657937;34.7107072958415;0.198019801980198;100;100
207;84.9200000000055;1.52999999999997;87.3899999999994;NA;NA;-3917.05619902997;-3932.51319084364;5.49543853314161;5.51333380503019;275.001323745529;273.615016444702;9291.15668748458;9314.72557506458;30.9139836273444;0.366336633663366;100;100
208;82.6699999999983;1.83999999999992;85.4199999999983;NA;NA;-3931.54985936925;-3948.95594261118;5.42239318724759;5.43267149232955;283.025160806899;281.472354871036;9362.65684341174;9389.24175123875;34.8121664838727;0.198019801980198;100;100
209;87.3600000000006;1.67000000000007;90.0900000000038;NA;NA;-3930.64467833096;-3945.25592451485;5.45371465615147;5.49521096719121;280.48799392044;278.866799089044;9347.4037659588;9368.03665359684;29.2224923677904;0.326732673267327;100;100
210;85.5500000000029;1.5;87.8300000000017;NA;NA;-3938.20373558626;-3953.31490672364;5.47526409729718;5.48602594423582;278.639374610793;277.287535199437;9352.72730867698;9375.78717672177;30.2223422747611;0.544554455445545;100;100
211;84.5299999999988;1.52999999999997;86.7799999999988;NA;NA;-3921.17263625956;-3940.17492029163;5.41355967274345;5.42294946768298;281.894715956123;280.551365311785;9335.91294160757;9366.80001162344;38.0045680641315;0.128712871287129;100;100
212;86.4700000000012;1.68000000000006;89.2200000000012;NA;NA;-3929.23364703039;-3940.2488314971;5.39041348344582;5.39494460806578;283.552156086847;282.580011195809;9360.81660697787;9377.69624375229;22.0303689334078;0.98019801980198;100;100
213;87.9500000000044;1.41000000000008;90.1100000000006;NA;NA;-3942.15966594388;-3962.03225343511;5.51184725297017;5.523143395882;280.993255825834;279.634456027538;9373.11077911265;9405.65660152614;39.7451749824686;0.336633663366337;100;100
214;80.9800000000032;1.61999999999989;83.3499999999985;NA;NA;-3928.97421199326;-3945.90694720535;5.4432148297323;5.45512214894866;279.083341881844;277.56058749884;9336.62054099336;9362.41797542508;33.8654704241744;0.217821782178218;100;100
215;81.7900000000009;1.54000000000019;84.1399999999994;NA;NA;-3892.09316817138;-3908.47221016814;5.41993612109017;5.42895352988275;273.48212508748;272.318147334655;9233.18142913422;9259.77238958567;32.7580839935135;0.138613861386139;100;100
216;84.4200000000055;1.67000000000007;86.8099999999977;NA;NA;-3926.01232049506;-3945.32007982544;5.43779747542236;5.44669652685571;278.464353530371;277.152818263933;9327.41716126466;9359.08374984641;38.6155186607593;0.0891089108910891;100;100
217;85.1999999999971;1.58999999999992;87.5;NA;NA;-3906.11930278389;-3923.38223417389;5.41991235214285;5.42926442864439;277.055638802953;275.638407462274;9280.16730813752;9307.1842294928;34.5258627800158;0.0891089108910891;100;100
218;87.7900000000009;1.84000000000015;90.3799999999974;NA;NA;-3929.10173341161;-3944.69642272807;5.48020138475566;5.48855233025043;276.06432850909;274.903441183305;9320.87989284736;9345.91852200146;31.1893786329219;0.633663366336634;100;100
219;89.1399999999994;1.66999999999985;91.7000000000044;NA;NA;-3932.1377276394;-3948.48872317929;5.43125802599376;5.4380616034377;281.438436877924;280.182552051121;9355.42561300325;9381.47352769479;32.7019910797808;0.425742574257426;100;100
220;86.8899999999994;1.82999999999993;89.5400000000009;NA;NA;-3936.30258762162;-3953.94319179932;5.43577625236199;5.46971793399373;280.691112144981;279.000690136796;9359.79576935668;9386.12058542931;35.2812083553999;0.356435643564356;100;100
221;87.5300000000061;1.57999999999993;89.75;NA;NA;-3928.39651393508;-3942.87825138356;5.38908262418871;5.39180476600419;284.185492456305;283.256458449098;9362.49795787241;9386.53911575487;28.9634748969611;0.435643564356436;100;100
222;90.9400000000023;1.68999999999983;93.7700000000041;NA;NA;-3937.91045570651;-3954.45783369907;5.44814978691169;5.45621699368085;284.614338775261;283.421267298232;9383.79800531457;9410.57148997341;33.0947559851165;0.247524752475248;100;100
223;83.3400000000038;1.66999999999985;85.7099999999991;NA;NA;-3920.64185380764;-3933.56785383497;5.43011060341655;5.43637740470025;279.335897422057;278.353677284195;9321.29394402684;9341.94183006729;25.8520000546587;0.663366336633663;100;100
224;84.8099999999977;1.71000000000004;87.4700000000012;NA;NA;-3914.5136784957;-3929.18047123335;5.42494690204434;5.44430120621416;275.849316691175;274.538970152728;9290.56458216666;9312.95553582111;29.3335854752977;0.306930693069307;100;100
225;79.2699999999968;1.92000000000007;82.0400000000009;NA;NA;-3905.96251437522;-3920.0320555155;5.42001465205319;5.43158502781454;275.070092448627;273.669564200181;9269.33367658898;9290.05231572845;28.1390822805479;0.366336633663366;100;100
226;81.9700000000012;1.83999999999992;84.6900000000023;NA;NA;-3928.52654290278;-3946.5548908537;5.44238615910987;5.45121741436137;279.723390211278;278.582756179776;9339.11638199167;9369.12963679552;36.0566959018333;0.148514851485149;100;100
227;81.1200000000026;1.71000000000004;83.6399999999994;NA;NA;-3922.45712320164;-3935.33890948197;5.43485626862496;5.44106504969009;276.778221376375;275.71845106955;9311.37310340401;9331.52167654346;25.7635725606524;0.782178217821782;100;100
228;83.9199999999983;1.48000000000002;86.0900000000038;NA;NA;-3914.21642379606;-3928.64954230247;5.45962961203882;5.49970533938294;276.307450776381;274.81596221343;9292.39741254724;9313.36126980497;28.8662370128286;0.277227722772277;100;100
229;88.2099999999991;2.16000000000008;91.25;NA;NA;-3920.37474751167;-3936.10329705719;5.47421039015271;5.48837037639495;279.204868521563;277.92326951311;9320.0654987359;9344.73227954351;31.4570990910506;0.356435643564356;100;100
230;85.0899999999965;1.91000000000008;88.1100000000006;NA;NA;-3936.31912526932;-3953.85849836948;5.44342054368593;5.45989342317639;279.571414166262;278.323676005899;9353.89632940614;9382.36416284251;35.0787462003245;0.356435643564356;100;100
231;95.4199999999983;1.77999999999997;98.3700000000026;NA;NA;-3935.74592454788;-3947.67860826224;5.3961773306146;5.40135000678946;285.434160081128;284.362631186687;9383.81261645965;9402.00068373819;23.8653674287216;0.99009900990099;100;100
232;91.1900000000023;1.94000000000005;94.6200000000026;NA;NA;-3937.68708127211;-3953.2407175036;5.5627466601205;5.6035752272314;271.70786180504;269.938695007875;9314.9686453735;9336.70231067075;31.107272462983;0.653465346534653;100;100
233;90.7799999999988;2.02999999999997;93.6699999999983;NA;NA;-3945.35914095314;-3961.17618477766;5.48043075353857;5.50010997783072;279.902649374966;278.55656281994;9373.73135003247;9398.23344391013;31.6340876490294;0.514851485148515;100;100
234;92.6800000000003;1.75;95.6599999999962;NA;NA;-3909.84764336615;-3924.02248064687;5.38573294280463;5.39446392766225;279.733742150804;278.514879452306;9301.81343077937;9323.70518393791;28.3496745614339;0.564356435643564;100;100
235;88.9700000000012;2.07999999999993;91.9800000000032;NA;NA;-3925.7411173359;-3939.9656396354;5.48627922942587;5.49763280198021;276.790293181938;275.708589261561;9318.00505192959;9340.72288586178;28.4490445989823;0.336633663366337;100;100
236;87.7200000000012;2;90.7699999999968;NA;NA;-3884.72446928055;-3905.60282989497;5.38191178332116;5.39731548598411;275.787760013834;274.382862195845;9230.66001692378;9264.97314364535;41.7567212288459;0.0099009900990099;100;100
237;89.3499999999985;1.84000000000015;91.9000000000015;NA;NA;-3931.86213643307;-3945.32487903116;5.45795985324288;5.46908145807764;277.580027008346;276.486135204293;9334.43135057134;9355.56104982498;26.9254851961796;0.732673267326733;100;100
238;90.25;1.64999999999986;93;NA;NA;-3912.68030681801;-3927.97443471514;5.47744934524403;5.49111110327949;273.722835566317;272.345216295663;9275.63106693781;9298.92025862587;30.5882557942532;0.534653465346535;100;100
239;87.3300000000017;1.76999999999998;90.0699999999997;NA;NA;-3907.05900930178;-3922.00553991432;5.42272444505818;5.4287128858276;276.343842078636;275.392820331545;9278.27539622741;9303.12964241391;29.8930612250842;0.831683168316832;100;100
240;86.1100000000006;1.52999999999997;88.8199999999997;NA;NA;-3933.89388892725;-3952.60275820338;5.47028423444709;5.5036281338036;278.391239316059;276.96728329431;9342.79291581761;9372.66608345063;37.4177385522507;0.158415841584158;100;100
241;86.2199999999939;1.42000000000007;88.1999999999971;NA;NA;-3933.43549313022;-3952.49725263976;5.46484132722727;5.48317309582801;280.153316669333;278.552587761438;9351.2121692656;9380.85451851284;38.1235190190773;0.158415841584158;100;100
242;90.1200000000026;1.81999999999994;92.6200000000026;NA;NA;-3920.32256230945;-3934.08391773192;5.42113353593813;5.42969485845047;282.126441168915;280.914260138306;9335.44054742657;9356.54073846563;27.522710844938;0.514851485148515;100;100
243;89.3300000000017;1.52999999999997;91.9499999999898;NA;NA;-3939.45202657471;-3954.5748622498;5.49487362126068;5.50969046302354;282.372268616341;281.078971635946;9375.00194779095;9398.39532128979;30.245671350167;0.683168316831683;100;100
244;82.8199999999997;1.66999999999985;85.0500000000029;NA;NA;-3919.85004445527;-3932.90602191761;5.40845844609968;5.41607418339419;280.761341431247;279.597723691999;9327.26278007103;9347.20951891984;26.1119549246905;0.732673267326733;100;100
245;84.1900000000023;1.42999999999984;86.5200000000041;NA;NA;-3923.43590773631;-3935.43386763724;5.41660580734056;5.42828511651412;281.835479431451;280.802787874205;9340.12563065366;9358.65002284349;23.9959198018769;0.98019801980198;100;100
246;84.9799999999959;1.66000000000008;87.179999999993;NA;NA;-3930.90999739279;-3950.28305809457;5.40698700405723;5.43130674892174;285.646376211805;284.147784033704;9375.2651505601;9406.07125500106;38.7461214035629;0.0792079207920792;100;100
247;82.1299999999974;1.68000000000006;84.3699999999953;NA;NA;-3915.61118325236;-3931.42539552698;5.4345480218314;5.44175759813311;277.031021561917;275.861333972093;9299.02063911877;9324.45168759742;31.6284245492416;0.297029702970297;100;100
248;81.9399999999951;1.55999999999995;84;NA;NA;-3923.70221400411;-3935.12558972382;5.43320781705547;5.43986520303894;279.722307950343;278.728041271569;9329.46199003242;9347.0408010607;22.8467514394188;0.96039603960396;100;100
249;84.1500000000015;1.37000000000012;86.3000000000029;NA;NA;-3922.23836060637;-3940.3536483543;5.40253908705553;5.41708168506442;282.265733794727;280.960884809994;9340.01016055878;9369.32723201809;36.2305754958534;0.366336633663366;100;100
250;85.6699999999983;1.74000000000001;88.0299999999988;NA;NA;-3912.81097915558;-3926.63398055304;5.3833298887157;5.38741235563734;280.56412190992;279.579321846222;9312.1397178568;9334.56793737164;27.6460027949106;0.831683168316832;100;100
