1;19.5299999999997;0.950000000000017;20.6400000000003;NA;NA;-595.893424114319;-604.479998052227;4.41545646982235;4.47110429048641;14.5221880070404;13.9239840957052;1254.9548426004;1269.52594860167;17.1731478758156;0.188118811881188;15;15
2;19.1700000000001;0.710000000000008;20.0799999999999;NA;NA;-595.432800411282;-600.624509463891;4.23098408132182;4.22741077435104;13.3601578109716;13.1945483096964;1246.90718638605;1256.59592564337;10.3834181052173;0.811881188118812;11;11
3;18.4200000000001;0.889999999999986;19.54;NA;NA;-602.05505990751;-613.563616682135;4.68445064945436;4.82422241728544;12.6772235412757;12.1439670015359;1258.34590570497;1279.08163741856;23.0171135492512;0.128712871287129;13;13
4;16.25;0.760000000000019;17.2200000000003;NA;NA;-544.049641537328;-550.226724694895;4.30708248241024;4.45056902451258;11.1202680086343;10.5106345340174;1135.22904279973;1144.99946930241;12.3541663151329;0.792079207920792;12;12
5;20.6000000000004;0.859999999999985;21.5899999999992;NA;NA;-631.356083508935;-640.004440212269;4.3375334361609;4.41644215975158;16.8919132016756;16.3841751577459;1335.60518023125;1350.71087149003;17.2967134066682;0.207920792079208;14;14
6;22.4700000000003;1.14000000000001;23.8800000000001;NA;NA;-710.770693376891;-717.196971219067;4.63480587263885;4.68909290072229;22.3388784669171;22.1130591880257;1520.10809021399;1531.96425469942;12.8525556843517;0.584158415841584;17;17
7;20.2200000000003;0.909999999999997;21.4799999999996;NA;NA;-618.86568905021;-624.255932560508;4.40550174514369;4.45285518029854;15.7778605004028;15.5142549302884;1305.23233058542;1314.88505842329;10.7804870205962;0.623762376237624;13;13
8;16.29;0.689999999999998;17.2199999999993;NA;NA;-519.278304231986;-525.967391341002;4.14092103447449;4.14645547441948;10.0497240450331;10.0010876899823;1079.70364145959;1092.88268168179;13.3781742180324;0.633663366336634;9;9
9;21.4799999999996;0.719999999999999;22.5800000000008;NA;NA;-639.498273544706;-651.466535684118;4.40119737337914;4.39369081180574;17.6693626514268;17.2810519704388;1355.85398757819;1378.10145460895;23.936524278824;0.0198019801980198;15;15
10;22.1899999999996;0.939999999999998;23.3599999999997;NA;NA;-682.470800678091;-691.742203851909;4.54162935881893;4.57201000241465;21.640851568228;21.1508352803855;1461.63188227624;1477.98531948664;18.5428063476356;0.435643564356436;19;19
11;19.5100000000002;0.810000000000002;20.6300000000001;NA;NA;-591.931340867345;-601.870431951914;4.35751497336014;4.42893645317491;14.3211263583236;13.6432808833949;1245.13142408542;1262.10964303114;19.8781821691387;0.0594059405940594;13;13
12;22.3699999999999;1.03;23.6700000000001;NA;NA;-637.194405166532;-650.45235667084;4.51932811972197;4.97879705923176;17.1401978609651;15.408965223821;1349.49761388339;1368.42720936523;26.5159030086165;0.0891089108910891;16;16
13;18.9399999999996;0.840000000000003;20.1400000000003;NA;NA;-592.080138699391;-602.186753933589;4.33166139443797;4.63073716933406;13.1193104206023;12.2775147808031;1239.76234988495;1256.40789419591;20.2132304683946;0.287128712871287;12;12
14;19.8600000000006;0.909999999999997;20.9499999999998;NA;NA;-627.771216362529;-639.91557436966;4.36156344428247;4.5084208198954;16.6961400229489;15.9994740988425;1326.30377291999;1347.63988944778;24.2887160142625;0.0495049504950495;12;12
15;19.1700000000001;0.780000000000001;20.1100000000006;NA;NA;-603.149638924613;-609.79616192513;4.33938015637638;4.55527339782874;13.7298506731226;12.9983933035686;1264.4889332409;1274.68192715241;13.2930460010339;0.673267326732673;12;12
16;18.1700000000001;0.759999999999991;19.04;NA;NA;-568.794206809263;-573.287711257486;4.28314037803554;4.32605825126784;12.8386902830033;12.538640938797;1192.00116587888;1199.71650996589;8.98700889644761;0.97029702970297;12;12
17;18.8200000000006;0.75;19.75;NA;NA;-586.579737499369;-593.143824211443;4.50042354371138;4.67467055252038;12.0039610856849;11.6413320310602;1223.51224940472;1235.11931001867;13.1281734241479;0.504950495049505;11;11
18;20.8299999999999;0.879999999999995;21.9700000000003;NA;NA;-639.648161603939;-649.247417710664;4.43069895563837;4.50499069703845;16.6441197140206;16.1437165885337;1351.12004286321;1368.15918501581;19.1985122134502;0.376237623762376;14;14
19;19.75;0.909999999999997;20.8199999999997;NA;NA;-651.217290694111;-661.330785168204;4.39677926577074;4.3992102240712;17.6131798546101;17.1124423613528;1378.44004841516;1396.50622441832;20.226988948187;0.138613861386139;14;14
20;21.4199999999992;0.879999999999995;22.5;NA;NA;-634.020145524954;-640.156847647197;4.37665186483717;4.4265495086915;18.47464896152;18.1502251670209;1347.7632220635;1358.63665298011;12.2734042444872;0.544554455445545;14;14
21;19.25;0.79000000000002;20.21;NA;NA;-600.797887427383;-609.971581787096;4.21726226896776;4.31965294133667;14.4526309631979;13.8212951897086;1262.21993560206;1277.919072836;18.3473887194261;0.099009900990099;11;11
22;20.9399999999996;0.700000000000017;21.96;NA;NA;-599.496005307411;-607.421233061112;4.28214345942;4.28012068352992;14.5710760203607;14.1210752662939;1260.11301046383;1274.07585684868;15.8504555074012;0.425742574257426;11;11
23;17.1599999999999;0.810000000000002;18.2300000000005;NA;NA;-571.855986900855;-576.280032958636;4.20800895769885;4.2495446294044;12.6560459879655;12.4809318882798;1196.80003564687;1204.91358016653;8.84809211556239;0.633663366336634;11;11
24;18.1199999999999;0.719999999999999;18.9900000000007;NA;NA;-561.439405595393;-571.185602450976;4.2143096228881;4.35501503702881;13.0626135196165;12.4484486036965;1177.672293693;1194.58846216996;19.492393711166;0.128712871287129;11;11
25;19.3699999999999;0.870000000000005;20.4299999999994;NA;NA;-582.980442712823;-591.37465664551;4.35318932801578;4.43098923532202;13.9368202849787;13.4373759232354;1226.10190160638;1240.73509672664;16.7884278653746;0.485148514851485;14;14
26;19.0699999999997;0.849999999999994;20.0299999999997;NA;NA;-595.115810101343;-600.149709183737;4.26871932238436;4.31525952134518;13.6556043466719;13.2983901839739;1248.10660588285;1256.66046412773;10.0677981647887;0.910891089108911;12;12
27;20.6300000000001;1;21.8600000000006;NA;NA;-613.084519001944;-623.200884623043;4.31089917835807;4.34808244327261;15.7541537485679;15.1561564529807;1293.56856809837;1311.24294315314;20.2327312421987;0.158415841584158;13;13
28;20.9399999999996;1;22.3900000000003;NA;NA;-659.53127065515;-668.25932795431;4.41495878675306;4.49276560016891;20.1960744776152;19.5040749330414;1406.91056519728;1421.35664967371;17.4561145983203;0.722772277227723;15;15
29;21.9499999999998;0.819999999999993;22.9100000000008;NA;NA;-654.979894256299;-661.709505665984;4.42319220167242;4.57169566296912;15.7165712465881;15.2894725849341;1377.19853288583;1388.8305392416;13.459222819369;0.198019801980198;13;13
30;18.1599999999999;0.819999999999993;19.1199999999999;NA;NA;-546.692459723618;-559.120644240938;4.21524100878036;4.36099119482844;12.8365040101522;12.2534548063147;1147.22994493265;1169.64060918544;24.8563690346411;0.0099009900990099;11;11
31;20.2799999999997;0.919999999999987;21.46;NA;NA;-613.195109535043;-621.825332886919;4.38141615724354;4.65193726394666;14.9298035847148;13.8915967144581;1290.81621729662;1303.59653044721;17.2604467037525;0.425742574257426;14;14
32;19.9500000000007;1.03999999999999;21.21;NA;NA;-596.081755956072;-607.06093766765;4.33941647734645;5.08488673050447;13.2795814139365;11.5277200552346;1248.44484261411;1262.97849245634;21.9583634231567;0.405940594059406;12;12
33;17.2200000000003;0.629999999999995;18.0700000000006;NA;NA;-549.779399430627;-554.889608048921;4.24043030080387;4.2470040913679;12.738712098353;12.6094439233424;1153.54782501927;1163.22037973819;10.2204172365878;0.99009900990099;12;12
34;20.2600000000002;0.569999999999993;20.9899999999998;NA;NA;-616.708257936809;-624.521659425831;4.28145384722009;4.27557684305878;15.0488587056565;14.8466909101269;1297.19637211301;1311.96635045157;15.6268029780426;0.643564356435644;12;12
35;16.6199999999999;0.719999999999999;17.5799999999999;NA;NA;-550.416644382783;-561.180111883788;4.15897666045562;4.20128120073834;10.0206396028916;9.30211649123932;1142.38912991154;1160.93633173575;21.5269350020108;0.188118811881188;10;10
36;18.9499999999998;0.75;19.9700000000003;NA;NA;-577.296432063324;-584.961657239917;4.30468980738596;4.30928158734417;12.5921703954313;12.4363775691757;1207.96081934977;1222.63099079038;15.3304503531856;0.732673267326733;12;12
37;17.2300000000005;0.860000000000014;18.21;NA;NA;-570.848501793103;-576.561504287565;4.15971688179596;4.1615135883646;12.0918699082985;11.9368656492321;1191.84228821675;1202.62548669611;11.4260049889249;0.574257425742574;10;10
38;21.1700000000001;1.03;22.3900000000003;NA;NA;-644.585987576079;-652.922962439279;5.2347211761889;5.12850659691348;13.3036176102419;13.3607018402731;1346.08760450283;1363.00577237902;16.6739497264009;0.742574257425743;13;13
39;20.9700000000003;0.97999999999999;22.1899999999996;NA;NA;-641.917641225228;-646.659408840052;4.32594282337341;4.40344011061786;17.6735696204079;17.2978473840467;1359.44647087217;1367.32258861809;9.48353522964749;0.693069306930693;13;13
40;19.9799999999996;0.960000000000008;21.1100000000006;NA;NA;-613.300448471485;-621.954744287755;4.38281606170918;4.74477530348374;14.8123284261833;13.9186852287407;1290.51995920666;1303.97224725645;17.3085916325399;0.148514851485149;14;14
41;20.0600000000004;0.719999999999999;21;NA;NA;-627.594989786329;-634.884286981231;4.2900954129281;4.31851526486474;15.5147398736809;15.1370142999089;1321.56524756313;1334.52785377717;14.5785943898038;0.801980198019802;13;13
42;19.2699999999995;0.77000000000001;20.3099999999995;NA;NA;-591.352001941461;-601.170839995085;4.62763319812281;4.95876766084206;12.5936570041651;11.8766038751856;1235.53036391113;1252.16023166388;19.6376761072479;0.435643564356436;11;11
43;19.8599999999997;1.06;21.3500000000004;NA;NA;-624.428667395936;-630.963722310879;4.29922717460615;4.3633912708611;16.2224183675637;15.775298841506;1318.26019783485;1329.41743779986;13.0701098298869;0.811881188118812;13;13
44;20.6999999999998;0.969999999999999;21.8800000000001;NA;NA;-637.541285499619;-645.864387858564;4.33239671771792;4.40456249347219;16.7404001773397;16.0724789799612;1347.32176597705;1361.08571644199;16.6462047178893;0.396039603960396;14;14
45;20.5200000000004;0.849999999999994;21.6599999999999;NA;NA;-662.765176777758;-670.250548776928;4.30697682910268;4.37932590503057;17.4687968023875;16.7732880305836;1400.26548148354;1412.26069501897;14.9707439983397;0.267326732673267;13;13
46;20.3100000000004;1.06;21.5;NA;NA;-630.285909921945;-638.086456069359;4.35213378529638;4.40028321292385;16.5859758206726;16.2203748379056;1332.14463342745;1346.16806208232;15.6010922948287;0.386138613861386;14;14
47;18.6899999999996;0.830000000000013;19.9099999999999;NA;NA;-596.838518723651;-606.119514363171;4.23329049582646;4.41909774228312;13.0454814624632;12.4504800202462;1248.39865645356;1264.46480713654;18.5619912790398;0.306930693069307;11;11
48;21.4400000000005;1.03999999999999;22.9500000000007;NA;NA;-609.693153900384;-624.960288547782;4.59495321490985;6.3316387460448;13.6790370082746;10.8110231955875;1277.90805903013;1296.17237169224;30.5342692947952;0.0693069306930693;13;13
49;21.6899999999996;0.810000000000002;22.8199999999997;NA;NA;-685.341383725027;-691.204563477974;4.38161286433148;4.40756222764165;19.2897733149521;19.0616595039037;1454.58860117158;1465.32272094573;11.7263595058928;0.95049504950495;15;15
50;18.2299999999996;0.719999999999999;19.3299999999999;NA;NA;-574.959110801992;-593.65528729684;4.55821628176595;6.91951821932156;11.926427972934;8.67400151413299;1201.38387036977;1224.74115450691;37.3923529896958;0.0297029702970297;14;14
51;21.54;1;22.8999999999996;NA;NA;-675.569033818417;-686.012698154436;4.52786214303063;4.66323020575986;19.6407218507983;18.6841718296837;1437.79958957846;1454.46629533893;20.8873286720386;0.0594059405940594;17;17
52;19.3599999999997;0.889999999999986;20.4099999999999;NA;NA;-628.521232972602;-637.473287548739;4.83738339451377;5.48548420783254;13.047774045697;11.7501053692349;1312.86354357934;1325.21595757822;17.9041091522743;0.861386138613861;13;13
53;16.7200000000003;0.650000000000006;17.4699999999993;NA;NA;-572.91566316803;-577.503709451584;4.1543679544176;4.17581341026946;10.958431404154;10.6646421941967;1191.27621335791;1199.23395477946;9.17609256710762;0.772277227722772;10;10
54;16.9899999999998;0.819999999999993;17.9300000000003;NA;NA;-580.962997895712;-589.004639317772;4.37504462046548;4.59411579326521;12.5246200262433;12.1199937360959;1215.50891226242;1229.86112009896;16.0832828441214;0.514851485148515;13;13
55;19.8599999999997;0.840000000000003;20.9500000000007;NA;NA;-613.15658443807;-620.235293584592;4.37400330636947;4.38944436197824;16.4926584825407;16.207505877093;1298.05223172917;1310.96930537392;14.1574182930447;0.465346534653465;15;15
56;19.2800000000007;0.929999999999978;20.46;NA;NA;-609.017211673175;-615.894423215073;4.40855575212493;4.50657911024453;15.2973356520736;14.8978191975159;1283.47959108449;1295.52480009484;13.7544230837943;0.584158415841584;13;13
57;20.4899999999998;0.780000000000001;21.5100000000002;NA;NA;-680.194804024304;-686.325442757191;4.50273791405486;4.56416600620184;20.6674800838009;20.148225181763;1451.58153532941;1461.55168416823;12.2612774657732;0.940594059405941;17;17
58;20.7800000000007;0.780000000000001;21.6999999999998;NA;NA;-646.997457929815;-654.969922646882;4.48958150338855;4.54209579738563;17.3371047152349;16.9566729617928;1369.96657048992;1384.24443784779;15.9449294341341;0.376237623762376;16;16
59;18.9699999999993;0.659999999999997;19.75;NA;NA;-600.829202918235;-609.590546557021;4.30260924068226;4.44266780766314;13.7735957835616;13.0293805307313;1260.0334611252;1274.40202603609;17.5226872775722;0.306930693069307;12;12
60;19.5500000000002;0.719999999999999;20.3699999999999;NA;NA;-627.146146253975;-632.168794985606;4.28903441009335;4.40019512929377;15.1887009381878;14.6388561769016;1318.66482608331;1326.37977939791;10.0452974632631;0.831683168316832;12;12
61;20.7000000000007;0.969999999999999;21.9399999999996;NA;NA;-654.757184037516;-660.549126518866;4.37140857708795;4.40755924926971;19.175078501276;18.5704047391907;1392.921307185;1401.87500799214;11.5838849627;0.752475247524752;15;15
62;19.9299999999994;1.06999999999999;21.1599999999999;NA;NA;-612.33416935396;-618.03305002485;4.55642488181874;4.72892107282226;14.7246736138927;14.3134117270201;1288.20914758408;1297.83220657;11.3977613417803;0.900990099009901;14;14
63;17.7799999999997;0.700000000000017;18.8200000000006;NA;NA;-592.200119424237;-603.384615418714;4.44672214446364;4.49922462016836;12.9253788479692;12.5007000073139;1239.18039333642;1259.74951757894;22.3689919889539;0.108910891089109;12;12
64;20.54;0.919999999999987;21.71;NA;NA;-643.103366695621;-651.993967088227;4.35951773539297;4.40710691397095;17.2228153838893;16.8648326702001;1360.52767586595;1376.76408783017;17.7812007852117;0.356435643564356;14;14
65;19.8600000000006;0.810000000000002;20.8300000000008;NA;NA;-611.585729161776;-620.57322150061;4.38760085237261;4.47089146432428;16.6295029070471;16.2814933118663;1294.9321026427;1311.40533510811;17.9749846776681;0.257425742574257;14;14
66;19.5;0.889999999999986;20.5299999999997;NA;NA;-599.909125386887;-607.258539079277;4.37241101591359;4.37989833556472;15.3814134157677;15.0253935715475;1266.19306326363;1279.35557212136;14.6988273847812;0.722772277227723;14;14
67;20.8599999999997;0.879999999999995;21.8900000000003;NA;NA;-683.381076936744;-688.903786893981;4.45913332761807;4.53756629270207;19.1330259079398;18.68049283037;1451.18354923392;1460.23223982607;11.0454199144735;0.772277227722772;17;17
68;21.4000000000005;0.939999999999998;22.5299999999997;NA;NA;-676.812619240315;-686.851172483293;4.43687045968121;4.46606324670462;19.7108302986528;19.1486789718605;1440.59610265714;1458.19280695058;20.0771064859559;0.0594059405940594;17;17
69;19.5500000000002;0.859999999999985;20.5799999999999;NA;NA;-637.397967819487;-646.120619999857;4.33988762602225;4.37170485855932;16.0029171060039;15.1631774767616;1343.85269872635;1357.67430746663;17.4453043607407;0.623762376237624;14;14
70;21.6599999999999;0.889999999999986;23.1899999999996;NA;NA;-668.982252277662;-681.022645982185;4.47910759656334;4.47260553977125;18.6996988289204;18.2524551042388;1419.90708288403;1442.02803637933;24.080787409046;0.227722772277228;16;16
71;20.7699999999995;0.920000000000016;22.2199999999993;NA;NA;-584.92966953794;-593.521823839307;4.20619861842728;4.36595554222355;12.5417538990414;12.090394920249;1221.87030378218;1237.18281549711;17.1843086027352;0.178217821782178;10;10
72;20.4300000000003;0.840000000000003;21.71;NA;NA;-648.923751033857;-657.844435282498;4.33339317229701;4.35237795889874;18.6824901447535;18.2518133671702;1378.46732202069;1394.45020784261;17.8413684972827;0.306930693069307;14;14
73;18.71;0.780000000000001;19.7399999999998;NA;NA;-557.39725889918;-565.338851558787;4.27704227749742;4.30672584641863;12.7998409175898;12.1324749213116;1168.48575334597;1181.56955192801;15.8831853192144;0.504950495049505;11;11
74;15.2800000000007;0.689999999999998;16.2200000000003;NA;NA;-528.19991249922;-533.786069377857;4.271776417433;4.29881631186773;9.72111251360124;9.4525014639669;1096.71351987085;1106.77189693835;11.1723137572737;0.702970297029703;10;10
75;19.1199999999999;0.909999999999997;20.1199999999999;NA;NA;-529.280364866849;-535.534855221357;4.3548594308529;4.31807541434804;12.1181325513167;11.9802632101565;1108.81492619668;1120.75215932598;12.5089807090167;0.663366336633663;10;10
76;20.1300000000001;0.810000000000002;21.1400000000003;NA;NA;-617.408748834234;-624.550670715059;4.26829319621985;4.30673671078532;15.6439286935087;15.274366945879;1301.11937096044;1313.83694344555;14.2838437616504;0.673267326732673;12;12
77;20.5299999999997;0.909999999999997;21.6700000000001;NA;NA;-588.815251642942;-598.269829208962;4.54502371348862;4.69595305485922;16.5972007481897;15.842555416981;1249.82429962983;1265.45093066761;18.9091551320389;0.267326732673267;15;15
78;19.6700000000001;0.930000000000007;20.8200000000006;NA;NA;-622.556010253438;-632.21065468663;4.47034369541729;4.63368964172778;17.4929723894534;16.8821131612187;1321.76669143708;1338.3991788953;19.3092888663839;0.544554455445545;16;16
79;19.8499999999995;1.06;21.1199999999999;NA;NA;-604.716022769398;-613.574685934351;4.64316681581008;5.17511779102839;15.3545534138713;14.0539435513907;1275.69095011166;1287.79580550596;17.7173263299078;0.722772277227723;14;14
80;19.5500000000002;0.77000000000001;20.5799999999999;NA;NA;-649.177387779624;-653.980362025759;4.38899321782522;4.52393190456112;15.8709349905911;15.3784980057288;1366.84200137942;1374.32295578631;9.60594849227073;0.96039603960396;14;14
81;17.1099999999997;0.920000000000016;18.1700000000001;NA;NA;-574.565113532229;-578.46231064964;4.20334887444548;4.21189474213868;10.854359945096;10.795787440453;1194.14352716254;1201.69501976683;7.79439423482313;0.920792079207921;10;10
82;20.8199999999997;0.860000000000014;21.8599999999997;NA;NA;-665.085496786665;-673.7962334868;4.28629605679006;4.29291690372403;17.5219594119704;17.1376711860652;1405.13356214727;1420.9109709878;17.4214734002717;0.158415841584158;13;13
83;17;0.969999999999999;18.0500000000002;NA;NA;-562.623834364495;-570.720140690745;4.15932964255673;4.21224463458373;10.9630399416808;10.5001077865259;1170.71166747035;1184.98448898542;16.1926126525004;0.247524752475248;10;10
84;21.4200000000001;0.830000000000013;22.4400000000005;NA;NA;-624.689258517419;-642.408653812557;5.44757105871751;7.40238572206094;13.3089135505722;10.2630897061678;1306.80995181165;1329.10521774104;35.4387905902763;0.247524752475248;14;14
85;21.4399999999996;0.740000000000009;22.2700000000004;NA;NA;-638.146456646371;-648.33280873233;4.46464067509798;4.47426817935114;18.6195150274021;18.4058638804372;1358.98065556872;1378.40455248378;20.3727041719185;0.217821782178218;18;18
86;18.6400000000003;0.780000000000001;19.6400000000003;NA;NA;-544.738665880365;-554.047491143624;4.22626562116493;4.31096775532585;11.3232182678827;10.912785909742;1136.43499896049;1153.35057631085;18.617650526518;0.188118811881188;10;10
87;18.7000000000007;0.700000000000017;19.5500000000002;NA;NA;-577.681616006911;-588.172252258865;4.41463064134023;4.4263606267637;12.9796120493856;12.7478499748821;1210.89269852146;1230.88244490695;20.9812725039078;0.108910891089109;13;13
88;21.2299999999996;1;22.4700000000003;NA;NA;-655.060599759353;-662.448562693242;4.4470974272053;4.78766161653408;17.6588860890178;16.5105468252423;1386.93306950289;1396.71399819009;14.7759258677766;0.435643564356436;15;15
89;20.9800000000005;0.689999999999998;21.8100000000004;NA;NA;-647.259437140372;-657.011990685695;4.78139974701279;5.04004800793649;17.8226103520779;17.0940726332029;1372.61802754296;1388.93066294514;19.5051070906463;0.415841584158416;16;16
90;18.1700000000001;0.560000000000002;19.0300000000007;NA;NA;-551.358087980369;-556.561449721967;4.28743011160641;4.30317492239401;12.3717072277068;12.2881195681741;1154.61152772062;1164.66762772766;10.406723483195;0.643564356435644;11;11
91;17.9099999999999;0.870000000000005;19;NA;NA;-608.070190205748;-616.802033387817;4.40141984118189;4.46407343963073;14.4506580170534;13.9683386697413;1278.99723668184;1294.36295090834;17.4636863641381;0.544554455445545;15;15
92;19.5100000000002;0.909999999999997;20.54;NA;NA;-598.004596155742;-604.960396080493;4.32116412280708;4.33090899159732;16.8321716321497;16.2928601948969;1268.0207060102;1279.6250199194;13.9115998495029;0.336633663366337;13;13
93;18.4100000000008;0.840000000000003;19.6000000000004;NA;NA;-599.555329879239;-609.129854938797;4.25852144145242;4.34470560869982;13.7165797280157;13.2092382161176;1257.24407042172;1274.24291305161;19.1490501191149;0.287128712871287;12;12
94;19.0500000000002;1.05000000000001;20.5299999999997;NA;NA;-597.553355290545;-607.825950797874;4.45111591063687;4.6965066159945;14.670138823696;13.8423058501654;1257.86860048761;1274.87215071958;20.5451910146562;0.188118811881188;13;13
95;19.0900000000001;0.930000000000007;20.25;NA;NA;-614.260455590033;-624.047166623429;4.28421985388322;4.31392682935362;15.2460228568208;14.8818626855747;1293.13638568545;1311.16642935894;19.5734220667919;0.138613861386139;12;12
96;17.8299999999999;0.879999999999995;18.9000000000005;NA;NA;-622.011208235492;-630.922917457349;4.29751599116202;4.45646966695946;15.198377512184;14.5407184669598;1309.04422080706;1324.05403775126;17.8234184437133;0.227722772277228;13;13
97;17.8100000000004;0.830000000000013;18.8599999999997;NA;NA;-600.215213696477;-603.767881856538;4.25584648606505;4.26404379826346;13.7644026209438;13.4480552091233;1258.76652035228;1264.53111762752;7.10533632012266;0.871287128712871;12;12
98;19.8899999999994;0.819999999999993;21;NA;NA;-640.445676316626;-650.716077479256;4.48257661222656;4.96379995516881;17.2717611900042;15.8520622192035;1357.1002171907;1371.37682645609;20.5408023252592;0.594059405940594;17;17
99;17.9200000000001;0.719999999999999;18.9499999999998;NA;NA;-547.222093198323;-554.18196590134;4.25871064725797;4.27024375969109;12.2946970596657;11.9036249112341;1146.5513944122;1158.8137034708;13.919745406035;0.445544554455446;12;12
100;20.5;1.00000000000003;21.6900000000005;NA;NA;-624.046284527013;-634.069158830821;4.30993038075659;4.3273782112484;16.9515945441951;16.5860127825907;1320.61499868531;1339.09671285881;20.0457486076173;0.0693069306930693;13;13
101;19.3299999999999;0.75;20.1700000000001;NA;NA;-618.322243530943;-626.529123362693;4.35916846075233;4.44903814510783;14.7376411060986;14.3514105081225;1299.69516570228;1314.45655093633;16.4137596635001;0.544554455445545;13;13
102;17.2200000000003;0.889999999999986;18.21;NA;NA;-570.162073540633;-580.095443821405;5.78139587912156;6.44328853723243;9.1793122700189;8.28839957822175;1178.8284238475;1194.95807083924;19.866740561544;0.801980198019802;11;11
103;18.6300000000001;0.75;19.5699999999997;NA;NA;-624.10668290122;-634.054746640165;4.30034813558754;4.35435736642391;14.5762935363286;14.1219923797869;1310.5737661481;1328.52629925965;19.8961274778906;0.267326732673267;13;13
104;17.5999999999995;0.810000000000002;18.6099999999997;NA;NA;-565.852553098285;-581.012259210485;4.15536808065546;4.40514666156724;10.7605618921974;10.0149943192727;1175.76255426634;1203.02935595277;30.3194122244004;0.0099009900990099;9;9
105;18.8600000000006;0.739999999999952;19.7700000000004;NA;NA;-586.739253263607;-595.061179962438;4.3910322779904;4.35684797430717;12.3422921286366;11.9956107699159;1225.25047136198;1240.44010742906;16.6438533976625;0.198019801980198;11;11
106;18.8699999999999;1.07000000000005;20.1400000000003;NA;NA;-611.017539958801;-619.422786544643;4.3713561647604;4.41672927342926;14.4447209036838;14.2737353607202;1283.83258531156;1299.91156694459;16.8104931716832;0.148514851485149;13;13
107;18.7399999999998;0.819999999999993;19.9099999999999;NA;NA;-586.684920505552;-591.444023590936;4.2985515402642;4.35165794699111;14.3766993223703;14.0065428703928;1234.30096103239;1242.25037545921;9.51820617076669;0.841584158415842;12;12
108;21.4099999999999;1.02000000000004;22.6599999999999;NA;NA;-654.495976540628;-659.133791667424;4.61879633009802;4.67683021844624;17.7381281664474;17.2915229153043;1386.14850687608;1393.4815126452;9.27563025359109;0.920792079207921;15;15
109;18.8800000000001;0.870000000000005;20.04;NA;NA;-582.043274672225;-588.047644550431;4.36063299163804;4.38805743050005;15.5549195878614;15.1518454453738;1231.21008624131;1241.47945589537;12.0087397564103;0.762376237623762;14;14
110;18.1099999999997;0.699999999999989;19.21;NA;NA;-611.477495965726;-619.776181328999;4.32559861522999;4.38746540370803;14.8850220773122;14.451672590457;1286.0404781321;1300.80123330436;16.5973707265443;0.227722772277228;12;12
111;15.0200000000004;0.669999999999959;15.8199999999997;NA;NA;-517.383410205056;-524.225454023627;4.1529657404357;4.17712297322372;9.53789531858764;9.3984316662008;1074.32070902734;1087.42643743654;13.684087637143;0.405940594059406;10;10
112;20.4900000000007;0.800000000000011;21.4199999999992;NA;NA;-660.764610793882;-667.693787050962;4.42194842198677;4.4439420553201;17.1026388456279;16.6648003995434;1396.47344053251;1408.41317331425;13.8583525141612;0.742574257425743;16;16
113;19.3899999999994;0.920000000000016;20.4700000000003;NA;NA;-622.296369138844;-633.205011564681;4.45602091236029;4.60575078466449;13.5516487923223;13.0731432630501;1302.02714102453;1321.81643063327;21.8172848516742;0.128712871287129;12;12
114;16.7799999999997;0.699999999999989;17.6400000000003;NA;NA;-551.674931175762;-560.19488319355;4.16221828667098;4.16283382714925;11.2466707399101;10.6814566065712;1149.99008505287;1164.68603204885;17.0399040355767;0.188118811881188;10;10
115;19.6199999999999;0.910000000000025;20.6599999999999;NA;NA;-588.600478336436;-597.032350926209;4.24716806894266;4.3492468715129;13.6470543688716;13.2963580772897;1234.44598146402;1249.83866795477;16.863745179546;0.217821782178218;11;11
116;18.6499999999996;0.829999999999984;19.79;NA;NA;-582.486274443977;-587.694799371618;4.25864870928972;4.30690116374771;15.2124594665264;14.8553783061102;1229.44577551596;1238.34944913969;10.4170498552821;0.910891089108911;12;12
117;18.1800000000003;1.01999999999998;19.3900000000003;NA;NA;-609.909161036011;-625.42536976493;4.35094716175455;4.35455786656466;15.4567245356152;14.4441150323224;1287.05132360032;1313.67913540413;31.0324174578377;0.0099009900990099;15;15
118;20.5900000000001;1.05000000000001;21.8699999999999;NA;NA;-628.305719854123;-636.021986717982;4.29935324361105;4.31598061539933;16.6700004951629;16.452682123868;1327.92915172124;1342.43195248203;15.4325337277191;0.574257425742574;13;13
119;20;0.870000000000005;21.1700000000001;NA;NA;-641.051674014125;-649.04537209503;4.43143397585097;4.54358651246274;17.2133354044666;16.5630937008003;1358.05441821674;1371.17272758543;15.9873961618093;0.742574257425743;17;17
120;20.9700000000003;0.79000000000002;21.9299999999994;NA;NA;-628.938253358399;-634.754492499594;4.52876326907108;4.52761862169175;16.6663777706891;16.4088760791943;1330.37120632447;1340.88361472544;11.6324782823892;0.940594059405941;15;15
121;22.5;1.08000000000004;23.6999999999998;NA;NA;-654.494201128337;-671.122385668721;4.52702280823417;6.16857721546467;17.9406032734531;14.0125847750559;1387.02567364127;1403.19611529302;33.2563690807683;0.277227722772277;15;15
122;22.4499999999998;0.859999999999957;23.3800000000001;NA;NA;-707.654662862065;-717.417740915916;4.82629240732991;4.84372463578807;20.8808926188281;20.2624979709529;1508.03966079553;1524.81957688607;19.5261561077023;0.544554455445545;18;18
123;18.1400000000003;0.849999999999966;19.21;NA;NA;-597.573342008748;-602.412522079572;4.31198068900942;4.41286451266039;12.6829570784398;12.2397295673887;1248.89941005307;1256.69928974055;9.67836014164868;0.762376237623762;12;12
124;21.5299999999997;1;22.7399999999998;NA;NA;-661.157313352166;-665.814668389837;4.60159989971997;4.61617075532465;18.1711935642127;17.8770495421402;1401.94128088653;1409.96704402272;9.31471007534265;0.95049504950495;16;16
125;20.2200000000003;0.730000000000018;21.1899999999996;NA;NA;-635.319761320551;-644.753694414778;4.46270008894526;4.45722870419114;16.982694797692;16.7528331721053;1344.51012456954;1362.37814845707;18.8678661884544;0.247524752475248;15;15
126;19.9700000000003;0.95999999999998;21.1900000000005;NA;NA;-623.088538591406;-628.21756751113;4.4448539602582;4.46004382954303;16.4072483484516;15.9855208732661;1316.37068113502;1324.82450155816;10.2580578394484;0.940594059405941;13;13
127;20.9699999999993;1.04000000000002;22.3000000000002;NA;NA;-621.184517675309;-630.162337436533;4.37961425021415;4.59726661423573;15.637138547045;14.9915022961902;1309.84736851043;1325.01691913917;17.9556395224472;0.247524752475248;14;14
128;19.5599999999995;1;20.7299999999996;NA;NA;-592.076018771877;-600.107006316571;4.625633535363;5.11798607178304;13.117864012274;12.2103310197666;1240.27297456019;1252.45233569161;16.0619750893882;0.435643564356436;13;13
129;19.29;0.810000000000002;20.2800000000007;NA;NA;-596.54107233774;-603.962257858983;4.38745933130774;4.48445576303412;13.4201061854272;12.9280318782959;1251.45635051682;1264.15831771325;14.8423710424861;0.495049504950495;15;15
130;16.9699999999993;0.730000000000018;17.8900000000003;NA;NA;-589.56972333805;-599.729639172283;4.24202109018085;4.2471916535759;12.9898796895932;12.5880883283276;1234.19296770211;1252.80993300968;20.3198316684663;0.0792079207920792;12;12
131;17.96;0.75;18.8800000000001;NA;NA;-543.608179660105;-549.565218869038;4.2400772165845;4.29028018158715;12.5303973103629;12.2759112546355;1139.77736518172;1150.62395605426;11.9140784178664;0.782178217821782;11;11
132;18.79;0.689999999999998;19.7199999999993;NA;NA;-597.78033481367;-606.019595542538;4.29733552887425;4.243228762451;12.9041673187301;12.8395621017876;1249.68952103389;1265.89704428604;16.478521457735;0.366336633663366;11;11
133;19.1100000000006;0.78000000000003;20.0300000000007;NA;NA;-604.181635118268;-618.79771201672;4.41647388227549;5.79358902878361;13.9719098255284;11.1560688353223;1267.5788172419;1284.8769143066;29.2321537969044;0.396039603960396;12;12
134;19.25;0.829999999999984;20.1400000000003;NA;NA;-571.514490969052;-579.522465673533;4.27354915372885;4.43837801905043;14.9482302701035;14.3204650255814;1206.38235619114;1219.73771998156;16.0159494089628;0.336633663366337;12;12
135;19.1599999999999;0.839999999999975;20.1999999999998;NA;NA;-616.065343152343;-626.561890147701;4.29672022241883;4.3086660750054;16.4600698835173;15.8676170339485;1302.55027171544;1321.00872980623;20.993093990716;0.0891089108910891;13;13
136;18.9200000000001;0.850000000000023;19.8900000000003;NA;NA;-616.089685731159;-625.381715906267;4.43528055808911;4.67655644158973;14.4991928195581;13.3913784879857;1294.74717187433;1308.55072431256;18.584060350217;0.722772277227723;14;14
137;18.3400000000001;0.860000000000014;19.3999999999996;NA;NA;-619.499667179268;-624.817037933909;4.27280925617058;4.30489305309464;13.6379674265081;13.2206037399036;1296.20624233511;1305.09027677304;10.6347415092807;0.841584158415842;11;11
138;18.8299999999999;0.639999999999986;19.7400000000007;NA;NA;-622.969034583078;-635.19912430685;4.32665640620299;4.40349693093632;16.3920325743915;15.4891243537473;1316.67396703478;1337.23786190685;24.4601794475454;0.0396039603960396;14;14
139;19.4099999999999;0.75;20.3699999999999;NA;NA;-564.877402696514;-573.423431532589;4.33680564984708;4.5817054219356;13.8595772835399;13.3113264111824;1189.0489452832;1203.79547226163;17.0920576721498;0.297029702970297;13;13
140;21.6300000000001;1.13999999999999;23;NA;NA;-683.278561889991;-690.75020138179;4.46494277672907;4.56830691804023;19.5996127320423;19.0799336340203;1453.0372583559;1465.68753701609;14.9432789835982;0.524752475247525;17;17
141;20.5;0.650000000000034;21.6099999999997;NA;NA;-670.641106297979;-677.617414448817;4.46560215028912;4.59419951968399;19.4245191291315;18.9181316325063;1426.98977484863;1438.70803787739;13.9526163016749;0.693069306930693;17;17
142;16.7799999999997;0.700000000000045;17.7000000000007;NA;NA;-548.66378844383;-555.874561856556;4.68739436244237;5.60913508641567;9.4917160717555;8.21501933060298;1137.14228760483;1146.20850025907;14.4215468254517;0.831683168316832;11;11
143;19.79;0.899999999999977;20.9099999999999;NA;NA;-652.25391492527;-661.376429188604;4.56158598403397;4.77004837147212;17.422797564485;16.6033078513182;1381.88104782203;1396.48678960571;18.245028526668;0.504950495049505;18;18
144;15.7199999999993;0.490000000000009;16.4200000000001;NA;NA;-575.192450354415;-582.208168479297;4.1686799309218;4.24743084864301;10.5583377697084;10.1088781970671;1194.17058949829;1206.3381057447;14.0314362497629;0.782178217821782;10;10
145;18.8199999999997;0.639999999999986;19.7699999999995;NA;NA;-571.409688027337;-577.805219729606;4.22571661225357;4.25213479612631;14.5299163421259;14.0866819751127;1203.76772422829;1214.69956133812;12.7910634045375;0.683168316831683;11;11
146;18.71;0.879999999999995;19.9200000000001;NA;NA;-587.95450870469;-597.35264141458;4.23353913511092;4.2391339183124;13.3886351114258;13.1533494346822;1232.07005613297;1249.87937345142;18.7962654197809;0.247524752475248;11;11
147;17.2800000000007;0.640000000000043;18.0200000000004;NA;NA;-593.102902503055;-598.985819265048;4.25442489406941;4.26551195853489;12.5483660537082;12.3687658340546;1239.38810929899;1250.39276375856;11.7658335239855;0.623762376237624;12;12
148;18.6400000000003;0.699999999999989;19.5100000000002;NA;NA;-612.071846082201;-617.768859564129;4.29098259595536;4.32669556275903;14.2690903694105;14.0706813517594;1284.61874547099;1295.17187819364;11.394026963857;0.762376237623762;12;12
149;20.1400000000003;0.810000000000002;21.1199999999999;NA;NA;-610.540444092822;-616.287924155098;4.47299023948403;4.61293621316778;17.6971499166948;17.149111334346;1297.44870794149;1306.57873857891;11.4949601245521;0.742574257425743;14;14
150;18.25;0.829999999999984;19.2399999999998;NA;NA;-608.903281924172;-617.793837124473;4.30241638460592;4.3978195668536;15.0442963263915;14.3737775407792;1282.16917698414;1297.0816692545;17.7811104006007;0.514851485148515;13;13
151;24.3700000000008;1.11000000000001;25.7600000000002;NA;NA;-625.428902256334;-646.857969725113;4.84998089449536;7.77823796797108;14.8634659873858;9.46918337070209;1315.51027529606;1334.90458964369;42.8581349375597;0.396039603960396;15;15
152;19.25;0.800000000000011;20.3000000000002;NA;NA;-619.193007765313;-625.677265479911;4.25128821848695;4.38489855495622;14.8439348986502;14.397523285393;1301.29736664239;1312.37390680129;12.9685154291949;0.346534653465347;12;12
153;15.2399999999998;0.54000000000002;15.8599999999997;NA;NA;-538.39828282802;-546.358827146664;4.19725700345088;4.20765431832725;10.4486024141348;10.1417259387628;1120.6251082897;1135.25894834091;15.9210886372866;0.297029702970297;11;11
154;17.75;0.939999999999998;18.75;NA;NA;-582.839010672635;-593.542464796206;4.25463779814549;4.34910917718613;13.8297980417934;13.3120418535839;1224.29127223544;1243.50383366221;21.406908247141;0.0693069306930693;12;12
155;19.2799999999997;0.889999999999986;20.3199999999997;NA;NA;-639.861268120847;-645.598155919235;4.31316868844256;4.37255909053919;15.6059587156547;15.307292486996;1346.48805731608;1356.68407697699;11.4737755967753;0.782178217821782;13;13
156;17.6100000000006;0.779999999999973;18.5599999999995;NA;NA;-602.303567739598;-611.125305113662;4.32674074717153;4.53030236577584;13.0031519371822;12.2738662638478;1260.23731049846;1274.76075020873;17.6434747481273;0.475247524752475;13;13
157;21.54;0.700000000000045;22.5599999999995;NA;NA;-691.185718125173;-700.666485526016;4.45071857982792;4.59656854161657;21.1494252147617;20.2816932598114;1475.68986880212;1490.82267610465;18.9615348016853;0.128712871287129;17;17
158;20.25;0.899999999999977;21.3100000000004;NA;NA;-663.145630924374;-670.913240042389;4.40535172541504;4.39949379695688;17.105042808049;16.9537034595842;1400.10398492732;1414.98613438449;15.5352182360305;0.415841584158416;14;14
159;18.4700000000003;0.660000000000025;19.4099999999999;NA;NA;-596.21033319364;-608.89373129555;4.54921639310578;5.14936979878617;13.7459007574849;12.1656140286266;1250.67834501535;1269.3475927635;25.3667962038203;0.128712871287129;12;12
160;19.8599999999997;0.660000000000025;20.6800000000003;NA;NA;-647.510674469572;-656.051711240949;4.59234364725147;4.79329366540905;16.1140885648487;15.2861193280887;1365.11372450108;1378.5943327507;17.0820735427537;0.564356435643564;15;15
161;18.5199999999995;0.920000000000016;19.5;NA;NA;-597.025653231749;-606.70963987546;4.394111822783;4.47878882445763;14.6464248642907;14.123413347523;1256.71174314402;1273.84216492428;19.3679732874209;0.306930693069307;13;13
162;17.8700000000008;0.729999999999961;18.7799999999997;NA;NA;-604.58384241538;-609.069256438989;4.27505199594027;4.31990143283024;14.5208925860518;14.1961126448091;1270.70992266557;1278.30427304315;8.97082804721822;0.702970297029703;12;12
163;17.6700000000001;0.610000000000014;18.5200000000004;NA;NA;-556.617961528654;-564.948744643026;4.38762171029842;4.89624225790729;13.3906241264831;12.174520858335;1170.52378429066;1181.98260906292;16.6615662287445;0.663366336633663;13;13
164;19.1700000000001;0.569999999999993;19.96;NA;NA;-622.272600017553;-631.30426628766;4.30853889305429;4.41555302304676;15.7971476121096;15.0953593311168;1312.1286667755;1327.18960381294;18.063332540215;0.603960396039604;13;13
165;18.3299999999999;1;19.6000000000004;NA;NA;-605.577183070974;-610.200500016602;4.32959814968759;4.41218633710143;15.7885902157629;15.4305904432735;1279.28625277183;1286.98802422892;9.24663389125749;0.95049504950495;14;14
166;20.1400000000003;1.17000000000002;21.5499999999993;NA;NA;-630.884905032187;-639.789179982661;4.31908702846579;4.31327548493345;16.5615023967508;16.098906424882;1332.62334475843;1348.45281335643;17.8085499009469;0.217821782178218;13;13
167;24.2799999999997;1.34000000000003;25.7299999999996;NA;NA;-745.763121006687;-767.438819484943;4.89638468982291;6.35236631885142;24.2028756149267;19.9250524559807;1600.28424540205;1624.41282301184;43.351396956512;0.0495049504950495;20;20
168;19.6199999999999;0.899999999999977;20.6900000000005;NA;NA;-610.594256718631;-617.318707282332;4.46165137976862;4.49237545656198;17.3032191693412;16.8072493169053;1297.53618126209;1308.79669529375;13.4489011274018;0.663366336633663;17;17
169;19.6500000000005;0.720000000000027;20.4600000000009;NA;NA;-635.115025203666;-644.148628590839;4.41682134693394;4.51311436522505;15.1181070152147;14.5940377190164;1335.99014787927;1351.77778036794;18.0672067743446;0.386138613861386;15;15
170;18.8599999999997;0.689999999999998;19.7200000000012;NA;NA;-630.270837988152;-636.714771629126;4.43384494965441;4.44527062566702;15.9250177494758;15.6415338213211;1329.81163936484;1341.46642033986;12.8878672819476;0.871287128712871;15;15
171;17.54;0.860000000000014;18.6099999999988;NA;NA;-598.101177493105;-603.682388931367;4.26617713230688;4.31562025101773;13.4436950739757;13.1395621360874;1252.59435262855;1262.48103518056;11.1624228765231;0.851485148514851;11;11
172;19.4700000000003;0.79000000000002;20.5;NA;NA;-603.520862832939;-610.703119960812;4.27450593198016;4.50838520630302;13.2416059160383;12.5861225539957;1262.5860239774;1274.20099534308;14.3645142557466;0.772277227722772;11;11
173;19.5;0.910000000000025;20.7199999999993;NA;NA;-606.120093862869;-612.101931959409;4.32058982739902;4.36584583612036;15.341084997068;14.7413015229177;1278.44097256567;1287.81642656127;11.9636761930783;0.752475247524752;14;14
174;15.9700000000003;0.579999999999984;16.6800000000003;NA;NA;-537.993756163754;-547.252278795424;4.22738089762;4.22099734793226;11.693062419766;11.5484880215456;1125.03616634553;1142.94676828516;18.5170452633397;0.237623762376238;11;11
175;18.0300000000007;0.859999999999957;19.2099999999991;NA;NA;-593.857291069842;-602.630559502386;4.26954536198652;4.30762193221226;13.747395485426;13.4236007649431;1245.97859570218;1262.15283044607;17.5465368650882;0.524752475247525;12;12
176;19.7299999999996;0.830000000000041;20.8100000000013;NA;NA;-657.555620638324;-666.313006916893;4.810480762293;5.31176145785242;16.009131520507;14.7866963888434;1385.74895576953;1397.86993018678;17.5147725571378;0.415841584158416;17;17
177;20.6400000000003;0.949999999999989;21.7899999999991;NA;NA;-698.883815741536;-710.17243186403;4.59077979620251;4.80137677049611;21.6230548629235;20.8228227481991;1493.79384833638;1512.81731525687;22.5772322449884;0.524752475247525;18;18
178;16;0.770000000000039;16.9400000000005;NA;NA;-558.970742676207;-563.888170079349;4.18631212744472;4.22171466241897;10.564919172307;10.3725141722048;1161.7544673818;1170.79141387716;9.83485480628497;0.930693069306931;10;10
179;20.0799999999999;0.949999999999989;21.1700000000001;NA;NA;-632.464844805209;-645.19688875004;4.36140472707222;4.44160017041768;17.3653439123863;16.8677399851699;1339.86567987675;1363.18247697652;25.4640878896621;0.0396039603960396;14;14
180;19.6500000000005;0.70999999999998;20.5300000000007;NA;NA;-616.117295456961;-626.414030786437;4.31700032179014;4.32453624631004;17.9490324901178;17.577767045393;1309.02426649993;1328.02938675212;20.5934706589519;0.118811881188119;13;13
181;17.4899999999998;0.710000000000036;18.3099999999995;NA;NA;-570.313920437156;-576.85360130092;4.24349073517109;4.2177468065828;12.0114586787874;11.6966791634321;1191.01206528345;1202.77102770186;13.0793617275294;0.584158415841584;11;11
182;16.2599999999993;0.720000000000027;17.0200000000004;NA;NA;-574.633148032858;-581.589297159682;4.32580399612323;4.50393481916136;12.6414330459864;12.0491971956245;1203.3489628099;1214.72755353114;13.9122982536487;0.544554455445545;13;13
183;21.2199999999993;1.14000000000004;22.5300000000007;NA;NA;-619.238781585481;-628.687612954697;4.48538845726343;4.59359370966591;16.4005910697956;15.9233885594478;1309.25039318049;1326.08880256633;18.8976627384307;0.217821782178218;14;14
184;17.6999999999998;0.689999999999998;18.5100000000002;NA;NA;-602.780596661499;-608.356004915675;4.35579350037943;4.42150605495794;13.8568717386675;13.5419919442472;1264.28918756536;1274.10548506376;11.1508165083528;0.851485148514851;12;12
185;17.9099999999999;0.75;18.7799999999988;NA;NA;-588.874216786331;-596.032929792797;4.26834638498865;4.28296988556847;14.1566503437349;13.7154465547015;1237.74694518174;1250.19446765001;14.3174260129308;0.574257425742574;12;12
186;17.0799999999999;0.840000000000032;18.0900000000001;NA;NA;-562.460950236667;-568.615429928599;4.22913345484908;4.3313839729414;10.8177886645985;10.0200713970384;1169.78353856349;1178.7843446394;12.3089593838647;0.415841584158416;10;10
187;18.6700000000001;0.889999999999986;19.7299999999996;NA;NA;-617.956645305121;-627.815297522271;4.3209783047513;4.69162199268502;15.4809044342884;14.160358449953;1302.14380358867;1316.21153901198;19.7173044343017;0.217821782178218;13;13
188;19.7200000000003;0.859999999999957;20.8099999999995;NA;NA;-591.051983493025;-599.888890642772;4.37909965434481;4.68514017944628;14.5654349126045;13.5150068352942;1243.83498346778;1257.05688861781;17.6738142994957;0.207920792079208;12;12
189;18.6400000000003;0.839999999999975;19.5900000000001;NA;NA;-609.385927890415;-613.943244730395;4.24710794914989;4.26118519094916;14.5870890432015;14.4541383179936;1280.594646487;1289.14581031809;9.11463367996043;1;12;12
190;17.6499999999996;0.899999999999977;18.7099999999991;NA;NA;-582.179910251626;-588.993899044581;4.39637297274471;4.53983684812797;12.1236710539081;11.6098018063666;1215.74218856425;1227.19229290574;13.6279775859084;0.762376237623762;12;12
191;17.9899999999998;0.830000000000041;18.9700000000012;NA;NA;-573.605552814455;-582.188661353587;4.36650587788807;4.4617328004592;13.7922635370879;13.3544422366699;1206.72832172209;1222.00522564468;17.1662170782643;0.366336633663366;14;14
192;19.0199999999995;0.75;19.9799999999996;NA;NA;-624.657593560606;-631.59391300143;4.36636661065225;4.42445677900595;16.8908350703636;16.419221917436;1322.78622152332;1334.6074576153;13.8726388816494;0.910891089108911;15;15
193;18.5700000000006;0.639999999999986;19.4300000000003;NA;NA;-564.624054341729;-574.426984909566;4.21697333691188;4.22350473300922;13.664042717822;13.5883409829297;1186.56439416065;1205.85271074982;19.605861135675;0.207920792079208;11;11
194;18.75;0.689999999999998;19.7900000000009;NA;NA;-617.316411292197;-626.964246039933;4.3493016064814;4.43124148907125;16.9820389146333;16.3614085211442;1307.91475176645;1324.53223916774;19.2956694954719;0.396039603960396;14;14
195;17.0599999999995;0.600000000000023;17.7799999999988;NA;NA;-539.879007471741;-549.401686653476;4.21682244924421;4.21635723699532;11.4836304523194;11.4013921381092;1127.92816889515;1146.62856385418;19.0453583634685;0.158415841584158;11;11
196;19.0599999999995;0.860000000000014;20.130000000001;NA;NA;-613.839390344564;-622.941757025107;4.32166687053825;4.34006758436582;14.6445802113076;14.3595898678675;1290.33132556244;1307.31681125488;18.204733361086;0.188118811881188;13;13
197;20.1700000000001;0.75;21.1599999999999;NA;NA;-625.786745356682;-632.193309865442;4.46687303245717;4.513718010901;16.1532317346318;15.8817786522246;1321.27890064612;1332.92063878053;12.8131290175188;0.653465346534653;14;14
198;19.5100000000002;0.75;20.3899999999994;NA;NA;-602.756037904718;-615.50652150355;4.4164880409343;4.44020437075252;15.7507038067158;15.3168652306241;1274.02381584004;1297.63769049218;25.5009671976632;0.0099009900990099;15;15
199;17.7600000000002;0.689999999999998;18.5900000000001;NA;NA;-599.52531951102;-604.828050321416;4.26401418910081;4.2760911860278;13.1877630797609;12.9052831055003;1254.94282658243;1264.35108564446;10.60546162079;0.841584158415842;12;12
200;19.3899999999994;0.639999999999986;20.2600000000002;NA;NA;-614.635780806819;-622.494400652113;4.37744715897559;4.39489410656789;15.3724240168105;14.8632084427852;1295.60758250131;1309.1274241161;15.7172396905871;0.267326732673267;14;14
201;18.7700000000004;0.579999999999984;19.5799999999999;NA;NA;-607.148572667206;-612.544687414558;4.30113565117026;4.3916438939673;14.5013833799316;13.881542703349;1276.33706452818;1284.47748733102;10.7922294947036;0.772277227722772;13;13
202;18.2000000000007;0.670000000000016;19.0200000000004;NA;NA;-608.761980666293;-617.653264434644;4.21519700026913;4.27576325818388;12.5308485834061;12.1776649584898;1270.08686014007;1286.38793542081;17.7825675367012;0.128712871287129;11;11
203;21.1000000000004;1.02999999999997;22.2900000000009;NA;NA;-682.139753195559;-693.798674230737;4.6167994013225;4.96155223701841;19.4860647428575;17.8102609052222;1451.34230371557;1467.1727350749;23.3178420703573;0.158415841584158;19;19
204;19.119999999999;0.879999999999995;20.1399999999994;NA;NA;-582.754753182109;-593.170767807363;4.20520674639867;4.24553028138492;14.479921072582;14.0882335082453;1226.24814038509;1245.43716567849;20.8320292505073;0.0396039603960396;11;11
205;19.5499999999993;0.70999999999998;20.4799999999996;NA;NA;-665.892218746765;-673.399028262371;4.47391358379748;4.54651838690304;18.9255313647028;18.5295151311472;1414.71662000901;1427.99488535702;15.013619031211;0.930693069306931;16;16
206;18.7800000000007;0.829999999999984;19.7299999999996;NA;NA;-620.228914359821;-630.754038477641;4.30594338063279;4.33116840628942;14.7309749580873;14.3292875342619;1303.47998819926;1322.81173450565;21.0502482356408;0.237623762376238;13;13
207;15.9699999999993;0.579999999999984;16.75;NA;NA;-543.791121656988;-550.585232473725;4.22056859929802;4.26221757630863;11.1623017396275;11.0203455427276;1134.40452617003;1147.39728699627;13.5882216334755;0.227722772277228;11;11
208;18.5;0.819999999999993;19.4599999999991;NA;NA;-589.28947866919;-598.945151930839;4.29705121957202;4.30463976296858;14.5070564813924;14.1856961010385;1240.64314723426;1258.57964754414;19.3113465232984;0.178217821782178;13;13
209;18.1000000000004;0.879999999999995;19.0900000000001;NA;NA;-567.805977446146;-574.48583042236;4.16461376683433;4.24961585770694;11.8230521059864;11.3205680272115;1184.64244542457;1195.91833743064;13.3597059524288;0.742574257425743;10;10
210;18.0599999999995;0.75;19.0399999999991;NA;NA;-594.011082288036;-600.508674172581;4.21714524377912;4.2795259029235;13.4895196120558;13.1566251716191;1244.60638148768;1256.20517963534;12.9951837690903;0.673267326732673;11;11
211;17.0199999999986;0.850000000000023;18.0200000000004;NA;NA;-610.510787068311;-617.283436127602;4.37393280552596;4.46473755627689;13.0298949511508;12.6755538263111;1276.76616130417;1288.79551475899;13.5452981185829;0.851485148514851;13;13
212;15.8999999999996;0.840000000000032;16.8500000000004;NA;NA;-528.13445593824;-534.160728621221;4.09934782724334;4.11070963071506;9.96121020632004;9.84124792592347;1097.05353871788;1108.61491717343;12.0525453659623;0.584158415841584;9;9
213;18.4899999999998;0.910000000000025;19.5599999999995;NA;NA;-627.140238213474;-634.257954960775;4.30810662936638;4.38202435837975;15.1031390228572;14.6382237564601;1318.89483079586;1331.14126056554;14.2354334946012;0.584158415841584;13;13
214;21.8799999999992;0.920000000000016;23.0599999999995;NA;NA;-643.72239918632;-660.889173554062;5.0071119541374;6.85377449403968;16.9774092652363;13.0377160398332;1362.84008336108;1379.67777693659;34.3335487354836;0.326732673267327;18;18
215;20.4499999999989;0.859999999999957;21.7000000000007;NA;NA;-613.242910865233;-621.116657348316;4.36696853655625;4.37966706551738;15.0684257163839;14.7739076206271;1290.95166539029;1305.43914899161;15.7474929661678;0.455445544554455;13;13
216;18;0.730000000000018;18.9100000000017;NA;NA;-579.750355782168;-586.554204851646;4.44086833956026;4.44175109348044;14.7965859281022;14.3413346314687;1224.78826391655;1236.38723902935;13.607698138956;0.762376237623762;17;17
217;18.8099999999995;0.96999999999997;19.9600000000009;NA;NA;-630.681205640989;-637.510800769274;4.38242919554896;4.45377207597833;15.8896118921871;15.5678853478216;1329.93023280606;1342.20108907289;13.6591902565694;0.891089108910891;14;14
218;20.5399999999991;0.849999999999966;21.5100000000002;NA;NA;-627.904465378977;-636.384972392679;4.36398487887831;4.40182750379546;15.5735107390234;15.2905210063383;1322.43563267313;1338.18595805873;16.9610140274026;0.257425742574257;13;13
219;20.1099999999988;0.990000000000009;21.4499999999989;NA;NA;-641.986487551081;-648.601615454266;4.44074374800532;4.51547287241021;16.7826028999151;16.4471138454426;1356.3942858402;1368.17681883456;13.2302558063714;0.495049504950495;14;14
220;17.0700000000015;0.889999999999986;18.1700000000001;NA;NA;-536.230226802515;-541.392298294942;4.18020823773182;4.20907571150904;11.9319637992244;11.4443245071832;1121.94260363236;1130.24449436989;10.324142984854;0.584158415841584;10;10
221;20.9399999999987;0.979999999999961;22.1599999999999;NA;NA;-632.930128647295;-645.683297052114;4.36451169552529;4.39166942217005;17.2283668315821;16.961361426089;1340.20515571468;1364.55929452766;25.5063368096385;0.0396039603960396;14;14
222;15.8099999999995;0.890000000000043;16.8199999999997;NA;NA;-545.027568980013;-555.489544784795;4.09789850848638;4.09987550090916;10.8742844858323;10.6544840367259;1134.57820551265;1154.60221834864;20.9239516095633;0.108910891089109;9;9
223;16.4599999999991;0.899999999999977;17.4499999999989;NA;NA;-551.063060598656;-557.269872625429;4.14911262062066;4.15775515950518;12.3181093586928;12.1340659055289;1153.20962644391;1164.86001772922;12.4136240535461;0.722772277227723;10;10
224;20.0299999999988;1.01999999999998;21.2000000000007;NA;NA;-654.100798047905;-661.272201089751;4.34450575357994;4.36776556657776;17.6442105877413;17.2591666693679;1384.34096883332;1397.0222099365;14.3428060836916;0.445544554455446;14;14
225;19.6399999999994;0.879999999999995;20.8099999999995;NA;NA;-612.064573706508;-621.126809790873;4.37648507540053;4.48012393886639;14.2530521454051;13.9540602406912;1284.5362277496;1301.39351673372;18.1244721687299;0.247524752475248;12;12
226;18.2999999999993;0.740000000000009;19.2600000000002;NA;NA;-620.431951663916;-629.180716932055;4.3095619184333;4.37717061926619;14.4987232661874;14.1175507290349;1302.31218347047;1318.19423404927;17.4975305362786;0.594059405940594;12;12
227;18.8600000000006;0.720000000000027;19.8500000000004;NA;NA;-613.662566814208;-622.839201225506;4.32443160226068;4.37689213974963;14.2810825416123;13.852307851695;1288.42256024409;1304.94144220732;18.3532688225946;0.267326732673267;13;13
228;19.9099999999999;1.11000000000001;21.1800000000003;NA;NA;-641.10482176325;-645.034623839216;4.42392353630622;4.46697752418246;16.2227059946455;15.71852599718;1353.29797328152;1358.94824725589;7.85960415193176;0.95049504950495;16;16
229;13;0.579999999999984;13.7799999999988;NA;NA;-529.494195347539;-535.954705894014;4.11465405130568;4.11424899880764;8.00345825518304;7.81331014061001;1091.75730648116;1103.89979567519;12.9210210929505;0.693069306930693;9;9
230;21.3899999999994;0.649999999999977;22.1999999999989;NA;NA;-662.956871030403;-670.181314581792;4.42833496144369;4.46674942871748;18.5195246282952;18.1744045817316;1406.46918087765;1419.41687951294;14.4488871027775;0.732673267326733;15;15
231;20.6900000000005;0.860000000000014;21.75;NA;NA;-660.236414345514;-668.522385191213;4.54919007060364;4.68186726913775;19.0316673114021;18.322363457242;1404.99090552661;1418.41288685643;16.5719416913983;0.821782178217822;18;18
232;18.7200000000012;0.670000000000016;19.5;NA;NA;-600.494165836036;-612.967597269909;4.61229772595537;4.79634497179192;13.2979770872791;12.4349908574977;1258.83130556814;1280.02438771915;24.9468628677471;0.227722772277228;15;15
233;20.2799999999988;0.949999999999989;21.3199999999997;NA;NA;-684.59082373515;-692.147491408439;4.48235265186665;4.50672776236496;18.922559796402;18.5141142180627;1451.49019148164;1464.82688766192;15.113335346578;0.366336633663366;15;15
234;20.0699999999997;0.890000000000043;21.1399999999994;NA;NA;-619.039352714251;-627.857148852578;4.56772579006894;4.70952763421547;15.6396142549249;15.2657325842714;1305.56772191382;1321.58991722154;17.6355922766534;0.683168316831683;14;14
235;14.3400000000001;0.79000000000002;15.1899999999987;NA;NA;-539.230685484444;-546.497608139505;4.06041123285115;4.05431525606443;8.96744618384182;8.38107259516106;1114.64907897191;1126.81664119844;14.5338453101226;0.633663366336634;8;8
236;17.6100000000006;0.799999999999955;18.7200000000012;NA;NA;-599.332726774528;-610.39411412913;4.28973982734115;4.38323065310439;14.2054090066897;13.4773318861532;1259.43913312152;1278.44704323185;22.1227747092039;0.0693069306930693;13;13
237;18.3499999999985;0.810000000000002;19.3999999999996;NA;NA;-613.748080908628;-618.963378721137;4.31796231734621;4.36186736664512;13.5605515403665;13.3815843464742;1284.96829606265;1294.64039550392;10.4305956250194;0.801980198019802;12;12
238;17.2200000000012;0.589999999999975;18.1100000000006;NA;NA;-584.140122948267;-590.197758382449;4.29215198120362;4.41986256752571;13.5510356185118;13.0764409521011;1225.71204989897;1235.81590048705;12.115270868363;0.673267326732673;12;12
239;17.75;0.939999999999998;18.7399999999998;NA;NA;-619.091953291254;-625.738540682377;4.2587975647622;4.32575481788675;13.4459363998371;13.0143086495923;1295.17028058994;1306.63413685721;13.2931747822463;0.643564356435644;12;12
240;17.6399999999994;0.689999999999998;18.4600000000009;NA;NA;-585.765638560606;-592.726397986477;4.3202052138969;4.34828440159345;14.1280572529667;13.8061755756941;1231.97402988313;1244.51847230535;13.9215188517405;0.584158415841584;13;13
241;18.1000000000004;0.870000000000005;19.1299999999992;NA;NA;-615.42416948879;-624.032615639729;4.30245572675018;4.3618619605206;14.4232769385184;13.971367987713;1292.55410265068;1307.83763493742;17.216892301878;0.465346534653465;13;13
242;19.7900000000009;0.970000000000027;20.9699999999993;NA;NA;-642.810629118395;-652.755843707424;4.36773951594349;4.43545834766867;17.9762351776571;17.3768510733934;1363.81351975945;1381.09677351007;19.8904291780577;0.099009900990099;15;15
243;19.1599999999999;0.889999999999986;20.2100000000009;NA;NA;-585.838937014517;-595.260355593338;4.33527599784022;4.45558621120428;14.9352134934506;14.2766884154867;1235.57380823057;1251.59933882141;18.8428371576408;0.108910891089109;13;13
244;16.5499999999993;0.850000000000023;17.4500000000007;NA;NA;-583.015638485728;-592.313205979719;4.22520721546158;4.31458639495335;12.3070889618357;11.8746075657081;1217.65557578968;1234.43658975389;18.5951349879815;0.0297029702970297;11;11
245;18.0900000000001;0.79000000000002;19.1400000000012;NA;NA;-598.795029986227;-604.254193483364;4.44654669304577;4.4848617040023;14.6602693955349;14.3553426852758;1260.3097264228;1269.9235138453;10.918326994273;0.693069306930693;13;13
246;18.3899999999994;0.930000000000007;19.4400000000005;NA;NA;-577.194638195228;-583.145457949371;4.20413609424098;4.22862905136584;13.2972492439232;13.0832330321747;1210.16698065158;1221.17089065604;11.9016395082872;0.643564356435644;11;11
247;18.0699999999997;0.840000000000032;19;NA;NA;-599.6780965537;-607.836572783503;4.38309603663755;4.4703213018018;12.9218777724604;12.4594968019361;1254.63866043011;1268.97745140702;16.3169524596067;0.504950495049505;13;13
248;21.5699999999997;0.829999999999984;22.6599999999999;NA;NA;-640.000252917301;-656.105449941755;4.6128944759937;5.50438363110776;16.0119190893296;13.7506981158796;1349.64846896699;1372.02310041215;32.210394048908;0.0297029702970297;15;15
249;20.8900000000012;0.669999999999959;21.7800000000007;NA;NA;-704.600806365474;-711.217607738358;4.49714465712579;4.53767851435611;21.3132819061097;21.0438948446429;1503.24303654345;1515.28801226647;13.2336027457695;0.940594059405941;17;17
250;20.9000000000015;1.10999999999996;22.1200000000008;NA;NA;-644.94089415327;-657.080311675228;4.45354421347914;4.50370572891175;19.2081981423937;18.7002204722773;1374.0526241706;1396.10548753425;24.2788350439143;0.108910891089109;16;16
