1;27.4900000000007;0.819999999999993;28.4700000000003;NA;NA;-1606.63756777967;-1620.68464784908;5.1677916733158;5.21121226272346;93.5837730464638;92.7316112101844;3675.73267851358;3699.61575957132;28.0941601388286;0.287128712871287;49;49
2;28.3299999999999;1.12;29.6499999999996;NA;NA;-1541.17260974053;-1555.10597977941;5.21961138035068;5.35110525493434;85.4191182754296;83.797618083927;3503.57531738664;3523.44590041888;27.8667400777654;0.336633663366337;48;48
3;28.8400000000001;1.13999999999999;30.25;NA;NA;-1604.75601591027;-1620.26023889032;5.24099154145505;5.32282159572667;91.1295554476119;89.784243965281;3659.84170897399;3684.20210664138;31.0084459600944;0.237623762376238;49;49
4;28.2700000000004;1.13999999999999;29.7199999999993;NA;NA;-1630.24309312537;-1642.09246926743;5.239125869208;5.26994333792913;95.2047482404897;94.3215844852486;3731.91570582174;3751.24125747742;23.6987522841218;0.693069306930693;50;50
5;29.3000000000002;0.969999999999999;30.4700000000003;NA;NA;-1548.38817692015;-1561.9197395918;5.07832588096487;5.13308608044438;89.3572684626928;88.3681229494443;3538.34802244403;3560.52314435693;27.0631253433053;0.435643564356436;49;49
6;28.96;0.900000000000006;30.1400000000003;NA;NA;-1576.20853503368;-1588.99628052648;5.10743224203218;5.14217145718526;91.1921239727279;90.2482657647803;3603.05593849884;3623.96721972311;25.5754909855914;0.287128712871287;49;49
7;27.9700000000003;1.03;29.2799999999997;NA;NA;-1593.4201008311;-1605.58623662608;5.12162978927189;5.15272136864685;93.2973333278852;92.5513483864874;3648.82469131097;3669.46303661016;24.3322715899449;0.504950495049505;50;50
8;29.7399999999998;0.939999999999998;30.9300000000003;NA;NA;-1612.52257255057;-1621.50029181776;5.26619266780366;5.30603679875757;91.5401046585676;90.596996354295;3677.40360965201;3690.69854418088;17.9554385343758;0.930693069306931;49;49
9;29.4499999999998;0.980000000000018;30.7699999999995;NA;NA;-1562.91142480098;-1578.94097547576;5.13655772794144;5.34375353613056;88.7840464267477;85.8379766633371;3562.71192456932;3580.27398793146;32.0591013495596;0.445544554455446;47;47
10;27.71;0.909999999999997;29.0299999999997;NA;NA;-1567.22868047397;-1580.24769832595;5.13372322679314;5.1988718607106;90.0122400347176;88.6112814597304;3578.33767074308;3597.46711350418;26.0380357039658;0.594059405940594;48;48
11;30.3800000000001;1.03999999999999;31.6499999999996;NA;NA;-1572.15543305044;-1594.48052345743;5.26186864989716;5.45458477255475;89.0732321751315;86.4785652657333;3584.47892893645;3616.3071936784;44.6501808139751;0.0198019801980198;49;49
12;41.2299999999996;1.69999999999999;43.4100000000008;NA;NA;-1671.09503826875;-1647.88839200307;6.95166605999388;6.1015187180074;69.8300289573256;79.3274977673411;3687.97048782356;3688.5862273625;-46.4132925313538;1;50;50
13;29.1099999999997;1;30.4899999999998;NA;NA;-1498.75336251501;-1513.28856414576;5.23866636640528;5.39395629481912;80.8175117229411;78.9409449321108;3393.43684836291;3413.31383171953;29.0704032614985;0.425742574257426;45;45
14;29.7800000000007;1.22;31.8599999999997;NA;NA;-1548.00481252019;-1557.03549323635;5.28311357550071;5.38072784685323;86.029314559001;85.0126562654413;3520.24880388076;3533.296684945;18.0613614323192;0.97029702970297;48;48
15;29.3800000000001;1.10999999999999;30.7799999999997;NA;NA;-1523.01313409061;-1535.96405835308;5.21140380880213;5.2963815385026;83.7487830644475;82.0904560155195;3458.13778860912;3475.87933131834;25.901848524943;0.376237623762376;47;47
16;28.3699999999999;0.990000000000009;29.5900000000001;NA;NA;-1516.39186509544;-1526.65819200839;5.14701724200365;5.23809077945734;83.1240450375138;81.971629016187;3440.01370673926;3454.90060127702;20.5326538259037;0.732673267326733;45;45
17;29.79;0.830000000000013;30.9400000000005;NA;NA;-1634.99641596516;-1646.64555161108;5.23822421647532;5.31526119517008;94.3072086455278;93.1490661821677;3736.02533493094;3753.6004802944;23.2982712918301;0.287128712871287;49;49
18;28.0600000000004;1.15000000000001;29.3899999999994;NA;NA;-1493.58684070234;-1508.55978296824;5.22968329552814;5.33590324453084;82.000695692252;80.7006127043417;3388.90029815722;3412.476993552;29.9458845317877;0.158415841584158;45;45
19;30.2700000000004;0.919999999999987;31.5599999999995;NA;NA;-1559.91014134035;-1573.49124408385;5.27932603586309;5.38353707950862;86.8552931173817;85.6924337731406;3548.13263666078;3569.56039574616;27.1622054870049;0.425742574257426;48;48
20;29.4300000000003;0.980000000000018;30.8299999999999;NA;NA;-1581.27214372657;-1591.27100645189;5.30769068559178;5.33466355802771;89.2216379194446;88.5697343900025;3602.52587512207;3619.30884732924;19.9977254506557;0.99009900990099;48;48
21;29.0100000000002;0.969999999999999;30.4499999999998;NA;NA;-1568.66181257507;-1584.15726602854;5.14625128129533;5.21904546909879;89.9060360661732;88.7166319890721;3581.60710702338;3606.72040428529;30.9909069069327;0.158415841584158;49;49
22;28.9800000000005;1.17000000000002;30.3899999999994;NA;NA;-1603.80113189438;-1618.30842262724;5.24812447397538;5.39802876953483;92.1747496851422;90.2491614984782;3663.09691712625;3682.59593032028;29.0145814657249;0.524752475247525;49;49
23;29;1.08000000000001;30.4899999999998;NA;NA;-1570.20165954919;-1583.04991231253;5.13717112262174;5.19424172853693;89.748140070153;88.5874460997786;3582.98126408133;3602.95400138549;25.6965055266669;0.613861386138614;48;48
24;28.7300000000005;0.919999999999987;29.9099999999999;NA;NA;-1548.78693039638;-1565.62200382732;5.064471020038;5.1433079692361;89.8869044331799;88.4266542497764;3539.88988613737;3566.3744250266;33.6701468618885;0.0099009900990099;47;47
25;29.4499999999998;0.969999999999999;30.6800000000003;NA;NA;-1579.72682607989;-1603.80645840017;5.34614548728834;5.80942672901862;87.2662752542625;81.7400798833518;3588.874069522;3609.83999841301;48.1592646405629;0.287128712871287;47;47
26;28.5;1.06999999999999;29.9300000000003;NA;NA;-1545.38184712679;-1556.59435729541;5.20752463114968;5.23383615914118;86.5782988510462;85.95067700712;3516.79871315181;3536.13532810703;22.4250203372412;0.623762376237624;47;47
27;27.25;1.12;28.5599999999995;NA;NA;-1536.71635020686;-1545.87066561567;5.14263994921335;5.17111626008333;87.4187332656066;86.8070710187451;3504.52356526576;3519.81588599575;18.3086308176207;0.722772277227723;48;48
28;28.8400000000001;0.969999999999999;30.0500000000002;NA;NA;-1501.55089436901;-1516.81643578472;5.27544581200502;5.48044078912125;80.5392921495925;78.639620218315;3398.55397950367;3419.75757252348;30.5310828314259;0.178217821782178;46;46
29;26.9499999999998;1.00999999999999;28.1400000000003;NA;NA;-1521.79426953768;-1533.25525353244;5.20733984669875;5.24789117053743;83.5773509166918;82.8935944719447;3453.95775931892;3473.52244694492;22.9219679895168;0.623762376237624;46;46
30;29.96;0.939999999999998;31.1099999999997;NA;NA;-1600.74737337736;-1618.5784183424;5.14742239167993;5.28411762902005;93.059966317006;91.180512517374;3661.36382415343;3687.73832545592;35.6620899300792;0.0297029702970297;49;49
31;28.4200000000001;0.949999999999989;29.4699999999993;NA;NA;-1538.93290266382;-1548.8799464111;5.15379278077326;5.18046249415269;86.6839877674497;85.8343467200861;3504.4208988877;3520.13406755533;19.8940874945542;0.95049504950495;47;47
32;30.2000000000007;1.03;31.2800000000007;NA;NA;-1593.56677986896;-1603.96589323292;5.43694250595381;5.48410914855324;87.5052597646533;86.6757662489727;3620.43718516826;3637.12797254245;20.7982267279172;0.920792079207921;50;50
33;27.6499999999996;1.03;28.9400000000005;NA;NA;-1585.7080762545;-1597.15382915607;5.13808202900203;5.20652221441969;91.0960269570941;89.7259548606483;3619.68203531399;3635.83168202256;22.8915058031407;0.524752475247525;47;47
34;28.3100000000004;1.03;29.46;NA;NA;-1510.83713817698;-1522.392341851;5.09504032647737;5.1187774330912;85.501615203297;84.5366410855185;3442.41114381814;3460.77310066576;23.1104073480374;0.633663366336634;47;47
35;28.1700000000001;0.95999999999998;29.3199999999997;NA;NA;-1513.37355962023;-1530.07768746105;5.07416889128034;5.1807412559814;86.0006286626999;84.3282590809764;3449.93953516687;3475.11838445211;33.4082556816361;0.0198019801980198;47;47
36;29.0799999999999;1.19999999999999;30.6100000000006;NA;NA;-1604.43302313606;-1616.40496814807;5.2380475245937;5.31351871199569;90.8158806768216;89.8928426772729;3657.64565487134;3677.02822115909;23.9438900240029;0.712871287128713;49;49
37;28.29;1;29.4200000000001;NA;NA;-1606.03335570707;-1617.03471262992;5.0910697940231;5.12229228367144;95.0907487722467;94.300894214569;3681.97118954476;3700.07072460055;22.0027138457017;0.821782178217822;49;49
38;28.0299999999997;1.26999999999998;29.5600000000004;NA;NA;-1563.93957680131;-1576.86794388774;5.27731647850285;5.37544035303485;86.6674542555292;85.3393166054847;3555.26521164609;3574.57245709024;25.8567341728512;0.267326732673267;48;48
39;27.0799999999999;0.929999999999978;28.25;NA;NA;-1525.24719773926;-1532.1316062316;5.142501542611;5.17536500419213;84.5793157025896;83.9421577840693;3464.85383545162;3475.50117532219;13.7688169846738;0.97029702970297;45;45
40;30.4200000000001;0.919999999999987;31.7200000000003;NA;NA;-1583.83043111683;-1596.56442100173;5.68147900776489;5.77816114290551;82.8719951743471;82.0147908550629;3575.45787948598;3596.70772303443;25.4679797697945;0.801980198019802;47;47
41;27.6300000000001;1.03;29.0300000000007;NA;NA;-1590.01283921834;-1599.9168758648;5.21301959832466;5.25021146875126;91.0303502645901;90.2713520805327;3629.86511904917;3645.92249471707;19.8080732929225;0.702970297029703;49;49
42;28.3400000000001;1.09;29.6499999999996;NA;NA;-1638.90023944272;-1654.37885041404;5.17045805812003;5.22845673329788;96.1706826439466;94.9190078984601;3754.01305812706;3778.77230743882;30.9572219426345;0.148514851485149;50;50
43;29.6200000000008;0.699999999999989;30.5299999999997;NA;NA;-1573.91660931528;-1589.60922183511;5.3197668536312;5.4574673029271;86.6579500176176;84.872144661931;3575.17240811408;3597.75123266631;31.3852250396599;0.326732673267327;48;48
44;28.9099999999999;0.810000000000002;29.8800000000001;NA;NA;-1601.37408032383;-1618.08126704863;5.06934203552799;5.16227955953856;94.8174985415215;93.0221581440375;3670.32479922901;3694.885751727;33.414373449586;0.0693069306930693;48;48
45;28.9700000000003;1.04000000000002;30.2200000000003;NA;NA;-1533.00625312079;-1546.94024707703;5.29476032167535;5.41155782266055;83.6091627053531;82.2324105435441;3478.31711091589;3499.39587576427;27.8679879124829;0.346534653465347;48;48
46;28.5099999999993;1.04999999999998;29.8699999999999;NA;NA;-1553.14636350617;-1568.80739523781;5.12285702127002;5.17860836650021;88.9390911735824;87.8953424841548;3544.8809826518;3571.05597398985;31.3220634632753;0.0792079207920792;48;48
47;29.5;0.890000000000015;30.7799999999997;NA;NA;-1576.65456142341;-1592.15839189534;5.41186603046478;5.67440849060112;84.9449365529222;81.7358224689688;3572.20087288099;3587.38332435109;31.0076609438752;0.594059405940594;48;48
48;42.4500000000007;1.42000000000002;44.25;NA;NA;-1578.53919527064;-1646.61971812258;6.13885295426748;8.21988879704589;74.3699504310212;56.1173966240601;3523.82136487498;3569.97299368998;136.16104570387;0.267326732673267;48;48
49;27.6700000000001;1.13;28.9699999999993;NA;NA;-1505.68669638058;-1515.55051788655;5.02470329088771;5.06301754885989;85.4461208484638;84.499881265939;3431.83718326696;3446.90856479337;19.7276430119414;0.831683168316832;47;47
50;30.0699999999997;1.02000000000001;31.3600000000006;NA;NA;-1616.81417865776;-1633.38853037157;5.37667357119057;5.65459754795819;91.615269743625;88.4421028566614;3687.28369907964;3704.71969312367;33.148703427607;0.514851485148515;50;50
51;30.46;0.889999999999986;31.75;NA;NA;-1562.80042363217;-1573.3499998509;5.14937860068638;5.20527850054381;88.1334571903874;87.274540513233;3559.28849876547;3576.16108880056;21.0991524374435;0.841584158415842;47;47
52;28.2200000000003;1.02000000000001;29.7300000000005;NA;NA;-1543.1345836598;-1550.08733964175;5.07235368569002;5.11471721340501;88.8488749947521;87.8480238031012;3524.4125369592;3533.38251863481;13.9055119639088;0.900990099009901;48;48
53;28.6700000000001;1.20000000000002;30.6799999999994;NA;NA;-1578.31029672369;-1590.42984467435;5.16647071191772;5.21345333966403;90.7676217543607;89.7557679967207;3604.22594187726;3623.47525017595;24.2390959013014;0.504950495049505;48;48
54;27.9099999999999;1.03999999999999;29.3899999999994;NA;NA;-1554.61634326724;-1566.70383645944;5.18597403004192;5.21907633683115;87.6993345268526;86.8255871115334;3541.70728958393;3561.5735366986;24.1749863844038;0.267326732673267;48;48
55;30.3400000000001;1.19;31.9299999999994;NA;NA;-1579.69587426222;-1597.40385276145;5.29630516124347;5.47250782247854;89.46088672559;87.1416185819755;3600.55315167346;3624.532025652;35.4159569984595;0.326732673267327;48;48
56;27.9699999999993;0.919999999999987;29.1999999999998;NA;NA;-1581.50518715963;-1594.27842525124;5.13622966052973;5.18897530237874;91.0844753075983;89.8493798111639;3612.17823306236;3631.6340423388;25.5464761832054;0.504950495049505;48;48
57;28.1599999999999;0.969999999999999;29.2799999999997;NA;NA;-1562.31748742674;-1582.40231355047;5.21695568032338;5.38721720064173;88.5699048298207;86.4585542581126;3562.315773927;3592.0518866203;40.1696522474595;0.0297029702970297;49;49
58;28.5299999999997;0.95999999999998;29.6700000000001;NA;NA;-1551.46599984;-1564.25364286508;5.16667656600098;5.24507041412375;87.6423097333071;86.4946607267031;3535.12539449582;3555.04124138091;25.575286050158;0.534653465346535;48;48
59;29.1500000000005;1.16999999999999;30.5200000000004;NA;NA;-1584.67695023958;-1614.09264935853;5.27555259472887;5.85245766491983;89.1680714246088;82.9177207775713;3609.07133393626;3637.08017314813;58.8313982379013;0.0396039603960396;48;48
60;28.5899999999992;1.37;30.1999999999998;NA;NA;-1547.2831985292;-1560.59984386242;5.30284144384562;5.41407374450629;86.5179669485917;84.8908109162031;3521.21528344511;3539.82452623248;26.6332906664434;0.455445544554455;48;48
61;28.3800000000001;0.949999999999989;29.4200000000001;NA;NA;-1580.29180798017;-1594.28855620126;5.38060788055897;5.39431577778546;88.49070812436;88.1382195579208;3596.96074557163;3623.2160035919;27.9934964421795;0.405940594059406;48;48
62;29.6099999999997;1.12;30.9799999999996;NA;NA;-1561.86181531852;-1589.32468657855;5.13204831299446;5.53820742615545;89.0790715561391;83.2410785750485;3562.06446705321;3588.26257824955;54.9257425200458;0.148514851485149;47;47
63;26.8299999999999;0.860000000000014;27.9899999999998;NA;NA;-1510.95582364823;-1522.97624732573;5.22933023496886;5.287904454202;82.5933536604582;81.6976297671361;3427.4493888878;3447.09218447849;24.0408473550024;0.504950495049505;46;46
64;27.6899999999996;1.05000000000001;28.9399999999996;NA;NA;-1571.86249730784;-1584.82219075367;5.24464975304737;5.30941750591132;88.6110245106656;87.6275631581842;3581.60899244847;3602.66846499971;25.9193868916573;0.633663366336634;49;49
65;28.3599999999997;0.969999999999999;29.6500000000005;NA;NA;-1558.48667450659;-1576.46711481335;5.2074954922579;5.33200703754645;88.7740365718369;86.9917489793839;3552.85857110128;3580.06832522488;35.9608806135275;0.0891089108910891;46;46
66;29.0799999999999;1.05000000000001;30.5200000000004;NA;NA;-1598.17079459886;-1609.84395787005;5.1000845596031;5.1201245608907;94.0815851632631;93.4376508014944;3660.28919401435;3680.46006593101;23.3463265423798;0.455445544554455;48;48
67;28.6599999999999;1.06;29.7599999999993;NA;NA;-1508.10924155622;-1524.46646927295;5.26207889417318;5.39228093807027;82.2561405027141;80.1790174990811;3420.98499895564;3443.47833489552;32.7144554334527;0.613861386138614;47;47
68;27.7699999999995;1.20000000000002;29.25;NA;NA;-1541.22407427662;-1554.73993503236;5.24364921668847;5.31598143902343;85.0397916404771;83.8738971205122;3500.91247182417;3522.20705249968;27.0317215114801;0.287128712871287;47;47
69;28.1599999999999;1.15000000000001;29.4399999999996;NA;NA;-1549.85472449112;-1571.86491392042;5.19116661360049;5.34791587326042;87.2492797474478;85.2308802131425;3529.96468214567;3564.03166121962;44.0203788586036;0.0198019801980198;48;48
70;27.25;1;28.5799999999999;NA;NA;-1548.74218552821;-1566.79350316791;5.18147890191493;5.22705388602975;87.7623726395044;86.5746327671064;3530.26983601711;3560.51533073083;36.102635279417;0.0792079207920792;48;48
71;29.75;1.11000000000001;31.0599999999995;NA;NA;-1615.40748742211;-1629.51187040319;5.20354385236151;5.33188626619945;93.0306419810808;91.6989461416053;3690.5391418605;3712.16714316831;28.2087659621729;0.346534653465347;49;49
72;28.0100000000002;0.969999999999999;29.3000000000002;NA;NA;-1533.81976334234;-1549.34604164134;5.13591063201168;5.2287090709739;85.786022257426;84.5257645554917;3489.77590610841;3514.6269789514;31.0525565979883;0.247524752475248;47;47
73;28.2800000000007;0.780000000000001;29.2699999999995;NA;NA;-1603.78118840605;-1615.55989968442;5.26028284368571;5.32712951287184;90.0686278548457;89.0427282044824;3649.8041106766;3668.3243116063;23.557422556737;0.742574257425743;46;46
74;28.3600000000006;1;29.5700000000006;NA;NA;-1546.65319640549;-1560.39334737035;5.31884929219163;5.40932526858361;85.4600635349252;84.2831476411323;3514.73840541687;3536.41494342137;27.4803019297005;0.287128712871287;48;48
75;29.3499999999995;1.03;30.5699999999997;NA;NA;-1584.34011095299;-1594.94166365992;5.20896781532812;5.2707740916931;90.4754177437893;89.4914826212631;3615.77738443198;3632.11823430329;21.2031054138733;0.861386138613861;49;49
76;28.1100000000006;1.09999999999999;29.3900000000003;NA;NA;-1580.72851961116;-1594.22714865174;5.26695296077359;5.33531852692137;88.7563453134793;87.6537591034986;3600.05916049917;3621.6078317905;26.9972580811545;0.435643564356436;49;49
77;28.6399999999994;0.780000000000001;29.619999999999;NA;NA;-1598.91102259223;-1613.44247227021;5.15828203136369;5.21308581342618;92.0406473747934;90.9626420930121;3651.70510658489;3675.45200315887;29.0628993559685;0.158415841584158;48;48
78;26.6899999999996;1.13;27.9400000000005;NA;NA;-1547.28702778889;-1554.45779999854;5.12784372830609;5.17035658076518;87.6967446924397;86.7472949343734;3526.11272956624;3535.7822158487;14.3415444192997;0.95049504950495;47;47
79;27.1500000000005;1.00999999999999;28.3500000000004;NA;NA;-1583.86473199905;-1599.94144953433;5.18326268852851;5.21597278491226;90.882257179297;89.9571440236918;3616.83708153781;3644.41893819291;32.1534350705547;0.108910891089109;49;49
80;27.6099999999997;1;28.8099999999995;NA;NA;-1534.13400828128;-1549.68373623009;5.13787425080534;5.21096088756067;86.8189893461625;85.6608099378731;3495.48742671121;3520.88770634126;31.0994558976163;0.138613861386139;47;47
81;28.8299999999999;0.670000000000016;29.7800000000007;NA;NA;-1624.56232585234;-1633.26466335942;5.31993661724891;5.41390277542254;92.1197307905527;91.1431759852153;3703.39769974553;3715.98665803761;17.4046750141433;0.871287128712871;48;48
82;29.1399999999994;0.859999999999985;30.1800000000003;NA;NA;-1562.69284268441;-1581.0049748993;5.09769420133921;5.18171229298614;90.7524682350694;89.1465476617482;3572.9163067523;3601.62124241838;36.6242644297845;0.0198019801980198;48;48
83;27.9300000000003;0.969999999999999;29.1700000000001;NA;NA;-1508.18033450957;-1521.60556219962;5.31629284986035;5.47904341920686;82.8676649142753;80.8547495439047;3424.13637790141;3441.0816670997;26.8504553800822;0.346534653465347;47;47
84;29.04;0.969999999999999;30.619999999999;NA;NA;-1578.65931104547;-1592.33030212052;5.19787557145215;5.23608836761721;90.3383283976529;89.7099244598429;3602.80698211906;3627.05009533218;27.3419821500988;0.366336633663366;48;48
85;27.8900000000003;0.939999999999998;29;NA;NA;-1546.69458683508;-1561.93563737062;5.27559020548021;5.34181438556683;86.318885257656;85.2526038192422;3518.14766858225;3543.38280547415;30.4821010710784;0.613861386138614;47;47
86;31.0200000000004;1.12;32.4200000000001;NA;NA;-1652.49497858067;-1671.99195196984;5.34943933234172;5.59149698613775;94.8349675643516;91.9162936511452;3774.5884175707;3799.12983896436;38.9939467783306;0.118811881188119;50;50
87;27.9700000000003;0.990000000000009;29.1800000000003;NA;NA;-1574.44484882867;-1583.22452518936;5.02509378654125;5.04626014467015;93.1443243146585;92.5329487185538;3607.23485454163;3621.78574651596;17.5593527213887;0.95049504950495;47;47
88;27.46;1;28.7999999999993;NA;NA;-1511.77074987878;-1522.33817345744;5.14157061910992;5.19282833144433;84.8467924026662;83.7669187869958;3441.94926832651;3457.75889932569;21.1348471573306;0.643564356435644;48;48
89;30.1099999999997;1.10999999999999;31.5499999999993;NA;NA;-1571.59591606945;-1588.5952970288;5.47876584127637;5.64036675829404;85.3759739186908;83.7356795386014;3565.95177963361;3591.82822406445;33.998761918695;0.415841584158416;50;50
90;28.8900000000003;1.02000000000001;30.3900000000012;NA;NA;-1633.97094369659;-1649.23033200085;5.34114615474739;5.4361280364156;93.7057387025479;92.4910733165324;3731.94869581412;3756.45276065719;30.5187766085264;0.267326732673267;50;50
91;28.25;0.960000000000008;29.4699999999993;NA;NA;-1544.38990874358;-1553.85098335228;5.08034407904097;5.11675947746343;88.3315216613784;87.4415403850681;3523.44210584027;3537.98482978708;18.9221492173883;0.584158415841584;47;47
92;27.6199999999999;0.650000000000006;28.4500000000007;NA;NA;-1495.70102891202;-1511.76481498942;5.08409479446782;5.19294370821437;83.9007218749532;82.3997985368149;3403.3590466022;3428.11700566013;32.1275721547918;0.0792079207920792;46;46
93;30.4900000000007;1;31.7600000000002;NA;NA;-1626.84063912806;-1638.98936365058;5.62392285791902;5.7130017324543;89.9117923882435;88.6411329758464;3698.90143662771;3716.90690583566;24.297449045036;0.801980198019802;50;50
94;27.9200000000001;0.969999999999999;29.2800000000007;NA;NA;-1548.95665844985;-1559.08884809412;5.10499227695625;5.14875943526056;87.9891742940329;87.0259151371801;3529.94482362822;3545.47954943104;20.2643792885319;0.653465346534653;46;46
95;28.8799999999992;1.13999999999999;30.3600000000006;NA;NA;-1584.04192322222;-1591.28964537191;5.43893576463031;5.45976009902143;85.4764249519918;84.9885806176376;3588.69675756696;3600.79161450249;14.4954442993844;0.95049504950495;47;47
96;28.4500000000007;0.920000000000016;29.6800000000003;NA;NA;-1547.86859550554;-1564.7691735649;5.19607095944941;5.36881707020126;87.2863188484152;84.8587092190699;3526.1750763072;3548.00488148611;33.8011561187327;0.227722772277228;48;48
97;27.6900000000005;0.860000000000014;28.7600000000002;NA;NA;-1561.22022705406;-1576.69711081394;5.20322703123416;5.3178775762553;87.4298695625939;85.9716715774023;3553.58623574653;3577.34914374362;30.9537675197516;0.336633663366337;48;48
98;28.8299999999999;1.08999999999997;30.0299999999988;NA;NA;-1531.18704768052;-1542.00461236346;6.02632732118185;5.89229513451885;75.9716323865901;76.8696410295306;3435.3988347332;3461.44323410505;21.635129365874;0.891089108910891;46;46
99;28.5599999999995;1.10000000000002;29.6699999999983;NA;NA;-1601.85781663435;-1617.74146378858;5.50623551435036;5.67612563547909;87.2612516773652;85.0436012266668;3632.17300139001;3653.05151451261;31.7672943084676;0.574257425742574;46;46
100;27.9099999999999;0.970000000000027;29.1799999999985;NA;NA;-1557.46123067141;-1567.33360058866;5.07025688224303;5.10157356617335;90.0877168640211;89.346506708254;3559.17497250036;3575.26455839758;19.7447398344943;0.98019801980198;48;48
101;27.6599999999999;0.799999999999955;28.6400000000012;NA;NA;-1593.89374772777;-1605.91711169964;5.15548921488128;5.22464539502231;91.6007493131723;90.5289733118842;3639.50127312527;3658.26271694212;24.0467279437553;0.653465346534653;48;48
102;28.5900000000001;1;29.7999999999993;NA;NA;-1582.52552275268;-1592.73758627045;5.25634741594495;5.29192178811612;89.225234524497;88.4851676351761;3605.97024959889;3622.73723069858;20.424127035531;0.920792079207921;49;49
103;27;1.03999999999996;28.2299999999996;NA;NA;-1574.48640174255;-1589.13338346312;5.19868572223466;5.2586624057865;89.7097137767199;88.6949892410182;3592.28613080429;3616.56568843254;29.2939634411377;0.178217821782178;49;49
104;26.5900000000001;0.860000000000014;27.75;NA;NA;-1528.99006754759;-1539.51846435618;5.2063045039193;5.25362730408069;85.2168033285989;84.3700666602459;3478.21255067177;3495.09380400112;21.0567936171815;0.792079207920792;48;48
105;29.4600000000009;0.779999999999973;30.6399999999994;NA;NA;-1484.9695093961;-1498.72504978152;5.34012643106759;5.56275486687463;78.9059230937639;76.3362093464944;3357.37128097124;3372.26493112064;27.5110807708538;0.623762376237624;46;46
106;28.0899999999983;1.11000000000001;29.4599999999991;NA;NA;-1559.08464316866;-1568.03716804439;5.21049359694693;5.27600708094599;87.7024872945434;86.7812072785402;3549.73621855709;3563.10782800958;17.9050497514681;0.831683168316832;47;47
107;28.9200000000001;1.18000000000001;30.3400000000001;NA;NA;-1616.44256758502;-1629.17720503123;5.26603229382705;5.39111487921809;92.6196477175827;90.9758964152851;3691.51389931573;3708.84373892725;25.469274892409;0.277227722772277;50;50
108;31.7199999999993;1.31;33.25;NA;NA;-1634.2654901347;-1646.8639184545;5.91784309888341;6.08679819236305;84.6294522204116;82.6391079789907;3686.73947156398;3702.10075866457;25.1968566395894;0.851485148514851;49;49
109;27.0200000000004;0.879999999999995;28.0499999999993;NA;NA;-1570.6092883764;-1585.42303280554;5.14490548093391;5.21435217519414;90.8432060170415;89.7498744588639;3590.13321741245;3614.35785266085;29.6274888582766;0.227722772277228;49;49
110;28.2600000000002;1.12;29.5400000000009;NA;NA;-1620.520130285;-1629.88487518285;5.12065735045788;5.14516138527837;95.2107638855382;94.4659569798508;3712.49956807394;3727.54096490989;18.7294897957095;0.851485148514851;50;50
111;28.2800000000007;0.800000000000011;29.3099999999995;NA;NA;-1581.36067927683;-1591.27357126567;5.12911833509844;5.16020048809558;91.0546636324812;90.4743187644588;3610.78370045964;3627.75371988551;19.8257839776816;0.821782178217822;47;47
112;29.1499999999996;0.989999999999952;30.4700000000012;NA;NA;-1568.0566774009;-1579.2825198191;5.23622237647069;5.27023450340123;88.1953882061911;87.5316024084952;3571.03416362031;3590.21249979431;22.4516848364146;0.841584158415842;48;48
113;29.0799999999999;1.04999999999995;30.4099999999999;NA;NA;-1572.12349063655;-1585.97034250318;5.15534712403616;5.19470556693797;90.611451812275;89.6599148384768;3592.93167384315;3615.91361028851;27.6937037332468;0.326732673267327;50;50
114;28.0699999999997;1.03000000000003;29.2800000000007;NA;NA;-1609.30832434433;-1620.9566176642;5.329784775488;5.39168364815402;90.8080219875572;89.6747739012587;3665.46531489009;3683.18540746297;23.2965866397431;0.653465346534653;47;47
115;28.5;0.920000000000016;29.5;NA;NA;-1577.01445343509;-1591.71912266137;5.21467321732641;5.33883316940674;89.1374088460807;87.5788326750852;3593.59513294868;3615.31861364063;29.4093384525636;0.099009900990099;48;48
116;28.6499999999996;1;30.0399999999991;NA;NA;-1583.36598694696;-1596.56592537672;5.22578631189624;5.26562846861392;91.4859264312528;90.6453350724369;3619.74684071599;3641.98432454611;26.3998768595161;0.643564356435644;50;50
117;28;0.970000000000027;29.1900000000005;NA;NA;-1622.0999369028;-1634.87204349925;5.12737608952767;5.15258629430234;95.570745824291;94.6068869308166;3717.44171963432;3738.21315055026;25.5442131929026;0.504950495049505;50;50
118;28.4399999999987;0.890000000000043;29.3899999999994;NA;NA;-1605.53265954235;-1618.24709366902;5.11284192929431;5.13305228822616;94.555027372354;93.9778005021858;3678.3224536189;3700.89887308315;25.4288682533379;0.485148514851485;49;49
119;28.3999999999996;1.02999999999997;29.6899999999987;NA;NA;-1585.27956319238;-1595.63132490227;5.19427000922491;5.22333970647313;90.1133600538656;89.3747420720827;3615.86712927081;3632.9206667377;20.7035234197747;0.811881188118812;49;49
120;26.8199999999997;1.08000000000004;28.1100000000006;NA;NA;-1525.90725601369;-1540.10139682375;5.06548630643983;5.12553059416223;86.5364676592618;85.4049895805436;3478.55463157506;3501.36321825688;28.3882816201258;0.148514851485149;48;48
121;27.2099999999991;0.930000000000007;28.2900000000009;NA;NA;-1555.38303827615;-1569.80517826223;5.18363616692908;5.3398592319819;87.6556150909504;85.961830433933;3540.19650263073;3560.74282398159;28.8442799721556;0.574257425742574;45;45
122;38.5999999999985;1.42000000000002;40.1900000000005;NA;NA;-1558.12265739889;-1577.99319481437;5.78106292580779;6.0438022504217;78.8633923530043;75.0351451871545;3505.14694657191;3526.00966066778;39.7410748309721;0.910891089108911;48;48
123;27.4200000000001;1.08000000000004;28.7999999999993;NA;NA;-1549.83874487058;-1561.35524234712;5.33838307199899;5.39713245674388;85.278286170527;84.3783441343904;3520.2130976715;3538.80817896258;23.0329949530833;0.742574257425743;48;48
124;27.8100000000013;0.919999999999959;29.0900000000001;NA;NA;-1559.29130905207;-1569.71963025662;5.3546494690004;5.44495976970785;85.143558807954;84.0212573158297;3539.33164032145;3554.64227006611;20.8566424091032;0.831683168316832;49;49
125;26.8099999999995;0.860000000000014;27.9699999999993;NA;NA;-1569.66277748066;-1588.18245743657;5.20977067466976;5.34244636163243;89.706994246084;87.8942042209064;3583.53160540708;3611.59449359404;37.0393599118111;0.0297029702970297;50;50
126;26.8100000000013;0.96999999999997;27.8700000000008;NA;NA;-1559.81965941472;-1570.65685102657;5.16634587438735;5.22983330197305;88.2022862133223;87.3585825510646;3554.59414401663;3572.10794371487;21.6743832236971;0.554455445544555;48;48
127;41.6900000000005;1.56;43.5099999999984;NA;NA;-1527.21225083133;-1557.04624479341;5.54550822860581;6.11355724819851;79.0661165042098;72.4079640871968;3442.64332197272;3469.61942883505;59.6679879241728;0.138613861386139;46;46
128;28.0399999999991;1;29.25;NA;NA;-1612.13335458558;-1627.18902173221;5.32044485065758;5.4733288021036;89.5342967812803;87.6934142277441;3664.84762064042;3685.90032888197;30.1113342932613;0.148514851485149;47;47
129;28.4499999999989;1;29.4400000000005;NA;NA;-1546.93576876235;-1564.36939681589;5.2105927241393;5.26470947830714;87.4501374401904;86.4554258374862;3525.11726681225;3555.07926898726;34.8672561070807;0.0396039603960396;48;48
130;27.3599999999988;1.30000000000001;28.7999999999993;NA;NA;-1568.35920983291;-1581.57592710444;5.15397952858789;5.21919019530724;88.8993619752944;87.7349377420056;3575.11075740747;3595.80202856025;26.4334345430666;0.435643564356436;48;48
131;28.5100000000002;0.930000000000007;29.7100000000009;NA;NA;-1630.85616518082;-1642.82042392001;5.19281852724916;5.30447756039379;96.7969806178792;95.3659116601019;3740.04839616343;3756.9050825704;23.9285174783981;0.396039603960396;49;49
132;29.3700000000008;1.10999999999996;30.630000000001;NA;NA;-1594.66654304465;-1607.31166326955;5.23561989615783;5.32663988051865;90.8439034485045;89.3033456947717;3638.25117320585;3655.92852810533;25.2902404498068;0.396039603960396;49;49
133;36.7399999999998;1.15999999999997;38.1700000000001;NA;NA;-1526.29746978469;-1562.29091164648;5.67439023316752;6.40001554473646;77.7964296849296;69.5340710229939;3435.41608333031;3466.7455023613;71.986883723589;0.722772277227723;47;47
134;28;0.919999999999959;29.0599999999995;NA;NA;-1570.73849668821;-1578.13755041768;5.09339961919464;5.11793639359006;91.2181831067598;90.49100475908;3592.24463673013;3603.44928881737;14.7981074589338;0.920792079207921;49;49
135;28.25;1.14999999999998;29.7100000000009;NA;NA;-1559.17832381332;-1568.83040646625;5.1146105665592;5.16954582402358;88.8586418463981;87.7943005825117;3556.54818086191;3570.60372520512;19.3041653058685;0.891089108910891;48;48
136;29.5100000000002;0.96999999999997;30.619999999999;NA;NA;-1593.26153640969;-1614.01166654959;5.25788936160841;5.55156860604613;90.1554880288087;86.685321882307;3632.94994956244;3657.26683622369;41.5002602798022;0.0594059405940594;50;50
137;29.7399999999998;1.02999999999997;31.0799999999999;NA;NA;-1530.25633241005;-1545.20407001263;5.17119689557896;5.26648866749882;86.1856102639571;84.6338154802471;3485.52258979356;3507.76564851551;29.8954752051504;0.346534653465347;48;48
138;28.8299999999999;0.949999999999989;30.2800000000007;NA;NA;-1551.78219680716;-1567.9575276155;5.08059553676194;5.14321271127949;89.811808371745;88.436483227871;3546.45630817989;3572.02478383278;32.3506616166719;0.099009900990099;48;48
139;28.2700000000004;1.21999999999997;29.6499999999996;NA;NA;-1576.19386928654;-1591.96281064987;5.28058218934031;5.37199153950877;88.6581352467021;87.4915493615585;3589.59050704086;3615.37556655258;31.53788272665;0.366336633663366;48;48
140;28.119999999999;1.19;29.5;NA;NA;-1505.47094095251;-1534.99626615492;5.29597625042976;5.9094561927245;81.4497883886974;74.4641455198481;3411.74049536746;3436.41615190959;59.0506504048108;0.128712871287129;47;47
141;27.0500000000011;0.949999999999989;28.1599999999999;NA;NA;-1515.30112965448;-1527.00560461525;5.04607164044007;5.08654944579519;87.1862860831849;86.1756532564547;3458.69154239178;3477.13823159903;23.4089499215333;0.801980198019802;46;46
142;29.1699999999983;1.26999999999998;30.5600000000013;NA;NA;-1575.30574433083;-1588.12683105693;5.27939420987763;5.38832139030027;87.2988919265917;85.838966198989;3580.19240634321;3598.65056840684;25.642173452201;0.445544554455446;47;47
143;42.0999999999985;1.49000000000001;43.8099999999995;NA;NA;-1559.81135778894;-1596.96069992885;5.88264509960827;6.74204496186513;79.2927509725665;68.7354987638832;3508.95432313281;3531.41633983136;74.2986842798182;0.366336633663366;46;46
144;27.2199999999993;0.799999999999955;28.2000000000007;NA;NA;-1564.72868117649;-1578.58267110293;5.17964725483666;5.24886661447564;88.6558628332605;87.4430825069077;3566.64892479387;3588.37628126967;27.7079798528753;0.0891089108910891;48;48
145;29.3500000000004;0.96999999999997;30.3700000000008;NA;NA;-1556.32609842832;-1564.76805287439;5.25790276384575;5.29630340572786;86.1866240392209;85.6070678208152;3538.55567447033;3552.57562376731;16.8839088921427;1;49;49
146;27.5799999999999;1.21000000000004;29.0100000000002;NA;NA;-1575.27211831029;-1586.60840600839;5.29802524888439;5.3485220490408;90.3399544864396;89.3118109552021;3596.04061543365;3613.64307293273;22.6725753961928;0.514851485148515;48;48
147;28.25;1.13;29.5699999999997;NA;NA;-1563.22074306874;-1574.56191626065;5.1376497047378;5.20817467863323;89.207296074251;88.0985870510136;3566.3523493951;3583.56728263024;22.6823463838164;0.544554455445545;48;48
148;28.3099999999995;0.889999999999986;29.7099999999991;NA;NA;-1510.3390833561;-1527.23768536842;5.02673262282405;5.07242104484735;87.1394869221708;86.1641686140351;3448.5376634354;3477.54600290274;33.7972040246523;0.0099009900990099;46;46
149;28.9899999999998;1.06999999999999;30.1799999999985;NA;NA;-1653.93973893369;-1662.57634287247;5.21922655955962;5.23375299892123;97.3431677163817;96.7082404215031;3788.91460500582;3803.05022922773;17.273207877563;0.920792079207921;49;49
150;37.2399999999998;1.46999999999997;38.9799999999996;NA;NA;-1518.0620456484;-1533.1495255274;5.31595782347219;5.50695037745924;81.6459225339528;79.1380049828621;3436.11265181219;3454.0011641884;30.1749597580119;0.722772277227723;45;45
151;30.5;1.06;31.9099999999999;NA;NA;-1596.19632673145;-1624.87028379121;5.41010623305937;5.994891603531;88.1649713949058;81.7278353182825;3627.1634668629;3652.76772084483;57.3479141195171;0.0792079207920792;48;48
152;28.9899999999998;1.06;30.1499999999996;NA;NA;-1559.8938976373;-1573.3932002988;5.28362969446576;5.39171457019184;87.3075404013598;85.8341387390356;3551.23044073563;3570.94802189856;26.9986053230159;0.346534653465347;49;49
153;28.9600000000009;0.939999999999998;30.1399999999994;NA;NA;-1550.49183616503;-1562.19018081523;5.36874192730561;5.4172817905276;84.9933435376686;84.0531520265582;3519.21943349454;3537.98962269597;23.3966893004053;0.831683168316832;47;47
154;27.7700000000004;0.889999999999986;28.7900000000009;NA;NA;-1579.38189349252;-1592.09821239463;5.17188504077637;5.20233705900874;89.6986986190141;88.9637624225905;3600.15368801607;3621.96984732062;25.4326378042138;0.316831683168317;47;47
155;27.5799999999999;1;28.7099999999991;NA;NA;-1548.16037066184;-1556.20207738435;5.19041171876738;5.23139106036739;87.5934775900758;86.9020693844471;3527.35125792754;3540.03238567441;16.0834134450238;0.891089108910891;47;47
156;29.0200000000004;1.25;30.5599999999995;NA;NA;-1537.94404126111;-1548.50240870275;5.22550344639599;5.29862237543938;85.8316187880537;84.6274314670954;3499.15235772707;3514.33084420243;21.116734883266;0.633663366336634;48;48
157;27.3600000000006;1.06999999999999;28.8299999999999;NA;NA;-1511.0972841026;-1522.33197371084;5.14887247961725;5.18610837874874;84.2632123680932;83.5923986276361;3436.83749547532;3456.00593036298;22.4693792164921;0.633663366336634;47;47
158;29.2899999999991;0.879999999999995;30.5799999999999;NA;NA;-1505.68073443944;-1517.89338792126;5.23920333336589;5.29897998334826;82.0459310626824;81.1266172105096;3415.09358483268;3434.99512660825;24.4253069636334;0.782178217821782;47;47
159;28.7200000000012;1.09999999999997;30.0299999999988;NA;NA;-1565.64225060766;-1580.32359886332;5.03807778166736;5.10015010234294;91.5786264812519;90.116385901377;3582.88918383884;3605.04108544784;29.3626965113303;0.108910891089109;48;48
160;30.0799999999999;0.939999999999998;31.4799999999996;NA;NA;-1609.28309621116;-1612.51927349151;5.64244610956732;5.550780830456;85.4787131696147;86.519825270183;3640.97142765135;3652.5885859349;6.47235456069347;0.95049504950495;49;49
161;28.0900000000001;0.979999999999961;29.25;NA;NA;-1529.11663038853;-1543.43248168966;5.20596051930752;5.30636837829724;85.2469991311264;83.8238259918595;3478.61458190444;3500.22814415484;28.6317026022612;0.277227722772277;48;48
162;29.5900000000001;1.08999999999997;31.0500000000011;NA;NA;-1589.14294496869;-1579.8878611603;6.08938763380575;5.60910589616215;76.5614813648982;83.1764366164625;3555.03009250353;3569.07083687058;-18.5101676167842;1;47;47
163;28.869999999999;0.879999999999995;30.1099999999988;NA;NA;-1658.60945526672;-1669.73254881959;5.18228060493723;5.2072920787133;97.7603844980954;96.9846795758301;3801.30328603747;3819.70838112215;22.2461871057271;0.683168316831683;50;50
164;26.9300000000003;0.829999999999984;28.0100000000002;NA;NA;-1545.7131345656;-1556.81867476426;5.23143593913208;5.28192956012429;87.249504641663;86.2460075170597;3521.68261132285;3538.94511345595;22.2110803973023;0.722772277227723;48;48
165;30.5299999999988;0.949999999999989;31.6399999999994;NA;NA;-1621.03338029443;-1647.99795453508;5.36870631316575;5.85226863569665;92.3870669538115;86.7392686548869;3699.54384438505;3725.50654279003;53.9291484812993;0.108910891089109;50;50
166;26.5900000000001;1.07999999999998;27.880000000001;NA;NA;-1509.27628923268;-1520.81637829859;5.08860852211117;5.20704696647478;84.1836478617438;82.6677889530933;3431.89874882576;3447.53597941834;23.08017813182;0.495049504950495;46;46
167;26.8999999999996;1.13999999999999;28.3299999999999;NA;NA;-1524.93503635105;-1541.34930110866;5.16322637652272;5.40951357571649;84.3112200479251;81.455583786653;3462.91609503399;3481.75468111968;32.8285295152214;0.386138613861386;45;45
168;31.7700000000004;1.00999999999999;33.1899999999987;NA;NA;-1582.69708240429;-1603.53399727984;5.43209780729298;5.82797193840623;87.2377908155946;82.5590985742119;3595.59274222575;3614.19438356404;41.6738297511115;0.465346534653465;48;48
169;27.6999999999989;0.850000000000023;28.8099999999995;NA;NA;-1505.03546903541;-1518.99182893676;5.19803260624188;5.32981629014721;82.6225579318693;81.0707567602818;3416.64052302518;3436.91713019645;27.9127198026927;0.584158415841584;47;47
170;27.9500000000007;0.939999999999998;29.4200000000001;NA;NA;-1487.95132764541;-1500.23692977847;5.15933294487552;5.20654850957035;81.1026052515328;80.3385631473016;3372.31816635045;3393.15486492122;24.5712042661321;0.693069306930693;44;44
171;38.5;1.53999999999996;40.3299999999999;NA;NA;-1535.41616708116;-1565.70514522565;5.33440106178324;5.91746693799057;82.8921052720817;75.3395766231679;3477.83696199213;3501.33160254393;60.5779562889916;0.445544554455446;46;46
172;28.7400000000016;0.910000000000025;29.8700000000008;NA;NA;-1527.81064424548;-1539.50027894279;5.22860574577426;5.27331274430574;84.1458360603975;83.2714757599933;3468.78180090378;3487.86791490698;23.3792693946175;0.752475247524752;46;46
173;34.1100000000006;0.990000000000009;35.5900000000001;NA;NA;-1567.53113926697;-1610.36958789108;5.17683751026354;6.04876707248192;88.7955967729521;77.4250210172578;3573.85836648808;3603.34594421245;85.6768972482078;0.138613861386139;49;49
174;30.0200000000004;0.980000000000018;31.1100000000006;NA;NA;-1647.34571872767;-1659.48975444116;5.4988882787644;5.52691630025343;91.4791205115112;90.8097935394559;3745.80542302858;3766.79282041839;24.2880714269786;0.920792079207921;48;48
175;30.1399999999994;1.35999999999996;31.75;NA;NA;-1594.5322824751;-1606.85070698913;5.18730511810911;5.26999578326697;91.5124099158014;90.3748407922624;3641.28617198533;3660.30156117388;24.6368490280774;0.613861386138614;49;49
176;33.6099999999988;1.28000000000003;34.9699999999993;NA;NA;-1648.83760857108;-1669.07608742537;5.65332402409638;5.99961183848755;88.482319221626;84.0026377852388;3734.9231994586;3753.26317334136;40.4769577085899;0.752475247524752;49;49
177;31.6299999999992;0.920000000000016;32.7999999999993;NA;NA;-1549.30767202691;-1560.76776489055;5.1989435739048;5.28853025863461;86.8171670740222;85.5534865191902;3526.73968582655;3543.4282422116;22.9201857272878;0.792079207920792;48;48
178;48.1499999999996;1.29999999999995;50.1999999999989;NA;NA;-1623.39706969713;-1638.7781974008;5.99719137935258;6.23605869350795;80.0350435820305;77.3687807368651;3642.29870605461;3659.88524387645;30.7622554073378;0.910891089108911;49;49
179;31.6500000000015;0.970000000000027;32.7900000000009;NA;NA;-1598.58960664198;-1612.2478849742;5.16490584312677;5.2347075416065;91.3210377362494;90.1717227591813;3647.51364008575;3669.16254213037;27.3165566644457;0.366336633663366;48;48
180;33.0500000000011;1.19;34.6899999999987;NA;NA;-1593.9730219018;-1605.71775620206;5.09000865336498;5.13864686637735;93.2212719308779;92.3071481487832;3646.66984498519;3665.66108772602;23.4894686005182;0.633663366336634;47;47
181;33.2899999999991;1.38999999999999;34.6699999999983;NA;NA;-1584.22116998938;-1600.91636672162;5.15207710414907;5.22991267567984;91.2950362608184;90.0059175017005;3619.58976413888;3646.60979365551;33.3903934644632;0.148514851485149;49;49
182;32.6499999999996;1.06;33.8999999999996;NA;NA;-1616.18129085648;-1630.13438609095;5.24821751497464;5.2602705856034;93.7362079723232;93.2267313060675;3695.57340356352;3720.96194252517;27.9061904689515;0.237623762376238;49;49
183;32.4300000000003;1.20000000000005;34.0699999999997;NA;NA;-1582.72982021364;-1598.51281416698;5.34160396499734;5.42437515898329;89.3025814106878;88.0337936757457;3606.76106517486;3632.05715778525;31.5659879066657;0.366336633663366;49;49
184;32.9500000000007;1.10999999999996;34.5300000000007;NA;NA;-1579.29737437049;-1593.18437427832;5.25504564403761;5.33090703379517;88.9580463120911;87.636336876745;3598.19360422924;3619.43618862883;27.7739998156594;0.534653465346535;49;49
185;30.8700000000008;1.06999999999999;32.2899999999991;NA;NA;-1536.37436456956;-1548.56267951108;5.16549572442588;5.27089398839027;85.3765489023407;83.9837506512058;3491.01386519682;3508.56708797917;24.3766298830324;0.405940594059406;45;45
186;30.3500000000004;1.16999999999996;31.8099999999995;NA;NA;-1600.89485684609;-1618.61550279994;5.17440809042118;5.32321835692316;92.4657789019306;90.3961406594742;3658.72252935357;3683.9364091229;35.4412919077076;0.0594059405940594;49;49
187;31.2199999999993;1.06;32.5599999999995;NA;NA;-1575.44075142147;-1588.69863259275;5.25613146465167;5.37276306947919;88.762160855284;87.1195160807085;3588.59725620417;3607.0125905256;26.5157623425657;0.633663366336634;48;48
188;29.6700000000001;0.939999999999998;31.1499999999996;NA;NA;-1553.20702798475;-1566.84654051086;5.24851958967178;5.32919159796349;86.6115526499873;85.1976657811058;3532.61271036355;3552.93427232286;27.2790250522321;0.198019801980198;47;47
189;29.7099999999991;1.16000000000003;31.0599999999995;NA;NA;-1563.75515806111;-1576.75302447252;5.35349431601691;5.42656628296539;85.0994972783825;84.0470960523136;3546.26843925884;3567.0855097357;25.9957328228129;0.900990099009901;47;47
190;29.75;0.860000000000014;30.8500000000004;NA;NA;-1616.64663624218;-1623.98791736278;5.22053927279789;5.22533975346373;93.4124568744803;92.8786359845447;3695.84782443847;3707.88704241029;14.6825622411984;1;50;50
191;28.7600000000002;1.04999999999995;29.9799999999996;NA;NA;-1541.12868628604;-1552.36988862995;5.10722465941819;5.16341401462986;87.5432176386528;86.5703779241948;3513.04056970167;3530.73581881315;22.4824046878148;0.564356435643564;47;47
192;28.380000000001;0.849999999999966;29.5600000000013;NA;NA;-1544.91517529525;-1556.26526477026;5.07309373784786;5.12544604704475;89.0808273267701;88.1464090330556;3528.17982681346;3546.28191454773;22.7001789500227;0.683168316831683;47;47
193;28.4700000000012;0.879999999999995;29.75;NA;NA;-1602.48995204824;-1616.30091900461;5.2049759234217;5.24618505366435;92.4732341226929;91.5897179711313;3660.99619470659;3684.26121646035;27.6219339127401;0.683168316831683;48;48
194;28.5200000000004;1.07000000000005;29.7800000000007;NA;NA;-1568.41838124473;-1583.21688105401;5.44655422330463;5.48749673462632;85.2714672080359;84.1823646957333;3556.44111630053;3580.6788536609;29.5969996185586;0.524752475247525;47;47
195;32.1900000000005;1.19;33.6800000000003;NA;NA;-1619.86610879121;-1638.54911082503;5.73474660290387;5.92486584708799;85.4608258889535;82.7992570147632;3662.91233029277;3687.09892725254;37.3660040676532;0.801980198019802;50;50
196;26.6399999999994;0.920000000000016;27.5799999999999;NA;NA;-1475.22073290136;-1486.6255887228;5.04782198325088;5.0865317550552;82.678836687885;81.876592384036;3356.39893358691;3375.26958320158;22.8097116428908;0.445544554455446;46;46
197;28.1700000000001;0.920000000000016;29.3900000000012;NA;NA;-1559.2812365;-1568.44091367516;5.26051901646886;5.28574036221642;87.8109121442055;86.9110009523325;3552.49260161983;3566.3649166478;18.3193543503094;0.940594059405941;49;49
198;28.3600000000006;0.909999999999968;29.6700000000001;NA;NA;-1602.20808344932;-1612.77729272166;5.19770487239947;5.23876915521365;91.6229277035606;90.6999903656842;3656.23931359188;3672.82642098932;21.1384185446782;0.693069306930693;48;48
199;29.75;1.19;31.3700000000008;NA;NA;-1624.11629310752;-1634.0916481027;5.39092328924298;5.45784017424295;91.8055576665732;90.8471077294828;3701.90282461149;3717.11721773277;19.9507099903512;0.930693069306931;49;49
200;28.4599999999991;1.06;29.7799999999988;NA;NA;-1498.20200738572;-1515.10398850441;5.26892145461365;5.42463672831523;81.770941579537;80.0833663086125;3397.90366948081;3423.42154774404;33.8039622373708;0.178217821782178;46;46
201;28.9400000000005;0.859999999999957;30.2199999999993;NA;NA;-1602.1524239338;-1616.3003003882;5.39477742812534;5.47823409107071;88.8568134574692;87.8538638827434;3643.40344678692;3666.74298152951;28.2957529087926;0.564356435643564;49;49
202;39.4200000000001;1.33999999999997;41.1299999999992;NA;NA;-1522.60788868004;-1585.67080664791;5.3044111523637;6.74419395181939;83.2593933085891;65.8507043756547;3454.91910570459;3495.38015939166;126.125835935745;0.0198019801980198;47;47
203;28.6700000000001;1.19;30.1599999999999;NA;NA;-1586.33064498229;-1602.1191104757;5.39534968726642;5.53372081251236;87.8002213473952;86.3558563722247;3607.4254895765;3631.85029528686;31.5769309868247;0.584158415841584;50;50
204;27.3000000000011;0.939999999999998;28.5799999999999;NA;NA;-1611.08098047934;-1621.51137861299;5.15578808993197;5.21661202170209;94.0595457936677;93.1588588455992;3686.97060270402;3703.38052613927;20.8607962673095;0.782178217821782;49;49
205;27.6099999999988;0.850000000000023;28.9400000000005;NA;NA;-1547.16931542282;-1560.75743968123;5.10200619616328;5.17027122367134;89.7230123679352;88.5576535972018;3537.71767504732;3559.13513722513;27.1762485168256;0.613861386138614;49;49
206;28.25;1.30000000000001;30.2099999999991;NA;NA;-1548.896616149;-1566.01190133257;5.27824571395113;5.38112999927587;86.9916200542374;85.4205275724435;3527.67471236952;3554.1415054788;34.2305703671568;0.0594059405940594;49;49
207;28.8000000000011;1;30.3399999999983;NA;NA;-1602.37256838006;-1612.1048192613;5.2490815999106;5.31000785557294;90.2081845856774;89.2023364014137;3650.52172857527;3665.0156882797;19.4645017624935;0.96039603960396;49;49
208;30.5;0.919999999999959;31.7799999999988;NA;NA;-1655.81774352061;-1668.54438822519;5.27850152613516;5.38414539485724;96.6960443752485;95.1288228141431;3790.4495229661;3808.14233276402;25.4532894091562;0.217821782178218;50;50
209;30.6200000000008;1.10999999999996;32.3600000000006;NA;NA;-1630.22414317489;-1644.81442768525;5.37237227908378;5.51452304808806;91.8434108399139;90.1658881700838;3714.30558159342;3735.19643342403;29.1805690207284;0.475247524752475;49;49
210;29.2299999999996;0.980000000000018;30.5799999999999;NA;NA;-1561.34064015583;-1576.65638498702;5.35650553534602;5.47850498115777;85.8462496325231;84.0597367396957;3545.11402696861;3566.95443313595;30.631489662374;0.801980198019802;47;47
211;29.1700000000001;1.08000000000004;30.5599999999995;NA;NA;-1621.16753084534;-1629.60177017544;5.22163694561872;5.24693385005156;93.3109015494273;92.6490924714205;3703.44417127924;3717.0422261239;16.8684786602066;1;49;49
212;28.5100000000002;1.08999999999997;29.9699999999993;NA;NA;-1578.79400114371;-1591.3431209236;5.23272662773338;5.28997488097799;90.6276370289899;89.7417940672878;3604.50303945251;3625.23289257821;25.0982395597948;0.396039603960396;48;48
213;41.7199999999993;1.42000000000002;43.5499999999993;NA;NA;-1626.6022170769;-1652.83758302081;6.86221209487855;7.43173530362835;70.6856596855025;65.3486902507928;3601.77894476671;3627.93130434058;52.4707318878172;0.841584158415842;48;48
214;28.8600000000006;0.930000000000007;30.1899999999987;NA;NA;-1597.24034130548;-1610.13143706337;5.23655650323985;5.31328336116004;91.5264775825036;90.1620583911919;3645.82820166069;3664.88198809406;25.7821915157951;0.366336633663366;48;48
215;28.7600000000002;1.03000000000003;30.3500000000004;NA;NA;-1614.07050618526;-1623.22087431111;5.05899170971815;5.09169010967704;95.7023229162526;94.9268613392456;3700.08101439465;3714.55769155278;18.3007362516914;0.702970297029703;48;48
216;29.1299999999992;1;30.6100000000006;NA;NA;-1597.511687415;-1616.67772106945;5.17727824844779;5.29942304028986;92.697616633044;90.9768133230293;3654.03822106756;3683.84931129592;38.332067308902;0.0891089108910891;50;50
217;28.8500000000004;1.07999999999998;30.1700000000001;NA;NA;-1548.71733971161;-1557.11253023822;5.42782243283369;5.48642559020388;83.0852995078734;82.3038822098938;3507.15594034009;3520.0928926577;16.7903810532212;0.97029702970297;48;48
218;28.5599999999995;0.920000000000016;29.9200000000001;NA;NA;-1534.12917802329;-1545.41237075727;5.21203980268319;5.31379448499418;85.0253294073772;83.7679525717214;3486.65151347303;3503.03059137028;22.5663854679615;0.623762376237624;47;47
219;28.6900000000005;1.05000000000001;30.4500000000007;NA;NA;-1567.30038160734;-1579.40036896525;5.16377500175437;5.22747803308708;89.0131443218424;88.0601258091305;3572.61718449585;3592.12753992529;24.1999747158134;0.683168316831683;47;47
220;28.8999999999996;0.829999999999984;30.1500000000015;NA;NA;-1577.99494708832;-1588.58829411374;5.36855765819077;5.3923641588779;87.2874695576724;86.7030078183513;3587.33335670505;3605.63184983047;21.186694050843;0.98019801980198;49;49
221;28.6899999999987;0.910000000000025;29.8899999999994;NA;NA;-1598.14084038499;-1615.92266286598;5.10934850033886;5.17311138114443;92.6906598842329;91.5460138641047;3653.37017016498;3683.28918468753;35.563644961966;0.0693069306930693;48;48
222;29.3299999999999;1.05000000000001;30.7299999999996;NA;NA;-1613.51362194324;-1636.5402410587;5.194019980808;5.47700424735145;93.8422843919059;90.0404317753548;3689.79477696527;3717.09981476724;46.0532382309257;0.0693069306930693;48;48
223;29.5900000000001;0.970000000000027;31.1200000000008;NA;NA;-1643.48988369375;-1658.96684419101;5.20521772907053;5.26837287629513;97.6148583942878;96.4917535839178;3770.34353491271;3795.73612865238;30.9539209945151;0.099009900990099;50;50
224;27.3299999999999;0.960000000000036;28.5499999999993;NA;NA;-1484.52664791822;-1498.2932848699;5.20358594781486;5.27174595151315;80.5818813797948;79.611783194662;3364.71460197842;3387.48464240493;27.5332739033552;0.554455445544555;46;46
225;28.2800000000007;1.25999999999999;29.8700000000008;NA;NA;-1581.25092880298;-1594.01067240777;5.26393339110546;5.32056634977449;88.8081741800667;87.8020877680417;3599.50966056841;3620.07839165031;25.5194872095717;0.603960396039604;47;47
226;29.4400000000005;1;30.75;NA;NA;-1556.48966017781;-1573.03888012668;5.54012258374854;5.65197562966462;83.0468454222792;81.7583034432096;3522.51095137971;3549.25516197894;33.0984398977484;0.376237623762376;48;48
227;28.6299999999992;1.13999999999999;30.0499999999993;NA;NA;-1571.09767118383;-1586.18828464925;5.28249098093615;5.4734387294806;87.3295892813111;85.0492313828831;3572.84660856789;3591.78263184634;30.1812269308348;0.188118811881188;48;48
228;27.6599999999999;0.930000000000007;28.9000000000015;NA;NA;-1505.38294671459;-1517.37194247943;5.22771150541583;5.34190645990488;82.6323072358838;81.4906594133043;3415.58681525296;3433.97180158412;23.9779915296708;0.693069306930693;45;45
229;28.1099999999988;0.810000000000002;29.4099999999999;NA;NA;-1515.16662383919;-1526.28097797437;5.26601970198939;5.43752825941794;82.506919253252;80.8399819048448;3435.44659175175;3449.49054934075;22.2287082703551;0.821782178217822;46;46
230;28.0100000000002;1.29999999999995;29.8700000000008;NA;NA;-1546.75248277569;-1557.63093389922;5.13265547958619;5.19746054572587;87.4344193288553;86.2871007777531;3524.6731836013;3540.77227626933;21.7569022470498;0.613861386138614;48;48
231;27.7800000000007;1.01999999999998;29.25;NA;NA;-1520.01828560484;-1531.68348266629;5.11313882960498;5.14553248600883;84.8418734897542;84.1123126849108;3455.68229845937;3475.43852785878;23.3303941229001;0.603960396039604;45;45
232;42.7099999999991;1.37;44.6099999999988;NA;NA;-1686.54497555346;-1729.5528689068;7.42810125561968;8.45796020450412;68.9339305462861;60.3461807699862;3714.43311266319;3757.92456286292;86.01578670667;0.633663366336634;50;50
233;26.7299999999996;0.970000000000027;28.0900000000001;NA;NA;-1459.58441089382;-1473.70121273348;5.40800421875277;5.55811944004822;75.4754534267152;73.9300527315649;3288.92786220811;3309.59044972045;28.2336036793276;0.653465346534653;45;45
234;27.630000000001;0.890000000000043;28.869999999999;NA;NA;-1536.54613663951;-1546.49440689599;5.18863979445623;5.21588334538384;85.8848919601877;85.1578407964752;3495.71517133667;3512.03403406683;19.8965405129711;0.772277227722772;47;47
235;30.3899999999994;1.08999999999997;31.8900000000012;NA;NA;-1623.08609582344;-1636.96900200032;5.56872794621922;5.78739980617512;88.9274772403109;86.0515694722477;3685.61998571323;3699.17409023681;27.7658123537567;0.772277227722772;49;49
236;29.1200000000008;1.19;30.8400000000001;NA;NA;-1580.07495177985;-1594.05175614687;5.2503543597471;5.30698447548739;89.8987562147547;88.972116288396;3605.30551014035;3628.6706353862;27.9536087340316;0.653465346534653;50;50
237;29.4800000000014;1.06;31.0299999999988;NA;NA;-1618.09020972856;-1629.29802890101;5.61961262278807;5.62109768240958;87.056496269354;86.9956915609909;3665.48497313576;3687.6007632292;22.4156383449072;0.910891089108911;48;48
238;28.7000000000007;0.92999999999995;29.9499999999989;NA;NA;-1582.47598274704;-1594.99105834226;5.09212570040261;5.13909640506286;92.2613466311863;91.3999322419997;3619.92336837187;3640.70559854859;25.0301511904331;0.287128712871287;48;48
239;27.5300000000007;0.990000000000009;28.8100000000013;NA;NA;-1594.22938160229;-1615.62121885975;5.14003711622789;5.32526521896978;92.2745836929778;89.9004654948546;3645.37885871402;3676.40650821726;42.7836745149207;0.0099009900990099;50;50
240;29.1900000000005;1.05000000000001;30.8799999999992;NA;NA;-1531.23801449618;-1544.77492104084;5.25089411548355;5.33119840204325;83.8150632223045;82.5552719730934;3473.09134752043;3493.99336325989;27.0738130893242;0.683168316831683;45;45
241;27;0.979999999999961;28.3299999999999;NA;NA;-1541.02953949113;-1553.66068267316;5.25796845312821;5.35987124572685;85.0267805088745;83.9355867279112;3501.35442879918;3521.23567550294;25.2622863640763;0.554455445544555;48;48
242;30.1700000000001;1.19999999999999;31.7000000000007;NA;NA;-1558.6599441274;-1569.91358530009;5.34016060414727;5.47514811722498;86.1340453203376;84.3084615274931;3542.07552933153;3555.58025047844;22.5072823453979;0.683168316831683;48;48
243;29.6099999999988;1.10000000000002;31;NA;NA;-1630.07939266933;-1647.53745831345;5.46303754927306;5.56818619726343;91.828500497778;90.5561794419758;3714.86999116257;3743.48591458133;34.9161312882425;0.306930693069307;50;50
244;28.5400000000009;1.06;30.0799999999999;NA;NA;-1540.89298527808;-1551.10532454838;5.24275646783414;5.2860663816831;85.8246817766377;85.1930962302841;3505.01603704922;3522.32615708234;20.4246785405962;0.415841584158416;48;48
245;29.3299999999999;0.860000000000014;30.5499999999993;NA;NA;-1611.44512935914;-1623.71136108616;5.18722533212842;5.31346759133986;92.2009791741734;90.5683138536245;3679.44588350982;3695.89380662411;24.532463454042;0.702970297029703;50;50
246;29.0599999999995;0.919999999999959;30.2600000000002;NA;NA;-1630.52190159635;-1645.83035731849;5.11188165536618;5.20496051999634;97.3425041096613;95.6930189377408;3743.05894208407;3765.50802559423;30.616911444271;0.277227722772277;50;50
247;29.8000000000011;0.819999999999993;31.0500000000011;NA;NA;-1592.53253345236;-1605.82844656397;5.30235589472762;5.40572536720692;90.4229770216788;88.7712264180017;3632.81648060345;3651.22926105497;26.5918262232276;0.653465346534653;50;50
248;27.9500000000007;1.21999999999997;29.6700000000001;NA;NA;-1563.84366452029;-1574.87387681491;5.08258517544394;5.1200510441869;90.7766755788299;89.8987618702608;3575.33732489184;3593.06846483286;22.0604245892346;0.673267326732673;48;48
249;28.2900000000009;0.779999999999973;29.5;NA;NA;-1542.2025155198;-1552.75141470577;5.0886860758268;5.14323824057662;88.4705141651138;87.3984089906238;3519.75127454938;3535.57345126628;21.0977983719395;0.425742574257426;47;47
250;27;1.06999999999999;28.7000000000007;NA;NA;-1545.42583766098;-1557.28538592407;5.10619849204086;5.16567474032536;87.5267793427884;86.5056348928234;3520.61279834596;3539.31802153097;23.7190965261952;0.396039603960396;46;46
