1;63.9700000000012;1.38999999999987;65.4099999999889;NA;NA;-1793.67457013326;-1875.59251904377;4.78897214389956;4.96858088228329;163.633225978393;159.54847494926;4340.90799397926;4485.93291814374;163.835897821028;0.0891089108910891;100;100
2;62.4899999999907;1.38999999999987;64.0599999999977;NA;NA;-1791.18516650241;-1881.99548950806;4.77883099174677;4.95193044296983;162.537462687097;158.582783165075;4330.88301027759;4494.29168405893;181.620646011299;0.0198019801980198;100;100
3;64.8300000000017;1.11000000000013;66.2200000000012;NA;NA;-1793.54389901993;-1889.5402761034;4.83206000110975;5.01357406484003;161.900574273586;157.856490536316;4332.66749577892;4506.03655608935;191.992754166943;0.0099009900990099;100;100
4;73.3100000000122;1.50999999999976;75.0599999999977;NA;NA;-1801.28435399913;-1880.31952270785;4.74505203314654;4.8402982722934;168.014288417109;165.311259661586;4376.30309983674;4521.92552981738;158.070337417441;0.257425742574257;100;100
5;60.9200000000128;1.07000000000016;62.1900000000023;NA;NA;-1797.17516277655;-1874.46353050537;4.7914352372272;4.9155413085008;161.660747808283;158.545818805011;4338.82558160434;4479.05753888465;154.576735457653;0.386138613861386;100;100
6;61.3600000000006;1.1899999999996;62.6399999999994;NA;NA;-1766.48976745999;-1848.50492173613;4.8028715088644;5.09684855817794;157.92586520936;151.340534943825;4259.46141698585;4393.19825132484;164.03030855228;0.237623762376238;99;99
7;66.4599999999919;1.39000000000033;67.9600000000064;NA;NA;-1792.93151358959;-1878.5435610726;4.809025495414;5.11549700943813;162.311596876722;154.629973999646;4333.33555395599;4469.18446826848;171.224094966009;0.445544554455446;100;100
8;66.6499999999942;1.25;68.1199999999953;NA;NA;-1807.92259312688;-1876.35447896309;4.75882797052925;4.8593106553062;168.580576462588;165.738855207122;4392.18743091595;4515.96459258581;136.86377167242;0.584158415841584;100;100
9;59.8899999999994;1.48000000000002;61.4499999999971;NA;NA;-1781.77944316533;-1862.56063386003;4.79969538077193;4.93415790516781;160.743441142201;157.426328912139;4303.80978907186;4450.0963041158;161.562381389404;0.158415841584158;100;100
10;59.9099999999889;1.21000000000004;61.25;NA;NA;-1773.52824385152;-1859.25818761481;4.83799607736877;5.0079063283538;158.432647650241;154.825704295273;4275.86964248957;4430.73706751136;171.459887526576;0.0396039603960396;99;99
11;63.8899999999994;1.31999999999971;65.4499999999971;NA;NA;-1783.80480497169;-1877.40082619451;4.74552604595083;4.87142928367134;165.132197614685;161.981491647764;4328.07148314522;4500.75398840718;187.192042445644;0.0198019801980198;100;100
12;64.25;1.39000000000033;65.8199999999924;NA;NA;-1792.81586076495;-1873.4332995471;4.80789046100581;4.98016944978131;161.27919310588;157.213056074698;4328.34985324131;4470.85947777747;161.234877564301;0.326732673267327;100;100
13;64.0299999999988;1.40999999999985;65.5299999999988;NA;NA;-1783.13697685171;-1866.22098130376;4.75252304707962;4.92106308508406;163.310262039629;159.310340666435;4318.34550351423;4466.09319376419;166.168008904092;0.099009900990099;100;100
14;63.5899999999965;1.42000000000007;65.1999999999971;NA;NA;-1787.3919595217;-1866.20463225424;4.7875543573163;4.91415232774876;161.653051115584;158.457982591179;4319.22373051491;4462.1352416692;157.62534546508;0.217821782178218;100;100
15;59.7200000000012;1.10999999999967;60.9400000000023;NA;NA;-1792.3255050848;-1870.98624883714;4.78307765458266;4.91141647170948;162.176337600324;158.896605541173;4331.50064495935;4473.7184081672;157.321487504684;0.207920792079208;100;100
16;61.5299999999988;1.2800000000002;62.9700000000012;NA;NA;-1808.64317913456;-1876.35088653808;4.77296770887564;4.90339066905868;166.019944109421;162.704560107081;4381.83645516124;4501.98396240559;135.415414807032;0.584158415841584;100;100
17;66.679999999993;1.42000000000007;68.2899999999936;NA;NA;-1783.96743012876;-1866.36506740295;4.80080479367082;4.98436480213007;163.340710706497;159.126258995431;4320.14663136118;4465.53363853948;164.795274548393;0.0792079207920792;100;100
18;63.9499999999971;0.9699999999998;65.2000000000116;NA;NA;-1805.1757722845;-1889.04629573422;4.8064509464897;5.1521732472636;160.99416221749;152.92623823568;4351.75706053112;4482.34394444671;167.74104689944;0.683168316831683;100;100
19;60.7599999999948;0.950000000000273;61.9199999999983;NA;NA;-1777.33140507118;-1866.43205170823;4.83086740878894;4.99295444826446;159.507180405128;155.667162754228;4289.22052179508;4449.73788026957;178.20129327409;0.0297029702970297;100;100
20;63.1499999999942;1.04999999999973;64.3800000000047;NA;NA;-1788.23079600843;-1868.20282735194;4.7788772408324;4.97558891668203;162.884688242773;158.502194079772;4326.57330206644;4466.33523329375;159.944062687033;0.188118811881188;100;100
21;61.25;1.38000000000011;62.75;NA;NA;-1783.32726078299;-1867.20658218193;4.80107853887991;4.97061753396377;161.571718021584;157.734895289087;4309.90785528258;4460.01655710238;167.758642797879;0.0792079207920792;99;99
22;61.320000000007;1.29999999999973;62.7900000000081;NA;NA;-1783.94401359598;-1868.75226809213;4.77883561588691;4.95107063611471;163.452985483033;159.460454403949;4320.61684274917;4471.84706664944;169.616508992305;0.099009900990099;100;100
23;63.4499999999971;1.20000000000027;64.8500000000058;NA;NA;-1796.28051562512;-1872.43242437222;4.76330920371054;4.91362824010513;164.827671212003;161.222387646164;4351.6205085416;4487.32138164636;152.303817494202;0.257425742574257;100;100
24;65.5;1.25;66.9600000000064;NA;NA;-1797.53092361342;-1874.82618211097;4.78852863470682;4.97836817979338;165.491498818795;160.689895703392;4357.17836362165;4489.65668110473;154.590516995087;0.227722772277228;100;100
25;64.8300000000017;1.5;66.6399999999994;NA;NA;-1797.70655026318;-1871.0867748955;4.75275945261265;4.86651526137486;165.695226055041;162.781269762653;4358.46781551559;4491.80900013925;146.760449264638;0.316831683168317;100;100
26;63.6900000000023;1.10999999999967;64.9200000000128;NA;NA;-1791.89064819843;-1867.46515283111;4.74467814698602;4.9121961926998;164.602064580841;160.589140716191;4341.80181675664;4474.47062868187;151.149009265358;0.346534653465347;100;100
27;63.3600000000006;1.25;64.75;NA;NA;-1807.03633120074;-1883.83185320198;4.76590253411359;4.97543416781933;163.206716725933;158.673186065024;4365.66736842074;4498.38073218635;153.59104400249;0.594059405940594;100;100
28;60.8500000000058;1.30999999999995;62.25;NA;NA;-1763.52264261756;-1856.77971878887;4.84081649624928;4.97023563248785;160.369941271265;157.11437722416;4265.57615750621;4437.09788336053;186.514152342634;0.0297029702970297;100;100
29;58.6200000000099;1.48999999999978;60.3499999999913;NA;NA;-1769.85912966735;-1855.55494346214;4.82681474357241;4.99661452372256;156.270888534811;152.653535855256;4258.58700869612;4413.3382893783;171.391627589596;0.188118811881188;99;99
30;65.75;1.09999999999991;67.1399999999994;NA;NA;-1793.44554933479;-1871.43169243886;4.77065300074648;4.86536526644744;168.676261173379;165.907120356725;4363.67398770917;4506.89390918764;155.972286208128;0.148514851485149;100;100
31;61.6399999999994;1.22000000000025;63.0900000000111;NA;NA;-1786.91587334505;-1871.3786444181;4.78415585112225;5.00632801127137;161.666713129738;156.577537795083;4318.33447406186;4463.82349768554;168.925542146098;0.108910891089109;100;100
32;65.4799999999959;1.42999999999984;67.1900000000023;NA;NA;-1793.65073837384;-1883.61076013377;4.77812236388985;4.88883851251873;163.785544706173;161.043856446392;4341.56178412437;4508.85588661101;179.92004351986;0.0594059405940594;100;100
33;69.0800000000017;1.13999999999987;70.3600000000006;NA;NA;-1791.89544671269;-1873.5730663079;4.75402604379721;4.89995397871987;168.305106218679;164.602265533619;4358.8645507332;4505.16757839731;163.355239190419;0.0495049504950495;100;100
34;62.7299999999959;1.22000000000025;64.1100000000006;NA;NA;-1798.43060550532;-1876.71988768934;4.79138241568005;4.94965703534072;162.241818665078;158.613161615971;4344.01239724754;4483.88037835786;156.578564368041;0.346534653465347;100;100
35;63.2699999999895;1.37999999999965;64.9399999999878;NA;NA;-1776.06041183127;-1866.67948454725;4.74359732903037;4.92786552434919;165.800366595918;161.607898274619;4315.65972873596;4477.59084404898;181.238145431963;0.0099009900990099;100;100
36;64.7400000000052;1.32000000000016;66.2799999999988;NA;NA;-1794.3450011957;-1875.85822064976;4.79944453556348;4.99091018226893;163.960184117477;159.689243383814;4343.75455397831;4487.11258395365;163.026438908124;0.138613861386139;100;100
37;63.2899999999936;1.39999999999964;64.9400000000023;NA;NA;-1796.04230440456;-1880.97892255089;4.76999151966833;4.92196830052454;165.195627876321;161.325589991973;4352.83858916073;4504.88964236975;169.873236292668;0.158415841584158;100;100
38;61.429999999993;1.26999999999998;62.75;NA;NA;-1796.66949627087;-1863.88834095981;4.78169101563971;4.92889693219114;159.389802151599;155.80178908548;4327.35615736083;4445.27043593967;134.437689377864;0.881188118811881;100;100
39;66.6500000000087;1.42000000000007;68.3000000000029;NA;NA;-1790.57251109814;-1892.66447118988;4.79005068067644;5.28891912935926;161.703456193244;149.02925707894;4325.81695762864;4471.63403391966;204.183920183483;0.168316831683168;100;100
40;64.6700000000128;1.2800000000002;66.1700000000128;NA;NA;-1799.42990188034;-1881.46139638449;4.83198591057256;5.04897838649739;162.093551586157;157.111904563267;4345.32819486617;4486.44985152755;164.062989008313;0.237623762376238;100;100
41;60.9200000000128;1.34999999999991;62.5;NA;NA;-1775.02745683207;-1864.13529844811;4.75253100510352;4.98968231175319;161.28341435683;155.943450715491;4292.79248495457;4446.41672683129;178.215683232075;0.0099009900990099;100;100
42;65.7900000000081;1.17999999999984;67.25;NA;NA;-1797.17437249323;-1881.39154122249;4.78953488535275;4.9792368935516;163.634840817139;159.470379734153;4347.91503530645;4497.1713207449;168.434337458527;0.0891089108910891;100;100
43;60.9400000000023;1.24000000000024;62.5;NA;NA;-1763.96510640029;-1849.24512827576;4.75782321717127;4.93732212380722;161.211229523414;157.230490132586;4269.52524714826;4421.77331242227;170.560043750924;0.0396039603960396;99;99
44;63.6599999999889;1.53999999999996;65.4200000000128;NA;NA;-1789.44406705268;-1866.45008686698;4.85374719936063;5.02912273757501;159.678494259418;155.635469195233;4314.2347752123;4449.62799635411;154.012039628599;0.425742574257426;100;100
45;62.6399999999994;0.989999999999782;63.6999999999971;NA;NA;-1769.11624294962;-1859.6581301453;4.81504857251462;4.97744003447382;157.626243637714;153.910372431955;4264.12816362894;4428.09971872856;181.083774391359;0.0198019801980198;100;100
46;64.5299999999988;1.26000000000022;66.0599999999977;NA;NA;-1795.6262099191;-1875.51038019118;4.86139335658101;5.04034451492342;159.874417068217;155.886324377678;4327.50131882298;4468.90381380972;159.768340544165;0.297029702970297;100;100
47;70.7299999999959;1.34999999999991;72.1899999999878;NA;NA;-1798.88924978739;-1917.17762985452;4.79839671117996;5.42044269912622;162.733290059794;146.842306127187;4347.1929952259;4510.5890699277;236.576760134252;0.0495049504950495;100;100
48;61.1200000000099;1.34000000000015;62.7000000000116;NA;NA;-1793.7795653963;-1877.46277094131;4.77449587056224;4.9209389204327;162.583306107254;159.23034931074;4336.28292481709;4488.20839923291;167.366411090023;0.207920792079208;100;100
49;62.1900000000023;1.19999999999982;63.6100000000006;NA;NA;-1773.96470005426;-1867.79111936767;4.82507922971766;5.04516154240195;157.486364286438;152.698960515318;4273.18090962008;4438.78693913186;187.652838626831;0.0495049504950495;100;100
50;62.3399999999965;1.11000000000013;63.5199999999895;NA;NA;-1789.61035717931;-1876.20002539114;4.75766976940011;4.93496180728353;163.837542062402;159.911340928513;4332.89716724838;4488.01540908609;173.179336423671;0.108910891089109;99;99
51;62.5299999999988;1.30999999999995;64.1100000000006;NA;NA;-1777.71020734354;-1879.52163771502;4.79735856398277;5.16313013260303;157.813196126179;150.025506545951;4281.38400263127;4449.18236194952;203.622860742946;0.0099009900990099;99;99
52;61.0999999999913;1.24000000000024;62.5299999999988;NA;NA;-1769.22704731346;-1859.36820765069;4.7735335959081;4.91926898859353;160.206469164765;156.776587786087;4276.23215002691;4440.71928323481;180.282320674462;0.0495049504950495;100;100
53;61.6900000000023;1.5;63.2799999999988;NA;NA;-1785.0765427657;-1874.44053216256;4.79267572121798;4.94333857718984;162.536516941805;159.027749589588;4318.66140748614;4481.23091547987;178.727978793726;0.0099009900990099;100;100
54;66.5899999999965;1.31999999999971;68.2400000000052;NA;NA;-1801.39691094079;-1886.27060346424;4.76000615411741;4.91334305288431;165.748120081239;162.341368742948;4366.09212286329;4520.15083821601;169.747385046899;0.0297029702970297;100;100
55;62.9400000000023;1.53999999999996;64.6899999999878;NA;NA;-1804.40360236018;-1873.69584051544;4.74985344229131;4.88556967696598;165.020712796847;161.740708629042;4368.75567136291;4492.23517026992;138.58447631051;0.811881188118812;100;100
56;63.5799999999872;1.03999999999996;64.75;NA;NA;-1788.95536486104;-1878.5326058972;4.7649730325323;5.03332698212195;163.93946284505;157.951270371496;4332.879856323;4484.45769294816;179.154482072328;0.0198019801980198;100;100
57;62.6999999999971;1.24000000000024;64.1900000000023;NA;NA;-1779.04240378823;-1859.02068937758;4.79987007311346;4.94567223449316;159.966983256389;156.330453592564;4293.95612865764;4437.18413602026;159.956571178693;0.356435643564356;99;99
58;64.2799999999988;1.23000000000002;65.7399999999907;NA;NA;-1788.81356706377;-1883.28451980247;4.78079785436137;4.95602527983419;161.957217238015;157.915448991202;4323.46768235765;4493.79655720616;188.9419054774;0.0198019801980198;100;100
59;61.8099999999977;1.38999999999987;63.3899999999994;NA;NA;-1797.18986387056;-1872.21396104075;4.78204773366777;4.89583102772509;162.970929934947;160.028526519181;4344.88859546029;4481.38652131524;150.048194340382;0.415841584158416;100;100
60;62.6100000000006;1.17000000000007;63.9499999999971;NA;NA;-1763.60006534572;-1853.6135089744;4.77667548977369;4.90043304656482;159.786355551303;156.705371545265;4262.24053813494;4428.09445216619;180.026887257354;0.0297029702970297;99;99
61;63.4600000000064;1.34999999999991;65.0300000000134;NA;NA;-1763.83217951077;-1860.06740867786;4.77470707110311;5.01368171974955;160.557324196078;155.236791184239;4266.25133403538;4434.24656894172;192.47045833418;0.0792079207920792;99;99
62;67.25;1.30000000000018;68.7799999999988;NA;NA;-1789.97934843838;-1867.45055378569;4.79119754615605;4.98629582150354;163.048429228508;158.22720751826;4330.82446203207;4463.56432624663;154.942410694636;0.316831683168317;100;100
63;61.8300000000017;1.26999999999998;63.3000000000029;NA;NA;-1791.92878747263;-1869.48330301969;4.79624807592248;4.97038413576132;162.681963634511;158.808270302779;4332.218199487;4469.50767949965;155.109031094122;0.326732673267327;99;99
64;63.7099999999919;1.09000000000015;64.9399999999878;NA;NA;-1763.57207139306;-1852.37624118869;4.79485342760427;4.98338648355422;161.120705465705;156.947034305836;4269.13241194215;4427.52028554187;177.60833959127;0.0198019801980198;100;100
65;65.8699999999953;1.32999999999993;67.3300000000017;NA;NA;-1779.54625464482;-1858.36039209509;4.79728775791897;4.96680867916071;164.791383270296;160.834917655395;4317.98487443374;4457.39295184265;157.628274900536;0.148514851485149;100;100
66;67.5599999999977;1.44000000000005;69.1499999999942;NA;NA;-1792.7952964699;-1879.33427753284;4.76506619967365;4.88635289248745;166.161993976027;162.978675572886;4350.79485364253;4509.21309276576;173.077962125883;0.0198019801980198;100;100
67;60.8399999999965;1.23000000000002;62.2299999999959;NA;NA;-1753.0625235834;-1855.80772261684;4.77575755138655;5.02558148564317;157.90801246717;152.675834953219;4232.52480402962;4413.94642677208;205.490398066875;0.0099009900990099;99;99
68;63.7200000000012;1.33999999999969;65.2999999999884;NA;NA;-1790.68390757896;-1872.97028777351;4.82867471113897;5.00604051064229;158.088012951269;153.958300790241;4309.39001916321;4454.94475223161;164.572760389087;0.168316831683168;100;100
69;65.5699999999924;1.34999999999991;67.1599999999889;NA;NA;-1798.87516372014;-1883.88455016167;4.78377731116217;5.00810435431018;160.314584956572;155.501452587786;4336.02627446134;4483.87975365846;170.018772883063;0.188118811881188;100;100
70;61.9599999999919;1.47000000000025;63.7600000000093;NA;NA;-1795.27055751123;-1879.43078456723;4.81176289637829;5.07878045632507;159.229718814819;153.778581468189;4323.82106883172;4467.0381077553;168.320454111996;0.198019801980198;100;100
71;63.6599999999889;1.07000000000016;64.8800000000047;NA;NA;-1795.38724890519;-1871.7614908697;4.79616044713325;4.94489855908998;164.007229720436;160.564270850992;4346.05570240543;4482.9487747973;152.748483929008;0.366336633663366;100;100
72;59.9700000000012;1.26000000000022;61.4499999999971;NA;NA;-1797.50840476641;-1871.13944582175;4.78476929556509;4.96092072553639;160.366030390363;156.368092914997;4333.52967153179;4462.38057117546;147.262082110674;0.534653465346535;100;100
73;65.2599999999948;1.16999999999962;66.6900000000023;NA;NA;-1783.08598886271;-1866.38187155671;4.76446212781021;4.88338201551129;167.138972992395;164.00220100037;4335.03549166026;4487.19765099637;166.591765388015;0.0099009900990099;99;99
74;66.8199999999924;1.16000000000031;68.1399999999994;NA;NA;-1781.42704934858;-1874.7489826783;4.76641916971121;4.87935586128727;167.203368337689;164.189373879619;4332.85406556266;4505.61797480308;186.643866659457;0.0099009900990099;100;100
75;66.9499999999971;1.16000000000031;68.3899999999994;NA;NA;-1803.49625837849;-1875.28518535414;4.74680016889118;4.85382756076782;170.640131837869;167.592484378595;4392.81936442982;4522.36228316426;143.577853951291;0.514851485148515;100;100
76;62.4600000000064;1.40999999999985;64.0500000000029;NA;NA;-1770.46249787157;-1855.22215828532;4.76881445084095;4.90629581394779;161.853919983391;158.501718332619;4285.47649940843;4439.5752065126;169.5193208275;0.0396039603960396;99;99
77;67.9599999999919;1.25;69.4499999999971;NA;NA;-1798.39166930921;-1878.78351446705;4.75721480173318;4.93531936246978;167.565992998927;163.174166978107;4368.45325376256;4509.01183782513;160.783690315695;0.0693069306930693;100;100
78;63.320000000007;1.13999999999987;64.6699999999983;NA;NA;-1782.3585754462;-1856.61683003423;4.76042106095767;4.89035824149109;165.504733589633;162.28022136694;4326.89461565928;4460.56169728304;148.516509176064;0.0891089108910891;100;100
79;66.1999999999971;1.34000000000015;67.8700000000099;NA;NA;-1798.39220432604;-1878.92598576516;4.77156523235256;4.95588735565295;164.829780019387;160.402168792443;4355.85359736034;4496.5312570211;161.067562878226;0.0891089108910891;100;100
80;58.4400000000023;1.32999999999993;60;NA;NA;-1772.96938890236;-1852.99219335515;4.7608514138372;4.90099394219822;157.636566890056;154.389179700471;4271.08984564831;4416.197002552;160.045608905576;0.297029702970297;99;99
81;61.5599999999977;1.36000000000013;63.0599999999977;NA;NA;-1794.53502415965;-1880.58746206242;4.78414628480946;4.93924285029771;163.450674045698;159.87219756454;4341.78821931422;4497.41360191745;172.104875805527;0.099009900990099;100;100
82;60.3999999999942;1.13999999999987;61.9100000000035;NA;NA;-1772.37222685121;-1867.4559345174;4.80514315125409;5.08221400832479;156.194909555698;150.302507827642;4264.04859439143;4427.08049696189;190.167415332372;0.0198019801980198;100;100
83;65.820000000007;1.19000000000005;67.1600000000035;NA;NA;-1790.24526192132;-1880.91166790797;4.76859428859802;4.98583347584002;164.024240526685;158.964255894139;4335.85006609548;4493.8807876974;181.332811973282;0.0198019801980198;100;100
84;64.5299999999988;1.28999999999996;65.9499999999971;NA;NA;-1779.27399350743;-1861.96689321936;4.7477416007391;4.88467176669649;163.11656358778;159.848666668549;4309.72752249014;4460.06410045067;165.385799423852;0.0198019801980198;100;100
85;63.2799999999988;1.61000000000013;65.1100000000006;NA;NA;-1772.59248647095;-1854.01058926126;4.75547417659134;4.86125318155366;161.853759727362;158.994814847244;4288.91413966042;4438.61329672907;162.836205580625;0.128712871287129;98;98
86;65.1000000000058;1.48999999999978;66.7599999999948;NA;NA;-1790.92936615665;-1876.97972619489;4.74582519163423;4.926762864945;168.130154082278;164.02446327764;4356.12670525858;4509.32002044866;172.100720076476;0.0198019801980198;100;100
87;64.929999999993;1.26000000000022;66.4199999999983;NA;NA;-1794.17323819242;-1877.51178161678;4.76105962627125;4.89901537401177;165.957186601965;162.495315414828;4352.60756427467;4503.34214514466;166.677086848733;0.0099009900990099;100;100
88;61.1600000000035;1.19999999999982;62.6100000000006;NA;NA;-1777.15279752919;-1862.27220971589;4.75872834398114;4.93423036662173;160.62556591156;156.717461254116;4294.01366230176;4446.25499962298;170.238824373414;0.0495049504950495;100;100
89;62.1399999999994;1.25;63.5500000000029;NA;NA;-1782.20000875976;-1874.29841059049;4.821920558583;4.97700037116191;161.046975358093;157.334929342202;4306.04874698218;4473.15094700223;184.196803661448;0.0099009900990099;100;100
90;67;1.22000000000025;68.4599999999919;NA;NA;-1808.11787965509;-1880.54728175174;4.75578427932794;4.9217853286371;168.699406710498;164.619728332421;4393.12523748724;4519.1964284454;144.858804193292;0.455445544554455;100;100
91;62.3800000000047;1.30999999999995;64.0399999999936;NA;NA;-1792.8792225679;-1878.73132883334;4.78509196440347;4.94861147271539;163.112850803827;159.423311705563;4336.92088260911;4491.63413968462;171.704212530874;0.0396039603960396;100;100
92;68.3899999999994;1.35999999999967;69.9200000000128;NA;NA;-1776.31297508032;-1863.89660239865;4.78545864384726;5.11156653936688;164.904578432679;156.503518981959;4311.21092509323;4447.73208795124;175.167254636674;0.178217821782178;99;99
93;66.3400000000111;1.36000000000013;67.8399999999965;NA;NA;-1801.81841467169;-1878.61351089337;4.7570677188741;4.88800271578241;163.831647654457;160.626929055645;4358.10944864299;4496.94136654062;153.590192443349;0.455445544554455;100;100
94;62.5400000000081;1.01999999999998;63.7099999999919;NA;NA;-1783.58316640281;-1873.76705543368;4.78208083165308;4.94191710812825;164.25489891439;160.296840449853;4323.58809618866;4485.72834141511;180.367778061734;0.0099009900990099;100;100
95;61.8800000000047;1.26000000000022;63.3500000000058;NA;NA;-1769.71789365893;-1851.32501878615;4.78358266175801;4.95072423955909;160.646345964688;156.877805629827;4278.43227537707;4424.31069358475;163.214250254456;0.0891089108910891;99;99
96;65.8600000000006;1.19000000000005;67.2900000000081;NA;NA;-1778.40750842399;-1870.70488513925;4.80897827977359;5.10934316621955;160.728802555251;154.021749815986;4296.99850640499;4450.70614052479;184.594753430511;0.0495049504950495;100;100
97;63.1699999999983;1.30999999999995;64.6900000000023;NA;NA;-1798.34139018341;-1873.23766398726;4.79887208902458;4.93201862900956;162.440840437047;159.35425073003;4344.75049573436;4480.32877244692;149.792547607692;0.435643564356436;100;100
98;67;1.21000000000004;68.5;NA;NA;-1794.90082928458;-1886.74468442939;4.78594614654526;5.03144353460427;162.463007178855;157.256008463175;4337.97145555519;4497.68005060088;183.687710289613;0.0495049504950495;100;100
99;66.7299999999959;1.4699999999998;68.3800000000047;NA;NA;-1779.76541117926;-1867.94159895473;4.76212619686288;4.90380031072191;167.106712193258;163.456735955234;4329.0856712294;4488.62928502944;176.352375550948;0.0099009900990099;100;100
100;62.5500000000029;1.2199999999998;63.9400000000023;NA;NA;-1779.13849966105;-1866.38817367913;4.80605361700982;4.96550474729274;162.230031455651;158.558902467406;4305.37390345357;4462.96707772415;174.499348036165;0.0693069306930693;100;100
101;66.5;1.4699999999998;68.140000000014;NA;NA;-1779.36889527772;-1865.46742790634;4.86858494527932;5.06819367406345;159.036317388362;154.006817402087;4290.32791368033;4439.38854963238;172.197065257249;0.158415841584158;99;99
102;67.0100000000093;1.59000000000015;68.8999999999942;NA;NA;-1796.41033128517;-1888.97532491319;4.76457046146719;4.98682472419487;165.55250120672;160.364098733986;4355.21810534328;4516.45461621898;185.129987256034;0.0396039603960396;100;100
103;62.5400000000081;1.30000000000018;64.0299999999988;NA;NA;-1773.44081763997;-1866.71006544389;4.79329855927449;4.97445543336069;160.932539445955;156.752311951304;4288.0033678918;4455.29120447063;186.538495607846;0.0099009900990099;100;100
104;65.3800000000047;1.33999999999969;67.0799999999872;NA;NA;-1806.88679081016;-1882.07973400717;4.79234638836759;4.9040747113617;162.54622514195;159.686108191522;4362.32661148894;4499.54117257441;150.385886394023;0.603960396039604;100;100
105;62.5299999999988;1.25;63.9900000000198;NA;NA;-1778.56185909312;-1860.25550967761;4.77576778549612;4.93065429340535;163.417112994948;159.736747005155;4309.68733483083;4456.12592427008;163.387301168974;0.0495049504950495;100;100
106;64.6100000000006;1.44000000000005;66.3099999999977;NA;NA;-1801.72088455735;-1882.03668886136;4.78897811074628;4.90684626659467;161.768971207486;158.857850551415;4348.41541233739;4495.64081489225;160.631608608011;0.207920792079208;100;100
107;65.0299999999988;1.36000000000013;66.4499999999825;NA;NA;-1778.82255881653;-1862.05789905918;4.75725290729856;4.90645139503806;165.721688417719;162.079232299391;4320.82169630596;4470.51824647135;166.470680485284;0.0297029702970297;100;100
108;64.7599999999948;1.11999999999989;66.0799999999872;NA;NA;-1797.7929183983;-1876.55554942189;4.78917713111395;5.04895471515732;160.869982568841;155.166818314066;4336.41948434305;4467.68070439835;157.525262047183;0.316831683168317;100;100
109;68.4600000000064;1.55999999999995;70.1900000000023;NA;NA;-1785.04212862711;-1870.59118022508;4.75366969276395;4.85903455811733;166.574379268237;163.738065091392;4337.18762240978;4495.22401612041;171.09810319593;0.0198019801980198;100;100
110;67.9200000000128;1.19000000000005;69.25;NA;NA;-1797.08777803577;-1879.58478822114;4.78847954123323;5.04553902819271;161.94248478593;156.069726481185;4339.94825885253;4477.89722776875;164.994020370746;0.237623762376238;100;100
111;67.0800000000017;1.39000000000033;68.7900000000081;NA;NA;-1797.39457048657;-1889.45229185639;4.76997178446933;4.88499105985688;167.652608697599;164.680339219514;4366.85793615044;4537.2855721049;184.115442739657;0.0297029702970297;100;100
112;84.4100000000035;1.52999999999975;86.2999999999884;NA;NA;-1794.80759280307;-1961.45840274413;4.86355933929998;6.31102905844355;157.725314976103;123.920477684444;4315.96710370966;4493.59169475406;333.301619882122;0.128712871287129;100;100
113;60.8099999999977;1.30000000000018;62.210000000021;NA;NA;-1779.83874783257;-1882.37721130505;4.81592391095376;4.97303928749335;158.95919407645;155.292724093005;4291.7116370147;4479.90384570408;205.076926944962;0.0099009900990099;100;100
114;67.0999999999913;1.15999999999985;68.4700000000012;NA;NA;-1794.44326372196;-1885.94345564568;4.79060010036166;5.08032732776779;165.12429875132;158.12392997118;4349.31202503569;4500.07451928591;183.000383847439;0.0396039603960396;100;100
115;66.0599999999977;1.14999999999964;67.4599999999919;NA;NA;-1783.57207201287;-1875.78675629448;4.76537052948709;4.93651953874341;164.597729936974;160.567442445065;4325.14470261281;4491.01391137732;184.429368563212;0.0297029702970297;100;100
116;63.1999999999971;1.38000000000011;64.8299999999872;NA;NA;-1782.82179324572;-1865.81548532074;4.7492344425853;4.86044993140444;166.836779401576;163.78252486895;4333.95534891785;4485.87737115383;165.98738415004;0.0792079207920792;100;100
117;64.4700000000012;1.19000000000005;65.8899999999849;NA;NA;-1790.1788087214;-1878.19784644235;4.7721942682979;5.06509528076776;161.441529376709;155.511249544461;4323.82333530875;4472.55146287261;176.038075441899;0.0693069306930693;100;100
118;61.2200000000012;1.28999999999996;62.6399999999849;NA;NA;-1775.30888535778;-1867.76450411128;4.77303949153586;4.92634388954016;162.623013133472;159.032326025233;4299.52442235338;4467.8999346423;184.911237506995;0.0099009900990099;100;100
119;64.5299999999988;1.30000000000018;65.8800000000047;NA;NA;-1795.23888475506;-1877.08980238682;4.83123550299253;5.03956789764926;159.917764502675;155.461366429024;4326.92629080771;4470.10565452556;163.70183526352;0.148514851485149;100;100
120;68.3600000000006;1.58999999999969;70.1699999999837;NA;NA;-1792.60963671085;-1871.85965731928;4.77855536239511;4.95320689240768;164.561357044647;160.487363635135;4343.05232864945;4482.79093687892;158.500041216873;0.178217821782178;100;100
121;64.6599999999889;1.42000000000007;66.3099999999977;NA;NA;-1779.01527603675;-1862.50881301615;4.77091379466171;4.98258744927583;161.72783056643;157.072244719138;4302.81473564256;4448.36204445911;166.987073958805;0.0693069306930693;100;100
122;60.9400000000023;1.11000000000013;62.179999999993;NA;NA;-1763.2198909687;-1839.13863017614;4.80261530073272;4.95092761306553;157.91505432042;154.449230871866;4252.87193234637;4388.7661202909;151.83747841488;0.297029702970297;99;99
123;67.5800000000017;1.21000000000004;68.9800000000105;NA;NA;-1775.16699145398;-1865.04769297413;4.89764663215657;5.04333959682343;157.682849281663;154.149138093191;4274.89752903502;4438.42128593071;179.761403040292;0.099009900990099;98;98
124;64.4300000000076;1.34000000000015;65.9599999999919;NA;NA;-1791.51476690479;-1869.89247779573;4.80671234954465;5.03035760722369;160.408660026343;155.728947780039;4321.73871253719;4456.9432630034;156.75542178189;0.297029702970297;100;100
125;64.6000000000058;1.37999999999965;66.2200000000012;NA;NA;-1791.83328077652;-1866.80816783385;4.86635052012547;5.06364749956581;157.819073105169;153.089551825412;4309.65718445284;4437.85047481461;149.949774114649;0.712871287128713;99;99
126;63.5500000000029;1.55999999999995;65.1900000000023;NA;NA;-1780.21595848233;-1876.93198524678;4.83629278041512;5.0039615944242;163.608333827528;159.655155521461;4313.87613808638;4489.10313274028;193.432053528896;0.0099009900990099;100;100
127;65.4000000000087;1.22000000000025;66.6999999999825;NA;NA;-1801.46132177681;-1867.95785620938;4.79891729154528;4.91059341372688;161.797065696127;158.870237656918;4348.02566667779;4467.54019431725;132.993068865143;0.801980198019802;100;100
128;63.6700000000128;1.19999999999982;65.1399999999849;NA;NA;-1790.27729026455;-1868.79449262657;4.78144175939313;4.88901364277435;163.826488113983;160.983622600146;4334.18018365313;4478.13699474668;157.034404724041;0.336633663366337;99;99
129;66.570000000007;1.39000000000033;68.0599999999977;NA;NA;-1804.84515622174;-1880.3272527886;4.76729423845418;4.90833913955941;164.352449443006;160.96668665146;4366.56131261253;4501.93349188179;150.964193133716;0.435643564356436;100;100
130;63.6999999999971;1.07999999999993;65.0500000000175;NA;NA;-1798.12772009229;-1884.67669102312;4.81703570096165;5.04762602121243;161.313476016908;156.328007515137;4339.13145053575;4489.27046148987;173.097941861655;0.0099009900990099;100;100
131;68.2899999999936;1.08999999999969;69.7000000000116;NA;NA;-1786.07175683213;-1876.6236153859;4.73158330802273;4.87051010351509;169.204280157348;165.718830449198;4351.35801998647;4516.41064801326;181.103717107521;0.0297029702970297;100;100
132;59.6699999999983;1.42000000000007;61.2099999999919;NA;NA;-1795.15594973524;-1863.58872275909;4.76247943247943;4.93088636833706;163.07620763316;159.176612102862;4341.30558890671;4460.21283388087;136.8655460477;0.564356435643564;100;100
133;67.7899999999936;1.20000000000027;69.2400000000198;NA;NA;-1780.04765822071;-1874.87418066016;4.78682104922376;5.07843086616546;162.741268351272;155.799235670461;4309.54655348258;4467.23035642966;189.653044878908;0.0198019801980198;100;100
134;66.9499999999971;1.36999999999989;68.5;NA;NA;-1791.53646708636;-1863.83284948125;4.72475469519004;4.81535794581294;168.623659531019;165.844666611862;4358.76622149162;4490.57521584909;144.592764789766;0.415841584158416;99;99
135;64.8600000000006;1.26999999999998;66.4200000000128;NA;NA;-1787.00068076189;-1867.05943659796;4.75803471485494;4.94214993028284;164.147526158036;159.879214456272;4329.92865509047;4470.38986496914;160.117511672141;0.0495049504950495;100;100
136;61.820000000007;1.30999999999995;63.25;NA;NA;-1796.57556799645;-1871.04753826844;4.78337086451848;4.90312392206851;161.934155843942;158.846084888367;4338.88548257858;4473.60833082572;148.943940543973;0.425742574257426;100;100
137;63.9899999999907;1.07999999999993;65.3000000000175;NA;NA;-1787.66623757542;-1872.86823088773;4.7727178559133;4.96117340320795;160.643013579388;156.394276919623;4315.12089187393;4465.95872310487;170.403986624611;0.118811881188119;100;100
138;64.4900000000052;1.14000000000033;65.8500000000058;NA;NA;-1799.89727310683;-1870.78178563993;4.78896184385141;4.88690706515367;161.367815361349;158.687449961892;4342.92079849377;4472.34628473484;141.769025066202;0.782178217821782;100;100
139;68.5399999999936;1.17999999999984;69.890000000014;NA;NA;-1797.90067263181;-1881.03522117466;4.78126095342482;4.93708382893325;166.820652872165;162.764929473595;4364.03884227759;4511.63064288557;166.269097085697;0.128712871287129;100;100
140;63.4199999999983;1.28999999999996;64.9100000000035;NA;NA;-1788.33798252812;-1873.82651759799;4.79059677966488;5.01155816719327;158.568295347452;153.900863450732;4306.90995123328;4456.39270315711;170.977070139735;0.188118811881188;100;100
141;64.1699999999983;1.08999999999969;65.4499999999825;NA;NA;-1784.59022499585;-1871.75545740905;4.7962927387914;5.02121218901002;159.237956638391;154.406782917795;4302.49834038048;4454.58042802547;174.330464826408;0.148514851485149;100;100
142;66.7799999999988;1.61000000000013;68.6300000000047;NA;NA;-1797.7648573434;-1873.95453339956;4.78606500797715;4.90317495925711;167.230736731108;164.071817689316;4365.65571766171;4503.48770998283;152.379352112327;0.306930693069307;100;100
143;61.4000000000087;1.19000000000005;62.7400000000198;NA;NA;-1799.90414191978;-1878.83871423646;4.77365282331617;4.97015429690442;161.677718406352;157.544822524717;4344.36169238306;4483.19814812053;157.869144633367;0.237623762376238;100;100
144;63.4799999999959;1.38999999999987;65.0799999999872;NA;NA;-1797.18237603793;-1880.6696925431;4.7638157133044;4.90431924398525;162.901545499321;159.589357533489;4344.55409266071;4496.27553640042;166.974633010347;0.148514851485149;100;100
145;65.9199999999983;1.30999999999995;67.4200000000128;NA;NA;-1799.97680126705;-1878.81987508734;4.75005083531146;4.85200244970166;166.625698175176;163.795232110126;4367.29329998987;4511.94466969524;157.686147640588;0.188118811881188;100;100
146;63.1699999999983;1.47000000000025;64.8600000000151;NA;NA;-1783.90073097376;-1871.59860092521;4.73508243365244;4.88884415746365;163.560901009579;159.833794513456;4321.02724687018;4479.25902705713;175.395739902896;0.0396039603960396;100;100
147;60.9799999999959;1.05999999999995;62.3300000000163;NA;NA;-1804.13470739267;-1878.48251552358;4.75767419928565;4.92355543832492;163.05878514622;159.267842507128;4359.18287070415;4490.42055094762;148.695616261808;0.742574257425743;100;100
148;65.5799999999872;1.27999999999975;67.2099999999919;NA;NA;-1798.58582558593;-1879.28509871017;4.7618309154678;5.02551922003798;162.762890232377;156.485407388853;4346.72246065525;4479.21213006969;161.398546248488;0.366336633663366;100;100
149;65.5099999999948;1.19000000000005;66.9800000000105;NA;NA;-1791.30904897498;-1882.40821743831;4.85661140558682;5.22932677768218;162.105966937254;153.85631299727;4329.14366386018;4473.35094041769;182.198336926644;0.108910891089109;100;100
150;61.6199999999953;1.13000000000011;62.8699999999953;NA;NA;-1792.71488505845;-1870.79389518125;4.81565598097707;4.95773025733084;162.006759984676;158.514482930674;4331.49847112687;4471.57396120215;156.158020245583;0.287128712871287;100;100
151;62.3600000000006;1.38999999999987;63.9199999999837;NA;NA;-1803.74409590772;-1876.12280298117;4.77270457443431;4.88991956171727;164.402300213276;161.160732833181;4364.58876326549;4494.4182079577;144.757414146896;0.524752475247525;100;100
152;59.0300000000134;1.21000000000004;60.5200000000186;NA;NA;-1798.12639936902;-1866.57566829111;4.76933158154924;4.90291587533994;160.96215352347;157.762220173554;4337.51090921676;4459.67320940076;136.898537844185;0.762376237623762;100;100
153;62.820000000007;1.07999999999993;64.0899999999965;NA;NA;-1795.44463672337;-1876.8977498746;4.75801835775102;4.92563731119214;166.263454765483;162.162114107769;4356.56077835212;4500.5796329351;162.906226302469;0.168316831683168;100;100
154;60.7799999999988;1.2800000000002;62.2799999999988;NA;NA;-1796.39921064389;-1868.89777393914;4.76660404512402;4.90558964034114;163.338339970835;159.95963617012;4344.17847216302;4473.63307129715;144.9971265905;0.554455445544555;99;99
155;61.1100000000151;1.2800000000002;62.6100000000151;NA;NA;-1766.82000170624;-1851.84283674857;4.76037564929045;4.95882528683642;159.782336065727;155.039136018375;4268.66192063943;4416.8881826566;170.045670084664;0.128712871287129;99;99
156;62.8999999999942;1.19999999999982;64.3699999999953;NA;NA;-1788.56683419032;-1878.33031904963;4.81367844083648;4.94057364874796;161.691145656992;158.599899026922;4321.74891169848;4487.04016459877;179.526969718614;0.099009900990099;100;100
157;60.0599999999977;1.32999999999993;61.5;NA;NA;-1772.51766053977;-1865.88195451857;4.79543681026091;5.02523906841676;157.113473360082;152.385004688266;4268.56960441442;4433.52278941919;186.728587957603;0.0297029702970297;100;100
158;60.75;1.34000000000015;62.3800000000047;NA;NA;-1780.01037614475;-1863.54716000124;4.81610247978464;4.97682973865329;157.98446337637;154.183557081437;4287.56609287968;4437.13584024351;167.073567712987;0.178217821782178;100;100
159;62.0400000000081;1.34999999999991;63.5799999999872;NA;NA;-1804.91894918304;-1875.65074227979;4.78335596431324;4.91403045927;164.185411165378;160.835759506267;4365.93965883907;4491.9775290786;141.463586193514;0.673267326732673;100;100
160;61.9799999999814;1.34000000000015;63.359999999986;NA;NA;-1779.95518366984;-1865.04463956026;4.75913516999632;4.92389183169154;160.658810839248;156.922608824042;4299.77153313288;4452.74459878447;170.178911780841;0.0792079207920792;100;100
161;64.5799999999872;1.33999999999969;66.1199999999953;NA;NA;-1784.83866500192;-1879.90976623681;4.7721971101602;4.92060757389488;163.555537932165;160.053341443331;4322.87841704229;4496.89240865622;190.142202469772;0.0099009900990099;100;100
162;64.2400000000198;1.2800000000002;65.6100000000151;NA;NA;-1793.10686651021;-1872.0407914495;4.80824361719808;4.95318506449229;161.941946720891;158.170333178743;4331.98395792034;4472.48288556154;157.867849878567;0.297029702970297;100;100
163;69.6199999999953;1.25;71.0899999999965;NA;NA;-1793.56872871033;-1876.60205013744;4.76270894976349;4.91004800799348;167.431757864181;163.625887959169;4358.18919692436;4506.72916116027;166.066642854221;0.0594059405940594;100;100
164;60.7900000000081;1.32999999999993;62.2799999999988;NA;NA;-1775.69713443061;-1852.78825026685;4.76767418485694;4.9142507442476;162.804317590034;159.209955250987;4301.13585837698;4438.76543976804;154.182231672475;0.168316831683168;100;100
165;62.0699999999779;1.42000000000007;63.7599999999802;NA;NA;-1803.00166732843;-1882.26902303792;4.76380090053587;4.92658843176839;165.155607545105;161.514397845455;4366.57301457234;4508.33933564155;158.534711418967;0.227722772277228;100;100
166;62.2399999999907;1.30000000000018;63.8299999999872;NA;NA;-1773.2104498387;-1856.58796334132;4.76006619332898;4.91758738200413;161.764847714524;158.089339731521;4291.37555351322;4441.20424073678;166.755027005245;0.0297029702970297;100;100
167;59.5800000000163;1.12999999999965;60.9799999999814;NA;NA;-1775.85202492214;-1859.07170690049;4.79214465551615;4.96482307515747;157.951655285576;153.977457242096;4279.09830359288;4427.23580920654;166.439363956704;0.178217821782178;100;100
168;66.390000000014;1.26999999999998;67.9900000000198;NA;NA;-1791.83147423339;-1877.5783398249;4.76366853211342;4.99633942000561;164.835463127993;159.607928515613;4342.75830885734;4490.17835349721;171.493731183024;0.0297029702970297;100;100
169;58.890000000014;1.50999999999976;60.5599999999977;NA;NA;-1788.64840415493;-1876.84373365912;4.80040296255849;4.94344280535319;160.454459064973;156.911931255222;4316.21689940473;4476.29361496061;176.39065900838;0.0594059405940594;100;100
170;62.5599999999977;1.22000000000025;64.0499999999884;NA;NA;-1797.4560125629;-1878.53544114524;4.78257965038699;4.91725651573375;162.061306747692;158.845846280439;4341.23192326254;4488.58303774921;162.158857164687;0.366336633663366;100;100
171;60.8500000000058;1.30999999999995;62.2600000000093;NA;NA;-1792.04652574507;-1875.5386266665;4.74528665923726;4.88834045498721;162.892338808918;159.477766562045;4334.23999369884;4485.4995092325;166.984201842865;0.0792079207920792;100;100
172;62.320000000007;1.32000000000016;63.820000000007;NA;NA;-1787.54263440965;-1868.61548597191;4.79883607270161;4.91921168225303;161.68673760509;158.704177628922;4319.68021230794;4468.0907191523;162.145703124526;0.0495049504950495;100;100
173;59.2200000000012;1.13999999999987;60.679999999993;NA;NA;-1776.0794664053;-1874.52915711289;4.82166278666074;4.96442521803588;162.733635039907;159.46503806518;4301.57501715384;4483.42195323101;196.899381415184;0.0099009900990099;100;100
174;66.2999999999884;1.4699999999998;67.8899999999849;NA;NA;-1803.6306018549;-1887.82539295477;4.76273439824225;4.8852379757673;167.038750881898;163.806285765678;4376.50307917582;4530.00660939508;168.389582199728;0.0792079207920792;100;100
175;65.4100000000035;1.21000000000004;66.8800000000047;NA;NA;-1784.4999730759;-1867.68641257861;4.7552923919458;4.87453023745667;164.348475566662;161.323893368761;4325.02676725576;4477.48612953179;166.372879005413;0.0495049504950495;99;99
176;63.3699999999953;1.47000000000025;65.0400000000081;NA;NA;-1798.55606397882;-1884.77670668302;4.88225897339041;5.16009639986829;157.067388873177;150.8868612262;4320.4341843874;4464.41308814226;172.441285408392;0.425742574257426;100;100
177;59.4199999999837;1.06999999999971;60.609999999986;NA;NA;-1793.95821532304;-1869.80087865819;4.81854505564511;5.04766040430398;158.296102107852;153.195547285496;4316.89692063129;4445.09332430167;151.685326670289;0.554455445544555;100;100
178;61.789999999979;1.20000000000027;63.359999999986;NA;NA;-1783.42896114161;-1864.12781466432;4.79389381569744;4.98611073290102;162.951971910239;158.34073625057;4316.46062404938;4456.64597834787;161.397707045428;0.237623762376238;99;99
179;59.5400000000081;1.33999999999969;61.0499999999884;NA;NA;-1777.95077283507;-1865.16664683889;4.80208622069412;4.90593737594448;161.624845554553;158.751594984115;4300.21146573289;4461.41140587668;174.43174800765;0.0495049504950495;100;100
180;60.0899999999965;1.42000000000007;61.7600000000093;NA;NA;-1781.84205782848;-1870.9445765411;4.76780505174958;4.91475354195362;163.801319956057;160.156544518042;4318.0170707441;4479.43729698757;178.205037425241;0.0198019801980198;100;100
181;63.3299999999872;1.21000000000004;64.5400000000081;NA;NA;-1777.13769141249;-1856.78061774769;4.73646093060471;4.88331643038776;165.29602408325;161.710868659424;4314.66106451688;4457.4546823254;159.285852670403;0.178217821782178;99;99
182;62.1100000000151;1.36000000000013;63.5899999999965;NA;NA;-1791.39606045584;-1870.35522930052;4.78547761342212;4.91212108426365;164.749022923773;161.526097484829;4341.4894094509;4484.56562699719;157.918337689373;0.128712871287129;100;100
183;65.4300000000221;1.28999999999996;67.140000000014;NA;NA;-1793.25656669894;-1864.93162959182;4.80439560075453;4.96492532234849;164.07245941796;159.964398291277;4342.09473185121;4466.52653701415;143.350125785754;0.475247524752475;100;100
184;62.9500000000116;1.65999999999985;64.8099999999977;NA;NA;-1790.91257901784;-1877.50705397364;4.85560982817442;5.05541278977361;160.337933293877;155.880588480115;4320.20862812359;4472.87074659018;173.188949911587;0.0891089108910891;100;100
185;64.5299999999988;1.05000000000018;65.7000000000116;NA;NA;-1790.6671460696;-1871.7722495795;4.80069759807199;4.96206459319468;163.195370711344;159.306172421197;4332.87674783035;4477.17653483698;162.210207019809;0.108910891089109;100;100
186;63.4599999999919;1.22000000000025;64.75;NA;NA;-1787.46638997062;-1867.73214004435;4.76854506345981;4.90403387489244;165.807068605994;162.554432535748;4338.50254891165;4484.05510640254;160.531500147456;0.0792079207920792;100;100
187;63.3999999999942;1.2199999999998;64.7999999999884;NA;NA;-1777.96723612439;-1875.35877723976;4.7913945910129;5.00277141764146;162.380546047193;157.834712883192;4303.72452168979;4477.57326856318;194.783082230727;0.0099009900990099;100;100
188;61.5;1.5300000000002;63.2200000000012;NA;NA;-1793.15676823752;-1871.86956270917;4.79665734923628;4.97065974424453;164.121128847202;159.852557003739;4342.11926593288;4479.88735508592;157.425588943301;0.267326732673267;100;100
189;61.8999999999942;1.05999999999995;63.179999999993;NA;NA;-1800.83739257623;-1876.74881482117;4.85629145615134;5.09736971446139;160.328706262475;155.287734555482;4340.01576319046;4468.62407506688;151.822844489873;0.435643564356436;100;100
190;65.2900000000081;1.09999999999991;66.6999999999825;NA;NA;-1812.21726970735;-1875.77910407173;4.76371339521262;4.87355874827432;164.904337302709;162.012774756654;4383.84707710127;4497.65460820202;127.123668728761;0.871287128712871;100;100
191;62.4499999999825;1.11999999999989;63.8099999999977;NA;NA;-1804.89586725301;-1878.80082233221;4.77962199033002;4.94861496612649;166.285655946937;162.246121711048;4375.56547963032;4504.77264716034;147.809910158412;0.445544554455446;100;100
192;62.9400000000023;1.15000000000009;64.1999999999825;NA;NA;-1780.841614327;-1866.74409264385;4.73914101428479;4.86985096636441;164.672731347764;161.439580478873;4320.02918150195;4476.94492814743;171.804956633697;0.0396039603960396;100;100
193;62.9700000000012;0.900000000000091;63.9799999999814;NA;NA;-1792.15113844726;-1875.90111573009;4.74806368158682;4.89189655658211;167.454022167146;163.887190722848;4355.45654730245;4506.53063604237;167.49995456565;0.0792079207920792;100;100
194;60.4200000000128;1.15000000000009;61.8099999999977;NA;NA;-1803.54261689557;-1877.0321442212;4.79403113399382;4.91659605700102;162.569983891753;159.516638651278;4355.747676746;4488.66555692831;146.979054651278;0.603960396039604;100;100
195;63.070000000007;1.19999999999982;64.4900000000198;NA;NA;-1800.11407217159;-1891.64938500312;4.76483551258927;4.90021502362613;168.47629278489;164.955388862048;4376.09014492195;4542.94640881181;183.070625663063;0.0495049504950495;100;100
196;62.1700000000128;1;63.320000000007;NA;NA;-1794.64822262053;-1877.5918411489;4.82110903111909;4.96353113665758;160.771005858301;157.569436503609;4329.67428819103;4480.81775350717;165.887237056734;0.0693069306930693;100;100
197;61.5599999999977;1.38000000000011;63.1600000000035;NA;NA;-1783.73976371185;-1857.80795563292;4.76723064712093;4.93986473483671;162.919440958885;158.883246030273;4317.75127964539;4447.30029893746;148.136383842148;0.336633663366337;100;100
198;63.609999999986;1.23000000000002;65.039999999979;NA;NA;-1781.8084749814;-1876.29605342649;4.76377648748193;4.99660268033144;163.710788857495;157.881748677645;4317.53299393393;4479.66442877494;188.975156890181;0.0099009900990099;100;100
199;62.6699999999837;1.2199999999998;64.0799999999872;NA;NA;-1806.77927035202;-1876.93937844938;4.77789356375189;4.92696294761593;162.60499953515;159.072167637801;4362.38223665591;4486.43316072487;140.320216194734;0.792079207920792;100;100
200;61.25;1.34000000000015;62.8000000000175;NA;NA;-1780.6330719012;-1855.92451339769;4.77385221607449;4.88535630980343;162.561766748276;159.568993309774;4309.89074541312;4446.69139739368;150.582882992973;0.356435643564356;100;100
201;62.3300000000163;1.38000000000011;63.8800000000047;NA;NA;-1790.77432907788;-1873.54690359617;4.78506397259996;4.95519608464699;163.386384496358;159.583186721611;4333.97076483477;4482.00154086767;165.545149036587;0.138613861386139;100;100
202;60.4100000000035;1.36000000000013;62.0799999999872;NA;NA;-1771.38739680229;-1862.85598135316;4.84124671308611;4.9818141108324;159.528838597488;156.134259981749;4277.43224491904;4444.73680178557;182.93716910173;0.0099009900990099;100;100
203;62.7399999999907;1.38999999999987;64.3500000000058;NA;NA;-1777.06481869563;-1873.79545574752;4.81851922526696;4.92036842952462;158.229172092476;155.638590033998;4282.8019032651;4464.33310610884;193.461274103794;0.0099009900990099;100;100
204;64.2000000000116;1.38999999999987;65.7799999999988;NA;NA;-1797.47505187478;-1880.27967343274;4.74824821323256;4.88162899733543;165.224518661954;161.873901697545;4355.83713108582;4506.01621285258;165.609243115922;0.0693069306930693;100;100
205;59.890000000014;1.32999999999993;61.4400000000023;NA;NA;-1775.41402840037;-1856.22121865965;4.78896570012469;4.94462767395409;160.189954039736;156.506456171499;4288.53005723934;4433.18130319494;161.614380518551;0.178217821782178;100;100
206;63.8500000000058;1.46000000000004;65.5100000000093;NA;NA;-1776.97539717891;-1870.82502291519;4.78157211945201;5.10656029029217;160.33642987251;152.865708420603;4292.32734093448;4445.62264870889;187.699251472553;0.0495049504950495;100;100
207;61.6700000000128;1.17000000000007;63.070000000007;NA;NA;-1780.72033256888;-1865.34707910104;4.75604541232267;4.89453287614755;166.298995462792;162.718840029771;4326.44016062452;4479.22441950976;169.253493064331;0.0495049504950495;99;99
208;62.5599999999977;1.40000000000009;64.2300000000105;NA;NA;-1775.81731165754;-1858.78033648585;4.76877425810722;4.92421844232663;163.846047838437;160.110923058917;4305.3502040081;4454.09413801839;165.92604965663;0.118811881188119;99;99
209;62.1100000000151;1.28999999999996;63.5200000000186;NA;NA;-1792.07916470104;-1872.47737321718;4.77288694090618;4.91075054842091;164.938652482854;161.665576773278;4343.72889433318;4489.45224069123;160.796417032278;0.108910891089109;100;100
210;64.9599999999919;1.37999999999965;66.5;NA;NA;-1791.21252834502;-1882.67602173193;4.81106897178653;5.02417233347295;163.05315752724;158.356620365637;4333.31259646571;4494.61123032553;182.926986773818;0.0198019801980198;100;100
211;59.3899999999849;1.26999999999998;60.8600000000151;NA;NA;-1792.12361853599;-1879.71844551938;4.80729751097254;4.95792999575529;161.326748692971;157.834188434612;4327.18437035525;4486.29018994745;175.189653966761;0.0495049504950495;100;100
212;63.859999999986;1.2800000000002;65.25;NA;NA;-1789.62035616058;-1870.42987374445;4.78193173246141;4.88041036836268;167.290246523122;164.335473446076;4349.64076801605;4497.65257030301;161.619035167738;0.099009900990099;100;100
213;60.25;1.15999999999985;61.5500000000175;NA;NA;-1789.47816903069;-1868.75765686082;4.82413176372249;4.9545271656896;158.51034470331;155.35859962576;4308.92345165975;4452.96810485506;158.558975660277;0.306930693069307;100;100
214;61.109999999986;1.21000000000004;62.5299999999988;NA;NA;-1798.55405016623;-1884.88099463648;4.79191796732424;4.92134664838019;163.697150382966;160.3840844476;4350.9613368073;4508.35799327804;172.653888940508;0.118811881188119;100;100
215;64.5499999999884;1.28999999999996;66.1600000000035;NA;NA;-1787.52461010751;-1880.91917935076;4.786240224681;4.96866937927954;163.003005029418;158.340183578457;4325.70579920296;4491.02185136092;186.789138486511;0.0792079207920792;100;100
216;61.3999999999942;1.15000000000009;62.7700000000186;NA;NA;-1804.60607600403;-1880.6904242194;4.75299796288396;4.87565728164377;166.709423436562;163.457444673807;4376.93741854138;4514.13019932842;152.168696430746;0.356435643564356;100;100
217;62.1700000000128;1.23000000000002;63.6000000000058;NA;NA;-1769.62721501815;-1860.18716745499;4.80377866069858;5.03691592892291;159.043986940503;153.353676864099;4270.87983421326;4425.82348753775;181.119904873687;0.0495049504950495;99;99
218;63.1699999999837;1.22000000000025;64.6199999999953;NA;NA;-1780.72672320236;-1869.38355368884;4.82579916681659;5.00258520554295;160.414857752903;156.508681660678;4300.1911667179;4459.51622200973;177.313660972966;0.0891089108910891;100;100
219;69.289999999979;1.51999999999998;70.9800000000105;NA;NA;-1775.60073530512;-1939.36407599351;4.81566430654436;6.01301364519179;160.885860803198;131.397542966914;4292.10824012816;4483.83619937034;327.526681376774;0.0099009900990099;100;100
220;66.609999999986;0.9699999999998;67.7599999999802;NA;NA;-1803.19392115229;-1882.66142427518;4.74687100243217;4.82987614588447;168.292937766054;165.712893402662;4381.40546181717;4528.45892468213;158.935006245781;0.267326732673267;100;100
221;61.75;1.30999999999995;63.3300000000163;NA;NA;-1782.33675012463;-1874.88956735915;4.78571714718129;4.93615104552476;162.110711491947;158.612005923718;4311.22091564129;4480.21441553797;185.105634469031;0.0099009900990099;100;100
222;62.7999999999884;1.2199999999998;64.1699999999837;NA;NA;-1792.42052915527;-1869.4402201003;4.76998105262953;4.90105103221342;165.326004657201;162.007441108708;4346.19544592642;4484.95227790263;154.039381890042;0.0693069306930693;100;100
223;64.0799999999872;1.30000000000018;65.6000000000058;NA;NA;-1788.10961172448;-1871.34668596524;4.76375457406539;4.88058394606124;166.229560263137;163.11708142536;4341.73463840267;4493.87529213593;166.474148481518;0.0693069306930693;100;100
224;61.8500000000058;1.11999999999989;63.1900000000023;NA;NA;-1768.23631608625;-1864.32278438582;4.84430119161616;5.03023841937857;158.506274352842;154.483249494977;4266.42100111426;4440.06722358047;192.172936599137;0.0099009900990099;100;100
225;65.5899999999965;1.28999999999996;67.1399999999849;NA;NA;-1772.75593156061;-1873.03292582031;4.76716480713917;5.13535507043257;162.428087530633;154.028508256872;4293.52084918436;4455.3933456574;200.553988519408;0.0099009900990099;100;100
226;61.390000000014;1.23000000000002;62.8199999999779;NA;NA;-1792.39599057763;-1883.78908500153;4.83482419485945;4.97830515164207;160.517026362875;157.175122748725;4324.00020530504;4491.39635926451;182.786188847791;0.0495049504950495;100;100
227;64.0299999999988;1.2199999999998;65.5599999999977;NA;NA;-1793.64855113531;-1883.3589777211;4.83878903483935;5.07887876549487;160.694538824051;155.754706021266;4327.32280151424;4483.99488393867;179.420853171577;0.0297029702970297;100;100
228;62.8399999999965;1.07999999999993;64.0899999999965;NA;NA;-1794.52409425547;-1868.34012885791;4.76948453260342;4.9839279367513;161.477276547931;156.864560832339;4332.67852818403;4459.06825649903;147.632069204879;0.603960396039604;100;100
229;61.8999999999942;1.47000000000025;63.5800000000163;NA;NA;-1797.58645023632;-1883.819785888;4.74306134277427;4.90933400566733;165.85979728715;161.932792482617;4358.98549399345;4513.36763985074;172.46667130336;0.108910891089109;100;100
230;59.8699999999953;1.25;61.3399999999965;NA;NA;-1791.64129226647;-1866.43050690155;4.80383169368266;4.97868777016066;160.086442460761;156.082943561569;4320.50789653413;4451.6495320341;149.578429270161;0.455445544554455;100;100
231;59.6900000000023;1.23999999999978;61.1199999999953;NA;NA;-1785.62707048866;-1855.71041027495;4.81266717307492;4.98355052952257;159.949443937422;155.941527323097;4307.04477864774;4428.77446057412;140.166679572565;0.633663366336634;99;99
232;63.7200000000012;1.44999999999982;65.4400000000023;NA;NA;-1803.92753430766;-1876.91756176508;4.81868489498363;4.96813770380026;162.786390300182;159.061592251754;4357.51409991034;4486.34082590373;145.980054914838;0.564356435643564;100;100
233;80.3000000000175;1.39000000000033;82.0199999999895;NA;NA;-1791.48563322142;-1915.05958795823;4.86687758031085;5.79509971782877;156.378759527462;133.539437105122;4303.1220675405;4445.0910103266;247.14790947362;0.297029702970297;100;100
234;66;1.07999999999993;67.3600000000151;NA;NA;-1799.62261329293;-1878.19315607384;4.76270749124022;4.88332216616748;164.18828962109;161.200871841187;4355.36024283727;4498.74376110601;157.141085561834;0.376237623762376;100;100
235;62.6000000000058;1.30000000000018;64.0800000000163;NA;NA;-1802.65412841028;-1883.28343673086;4.79843825149559;4.93202304175045;165.454616051407;162.153361311799;4367.25492179461;4513.31069853257;161.258616641157;0.217821782178218;100;100
236;59.6600000000035;1.46000000000004;61.3000000000175;NA;NA;-1795.3584642051;-1874.52730942908;4.79739429530438;4.91943001596146;162.558811795788;159.411169862367;4339.32792196181;4483.17018562182;158.337690447962;0.386138613861386;100;100
237;60.8800000000047;1.09999999999991;62.2099999999919;NA;NA;-1782.90566695842;-1861.92458520516;4.82243415716353;5.01854324169608;160.076590112579;155.669005328921;4302.99127417793;4440.73143263349;158.03783649347;0.148514851485149;100;100
238;61.6300000000047;1.34000000000015;63.2000000000116;NA;NA;-1783.52598955543;-1844.45022848792;4.7511765838161;4.8590602334753;164.351658647225;161.349495476412;4323.09344284701;4431.13153475838;121.848477864987;0.900990099009901;99;99
239;60.8999999999942;1;62.1699999999837;NA;NA;-1759.12490123661;-1862.84727249387;4.77295902779581;4.93058691303501;159.925157965394;156.419623593088;4254.73237192488;4446.0335320621;207.444742514524;0.0099009900990099;100;100
240;63.6999999999825;1.26999999999998;65.2200000000012;NA;NA;-1806.46779749142;-1885.39390493673;4.78988914629508;4.94521315347713;164.270827193152;160.612679050746;4369.43071080034;4510.43653092964;157.852214890631;0.336633663366337;100;100
241;58.9100000000035;1.36999999999989;60.429999999993;NA;NA;-1775.53152612393;-1862.44029449207;4.75074890112064;4.89962229449277;161.278853146071;157.729414279586;4292.9691650664;4450.45876828411;173.817536736282;0.148514851485149;99;99
242;60.6900000000023;1.30999999999995;62.2000000000116;NA;NA;-1801.50957133516;-1864.58790609496;4.78588310095292;4.93603591406191;161.996037488683;158.260420995671;4349.03846476142;4457.99198458111;126.156669519596;0.95049504950495;100;100
243;62.1199999999953;1.03999999999996;63.390000000014;NA;NA;-1795.7689357274;-1878.95100014376;4.75671122850317;4.89328233014301;166.281930385441;162.499754871555;4357.29445973438;4506.24102665237;166.364128832714;0.237623762376238;100;100
244;61.75;1.12000000000035;63;NA;NA;-1787.35578391815;-1873.23045758784;4.76092385444653;4.91834386187044;163.284678797969;159.71368181791;4326.66530246535;4481.96960097791;171.749347339382;0.0594059405940594;100;100
245;59.070000000007;1.38999999999987;60.6900000000023;NA;NA;-1767.1676608445;-1840.61992994602;4.76588289076178;4.90131634499631;161.661234221431;158.34329507784;4277.17982045578;4408.83819991255;146.904538203054;0.198019801980198;98;98
246;64;1.27999999999975;65.4799999999814;NA;NA;-1781.38559320892;-1859.04493206042;4.74866059050753;4.87139009198387;165.06727114512;161.953956971565;4322.93406217776;4463.9153982691;155.318677703004;0.118811881188119;100;100
247;60.570000000007;1.26999999999998;61.9799999999814;NA;NA;-1799.73233922767;-1875.86199508903;4.783798367984;4.89979681178305;164.005887464153;161.10880172625;4354.73970173178;4493.65744058805;152.259311722707;0.415841584158416;100;100
248;58.6900000000023;1.30000000000018;60.1900000000023;NA;NA;-1783.93991509011;-1867.11211617939;4.76457221199566;4.93455560978234;160.32156695935;156.443599739788;4306.18793051231;4454.67363366911;166.344402178563;0.207920792079208;100;100
249;61.9200000000128;1.36999999999989;63.4400000000023;NA;NA;-1743.31278056297;-1834.84617446095;4.77292715790587;5.00337458002876;156.751273420621;151.178957502711;4206.90845204896;4364.37006464664;183.066787795962;0.0396039603960396;98;98
250;63.0599999999977;1.36000000000013;64.570000000007;NA;NA;-1764.92771571472;-1855.22251509093;4.75758605919641;4.93756775475303;161.432693522884;156.680245187084;4272.46923229095;4431.19687950786;180.589598752431;0.0099009900990099;99;99
