1;12.5;0.420000000000073;12.9199999999837;NA;NA;-441.547690810636;-505.763461362581;3.45936256670243;3.54363771725905;10.472504077886;9.48176996898801;919.266129285361;1044.27579600385;128.431541103891;0.376237623762376;10;10
2;13.5799999999872;0.7199999999998;14.3499999999767;NA;NA;-462.571570032987;-541.24627247031;4.24749172167857;5.620669694208;10.2346636598595;7.73005604744542;961.425415934338;1109.89589060124;157.349404874647;0.0693069306930693;12;12
3;11.5499999999884;0.579999999999927;12.210000000021;NA;NA;-449.633393192437;-528.03051215381;3.59510052887542;3.94653107904706;9.89563593763807;8.91085130809212;934.347195953236;1087.65033453089;156.794237922745;0.0693069306930693;12;12
4;12.320000000007;0.389999999999873;12.7300000000105;NA;NA;-418.016585205054;-481.500868709966;3.50160331289671;3.5209162039218;10.5698354924596;10.2308109731419;873.043795331257;998.825256890624;126.968567009825;0.524752475247525;11;11
5;12.9400000000023;0.639999999999873;13.6199999999953;NA;NA;-471.836119171447;-532.687805872643;3.60719498034621;3.65841854469705;11.7072313750139;11.3100503752312;985.643362583731;1105.92281836171;121.703373402392;0.752475247524752;13;13
6;13.9400000000023;0.619999999999891;14.640000000014;NA;NA;-500.895716383956;-559.304411200539;3.67530273535331;3.85204981857781;16.3927942744217;15.1121664713512;1061.73349141245;1173.86812436677;116.817389633166;0.623762376237624;15;15
7;12.4199999999837;0.5;12.9599999999919;NA;NA;-472.829067766526;-530.321522717015;3.66609301890139;3.75727020097361;13.4381707661385;12.7038152386037;994.33271874477;1106.65770938635;114.984909900979;0.861386138613861;14;14
8;11;0.610000000000127;11.6199999999953;NA;NA;-404.6359704305;-458.498403310444;3.43120680221146;3.43975426162802;9.19515761450208;8.51168634016059;840.546486863416;945.946731914572;107.724865759888;0.940594059405941;9;9
9;13.5199999999895;0.5300000000002;14.0799999999872;NA;NA;-475.990204557344;-542.413809552705;3.59504046569524;3.61319309890647;13.2617680144535;12.2963904002265;998.993886215045;1128.41879547556;132.847209990721;0.386138613861386;12;12
10;14.4700000000012;0.489999999999782;15.0599999999977;NA;NA;-489.64029954653;-565.051650108388;3.77546031267624;4.55725790722582;14.8043648919023;12.1956034036337;1033.41439066575;1174.69786793894;150.822701123716;0.128712871287129;15;15
11;12.6900000000023;0.619999999999891;13.3000000000175;NA;NA;-426.501391070257;-506.346131883931;4.14289881526275;5.15210795217669;8.13518385939145;6.68993243225291;881.100711765614;1035.79847180533;159.689481627348;0.0198019801980198;10;10
12;12.390000000014;0.590000000000146;13;NA;NA;-485.531596638883;-549.046813032877;3.69610656254381;3.74737043139372;15.6007346180792;14.599612495213;1028.61242267948;1151.94983663737;127.030432787988;0.594059405940594;16;16
13;13.820000000007;0.420000000000073;14.320000000007;NA;NA;-465.543049149616;-531.151889572028;3.63617110469641;3.81420933899549;13.5517655739255;12.5068618545796;980.172134827051;1107.60505553445;131.217680844824;0.415841584158416;14;14
14;12.8800000000047;0.4699999999998;13.3800000000047;NA;NA;-480.616751520344;-549.569185551517;3.67329802561491;4.63061662759077;14.7035346329536;12.0205103025624;1014.99859766069;1143.092691607;137.904868062346;0.415841584158416;15;15
15;11.5400000000081;0.720000000000255;12.3300000000163;NA;NA;-455.361757246272;-518.306267105104;3.53811020425887;3.62994274811917;9.873256005882;9.30738870605037;945.295043542818;1069.20266038963;125.889019717663;0.643564356435644;11;11
16;11.1000000000058;0.529999999999745;11.6900000000023;NA;NA;-427.329823382155;-478.57743031842;3.51452637730127;3.51350156905773;8.92835040901151;8.31148687958812;885.497076599536;985.861719321174;102.49521387253;0.900990099009901;10;10
17;13.4599999999919;0.559999999999945;14.0500000000175;NA;NA;-445.690665147867;-514.478474011047;3.69222282864598;4.87571555829156;12.3863743373127;9.73775060962774;935.787222649957;1063.86736599976;137.575617726362;0.217821782178218;13;13
18;13.8600000000151;0.5300000000002;14.4100000000035;NA;NA;-495.667454661744;-553.812170252864;3.69106120622486;4.36971838182568;13.5153886083947;11.2848606471634;1040.28918434399;1148.49938951069;116.289431182239;0.98019801980198;14;14
19;13.859999999986;0.570000000000164;14.4200000000128;NA;NA;-487.277905068647;-559.451120935011;3.71072740201113;3.90909095582522;15.6231500390334;14.5630783615234;1032.18772732482;1172.6236824265;144.346431732727;0.118811881188119;16;16
20;13.0199999999895;0.639999999999873;13.6700000000128;NA;NA;-463.562296175503;-524.440746215051;3.68487838999113;3.81461011138283;12.7093470893309;11.8153691587438;973.159293295949;1091.67810361349;121.756900079096;0.584158415841584;14;14
21;14.5099999999802;0.4699999999998;15.070000000007;NA;NA;-473.086597009321;-540.830636804761;3.65893560619561;3.93867343929208;14.5374336905875;13.274867468369;998.829432592448;1129.74435369969;135.48807959088;0.326732673267327;14;14
22;14.4800000000105;0.650000000000091;15.1300000000047;NA;NA;-471.088983269571;-541.665553067933;4.07959617428349;5.12843362585316;13.3525262671502;11.0040630599042;991.002950197183;1123.56867529112;141.153139596723;0.356435643564356;15;15
23;12.570000000007;0.659999999999854;13.2799999999988;NA;NA;-445.549861391761;-506.095674334564;3.57483887518297;3.86720958493554;11.3929044589559;10.1353427400912;931.488006781849;1048.12152806121;121.091625885605;0.693069306930693;12;12
24;13.1399999999849;0.480000000000018;13.6800000000221;NA;NA;-461.22929267549;-519.614306470602;3.81278225255494;4.02162085020075;15.4690701702931;14.465815939221;980.43311749814;1093.44317800367;116.770027590224;0.613861386138614;18;18
25;13;0.470000000000255;13.5500000000175;NA;NA;-443.83991751905;-504.39186654862;3.67089227310249;4.18404588973964;11.5504942570278;10.1748540958193;929.51703919589;1045.63821210133;121.10389805914;0.712871287128713;14;14
26;13.8300000000163;0.579999999999927;14.4200000000128;NA;NA;-462.732270549299;-519.589987666183;3.71062974557814;3.75253376386195;13.59015055584;12.9854330991751;975.158424152897;1086.66264237041;113.715434233767;0.831683168316832;15;15
27;14.0299999999988;0.579999999999927;14.609999999986;NA;NA;-500.442001933877;-559.349425725818;3.74192289660897;3.93479909868289;15.7615221294947;14.3884832402868;1059.50412717599;1172.21237983007;117.814847583881;0.930693069306931;17;17
28;13.859999999986;0.579999999999927;14.5100000000093;NA;NA;-495.681000223379;-572.889032430388;3.89082755765531;3.91752124271892;18.7884289827138;18.2258319685297;1062.28464827013;1214.57701889687;154.416064414019;0.0693069306930693;19;19
29;15.2799999999988;0.429999999999836;15.7799999999988;NA;NA;-506.110631376796;-583.659908815705;3.80201401815431;6.32662119663587;13.5511893729733;9.5380298692149;1060.80308663366;1201.51422481704;155.098554877818;0.247524752475248;13;13
30;11.6399999999849;0.320000000000164;12.0200000000186;NA;NA;-418.691359012169;-481.279394755437;3.63895599119339;3.66818149443819;12.3415327310582;11.9072442433456;882.085153521864;1005.6881827022;125.176071486536;0.346534653465347;14;14
31;13.9200000000128;0.580000000000382;14.4800000000105;NA;NA;-487.405608850219;-553.32062987122;3.70518974981093;3.92624339343086;15.525731295033;13.9945776187063;1032.08376888478;1158.26556958909;131.830042042001;0.386138613861386;16;16
32;12.4799999999814;0.549999999999727;13.1100000000151;NA;NA;-437.817417030656;-516.960114336401;3.45828004392234;4.25776782828159;9.60197560612936;7.91864668749365;908.798882902262;1061.27026540177;158.28539461149;0.0792079207920792;10;10
33;11.8600000000151;0.369999999999891;12.3099999999977;NA;NA;-401.676061886369;-467.405344102981;3.45461786871502;3.80120816425161;10.0601933643812;8.69709080252517;838.098800682931;964.849375657426;131.458564433223;0.247524752475248;10;10
34;11.4500000000116;0.360000000000127;11.8399999999965;NA;NA;-465.725339495598;-527.220143695065;3.54587158336306;3.65720591434711;11.5422370435887;10.7066227412778;972.368352739088;1092.39567633379;122.989608398934;0.663366336633663;12;12
35;14.7299999999814;0.329999999999927;15.109999999986;NA;NA;-448.378503836417;-522.727944867562;3.69247864582311;4.01123148491826;15.468291287837;13.6950173222853;953.817669594786;1095.97515775904;148.698882062289;0.148514851485149;16;16
36;14.3099999999977;0.420000000000073;14.8099999999977;NA;NA;-447.795923767018;-521.631314584762;3.70184897713962;6.39144682148152;12.8442231880704;8.18590532656975;941.639155384642;1072.60958905096;147.670781635489;0.336633663366337;13;13
37;11.0200000000186;0.440000000000055;11.4700000000012;NA;NA;-432.607214842343;-500.262033038732;3.45507872306089;3.64103157898149;9.56994860343863;8.71888089124372;898.267861177181;1030.63801382912;135.309636392779;0.465346534653465;10;10
38;14.7799999999988;0.610000000000127;15.4200000000128;NA;NA;-534.846814265609;-591.925759503573;3.93745168288647;4.91290004318844;16.3245807939398;13.4673752119457;1130.87441855987;1234.32415689473;114.157890475928;0.98019801980198;18;18
39;13.0599999999977;0.529999999999745;13.6199999999953;NA;NA;-461.257856323346;-521.279674393266;3.52761589025581;3.8827213602681;11.3037273994171;10.4385250441422;962.096084099889;1079.11018587519;120.04363613984;0.742574257425743;11;11
40;15.0199999999895;0.730000000000018;15.7299999999814;NA;NA;-459.203492243902;-538.495332139889;4.03307021519482;10.8845894223854;10.8952880273955;4.78192417091119;957.031199118876;1093.94276917708;158.583679791974;0.376237623762376;12;12
41;13.8600000000151;0.490000000000236;14.3300000000163;NA;NA;-509.605546535707;-574.538481716476;3.78567923848559;3.86335970310773;18.0599503908021;17.6059491381737;1086.89565090078;1215.06002854649;129.865870361538;0.415841584158416;18;18
42;12.4200000000128;0.659999999999854;13.1900000000023;NA;NA;-448.493970367006;-514.029944891769;3.59400525448627;3.7964725929556;11.3862406085748;10.3907638031802;937.808293890993;1065.31139909181;131.071949049526;0.425742574257426;13;13
43;13.9599999999919;0.510000000000218;14.4900000000198;NA;NA;-463.722393731608;-531.747661844666;3.61070290253934;3.98734585980062;13.9651507189182;12.7163907680665;977.510687511683;1109.08434467346;136.050536226116;0.336633663366337;13;13
44;14.4100000000035;0.589999999999691;15.070000000007;NA;NA;-503.852387520065;-561.538612018281;3.79799440000728;3.81732338143794;17.1014695889457;16.5823634712031;1071.30841990511;1184.75021370327;115.372448996433;0.841584158415842;17;17
45;14.6300000000047;0.720000000000255;15.4200000000128;NA;NA;-502.897313280523;-578.264235982648;3.68363321362483;4.11031950494904;13.9145942039959;12.7563511603244;1056.67487356642;1203.17347565058;150.733845404249;0.128712871287129;15;15
46;12.7200000000012;0.539999999999964;13.2800000000279;NA;NA;-469.027067406483;-532.435540087351;3.57506056037716;3.7927711640856;11.9188058623667;10.710757266542;980.306759490405;1102.84112616927;126.816945361736;0.514851485148515;12;12
47;11.640000000014;0.450000000000273;12.1100000000151;NA;NA;-443.788659219947;-509.54262152091;3.45672931360076;3.5073552055983;9.36199157486674;8.78894178009683;919.419299671473;1048.97816881187;131.507924601926;0.584158415841584;9;9
48;13.4100000000035;0.519999999999982;13.9700000000012;NA;NA;-478.997399737183;-546.714258584936;3.74792570323747;3.72744658913124;13.306766446327;12.6771108174296;1006.65245730513;1139.78376980959;135.433717695508;0.574257425742574;15;15
49;13.0299999999988;0.550000000000182;13.6100000000151;NA;NA;-519.204149892826;-592.783451016276;3.76624606538803;3.86673367647873;17.7413407838582;16.8957417966458;1104.89878177873;1248.88827268745;147.158602246899;0.277227722772277;18;18
50;12.7999999999884;0.529999999999745;13.3899999999849;NA;NA;-454.648593841717;-525.380963528153;3.63908573499925;3.9318008874285;12.5453537202831;11.1634826894641;954.737885990161;1091.1973312908;141.464739372872;0.287128712871287;14;14
51;12.6900000000023;0.700000000000273;13.4200000000128;NA;NA;-490.110725597009;-561.658668884455;3.60213797958072;3.70861976440789;12.3556547515333;11.3732238774971;1024.51721199706;1164.09102516694;143.095886574891;0.346534653465347;13;13
52;13.3399999999965;0.489999999999782;13.9400000000023;NA;NA;-486.744509995135;-563.452594575573;3.72436030931253;4.28101834145679;15.2908157493214;13.533726244578;1029.89499604458;1176.82947383237;153.416169160875;0.158415841584158;16;16
53;13.75;0.590000000000146;14.3800000000047;NA;NA;-459.482382472692;-531.811670932976;3.65267999162357;3.72814955887712;13.1128368599995;12.2897400302151;966.460951739798;1108.1381783092;144.658576920567;0.148514851485149;14;14
54;11.4799999999814;0.579999999999927;12.109999999986;NA;NA;-423.885713317526;-493.679803170464;3.41154485127659;3.74644690791016;8.55618535808904;7.37477148281114;876.872701872;1012.44265979862;139.588179705876;0.277227722772277;9;9
55;11.7099999999919;0.5;12.2700000000186;NA;NA;-464.667111190922;-519.157514725241;3.70200466102919;3.75637751605588;12.766798689938;11.9177617757549;975.577019559753;1081.48251834065;108.980807068637;0.940594059405941;14;14
56;13.5100000000093;0.579999999999927;14.109999999986;NA;NA;-479.18674107247;-544.71373177234;3.73681714185464;3.78337900692931;15.9597310255452;14.9084893587913;1017.73078234712;1144.87499439682;131.053981399739;0.544554455445545;17;17
57;13.9700000000012;0.570000000000164;14.5500000000175;NA;NA;-502.977643805509;-565.170962118269;3.86805002359856;3.80803662013516;15.5980770439802;15.4539877058841;1062.99137512974;1186.85113321279;124.386636625519;0.792079207920792;15;15
58;13;0.570000000000164;13.6300000000047;NA;NA;-463.688757563774;-538.293475840397;3.58932433721329;3.62943740579425;12.3575804344166;11.9280422458508;971.680179618829;1119.34969609183;149.209436553246;0.108910891089109;13;13
59;13.1600000000035;0.559999999999945;13.7300000000105;NA;NA;-462.931000880513;-524.058351269828;3.59003518747104;3.68379654498813;12.3857673139396;11.7089709259764;970.265717900175;1090.09406317467;122.254700778629;0.683168316831683;13;13
60;12.390000000014;0.480000000000018;12.9100000000035;NA;NA;-453.884239784249;-529.885171830597;3.52993432720702;3.85228084244161;11.1908987722502;10.0215032703317;946.953777890859;1094.86096535998;152.001864092695;0.128712871287129;11;11
61;12.25;0.389999999999873;12.7099999999919;NA;NA;-442.985219153731;-518.455401618525;3.52088785617358;3.73274077144288;10.0961079375682;8.83656961897108;921.322290690344;1067.85234097344;150.940364929587;0.128712871287129;11;11
62;14.6000000000058;0.5;15.1300000000047;NA;NA;-476.416254694862;-536.34758759118;3.85766617763902;4.45325697786049;14.6884431159468;12.9122873137122;1007.01640541306;1120.32704655953;119.862665792636;0.752475247524752;16;16
63;13.75;0.679999999999836;14.4599999999919;NA;NA;-472.070991864812;-532.015193299251;3.71416984385329;4.07682227087851;13.1310974099443;12.0999768431238;992.157288371261;1108.27528526473;119.888402868879;0.861386138613861;15;15
64;14.9400000000023;0.539999999999964;15.5200000000186;NA;NA;-472.867677095735;-545.780996560656;3.77740959652411;4.28690063326383;15.0276487683472;13.5868724280095;1001.17053897667;1141.68232766666;145.826638929842;0.0594059405940594;16;16
65;13.0500000000175;0.5;13.570000000007;NA;NA;-430.27916009062;-495.649322774876;3.60219611463225;4.39700299046035;13.1064111758327;10.8167521577037;907.545587639402;1030.07734857105;130.740325368512;0.287128712871287;13;13
66;13.1700000000128;0.470000000000255;13.6699999999837;NA;NA;-437.299711256828;-507.284366743759;3.59784409136802;3.62362376523935;12.0874523372638;11.5609377883877;917.933661630622;1056.01538647608;139.969310973861;0.148514851485149;13;13
67;12.5899999999965;0.5;13.1599999999744;NA;NA;-475.3413563527;-559.60645360638;3.62633249451083;4.49207909525842;12.9798288604073;10.7722979890622;997.697129394593;1158.23139596208;168.53019450736;0.0099009900990099;14;14
68;14.460000000021;0.529999999999745;15;NA;NA;-505.727437897189;-572.133278648794;3.80225244622323;4.63515842780149;13.3878353010546;11.352648196652;1059.94713822551;1185.38714051816;132.811681503211;0.693069306930693;14;14
69;14.1199999999953;0.580000000000382;14.75;NA;NA;-507.405172262384;-574.598816304833;3.79646679502721;4.24815514174398;13.9844535713168;12.3827358170207;1065.9460400048;1194.47647062216;134.387288084897;0.623762376237624;15;15
70;14.0800000000163;0.659999999999854;14.7200000000012;NA;NA;-515.513775519776;-579.076148845092;3.74981693466237;4.13836422104434;15.6753819713061;14.0746637339238;1089.32730258081;1210.49867114485;127.124746650631;0.683168316831683;17;17
71;13.2600000000093;0.350000000000364;13.6900000000023;NA;NA;-455.40170353269;-515.897957375841;3.66249502169726;3.86965029602422;11.8028163672201;11.0299797429286;953.117209216556;1071.339051411;120.992507686303;0.702970297029703;13;13
72;14.9100000000035;0.449999999999818;15.3699999999953;NA;NA;-530.153158693691;-595.484927070312;3.84391158294817;5.06119312244047;17.7663606556704;13.7913767474652;1127.82650458978;1243.38330886076;130.663536753242;0.851485148514851;20;20
73;12.8099999999977;0.800000000000182;13.6700000000128;NA;NA;-423.817608964329;-490.752437828919;3.84237928199598;3.92023311780641;12.3366192142553;11.761432364484;891.862735192772;1023.67031368561;133.869657729181;0.227722772277228;13;13
74;12.5100000000093;0.5300000000002;13.0500000000175;NA;NA;-408.528206053268;-489.914363420662;3.85254315057034;5.18562817035569;10.1997323468694;8.07668726533515;853.214855128363;1008.4608934862;162.772314734787;0.0099009900990099;12;12
75;11.7700000000186;0.690000000000055;12.4599999999919;NA;NA;-396.424171288921;-453.570659170506;3.53217827646497;3.86881261504427;10.5813324402062;9.61378924058815;829.899224437815;940.80431602042;114.292975763169;0.821782178217822;11;11
76;12.0199999999895;0.509999999999764;12.539999999979;NA;NA;-433.510042247952;-501.68712845447;3.48022141229154;3.6742371150507;10.3881085292891;9.7108371178707;902.899340261821;1036.91430009109;136.354172413036;0.227722772277228;10;10
77;13.2999999999884;0.360000000000127;13.6999999999825;NA;NA;-436.298773962962;-496.724554533212;3.64276480480199;3.80179953757591;13.5171493415327;12.7403585501508;921.558200522149;1039.59613705025;120.8515611405;0.772277227722772;14;14
78;12.9199999999837;0.420000000000073;13.359999999986;NA;NA;-467.540074110061;-525.542672016502;3.85271072838922;3.90758559110122;16.7999084289116;16.3214728127202;998.496519544455;1112.69571440087;116.005195812883;0.564356435643564;19;19
79;12.2200000000012;0.519999999999982;12.7799999999988;NA;NA;-437.543898916452;-503.099140775495;3.71174268062796;5.05742441048815;10.3545745322117;7.91872122639635;911.795162350481;1034.27045251911;131.110483718086;0.495049504950495;12;12
80;13.9500000000116;0.5;14.5;NA;NA;-497.654487144971;-563.829003290695;3.62166332611312;3.86422885343018;11.9627838262811;10.9033570508229;1038.19626934338;1166.74719332105;132.349032291447;0.584158415841584;13;13
81;12.6399999999849;0.589999999999691;13.25;NA;NA;-459.620029937003;-537.26242960669;3.67046415215863;5.79996002033872;12.4030581729556;8.83582911393399;964.165347521082;1106.52923740855;155.284799339375;0.128712871287129;14;14
82;14.570000000007;0.360000000000127;14.9799999999814;NA;NA;-534.306012110041;-606.263016184508;3.85304428069066;3.90270651215102;17.3866490931787;16.5200436981008;1134.24322689268;1274.88596902498;143.914008148934;0.237623762376238;19;19
83;13.1999999999825;0.519999999999982;13.7999999999884;NA;NA;-455.117683724337;-528.669862365231;3.74205509228817;4.535916659096;11.9912212384799;9.87633540282746;953.668934869416;1093.11293506971;147.104357281787;0.178217821782178;14;14
84;12.5599999999977;0.510000000000218;13.109999999986;NA;NA;-458.749972458272;-525.224278510174;3.65259838037449;3.75307742918962;13.339003603306;12.6375541632025;965.815333383445;1096.22321581985;132.948612103804;0.168316831683168;14;14
85;14.2799999999988;0.489999999999782;14.8300000000163;NA;NA;-461.920402183671;-530.389312102629;3.77005498216484;3.87908712530559;12.4441126895572;11.4483679367277;968.453692165483;1101.82170754713;136.937819837917;0.415841584158416;13;13
86;12.0400000000081;0.539999999999964;12.6300000000047;NA;NA;-414.689572468521;-482.982972422666;3.56147566528968;3.69498809934619;11.551197261951;10.3374235916597;870.32858300326;1002.61250861975;136.586799908291;0.217821782178218;12;12
87;12.0299999999988;0.380000000000109;12.429999999993;NA;NA;-431.726048084341;-496.911078572297;3.54659964459619;3.56065217401918;11.5217424380624;11.1658028950891;904.297115752624;1033.40535737425;130.370060975912;0.475247524752475;12;12
88;15.0800000000163;0.420000000000073;15.5800000000163;NA;NA;-496.852731883317;-563.796239135476;3.95437245701288;4.09057308787076;14.8895008158371;14.2620967437161;1048.15056422662;1179.74340660535;133.887014504317;0.504950495049505;15;15
89;14.1900000000023;0.559999999999945;14.7799999999988;NA;NA;-473.533390496548;-554.266005594503;3.76791000701906;4.76822522009384;13.6475091043581;11.0851389423843;996.970401900592;1149.06604324259;161.46523019591;0.0396039603960396;15;15
90;12.3299999999872;0.380000000000109;12.7800000000279;NA;NA;-427.165139849224;-480.586371044107;3.63401699506974;3.69065053790729;11.609230190988;11.1874543703821;895.950063836852;1001.28043469948;106.842462389765;0.97029702970297;13;13
91;12.1900000000023;0.409999999999854;12.609999999986;NA;NA;-452.029591722462;-520.688000385604;3.62481453154035;3.833066934724;11.5811998677964;10.6576119054635;946.007606817921;1079.9790834793;137.316817326282;0.247524752475248;14;14
92;13.5;0.599999999999909;14.1100000000151;NA;NA;-440.694038190252;-503.328477917079;3.6514264085994;4.63440241384387;14.9063519667218;12.055742185523;935.380578917801;1050.32422546485;125.268879453654;0.445544554455446;14;14
93;14.2900000000081;0.390000000000327;14.679999999993;NA;NA;-466.89609586545;-535.874493431877;3.62351906966555;6.33630991740277;10.1730198048376;6.60025102560412;969.413353534305;1094.85998185212;137.956795132854;0.673267326732673;11;11
94;12.5500000000175;0.409999999999854;13.0599999999977;NA;NA;-436.45128086471;-508.84487598777;3.70375590899824;3.95133971260011;11.2723462326422;10.2605828227887;913.314596741019;1054.47455468797;144.787190246119;0.0693069306930693;13;13
95;13.6300000000047;0.5;14.1199999999953;NA;NA;-457.237743494752;-521.25395747834;3.84123490242248;3.90949350594147;12.112338994801;11.3153559327012;957.898946261258;1083.07414231375;128.032427967176;0.396039603960396;13;13
96;18.4700000000012;0.529999999999745;18.9899999999907;NA;NA;-484.599849352781;-565.84647417413;3.74250861510338;6.4989746244854;15.2406905744961;8.73286072308813;1025.42076903233;1163.9074188453;162.493249642698;0.0792079207920792;16;16
97;13.75;0.599999999999909;14.3500000000058;NA;NA;-484.432085306597;-544.083169921708;3.7021048013672;3.79719849627843;14.5141445958517;13.8750790669835;1022.40510040687;1139.34983393782;119.302169230221;0.871287128712871;16;16
98;13.1199999999953;0.539999999999964;13.7200000000012;NA;NA;-471.431629017889;-543.158770411622;3.66445503452542;3.75986590085353;13.087698984166;11.5751806405936;990.268392584292;1128.24416187058;143.454282787467;0.316831683168317;14;14
99;9.10999999998603;0.5300000000002;9.67000000001281;NA;NA;-365.135477942513;-435.395168991875;3.20343063379229;3.20008163475754;6.50822283306705;5.81668984739417;751.087277706827;889.394815873745;140.519382098724;0.0198019801980198;6;6
100;13.7399999999907;0.5;14.2200000000012;NA;NA;-463.652438834707;-536.746268916309;3.65352764103787;4.20507885660497;14.3514207985063;12.5563606696319;979.287356387684;1118.97310456201;146.187660163205;0.148514851485149;14;14
101;14.1700000000128;0.549999999999727;14.7599999999802;NA;NA;-470.639571975735;-537.273310290101;3.62588882141937;4.089278163356;14.5044991722696;13.0904038507889;993.816089953371;1121.96155246332;133.267476628731;0.326732673267327;14;14
102;12.1100000000151;0.610000000000127;12.7000000000116;NA;NA;-436.487993281448;-509.91078157592;3.81102571397759;4.68369138459417;10.3455324229012;8.39106159006131;909.651296455588;1049.56819885547;146.845576588943;0.247524752475248;12;12
103;14.1600000000035;0.699999999999818;14.9200000000128;NA;NA;-481.638734924804;-555.901671065736;3.77350125629051;4.03942825917045;14.4329854762657;13.5217978867767;1016.51901343453;1161.68362453868;148.525872281865;0.0198019801980198;16;16
104;11.9500000000116;0.329999999999927;12.2799999999988;NA;NA;-465.666332905579;-525.490807311826;3.5514036509515;3.66778200259991;9.97110613706195;9.44283356198459;966.246820298335;1084.04600539915;119.648948812493;0.920792079207921;11;11
105;12.4499999999825;0.579999999999927;13.1600000000035;NA;NA;-456.998759368736;-523.518438047053;3.67828587398344;3.99966582407398;13.8436349478511;12.4517239921008;964.618295403503;1092.56797697083;133.039357356634;0.267326732673267;15;15
106;11.429999999993;0.400000000000091;11.929999999993;NA;NA;-461.114381143241;-528.119999056049;3.55480210883576;4.08844476321118;9.54174089889278;8.44621026168541;955.639480339344;1085.81467978273;134.011235825617;0.495049504950495;11;11
107;12.7700000000186;0.690000000000055;13.5;NA;NA;-443.576144241709;-509.420802254793;3.65901407562204;3.75920653318058;14.3827927157522;13.6435896098916;939.248399854753;1068.26023814137;131.689316026168;0.336633663366337;14;14
108;13.9500000000116;0.610000000000127;14.609999999986;NA;NA;-488.276231424226;-554.343054908117;3.67800175061484;6.12997816221922;13.0893958786587;8.57660282772512;1023.96374374185;1139.75154091374;132.133646967782;0.742574257425743;14;14
109;12.859999999986;0.299999999999727;13.1499999999942;NA;NA;-421.869586826265;-495.019082160571;3.59707034133652;3.98678507688257;11.7250231701798;10.4159368151954;885.774082542483;1027.37992038213;146.298990668612;0.0396039603960396;13;13
110;13.3399999999965;0.650000000000091;13.9800000000105;NA;NA;-482.525548873429;-540.692595823718;3.70243739433489;3.74663477737997;14.169689405925;13.495461115698;1016.86412846793;1130.73283232969;116.334093900579;0.831683168316832;15;15
111;9.25;0.490000000000236;9.73000000001048;NA;NA;-377.544552755889;-452.987786181775;3.21363974394926;3.47619972889091;5.69671121678434;5.21769023757385;773.309835971704;922.664171069783;150.88646685177;0.118811881188119;6;6
112;13.1700000000128;0.369999999999891;13.5800000000163;NA;NA;-486.017554819792;-550.590622818814;3.55706034606889;3.63040366005961;12.2243117421189;11.3305339615311;1015.37076439764;1141.34842382644;129.146135998044;0.643564356435644;12;12
113;13.0800000000163;0.380000000000109;13.5;NA;NA;-471.801289533783;-558.594210786822;3.56059568619444;3.61868191919271;12.0678946636329;10.9657741759158;986.38372927317;1156.06251230915;173.58584250608;0.0099009900990099;12;12
114;11.9700000000012;0.4699999999998;12.5;NA;NA;-423.886228765795;-486.79662511476;3.74086777823693;3.77477232209663;8.63894948953617;8.14204684715904;877.155229915712;1001.28595864745;125.820792697929;0.643564356435644;9;9
115;12.140000000014;0.450000000000273;12.6600000000035;NA;NA;-439.958840893855;-512.430228187815;3.83085350113943;3.80222414915755;11.7238854452485;11.5301264625362;922.382928553836;1066.62388606478;144.94277458792;0.128712871287129;14;14
116;10.25;0.579999999999927;10.8899999999849;NA;NA;-386.262765347018;-453.903096428969;3.28380804844556;3.33709394490547;7.58641916981621;6.82874299348323;797.375151412426;930.174014826774;135.280662163901;0.168316831683168;7;7
117;12.890000000014;0.550000000000182;13.4899999999907;NA;NA;-485.913557061236;-552.040651600193;3.67001433504645;4.11078692091204;13.5019429813984;11.8156264468441;1020.73268755245;1146.87884631054;132.254189077912;0.435643564356436;14;14
118;12.929999999993;0.489999999999782;13.4400000000023;NA;NA;-457.527537737914;-533.127999181513;3.62593794345116;3.70319558849598;13.9023890510796;13.1741633470367;965.411110124056;1113.97431666985;151.200922887197;0.118811881188119;14;14
119;17.3699999999953;0.630000000000109;18.0299999999988;NA;NA;-516.163297957421;-584.942380726637;3.9514112942393;5.17156296141913;15.0889842340283;12.0454472596973;1088.87665302323;1215.02833903723;137.558165538431;0.495049504950495;18;18
120;12.8099999999977;0.649999999999636;13.5299999999988;NA;NA;-450.405230754488;-509.421867197931;3.63718842250588;3.67297205048655;12.2562937338915;11.9909717941676;944.750007124793;1061.83208499902;118.033272886887;0.693069306930693;13;13
121;13.7200000000012;0.580000000000382;14.2900000000081;NA;NA;-480.252427214973;-545.067834625376;3.63362753844257;3.7551258204189;14.1154496009809;12.9069969071181;1011.63261862721;1136.88628031993;129.630814820807;0.495049504950495;14;14
122;18.5199999999895;0.579999999999927;19.2000000000116;NA;NA;-528.931447848349;-614.371033826325;3.82615031056037;7.66430458727059;20.175752961049;10.832133654468;1134.02242043101;1269.63125541062;170.879171955952;0.198019801980198;19;19
123;11.9899999999907;0.559999999999945;12.6100000000151;NA;NA;-452.093639898807;-526.23214023248;3.54445022381198;3.82199663833121;11.0635707734131;10.1625782506706;942.926734964678;1088.0488808247;148.277000667346;0.247524752475248;11;11
124;12.9499999999825;0.579999999999927;13.5599999999977;NA;NA;-500.32690628642;-561.960171892034;3.80638269679713;4.33589614618847;14.6568740634166;12.8120269455424;1054.72125416691;1171.18236674903;123.266531211228;0.821782178217822;16;16
125;13.0599999999977;0.519999999999982;13.6100000000151;NA;NA;-500.295507922993;-556.791030419931;3.76839611121377;4.24038261674275;13.3492048903044;11.9232958431523;1048.94335453487;1156.76959475168;112.991044993876;0.98019801980198;14;14
126;12.8500000000058;0.449999999999818;13.3099999999977;NA;NA;-445.026731172826;-524.834413912678;3.72159886474663;3.90551895226544;13.8937115282681;12.8150649458749;940.37806601912;1096.08645087293;159.615365479704;0.0198019801980198;14;14
127;13.679999999993;0.640000000000327;14.3399999999965;NA;NA;-495.966523343874;-548.373514158331;3.89053366824755;4.06877151540869;13.6804670150592;12.8482738669169;1041.95718182747;1143.72815750789;104.813981628914;0.99009900990099;15;15
128;13.179999999993;0.480000000000018;13.6900000000023;NA;NA;-438.358137618988;-502.024024417791;3.558711507552;3.53366598169054;10.9273425968868;10.5892563817556;914.978722986268;1041.12667663624;127.331773597607;0.693069306930693;11;11
129;10.6699999999837;0.460000000000036;11.1699999999837;NA;NA;-448.463038712579;-506.886656610119;3.54570842475643;3.62209216293526;10.2319186689113;9.59847996513411;933.198622195153;1047.80029344997;116.84723579508;0.891089108910891;12;12
130;13.2599999999802;0.4699999999998;13.7200000000012;NA;NA;-470.515834546259;-537.392562812655;3.59171961369882;3.88214846395729;11.8131269962242;10.4057207832439;983.382435464958;1112.09025660112;133.753456532792;0.415841584158416;13;13
131;8.83999999999651;0.340000000000146;9.22000000000116;NA;NA;-357.180614470913;-428.913672670686;3.10909246708262;3.11776220073446;4.60136951081348;4.31249015520707;728.659083054693;871.22756346283;143.466116399547;0.108910891089109;5;5
132;13.7900000000081;0.699999999999818;14.5099999999802;NA;NA;-488.838885599016;-540.611176321264;3.79723145363647;3.95796654759965;14.826986045823;13.9224289441802;1032.3727353889;1132.58051472608;103.544581444497;0.930693069306931;16;16
133;14.0800000000163;0.470000000000255;14.6299999999756;NA;NA;-468.120643628667;-537.344834112672;3.74336675169658;3.99138094900477;13.292036455087;12.3604360268717;984.845083251979;1119.88696459787;138.44838096801;0.247524752475248;15;15
134;13.6699999999837;0.519999999999982;14.3000000000175;NA;NA;-418.283634421981;-477.751530520216;3.5434828490935;3.79588362075327;11.3067835069339;10.1759874270581;876.158341357655;991.13461407017;118.935792196469;0.801980198019802;11;11
135;13.5500000000175;0.7199999999998;14.2599999999802;NA;NA;-476.217314010226;-540.430950166747;3.70657460480335;4.07992464531074;15.8869432526344;14.3051439190182;1011.03964657377;1133.6318518245;128.427272313042;0.554455445544555;16;16
136;12.4400000000023;0.5;12.9499999999825;NA;NA;-484.259805816305;-544.085077569765;3.77630669130047;3.98688318657046;12.6976310353985;11.860974213054;1014.94989871052;1131.54111435236;119.650543506919;0.702970297029703;15;15
137;14.3099999999977;0.559999999999945;14.9400000000023;NA;NA;-504.767420651689;-578.464852319991;3.75652557082638;5.01948944124986;15.1841443867343;11.7576199972657;1065.5473195599;1200.30214747717;147.394863336604;0.435643564356436;16;16
138;13.3600000000151;0.700000000000273;14.039999999979;NA;NA;-500.912000725769;-557.909029248096;3.7341407359049;3.82560064103672;15.4997488373567;14.9839670672676;1059.47053968735;1171.54630542014;113.994057044654;0.920792079207921;17;17
139;11.4500000000116;0.389999999999873;11.8699999999953;NA;NA;-413.362188516452;-477.862604520098;3.49960079051024;3.58005760133419;8.75168660530895;8.17202840592858;856.951631706814;983.950395220718;129.000832007291;0.425742574257426;10;10
140;17.2599999999802;0.670000000000073;17.9799999999814;NA;NA;-518.524068080488;-599.602060345457;3.83791776993181;7.23698212417367;14.8760628981983;8.19671450147387;1091.92413894425;1229.44081240664;162.155984529938;0.257425742574257;16;16
141;13.609999999986;0.460000000000036;14.109999999986;NA;NA;-511.434011324691;-577.066689512548;3.75429150828557;3.8321154758449;15.0655541296328;14.4868591586139;1078.89970750381;1208.01278630885;131.265356375713;0.574257425742574;17;17
142;12.8800000000047;0.460000000000036;13.3800000000047;NA;NA;-414.175893075301;-476.454080224329;3.58160484360689;4.31657483664587;9.91001472123163;8.31642762670965;862.579764403291;981.632083868997;124.556374298057;0.673267326732673;10;10
143;11.4799999999814;0.559999999999945;12.039999999979;NA;NA;-479.765162633324;-540.605215652319;3.66532833675295;3.74199157688491;12.0488893698317;11.1906460808146;1003.17277321935;1121.74422443265;121.68010603799;0.811881188118812;14;14
144;13.2200000000012;0.470000000000255;13.7699999999895;NA;NA;-462.471797096909;-529.863756289045;3.62212964973855;3.81409061322715;10.0082679131687;9.26891045592948;960.423288442517;1092.58615623632;134.783918384271;0.504950495049505;12;12
145;12.4200000000128;0.609999999999673;13.0500000000175;NA;NA;-423.691012555645;-486.671197498068;3.64999522726766;3.76302031433681;9.22341165927181;8.78008845033516;879.23856040107;1003.6677461675;125.960369884847;0.732673267326733;10;10
146;13;0.309999999999945;13.359999999986;NA;NA;-463.379688818253;-532.919915240497;3.59379397976596;3.670362238519;12.2343973060023;11.518129971738;970.620423249553;1107.13301488817;139.080452844488;0.356435643564356;13;13
147;15.8500000000058;0.7199999999998;16.539999999979;NA;NA;-504.212482654612;-576.051868349381;3.84181197259372;7.58159697032666;14.2268172625834;8.50916210259021;1060.44689033329;1183.21842558162;143.678771389537;0.811881188118812;15;15
148;13.9100000000035;0.670000000000073;14.5299999999988;NA;NA;-499.590267779758;-561.228374222093;3.72130273628563;4.98393577916376;14.9624620194026;11.9983421230575;1054.37525428585;1166.71718618536;123.27621288467;0.861386138613861;16;16
149;11.7900000000081;0.230000000000018;12.0800000000163;NA;NA;-437.009658987449;-496.419800723123;3.55362290769645;3.58793259675299;12.1767030384038;11.4715648545543;917.186198049253;1033.50673956893;118.820283471348;0.574257425742574;12;12
150;13.5799999999872;0.550000000000182;14.140000000014;NA;NA;-488.588805812518;-552.952836162773;4.10539089562462;4.63940099273753;14.7162618395657;13.0579234807913;1031.91021147066;1154.47059380359;128.72806070051;0.742574257425743;17;17
151;13.1199999999953;0.440000000000055;13.6100000000151;NA;NA;-472.174993944698;-527.956057308451;3.83823769687861;3.91166283558055;12.6757426875134;12.2455052845953;990.700237811313;1100.68915406566;111.562126727505;0.98019801980198;15;15
152;12.3399999999965;0.5;12.8500000000058;NA;NA;-496.66576100591;-550.347572172804;3.66784612162031;3.804426669294;13.5965547773387;12.6123034000032;1043.04882280773;1146.81342152214;107.363622333788;0.97029702970297;15;15
153;12.0200000000186;0.639999999999873;12.679999999993;NA;NA;-430.354320266142;-490.923089544777;3.54149730704383;3.62185517226534;10.8053669863395;10.3015500008048;898.543986688057;1017.91739358085;121.13753855727;0.673267326732673;11;11
154;11.6100000000151;0.5;12.0999999999767;NA;NA;-460.3421739404;-519.048302638431;3.65133397953337;3.90525772515958;12.3130567519021;10.9732499505231;965.283640142457;1077.84296489045;117.412257396062;0.871287128712871;14;14
155;14.4899999999907;0.519999999999982;15.1300000000047;NA;NA;-497.036262593518;-564.927757738295;3.70429500377133;4.10699174405441;16.2184841729657;14.6155533094369;1053.90055822956;1183.77052979028;135.782990289555;0.326732673267327;16;16
156;13.1900000000023;0.480000000000018;13.6399999999849;NA;NA;-463.057711145579;-539.463637315655;3.62309791844606;3.75257440263526;13.9195158522813;12.8196797002517;976.533492161644;1125.3616128442;152.811852340154;0.168316831683168;14;14
157;13.5099999999802;0.420000000000073;14.0299999999988;NA;NA;-508.440206153138;-580.637276129266;3.63119536921924;3.71960797435278;14.746198769552;14.139869715164;1070.29282174475;1212.49076888735;144.394139952256;0.237623762376238;14;14
158;17.8999999999942;0.639999999999873;18.6199999999953;NA;NA;-502.163584011203;-577.516593865213;3.69740046293062;5.69556791095034;13.9113299438929;9.26672767171086;1054.7155876015;1188.59832951993;150.706019708021;0.316831683168317;14;14
159;12.5;0.460000000000036;12.9899999999907;NA;NA;-491.853647685877;-545.794867524607;3.81495755353325;3.83766786262657;15.3319073553736;14.9018649455493;1041.16777270273;1147.43851191994;107.88243967746;0.930693069306931;18;18
160;14.0800000000163;0.5300000000002;14.6900000000023;NA;NA;-497.687381925243;-567.685503248707;3.7681510447648;4.69263111464134;13.8403610135994;11.9507220661857;1046.43018723107;1179.45577958919;139.996242646929;0.504950495049505;16;16
161;10.3099999999977;0.4699999999998;10.7600000000093;NA;NA;-411.775995262798;-487.51289733501;3.31992965319352;3.41158054148741;6.50917511715186;6.11823184137895;844.873055079259;995.066308820668;151.473804144425;0.138613861386139;7;7
162;11.6600000000035;0.5300000000002;12.2699999999604;NA;NA;-451.304476151657;-517.044167209401;3.61575733193176;4.70404274938581;10.299627996653;8.24566425657187;939.121529241404;1063.31953098935;131.479382115488;0.534653465346535;12;12
163;11.9799999999814;0.619999999999891;12.5999999999767;NA;NA;-409.553288322363;-476.590756393095;3.5544368870946;4.23571859462698;9.91378317321654;8.56361356159386;854.251318860391;983.539851857988;134.074936141465;0.158415841584158;12;12
164;13.5599999999977;0.610000000000127;14.2000000000116;NA;NA;-460.928008735119;-520.941581318522;3.8641516158511;4.06585657063255;12.8717714350036;12.1734264042218;968.002087432706;1085.52562392287;120.027145166807;0.603960396039604;13;13
165;10.8500000000058;0.4399999999996;11.2999999999884;NA;NA;-443.292393464816;-507.057535154804;3.68417180704829;3.74831255151132;9.57964228044067;8.54650032445215;920.54498684342;1044.41274229828;127.530283379976;0.742574257425743;12;12
166;13.2200000000012;0.800000000000182;14.0199999999604;NA;NA;-472.444014859695;-544.953706956523;3.67581990432828;4.23810426590621;15.3611052057752;12.8466846799078;1001.05760359895;1136.88273206686;145.019384193657;0.0891089108910891;15;15
167;13.1900000000023;0.480000000000018;13.75;NA;NA;-515.074420983897;-579.352653704418;3.96257080855334;4.19367099683534;14.137055909811;13.4921079311825;1081.84254471433;1208.04068680241;128.556465441042;0.732673267326733;15;15
168;13.9800000000105;0.420000000000073;14.4100000000326;NA;NA;-467.035924089269;-530.156685385457;3.82821675847788;3.84060355982447;14.0402994934555;13.505321495984;985.411750426733;1109.69706702023;126.241522592378;0.673267326732673;15;15
169;14.5599999999977;0.519999999999982;15.179999999993;NA;NA;-499.933121413473;-577.081200702497;4.17963038776639;5.66063837910999;13.5024326181382;10.5711594945652;1049.23937557609;1192.81701097041;154.296158578049;0.336633663366337;15;15
170;13.3299999999872;0.590000000000146;13.9500000000116;NA;NA;-496.021391669512;-563.004610343834;3.74907040109714;4.10653806450845;15.7194601041885;14.3822537374802;1050.02997674713;1179.06362100371;133.966437348644;0.653465346534653;16;16
171;12.9899999999907;0.579999999999927;13.570000000007;NA;NA;-471.375885254831;-539.753086658921;3.59584853544712;3.76716159523104;13.0501318839283;12.1031460902226;989.537273342437;1122.89667547721;136.75440280818;0.396039603960396;13;13
172;12.539999999979;0.4699999999998;13.0299999999697;NA;NA;-471.504760716228;-537.165096213823;3.704470390772;3.65883397312332;13.2451572463205;12.7186205212348;990.984987718601;1120.39848279787;131.320670995189;0.455445544554455;14;14
173;12.0299999999988;0.579999999999927;12.6300000000047;NA;NA;-412.617130564155;-497.297970621026;3.45504830876894;3.7648558597879;10.1025507362539;8.66419247107579;860.127235218082;1024.52100188215;169.361680113741;0.0297029702970297;10;10
174;10.7200000000012;0.360000000000127;11.140000000014;NA;NA;-406.956704195948;-472.536811050874;3.65763284899758;3.76507766231675;7.06249094378226;6.88934857628977;837.934334097901;968.505656440782;131.160213709851;0.455445544554455;9;9
175;13.6999999999825;0.489999999999782;14.2700000000186;NA;NA;-459.976976702937;-528.221708861807;3.70727244841746;3.76350879329054;13.9067996853212;13.1954690547022;970.805698894811;1104.69410437765;136.489464317739;0.336633663366337;15;15
176;14.7799999999988;0.400000000000091;15.289999999979;NA;NA;-530.501892564837;-603.664690366348;3.9008170243828;5.94675850899504;15.9883928930412;11.4866824176918;1120.92461990222;1250.37883566164;146.325595603021;0.495049504950495;18;18
177;13.8299999999872;0.369999999999891;14.1999999999534;NA;NA;-537.004469242592;-591.77163222891;3.85915038504496;3.88481422438944;17.1515122508809;16.5114354817199;1138.75254552794;1245.87070677914;109.534325972636;0.96039603960396;19;19
178;12.9400000000023;0.599999999999909;13.5999999999767;NA;NA;-448.021499106855;-507.22826021412;3.60459049528642;3.62509035059228;12.7649190396371;12.4851533883541;941.805995952038;1059.21654158464;118.41352221453;0.772277227722772;13;13
179;13.6700000000128;0.590000000000146;14.3099999999977;NA;NA;-468.349123183027;-542.242578304456;3.74962081896615;4.07441118978574;13.8605307935721;12.8092961337239;987.380804553776;1131.32375942363;147.786910242859;0.0891089108910891;15;15
180;13.1900000000023;0.449999999999818;13.6699999999837;NA;NA;-476.186571031718;-551.037462505322;3.76434594121368;4.2814181835214;15.4727367274863;13.784788094578;1009.91921708266;1153.34319537457;149.701782947208;0.168316831683168;17;17
181;11.2000000000116;0.390000000000327;11.609999999986;NA;NA;-429.085199615415;-493.558059062734;3.55092144471439;4.07313331595567;10.8443347242536;9.38590039375175;896.613982444746;1020.38949560779;128.945718894638;0.415841584158416;12;12
182;12.9700000000012;0.389999999999873;13.4000000000233;NA;NA;-445.023041742386;-513.483288284766;3.65470594293054;4.77168366629825;12.1650084809789;9.6192477439867;934.109128067499;1061.80858616273;136.92049308476;0.247524752475248;14;14
183;13.7799999999988;0.670000000000073;14.4400000000023;NA;NA;-467.846679861514;-520.372594441462;3.73099587909286;3.77785385792902;14.315788228679;13.7314720975575;988.040616888649;1090.95582972723;105.051829159895;0.98019801980198;15;15
184;13.1699999999837;0.549999999999727;13.7200000000303;NA;NA;-477.463894033981;-544.399788518295;3.62622016849742;3.67001348517705;14.5022173417102;13.684370056372;1007.45646902;1138.36592208463;133.871788968629;0.445544554455446;14;14
185;11.0100000000093;0.470000000000255;11.5;NA;NA;-443.912833623717;-505.008945514105;3.64415484408476;3.69729817021619;11.3070749409111;11.1057701654199;928.362206753972;1049.83274088228;122.192223780775;0.504950495049505;13;13
186;12.8300000000163;0.529999999999745;13.3399999999674;NA;NA;-435.011777794608;-500.811099006633;3.90350243801607;4.14495643944253;11.5073737896574;10.3263482758682;910.817637762549;1038.22949936771;131.59864242405;0.366336633663366;12;12
187;13.1900000000023;0.610000000000127;13.8499999999767;NA;NA;-450.927672314987;-528.103773378639;3.58867224999767;3.77493761974524;12.7371669503845;11.9370492504076;947.51884946954;1099.00258181801;154.352202127305;0.0297029702970297;13;13
188;13.8800000000047;0.639999999999873;14.5599999999977;NA;NA;-456.164512019622;-519.126889979917;3.61096310016784;3.92865966613723;14.3365517149509;12.6964329241869;963.726418857766;1083.77125088074;125.92475592059;0.623762376237624;13;13
189;13.570000000007;0.670000000000073;14.2299999999814;NA;NA;-483.574265808915;-544.199922252341;3.65053542087176;4.71400586620331;14.0983067999792;11.3150541286405;1018.21420263974;1129.3842577343;121.251312886851;0.851485148514851;14;14
190;12.6999999999825;0.630000000000109;13.3899999999558;NA;NA;-468.722393086561;-517.238222667766;3.60518091819241;3.74965830923327;12.3576997951022;11.6253492117431;981.747878579595;1076.1540171268;97.0316591624093;0.98019801980198;13;13
191;12.6800000000221;0.610000000000127;13.289999999979;NA;NA;-441.772423551522;-499.171930933176;3.63241697124619;3.84648651822266;13.2241836559012;11.9383492102914;931.444344658779;1041.58592078639;114.799014763307;0.811881188118812;14;14
192;13.7299999999814;0.519999999999982;14.289999999979;NA;NA;-447.319319816775;-518.586233764718;3.69590467527158;3.71804470850758;12.9603185638458;12.0790344733867;942.0294726057;1081.340788113;142.533827895886;0.158415841584158;15;15
193;11.0299999999988;0.420000000000073;11.4899999999907;NA;NA;-404.305978590323;-471.625031591591;3.41564266589504;3.46328508922657;9.11471638871514;8.16517306616225;839.612906696537;971.021428436631;134.638106002536;0.376237623762376;9;9
194;13.1100000000151;0.369999999999891;13.5999999999767;NA;NA;-475.632882869663;-542.976011271192;3.88305414540633;6.33655344950745;12.758350217884;8.73952071025125;997.477961590375;1117.60756074358;134.686256803059;0.752475247524752;14;14
195;10.25;0.349999999999909;10.6300000000047;NA;NA;-377.959888796623;-451.308917393214;3.37648883706991;3.49897564725758;5.6414299379843;5.06997764954909;773.963692827305;918.833979975271;146.698057193182;0.198019801980198;6;6
196;11.1300000000047;0.480000000000018;11.710000000021;NA;NA;-456.309452048005;-522.204919228123;3.6289795109488;3.78863538045838;10.6787848448512;10.1301276090897;950.902986054191;1080.72695143003;131.790934360236;0.445544554455446;13;13
197;13.460000000021;0.610000000000127;14.1199999999953;NA;NA;-478.659410616734;-541.010836044005;3.70729478736937;4.7321944216143;16.2438346444233;13.358387923415;1016.71619257653;1130.8680895381;124.702850854542;0.653465346534653;15;15
198;12.4199999999837;0.549999999999727;12.9500000000116;NA;NA;-451.996025084782;-523.350811232735;3.66220801056064;3.71051357151355;12.9583549971;12.2739020784754;950.928686083039;1091.15909204583;142.709572295905;0.0495049504950495;14;14
199;12.2799999999988;0.470000000000255;12.7900000000373;NA;NA;-483.331492910979;-536.831712642279;3.77549552736867;3.98793352257348;11.9891617855808;11.1533328731429;1010.50267701917;1114.44681596049;107.0004394626;0.97029702970297;15;15
200;13.9400000000023;0.579999999999927;14.5299999999697;NA;NA;-482.43862781302;-543.607079429545;3.76652737514868;3.87106608110851;15.6095543272048;14.8823941305641;1022.93218153545;1142.5646365533;122.33690323305;0.712871287128713;17;17
201;12.8500000000058;0.559999999999945;13.4800000000396;NA;NA;-458.121734110253;-522.252174367867;3.71042319711349;3.73313264954155;12.5865843204125;11.8458288449771;961.833508451203;1087.41128836769;128.260880515229;0.603960396039604;14;14
202;12.6600000000035;0.639999999999873;13.359999999986;NA;NA;-474.238060520314;-548.726531135744;3.71584670848244;3.79531691400215;14.257027152012;13.8461780541325;1000.60851185432;1148.08313808587;148.97694123086;0.0396039603960396;15;15
203;13.4500000000116;0.5;13.9500000000116;NA;NA;-482.50171545849;-575.113429356118;3.67648412510028;5.42752142508214;12.9470896715345;9.40784964205748;1012.34589098666;1184.62769761272;185.223427795257;0.0099009900990099;15;15
204;10.1600000000035;0.519999999999982;10.7000000000116;NA;NA;-445.824517904589;-513.99218302;3.54505586030813;3.68375549707712;11.6652356538565;10.4233914480342;933.002744355817;1064.93568916797;136.335330230821;0.415841584158416;12;12
205;12.75;0.550000000000182;13.3299999999581;NA;NA;-481.927351523271;-547.824756662401;3.6706994894595;4.07901614424215;14.595013619066;13.0737823424044;1017.22297862095;1143.45523910623;131.794810278261;0.504950495049505;15;15
206;15.7300000000105;0.559999999999945;16.3300000000163;NA;NA;-520.420292257253;-605.59064801299;3.93110716645387;7.17333626475335;18.3562917752691;11.2606837336698;1110.60277616586;1253.97697536967;170.340711511473;0.108910891089109;20;20
207;11.75;0.339999999999691;12.1199999999953;NA;NA;-407.588523803831;-473.440284756503;3.41339623708216;3.43269602447348;9.50522812628029;9.13704065846795;847.506204622867;977.957448276728;131.703521905345;0.247524752475248;9;9
208;12.1600000000035;0.440000000000055;12.6699999999837;NA;NA;-440.731518096137;-507.293781572565;3.61175064450582;3.86206597177342;12.3254678492306;11.2141126000881;925.650575146238;1054.7908271033;133.124526952857;0.485148514851485;13;13
209;12.789999999979;0.660000000000309;13.5200000000186;NA;NA;-438.730753050583;-502.88669002534;3.61080548532578;3.68411260559988;11.241016225242;10.6859346267275;917.311340475751;1043.65542883347;128.311873949515;0.445544554455446;12;12
210;13;0.429999999999836;13.4500000000116;NA;NA;-452.238802548992;-524.190228497301;3.65624433897795;3.88645343940354;12.3652634449954;11.3532212514927;948.807813641416;1089.08243378282;143.902851896619;0.227722772277228;13;13
211;13.2000000000116;0.690000000000055;13.8899999999558;NA;NA;-492.564156227016;-564.709519952163;3.72317091757923;3.9621471657506;14.5842350006675;13.4758256865039;1039.36987916766;1179.53821982445;144.290727450294;0.316831683168317;17;17
212;12.4700000000012;0.599999999999909;13.0800000000163;NA;NA;-398.819670200366;-465.609278527566;3.40302329634042;3.72925763814726;9.48597841026131;8.42623733307727;829.903025332216;959.877853409659;133.579216654401;0.277227722772277;9;9
213;13.6399999999849;0.599999999999909;14.3300000000163;NA;NA;-513.039158127119;-582.702471772757;3.76763582074649;4.32494688312437;15.4549203814356;13.2933016914439;1083.99981823346;1215.22519374598;139.326627291276;0.455445544554455;18;18
214;13.7299999999814;0.75;14.5499999999884;NA;NA;-477.067081948434;-552.016999456405;3.77273359687619;4.71264248471113;14.5028823450565;12.0909242873837;1007.63354860498;1148.63596109779;149.899835015943;0.297029702970297;16;16
215;12.3099999999977;0.360000000000127;12.6900000000023;NA;NA;-465.39246431823;-537.981157776785;3.74171713987954;3.86681355642444;12.0696122567247;11.55095143687;974.055209998361;1117.37316687504;145.17738691711;0.277227722772277;13;13
216;12.25;0.579999999999927;12.9500000000116;NA;NA;-429.443578188028;-488.831057040258;3.52457065014527;3.6079903628095;10.1991501254832;9.62579904105025;894.599814352429;1011.36716446932;118.774957704461;0.772277227722772;11;11
217;13.5;0.359999999999673;13.8800000000047;NA;NA;-495.875273244583;-564.957518096812;3.7270523523564;3.91373733341406;16.1451925891616;15.0899699734061;1051.79761381147;1186.03752825315;138.164489704457;0.287128712871287;17;17
218;16.3600000000151;0.910000000000309;17.3499999999767;NA;NA;-479.20899796536;-560.289444923012;3.72233727557522;5.37371096380311;14.9316287697658;10.5233185591119;1013.49897451597;1159.39814346783;162.160893915305;0.0891089108910891;16;16
219;12.859999999986;0.440000000000055;13.359999999986;NA;NA;-446.38596973352;-520.432313347642;3.53481763832255;3.60545050609658;10.6359268222941;10.096950799467;929.507129293824;1075.7382592886;148.092687228244;0.0792079207920792;10;10
220;10.0100000000093;0.389999999999873;10.4400000000023;NA;NA;-388.773772646222;-454.340373408796;3.34667165415561;3.35061739726246;7.48210529821509;6.9819416925929;802.555029704491;932.016531477693;131.13320152515;0.435643564356436;8;8
221;11.6600000000035;0.480000000000018;12.1900000000023;NA;NA;-438.15957716655;-512.364270461197;3.42458477922651;3.44635554536692;9.59931139806955;9.21402963876292;908.968307125975;1056.06727440431;148.409386589293;0.0891089108910891;9;9
222;11.3099999999977;0.309999999999945;11.6599999999744;NA;NA;-433.080441371611;-494.238524228549;3.56339580787893;3.69116310918011;10.9106667345494;10.1915076765323;904.839615481972;1024.60633470661;122.316165713876;0.574257425742574;12;12
223;12.9500000000116;0.579999999999927;13.5499999999884;NA;NA;-433.51668874339;-503.841859769755;3.62598234279876;3.66973136708123;13.2391992143755;12.0260140410429;914.987263103447;1051.24331044909;140.65034205273;0.118811881188119;14;14
224;14.8399999999965;0.599999999999909;15.5;NA;NA;-460.967204978393;-545.132051497091;3.60701241298774;5.02867604445808;11.6219863258738;8.52636019966791;963.134797974179;1120.49037746676;168.329693037395;0.0099009900990099;12;12
225;13.9400000000023;0.539999999999964;14.6300000000047;NA;NA;-463.092491009202;-534.563378795768;3.6913875703991;4.45966058980547;14.5142660555538;12.3899681155573;978.75730478262;1114.00463156162;142.941775573132;0.178217821782178;14;14
226;13.3999999999942;0.490000000000236;13.9199999999837;NA;NA;-479.98279616215;-555.837375515967;4.54177700841247;5.01182720731599;9.89629673700916;8.9932579531311;995.444407645203;1143.91611833645;151.709158707634;0.267326732673267;13;13
227;13.0899999999965;0.639999999999873;13.7900000000373;NA;NA;-479.873897717837;-553.335722920318;3.63893372233041;4.78546133256749;13.5332048011993;10.5577315980307;1008.76660273325;1144.91275071304;146.923650404962;0.287128712871287;14;14
228;13.929999999993;0.5;14.4500000000116;NA;NA;-497.771356069468;-553.83769952665;3.767225764049;4.37600995708542;14.1661516617543;12.4813046387453;1047.34280670861;1153.31466482408;112.132686914365;0.940594059405941;15;15
229;11.25;0.5;11.7600000000093;NA;NA;-425.30900040074;-494.969496499844;3.40347760536274;4.03515590150876;8.34084963091359;6.87501524529909;878.986876726982;1013.32227685089;139.320992198207;0.297029702970297;9;9
230;13.390000000014;0.609999999999673;13.9899999999907;NA;NA;-505.718609983392;-564.421774634665;3.78374509837211;4.01309091822692;15.6376223917951;14.3343482555672;1069.12252391907;1181.72123203741;117.406329302547;0.851485148514851;16;16
231;13.5299999999988;0.470000000000255;14;NA;NA;-504.11971408557;-556.376840922482;3.72436977740349;3.85255837553258;17.6331173861537;16.546965293032;1073.82037314539;1174.29501889892;104.514253673823;0.900990099009901;17;17
232;11.789999999979;0.420000000000073;12.2600000000093;NA;NA;-456.75095267181;-514.632517276424;3.66584289838675;4.20417150500192;10.3386764171118;9.00887987222668;950.152910432393;1061.20185980203;115.763129209228;0.891089108910891;12;12
233;13.4500000000116;0.629999999999654;14.070000000007;NA;NA;-514.295569302275;-575.43231197055;3.66658546794335;4.50583371396132;14.9270866616474;12.4361488970718;1083.17367585146;1196.33877276658;122.273485336551;0.722772277227723;15;15
234;13.0599999999977;0.580000000000382;13.7399999999907;NA;NA;-450.330524190255;-513.041867261876;3.57687004632391;3.61398585973143;11.0037839566666;10.4454966887227;939.191158051951;1062.65898305408;125.422686143241;0.762376237623762;11;11
235;13.9799999999814;0.569999999999709;14.609999999986;NA;NA;-453.077488548814;-536.84691981158;5.11346443450642;13.0174646545339;9.48357401365877;4.35860678828144;940.505561005633;1089.48120923584;167.538862525532;0.227722772277228;14;14
236;12.8299999999872;0.570000000000164;13.4100000000326;NA;NA;-462.46892332894;-526.627759311168;3.61479737890653;3.72841027093161;11.9882895400301;11.1515354469806;967.916581219631;1093.23443974627;128.317671964456;0.633663366336634;13;13
237;12.7799999999988;0.539999999999964;13.4099999999744;NA;NA;-483.130995283741;-541.504410314609;3.72451423171045;3.72319001542622;14.1739656708631;13.7057415422045;1017.60170662652;1132.65257563011;116.746830061736;0.762376237623762;14;14
238;13.5400000000081;0.320000000000164;13.9099999999744;NA;NA;-464.199809861041;-510.95074227874;3.68930683055468;3.75068452267776;14.4182704288097;13.6596904670786;980.624235405978;1071.3784373256;93.5018648353989;1;14;14
239;11.4900000000198;0.5300000000002;12.0299999999697;NA;NA;-444.030535893463;-530.001509474544;3.5313097106406;3.60697676933069;9.51876342516565;9.0705951307464;921.391333463496;1091.76400467447;171.941947162161;0.0099009900990099;11;11
240;12.6499999999942;0.319999999999709;13;NA;NA;-464.426614449662;-526.477527829385;3.66548045771395;3.78952664931039;12.395353584739;11.4987559909634;973.750609651423;1094.60485793124;124.101826759446;0.762376237623762;14;14
241;13.320000000007;0.590000000000146;13.9099999999744;NA;NA;-465.74215614367;-536.395706732434;3.58344141820523;3.66776173084073;11.2902063572708;10.5058750890366;971.017339368927;1109.57807894005;141.307101177527;0.336633663366337;11;11
242;13.3000000000175;0.539999999999964;13.890000000014;NA;NA;-505.51888387074;-552.354635622409;3.71718323489222;3.95887770810371;15.2318927196056;14.1541952551183;1067.2263838421;1156.92239131094;93.6715035033391;1;16;16
243;11.7999999999884;0.380000000000109;12.1699999999837;NA;NA;-427.631647172071;-492.141600878792;3.5535617928084;3.60114705122673;10.674230173349;10.1746316218807;893.103850390044;1020.35266174501;129.019907413442;0.722772277227723;12;12
244;12.9100000000035;0.509999999999764;13.4500000000116;NA;NA;-454.521541881335;-522.27574138136;3.61157689637542;3.6472972527615;11.9139050743215;11.487770407887;951.755145568769;1085.73582631885;135.508399000049;0.396039603960396;13;13
245;12.9199999999837;0.5300000000002;13.4700000000303;NA;NA;-458.284123941332;-519.822189549061;3.70160369973415;4.3074479772116;12.9867626907663;11.0164138847277;964.055776718871;1079.92711040533;123.07613121546;0.455445544554455;15;15
246;13.0899999999965;0.610000000000127;13.7400000000489;NA;NA;-441.844665024082;-503.871640706595;3.5607279435579;3.69670761566755;13.0378231591229;12.3756341508505;929.908914032885;1051.61537992368;124.053951365026;0.594059405940594;12;12
247;13.3999999999942;0.489999999999782;13.9199999999837;NA;NA;-481.354814060287;-542.862891161937;3.74683491151052;3.858619340378;14.26533623333;13.7772956562334;1015.76514916485;1136.96618687281;123.016154203302;0.792079207920792;17;17
248;12.75;0.480000000000018;13.2600000000093;NA;NA;-485.500283777998;-558.15537190746;3.67536446242266;4.9830283302009;12.8561688674014;9.64028171333434;1017.09070138102;1150.87172997349;145.310176258924;0.336633663366337;13;13
249;15.4200000000128;0.670000000000073;16.140000000014;NA;NA;-530.957978654958;-614.499351156859;3.90925652692899;5.69169202107428;20.4023077185788;15.0032429000262;1139.45393276916;1286.01779524368;167.082745003803;0.0495049504950495;20;20
250;14.0299999999988;0.4699999999998;14.5300000000279;NA;NA;-458.866764838595;-531.547672698065;3.6904953207796;4.37077042986324;13.1562754149525;11.5390792919354;965.387055859118;1104.89120325181;145.36181571894;0.0396039603960396;14;14
