1;39.4099999999889;1.17999999999984;40.6399999999994;NA;NA;-1392.79375489615;-1531.97687496897;5.48826191790501;7.70672170111719;81.9989610942229;59.0989709162864;3153.54218747771;3329.14909515766;278.366240145627;0.455445544554455;79;79
2;33.9800000000105;0.880000000000109;34.9300000000076;NA;NA;-1296.462560874;-1398.90116154966;6.74724568909647;8.18493836247761;56.2522156880153;46.8442743726064;2840.712273103;3004.14813831942;204.877201351325;0.386138613861386;67;67
3;33.8500000000058;0.879999999999654;34.9400000000023;NA;NA;-1393.8751110002;-1543.03588300546;6.98519838804741;11.1932374036624;62.0646444697396;39.3387118563182;3063.80226707176;3261.04307135215;298.321544010519;0.257425742574257;73;73
4;32.7899999999936;0.970000000000255;33.8699999999953;NA;NA;-1355.78108136378;-1456.4865238185;4.85880569842362;5.63963396041312;90.2661640695595;80.382474216929;3115.45701296352;3272.64344816963;201.410884909435;0.099009900990099;77;77
5;24.5100000000093;0.720000000000255;25.2700000000041;NA;NA;-1257.19512648991;-1336.10541129107;4.71519352064483;5.05337516763035;80.4016334146553;76.078142796978;2870.31483404036;3008.99603393758;157.820569602316;0.356435643564356;70;70
6;22.8899999999994;0.75;23.7300000000105;NA;NA;-1264.3583722411;-1330.07088189692;4.57843540354804;4.88405733331893;83.6299175125553;79.9548893738148;2897.10079433759;3012.33756679513;131.425019311649;0.831683168316832;67;67
7;36.2100000000064;1.11000000000013;37.3899999999994;NA;NA;-1344.33401534161;-1484.69136003241;5.35440344499538;7.97673357676535;77.7798040004269;53.1589018879326;3035.66933753311;3206.54207862681;280.714689381606;0.306930693069307;75;75
8;37.6900000000023;0.809999999999945;38.6399999999994;NA;NA;-1364.09312056575;-1538.53791800678;5.25414568398808;9.22420614899628;82.6164171453121;47.4022390177435;3097.31240777999;3288.86675340953;348.889594882042;0.217821782178218;76;76
9;32.7999999999884;0.829999999999927;33.6700000000128;NA;NA;-1308.84706855503;-1446.67558935908;4.8705973368125;6.95669079870411;85.7292495279033;60.9150997128001;2999.00196311635;3164.29026159075;275.657041608114;0.0792079207920792;73;73
10;35.75;0.769999999999982;36.5999999999913;NA;NA;-1295.21682351608;-1478.60551532121;5.41052111199378;10.0457750620188;72.80016958921;39.170844384243;2912.7078193558;3130.61380599833;366.777383610252;0.0495049504950495;70;70
11;32.3300000000017;1.16000000000031;33.5900000000111;NA;NA;-1276.7661729185;-1409.78964368045;5.2373014322351;7.18047153412905;74.3019430032285;55.024100300618;2881.92006226382;3062.76591096473;266.046941523893;0.445544554455446;69;69
12;24.6399999999994;0.75;25.5500000000029;NA;NA;-1252.83398860473;-1362.64638397285;4.69772493580087;5.82871237818089;82.2264682915328;67.8393030244305;2867.86992951908;3024.12024417459;219.624790736248;0.0693069306930693;67;67
13;32.6599999999889;0.829999999999927;33.5499999999884;NA;NA;-1242.36254094495;-1389.4312023016;5.83730301149024;8.48297823699337;64.4719570143202;44.5204167013211;2768.23486924361;2974.63703990838;294.137322713297;0.0396039603960396;66;66
14;27.0699999999924;0.970000000000255;28.0499999999884;NA;NA;-1198.69778251688;-1319.02614823673;4.660385269723;6.2550369985552;76.6669338330431;59.0295619708425;2733.35211108893;2896.72140926283;240.656731439703;0.0495049504950495;64;64
15;29.1399999999994;0.739999999999782;29.9800000000105;NA;NA;-1275.1060227221;-1333.90005682204;6.40508362454564;6.22439128517493;58.9740680528129;60.8438317842322;2809.09515488263;2934.89107213698;117.588068199893;1;65;65
16;32.3099999999977;0.840000000000146;33.3000000000029;NA;NA;-1253.06117784808;-1419.16642406975;4.75578309170706;8.70473932443072;78.7961067677026;43.2951992405313;2853.79748634754;3029.36594190524;332.210492443343;0.267326732673267;68;68
17;38.2300000000105;1.15999999999985;39.5299999999988;NA;NA;-1388.04350004596;-1544.21280947359;5.65497267169642;8.39419393544017;79.8619478659073;54.5034031295104;3132.90633086696;3331.94419505666;312.338618855275;0.178217821782178;76;76
18;31;0.7800000000002;31.8600000000006;NA;NA;-1253.77772257857;-1377.81607781683;5.35159516871729;8.02980183467491;69.6202575413739;46.9554797852837;2813.70443341698;2962.1147676949;248.076710476505;0.366336633663366;66;66
19;33.0299999999988;1.05000000000018;34.1300000000047;NA;NA;-1255.65334215325;-1431.56289847037;4.73509962508274;8.22947465802155;82.9845482919369;49.2762567824221;2878.66539744331;3081.26354248955;351.819112634239;0.0099009900990099;70;70
20;32.8800000000047;0.7199999999998;33.7200000000012;NA;NA;-1278.46504676753;-1420.49663861426;5.09204322142915;7.9812787071185;76.6971441881704;48.6877871475914;2895.34388985146;3055.82029663406;284.063183693463;0.118811881188119;68;68
21;30.8899999999994;0.760000000000218;31.75;NA;NA;-1286.31567736976;-1396.40008579587;5.08399570204685;6.60025006388558;78.2558791752136;61.6997854237647;2918.49403908688;3065.49090914694;220.168816852231;0.405940594059406;69;69
22;33.9700000000012;1.11000000000013;35.2000000000116;NA;NA;-1336.21106555415;-1520.04160097032;5.55217348399312;9.37456005790573;77.5295650631976;47.3525718504302;3017.2592790859;3250.69867247754;367.661070832334;0.0198019801980198;73;73
23;33.070000000007;0.989999999999782;34.1700000000128;NA;NA;-1304.16140666548;-1437.40284361212;4.82043077633199;6.44509401557868;87.3284559703705;67.7583062911255;2996.74361344202;3176.18208568821;266.482873893284;0.0198019801980198;73;73
24;26.1800000000076;0.690000000000055;27;NA;NA;-1334.00507650637;-1395.49468140127;4.79577937328941;4.96842009367664;87.8691868844498;85.5770188709227;3060.02351782624;3172.77661164114;122.979209789793;0.98019801980198;75;75
25;33.4199999999983;1.05999999999995;34.6700000000128;NA;NA;-1355.43388549867;-1481.54107492048;6.23058244634127;8.651184734766;69.0201398205311;48.5715902119864;3016.89789662624;3178.44493950237;252.214378843627;0.336633663366337;71;71
26;30.8800000000047;0.639999999999873;31.5099999999948;NA;NA;-1266.25795923521;-1381.18683212411;4.90005748922688;6.30538181532513;82.0762512294583;66.6532734901229;2895.26326564201;3056.95702760444;229.857745777794;0.108910891089109;69;69
27;22.0899999999965;0.599999999999909;22.7000000000116;NA;NA;-1212.73338158831;-1296.99925282958;4.53886102443733;5.07912405279837;78.4169664546501;72.2216512327915;2769.69989442897;2911.03557393771;168.531742482543;0.168316831683168;65;65
28;31.0800000000017;0.960000000000036;32.1399999999994;NA;NA;-1281.27683578636;-1406.94949912515;8.07361122240566;11.1783388065044;44.8779406525678;32.538801971997;2759.21000282159;2956.48489515197;251.345326677575;0.495049504950495;64;64
29;33.3199999999924;0.869999999999891;34.2800000000134;NA;NA;-1337.848975647;-1517.9576439594;7.5596578703706;14.1174948986355;52.4576641437049;27.6039938619783;2907.15894578954;3157.71346508961;360.217336624788;0.267326732673267;68;68
30;31.0999999999913;0.869999999999891;32.0099999999948;NA;NA;-1305.1097229483;-1422.48824239068;5.00433923466037;5.87844191018871;84.0215636162866;72.033327238802;2983.93180120828;3165.36738474471;234.757038884763;0.099009900990099;73;73
31;22.5499999999884;0.550000000000182;23.2299999999959;NA;NA;-1207.01177421402;-1303.69849599249;4.59676948621935;5.71696279577149;77.4185889402113;65.2543059224837;2753.27386718291;2893.34309856446;193.373443556949;0.168316831683168;64;64
32;31.75;0.990000000000236;32.820000000007;NA;NA;-1243.8462884025;-1403.82596087279;6.54180404714319;9.67694845702483;55.6542342100226;37.7857551695598;2731.13268207212;2972.9325755295;319.95934494059;0.099009900990099;63;63
33;33.3600000000006;0.859999999999673;34.3299999999872;NA;NA;-1308.06873601439;-1441.4835529642;4.62874177082854;6.03115422155366;91.8594910521571;73.0561818396843;3024.71147709741;3207.90747373769;266.829633899617;0.0198019801980198;73;73
34;22.7399999999907;0.599999999999909;23.429999999993;NA;NA;-1189.74891122446;-1290.3419798063;4.54524618231641;5.25422338074458;76.5056522645458;68.2168199722435;2715.34070732714;2880.14070481459;201.186137163676;0.0495049504950495;65;65
35;33.3699999999953;0.889999999999873;34.3000000000029;NA;NA;-1180.06042542542;-1414.86845531528;4.54397861523325;10.5199882259225;79.2944855597585;35.2677635965082;2708.20609680416;2984.55458904859;469.616059779712;0.0099009900990099;65;65
36;36.1600000000035;0.870000000000346;37.0599999999977;NA;NA;-1325.92445980984;-1554.29511562756;5.20127822616098;11.4693846005988;82.4961965065706;37.0975078374292;3019.33793177744;3273.84544405278;456.741311635433;0.0495049504950495;74;74
37;31.6899999999878;1.07999999999993;32.8899999999994;NA;NA;-1311.95034893336;-1424.85563521898;4.64846409486542;5.65936617386012;90.128920583766;76.7751247485324;3026.59236749862;3192.73882442324;225.810572571227;0.0099009900990099;76;76
38;31.2799999999988;1.09999999999991;32.5;NA;NA;-1301.31063528991;-1438.01070837424;5.10772327524335;7.80883853683266;78.8058591260636;52.0723541450095;2952.59164089628;3107.27047951457;273.400146168661;0.158415841584158;72;72
39;32.2200000000012;1.01000000000022;33.3600000000006;NA;NA;-1268.87572062849;-1440.51427067253;4.76735079874613;8.89439519062281;80.9614452554211;44.6145128748815;2894.9807792481;3077.88289404108;343.277100088076;0.0396039603960396;68;68
40;34.8899999999994;1.04999999999973;36.0899999999965;NA;NA;-1405.08617655325;-1546.59974775014;8.24324017782831;12.1562451368262;50.6124721266352;34.2995399032762;3034.93819931667;3245.5209448792;283.027142393777;0.198019801980198;72;72
41;23.0299999999988;0.769999999999982;23.8300000000017;NA;NA;-1240.13096294901;-1334.06455414473;4.60644720839255;5.23094508859684;82.0940121362727;74.7855489284129;2841.26315808643;2996.99201327489;187.867182391445;0.0693069306930693;66;66
42;37.6100000000006;0.949999999999818;38.6899999999878;NA;NA;-1359.20911570232;-1555.62561640623;4.82936947377553;8.62387337384022;91.6706676947285;51.9640257456185;3128.59751598198;3343.76363225385;392.833001407821;0.0099009900990099;77;77
43;32.9599999999919;0.960000000000036;34.0899999999965;NA;NA;-1279.72810522272;-1442.24573488326;4.92746697847109;8.81032924825122;80.3282287035025;45.2376898282959;2914.47793023288;3084.42569838412;325.035259321091;0.207920792079208;69;69
44;26.4100000000035;0.599999999999909;27.0800000000017;NA;NA;-1345.57815667783;-1410.58534480066;4.96506883200788;5.14656769044588;86.4527688077914;84.2309975738175;3075.68221913295;3195.81456837178;130.014376245665;0.722772277227723;73;73
45;27.0399999999936;0.75;27.8699999999953;NA;NA;-1188.46270877194;-1330.53255941906;5.02117998248272;7.78229632549508;69.1509858631747;44.4317700799032;2678.28693699164;2854.69975145967;284.139701294247;0.128712871287129;61;61
46;33.4500000000116;0.880000000000109;34.4099999999889;NA;NA;-1291.77374520951;-1473.35688679585;4.7168325154895;8.89269232912577;83.8564277450851;45.4374014548971;2955.36060445137;3148.17980526956;363.166283172677;0.0198019801980198;71;71
47;30.8500000000058;1.0300000000002;32;NA;NA;-1221.68116553835;-1367.75264435841;5.14492083072693;8.19655840900109;71.0407132776018;44.1977405775331;2754.10524154939;2928.83294422207;292.142957640126;0.0792079207920792;63;63
48;29.6399999999994;0.769999999999982;30.4400000000023;NA;NA;-1292.04284872248;-1354.46439089616;5.92603598223069;5.9833960421733;66.2343993916617;65.8808700794418;2876.33431741802;2999.61751061267;124.843084347358;0.97029702970297;68;68
49;24.3000000000029;0.849999999999909;25.1699999999983;NA;NA;-1153.03429151822;-1239.59042990787;4.49834579278061;4.90333053720645;73.4603559279007;68.507428451065;2624.98597949139;2776.59584567398;173.112276779308;0.118811881188119;59;59
50;35.1399999999994;1.05999999999995;36.2600000000093;NA;NA;-1317.01371404551;-1542.51358307199;5.20044632767168;11.3460106510783;79.251053412779;36.9972568632241;2986.52143745127;3249.58411328161;450.999738052956;0.0099009900990099;73;73
51;33.6000000000058;0.800000000000182;34.4499999999971;NA;NA;-1307.5582263595;-1542.84983091206;4.82965887912132;12.7811748559038;81.9802158480079;31.4532287632767;2979.18388142445;3225.38087639375;470.583209105126;0.0099009900990099;72;72
52;23.679999999993;0.679999999999836;24.4199999999983;NA;NA;-1249.02458420465;-1333.03616336608;4.76662994431477;5.1469469590723;79.6817857617148;75.4612209956779;2850.21384418316;2999.58363262726;168.023158322868;0.158415841584158;69;69
53;33.1699999999983;0.610000000000127;33.8899999999994;NA;NA;-1289.46455999484;-1449.47095564517;4.91275733235315;7.76297758285481;81.8911669867141;53.3544055222594;2942.02841515202;3135.51134547708;320.012791300669;0.0198019801980198;71;71
54;34.0799999999872;0.809999999999945;35.0399999999936;NA;NA;-1275.15064555064;-1420.26473805657;5.01847326414676;7.26773572186716;78.930587978179;54.8816818504026;2899.71380009981;3083.48150072887;290.228185011862;0.0396039603960396;70;70
55;30.2700000000041;0.829999999999927;31.179999999993;NA;NA;-1293.37699299348;-1389.04347462434;4.83063899100308;5.79106133982449;83.6581430890731;71.667049590304;2957.09459060772;3095.34498889223;191.332963261717;0.356435643564356;70;70
56;32.3999999999942;0.860000000000127;33.4500000000116;NA;NA;-1287.71408268091;-1484.18852602762;4.72351715304805;9.60934882585431;83.5235336412589;41.9696795239814;2945.17287647538;3154.16980236888;392.948886693423;0.0099009900990099;70;70
57;28.3000000000029;0.779999999999745;29.1300000000047;NA;NA;-1283.51533847542;-1390.87116131161;5.43557159911145;6.64626425698244;73.3936606837278;61.0632054412292;2891.40411401004;3051.61960687776;214.711645672379;0.663366336633663;69;69
58;31.25;0.880000000000109;32.2100000000064;NA;NA;-1251.16966864368;-1448.58953254348;5.01896763002653;10.429190820966;74.7255103204276;36.5332579583675;2832.05361670267;3058.37618198566;394.839727799608;0.0594059405940594;68;68
59;30.1699999999983;0.75;31.0499999999884;NA;NA;-1260.8552581029;-1370.84169099024;5.3830246475551;6.61913771630742;71.617950210929;58.4508975668738;2836.64418310999;2998.71608747345;219.972865774668;0.366336633663366;66;66
60;29.679999999993;0.9399999999996;30.6899999999878;NA;NA;-1248.500476007;-1363.21930862973;5.1661453829882;6.27143485984174;75.7768953839586;62.5711752106514;2831.35429869194;3002.52385051226;229.437665245454;0.138613861386139;68;68
61;30.8499999999913;0.720000000000255;31.6399999999994;NA;NA;-1267.00869329405;-1446.1095317387;4.81308653899365;7.88221997445063;83.105734479462;52.0070723874505;2901.31467740725;3122.07151482739;358.201676889295;0.0099009900990099;69;69
62;23.6300000000047;0.610000000000127;24.3000000000029;NA;NA;-1281.46879883349;-1367.98544105292;4.75428377286481;4.98864639954448;85.0511200119238;82.162195313839;2940.04788764621;3100.27189655208;173.033284438869;0.0594059405940594;71;71
63;32.1200000000099;0.920000000000073;33.0800000000017;NA;NA;-1298.09740315363;-1494.15752916048;6.44948838168242;12.6710657774118;61.2703491976254;31.7265614676502;2867.42839253467;3128.76323852928;392.120252013695;0.148514851485149;70;70
64;33.5500000000029;0.929999999999836;34.5599999999977;NA;NA;-1354.98866209552;-1485.59125090078;7.78331710779329;10.6553498034911;52.7828655082241;37.578238635482;2943.25850056561;3137.2647262235;261.205177610532;0.485148514851485;69;69
65;32.5899999999965;0.890000000000327;33.5699999999924;NA;NA;-1312.55926624732;-1450.15769626437;4.92571201633395;7.4550624611042;84.2738950950801;57.5720189978552;2998.78266545996;3155.58540867818;275.196860034109;0.0594059405940594;71;71
66;33.820000000007;0.779999999999745;34.7799999999988;NA;NA;-1370.28633307061;-1481.60217633929;4.83286612702175;6.55569582735917;90.9629679931019;68.9150957141912;3147.5853570348;3271.56410795777;222.631686537363;0.326732673267327;77;77
67;28.1000000000058;0.809999999999945;29.0500000000029;NA;NA;-1221.4770372951;-1320.38757512162;4.70091567378748;5.9314346423289;77.1554387911402;64.4413618403093;2781.64937854056;2923.65846964944;197.821075653046;0.138613861386139;65;65
68;29.2200000000012;0.940000000000055;30.1900000000023;NA;NA;-1264.10054558962;-1369.47131597635;5.00233514628652;5.8659419570087;78.9100859706657;68.2013225073725;2876.95513296554;3040.36781210596;210.741540773461;0.0891089108910891;69;69
69;33.2200000000012;1.01000000000022;34.3000000000029;NA;NA;-1281.39135260138;-1525.24302404168;4.89558464721245;12.4507612950957;81.4289578802045;32.5492526293433;2923.2550798153;3194.57614443979;487.703342880599;0.0099009900990099;70;70
70;30.5499999999884;1;31.6700000000128;NA;NA;-1213.80952837594;-1381.90301299628;4.73774762358082;7.67688149612681;77.5594542203108;49.7054774997548;2768.08789903898;2982.00207378318;336.186969240682;0.0099009900990099;65;65
71;34.4099999999889;0.859999999999673;35.3899999999994;NA;NA;-1395.6374581538;-1466.6302485347;6.03992056776102;6.30329330019086;74.3941994882275;71.9282240813273;3123.66461107822;3254.6323326729;141.985580761796;0.930693069306931;76;76
72;26.3600000000006;0.740000000000236;27.2000000000116;NA;NA;-1208.02855260565;-1342.20162456198;4.70626753477477;6.57430540647358;77.2932532364992;56.5339864190367;2755.94742037714;2933.00650564305;268.346143912668;0.0297029702970297;66;66
73;33.0299999999988;0.75;33.9000000000087;NA;NA;-1338.14657587379;-1448.85418995345;5.0995387199412;6.4306248754732;85.379171301681;67.4185044557404;3054.85799655209;3196.63697440049;221.41522815931;0.495049504950495;71;71
74;29.9499999999971;0.970000000000255;31.0500000000029;NA;NA;-1245.58850092397;-1378.10535580612;4.79916647784336;7.06021688965227;77.4968446427359;53.6962557263442;2833.11934762481;2993.13679198553;265.033709764304;0.227722772277228;68;68
75;25.4700000000012;1.07000000000016;26.6699999999983;NA;NA;-1302.24307819479;-1379.71660494674;4.84933451318982;5.29496431378644;82.5167483142523;77.4939455676561;2970.93628186379;3103.57747947389;154.947053503902;0.504950495049505;72;72
76;31.8400000000111;0.840000000000146;32.7199999999866;NA;NA;-1318.39893286592;-1474.76682319254;5.36499294399921;9.15280152750542;76.7925292364566;46.4035807813018;2977.29018334669;3155.28364476322;312.735780653242;0.138613861386139;71;71
77;37.75;0.7199999999998;38.6600000000035;NA;NA;-1346.92991954886;-1550.66761100408;5.61176922733257;10.5165624936666;77.9610991018235;41.9627907717166;3040.61637056486;3287.97794442126;407.47538291044;0.0099009900990099;73;73
78;28.8100000000122;0.720000000000255;29.5599999999977;NA;NA;-1243.9930174339;-1384.63112890228;4.71596368823699;6.58564782076361;81.13765390308;59.5877388354462;2846.58512130493;3032.61851327098;281.27622293676;0.0099009900990099;69;69
79;32.9000000000087;0.789999999999964;33.8100000000122;NA;NA;-1300.5713376526;-1483.79366007844;4.82097579579239;9.08119249206308;83.5901158101873;45.0252254922703;2971.7749821832;3167.22579451664;366.444644851676;0.0693069306930693;71;71
80;28.4000000000087;0.909999999999854;29.4700000000012;NA;NA;-1247.39150521906;-1361.34468466946;5.09263200940383;6.72993069193838;74.6928907690407;57.1452392130925;2823.80007054432;2974.41022806288;227.906358900811;0.316831683168317;67;67
81;35.7200000000012;0.949999999999818;36.7700000000041;NA;NA;-1408.53557252604;-1540.03081837068;6.30946425906514;8.66200579364205;71.9582597883809;53.2892297552022;3137.61767842004;3317.44477960938;262.990491689291;0.336633663366337;74;74
82;22;0.710000000000036;22.75;NA;NA;-1261.67815008343;-1333.95835075835;4.62894141389279;4.75201778207626;83.465118458289;81.7696494950757;2892.24193819951;3029.30897990627;144.56040134983;0.475247524752475;69;69
83;28.9700000000012;0.930000000000291;30.0199999999895;NA;NA;-1135.59898965587;-1397.8971479512;4.84269269029075;15.6496233903376;66.3346950995512;20.4360159355788;2558.61338393312;2884.33960059036;524.596316590653;0.0396039603960396;58;58
84;26.7200000000012;0.710000000000036;27.5199999999895;NA;NA;-1319.48972808378;-1439.63264349111;4.80988112537711;6.6638505735596;85.7423677541108;64.5947279835626;3020.92892002577;3167.01010168271;240.285830814647;0.277227722772277;74;74
85;29.9599999999919;1.28999999999996;31.3600000000006;NA;NA;-1272.18019496687;-1450.29191397109;4.86402771369506;9.24223485751067;80.5451303428159;43.7437274270035;2899.75280542232;3093.59598009328;356.223438008454;0.128712871287129;68;68
86;38.4800000000105;1.02999999999975;39.5900000000111;NA;NA;-1408.33650490632;-1648.21643729253;5.06425563292032;11.5344407905399;92.0928076803427;41.2756796297122;3229.92189632263;3481.64960406221;479.759864772418;0.0099009900990099;79;79
87;29.9799999999959;0.860000000000127;30.8899999999994;NA;NA;-1385.51270720544;-1482.3239126843;4.778662200626;5.69030869034513;95.2337207832682;82.8943030938714;3198.36854861624;3336.62017928431;193.622410957721;0.247524752475248;79;79
88;28.0099999999948;1.0300000000002;29.1100000000006;NA;NA;-1189.65667761941;-1335.27241226989;4.81325168865908;8.02153866518161;71.3446435981462;42.8669440794514;2691.38570326964;2858.05137327426;291.231469300963;0.198019801980198;63;63
89;30.5200000000041;0.75;31.3600000000006;NA;NA;-1295.10613711482;-1426.25538610759;5.2252418318207;7.26171991970876;76.4691904683296;55.365642370666;2930.85327897549;3099.14353934711;262.298497985538;0.148514851485149;74;74
90;33.8099999999977;1.02999999999975;34.9499999999971;NA;NA;-1394.09713962486;-1510.91450950922;6.64942724456122;8.77346715729684;64.8102986117483;49.3001228903954;3076.45848548684;3241.10683592107;233.634739768704;0.544554455445545;73;73
91;29.3699999999953;0.889999999999873;30.3099999999977;NA;NA;-1270.04541540828;-1397.45723250355;4.84717671205024;6.62167889852277;81.5598578296018;61.2379028042363;2901.72112601402;3066.43873512827;254.82363419053;0.0495049504950495;71;71
92;28.1500000000087;0.970000000000255;29.179999999993;NA;NA;-1187.50924570054;-1355.72752299576;4.63021706005191;8.68601792709995;73.7415896488319;40.9608124562812;2697.57544688685;2890.6238844047;336.436554590454;0.0099009900990099;63;63
93;36.9499999999971;1.14000000000033;38.1399999999994;NA;NA;-1399.00709523273;-1579.87757408085;5.82454478565241;10.9841694421166;75.3123343396752;40.2134783890819;3134.00730299168;3339.16071151224;361.740957696247;0.257425742574257;75;75
94;27.5500000000029;0.690000000000055;28.25;NA;NA;-1230.1443258962;-1341.63611183805;4.58181327878379;6.00861960880453;79.7754969743196;62.8580513732761;2811.09441650964;2959.68500224815;222.983571883705;0.0693069306930693;66;66
95;32.0999999999913;0.809999999999945;33.0800000000017;NA;NA;-1273.04951508006;-1460.21523347283;4.96464266476255;9.28482844863604;80.2526486537934;43.1451881938968;2900.78671346172;3111.11659510228;374.331436785553;0.0792079207920792;69;69
96;30.5299999999988;0.75;31.4800000000105;NA;NA;-1240.80155021168;-1427.88426776862;4.67673638965117;8.66751172023108;80.9319408959447;47.3455966852041;2838.70225518009;3064.67335569318;374.165435113864;0.0099009900990099;68;68
97;29.9100000000035;0.860000000000127;30.9199999999983;NA;NA;-1255.19424483502;-1406.7147660803;4.96167323991025;7.90197797909903;78.4208545683251;49.4177416539001;2855.8269745838;3031.11129422186;303.041042490556;0.168316831683168;67;67
98;34.2700000000041;1.11000000000013;35.4200000000128;NA;NA;-1360.46536218717;-1580.89469760414;6.45162086155648;15.0995110550474;63.6858138353803;28.6421326771827;3004.62667407745;3289.37914466771;440.858670833948;0.0594059405940594;74;74
99;35.1900000000023;0.940000000000055;36.1900000000023;NA;NA;-1387.62700174096;-1591.74646422583;5.59857284168918;9.88754351804404;82.5305679162219;46.6862799548093;3145.0684857383;3392.69132470516;408.238924969745;0.0099009900990099;78;78
100;28.2599999999948;0.699999999999818;28.9899999999907;NA;NA;-1270.33677320801;-1370.42359397123;4.64551494849856;5.66212694531517;84.7403460724951;72.1712939438802;2915.19522931139;3059.81820608622;200.173641526434;0.128712871287129;69;69
101;28.8700000000099;0.960000000000036;29.9100000000035;NA;NA;-1314.3988950932;-1438.65277572932;4.88346465067114;7.17401512289873;83.4424784195692;57.8688660885806;2998.18368339296;3133.48134098274;248.50776127224;0.386138613861386;70;70
102;32.5299999999988;1.07000000000016;33.6699999999983;NA;NA;-1313.8930977477;-1499.83849842511;5.43107901695192;9.99622193133361;76.4576980746595;41.2747885624751;2966.79389684063;3182.68631502786;371.890801354824;0.0495049504950495;71;71
103;30.7800000000134;0.789999999999964;31.6899999999878;NA;NA;-1296.78608992653;-1446.23424478737;4.82102230089255;7.41608730388373;82.8510864514539;55.6714945117654;2962.07846949207;3140.08498755766;298.896309721674;0.0198019801980198;73;73
104;21.9799999999959;0.609999999999673;22.679999999993;NA;NA;-1208.02716181801;-1286.41340207412;4.81668381153032;5.20629571405455;73.4555541742333;69.6473826831243;2737.93851849224;2878.02349010101;156.772480512208;0.336633663366337;64;64
105;26.9500000000116;0.800000000000182;27.7999999999884;NA;NA;-1172.20610695625;-1309.70439884622;4.64917323323369;6.5500222628525;74.221718723296;54.6462594438392;2669.65376222925;2858.87016206063;274.996583779936;0.0396039603960396;64;64
106;32.820000000007;1.01000000000022;33.929999999993;NA;NA;-1322.70709362297;-1491.46954845218;5.2303860417211;8.16468766626399;80.602125601719;51.447302375947;3005.54059644075;3212.80316226363;337.524909658423;0.0693069306930693;76;76
107;30.7100000000064;1.00999999999976;31.8000000000029;NA;NA;-1341.29061024378;-1476.92480698351;5.27254597238785;8.21157499941133;79.9534861053649;54.0740569086412;3037.6481082887;3193.98807487204;271.26839347946;0.277227722772277;72;72
108;32.4800000000105;0.940000000000055;33.4400000000023;NA;NA;-1300.63568437989;-1526.59857746646;4.84297560355314;11.4764276998374;84.1593452788783;36.0909537895672;2974.42759642769;3213.22173835172;451.925786173135;0.0198019801980198;71;71
109;30.1100000000006;0.860000000000127;31.0300000000134;NA;NA;-1274.7302697005;-1389.83828433344;4.87070832302713;6.30494270828895;81.4005917892361;64.0607301029446;2909.22171620222;3062.8018278573;230.216029265887;0.178217821782178;69;69
110;32.7700000000041;1.02999999999975;33.8799999999901;NA;NA;-1330.44694717529;-1496.56368820329;4.90484637944437;7.36834445409302;87.1976695544273;57.9752442981634;3050.48887577774;3252.15797138687;332.233482056;0.0198019801980198;76;76
111;33.7099999999919;1.01999999999998;34.8000000000029;NA;NA;-1327.63358455886;-1489.39917480258;4.99096864046001;7.46968631089111;86.9052015678157;59.325625050122;3042.97987813817;3243.46948996912;323.531180487438;0.0297029702970297;75;75
112;31.8500000000058;0.930000000000291;32.8899999999994;NA;NA;-1303.86703113437;-1489.17028512663;4.71288716570805;9.16156122113928;86.7879921140115;45.1351980762042;2993.15243186707;3178.78229070665;370.606507984514;0.178217821782178;72;72
113;30.640000000014;0.859999999999673;31.6100000000006;NA;NA;-1257.58684645816;-1403.67275882272;4.78371726693258;7.06024875426765;80.5533474542441;55.2460353114198;2871.76988665048;3051.91047408187;292.171824729136;0.0099009900990099;70;70
114;35.8899999999994;0.7800000000002;36.8299999999872;NA;NA;-1376.68714505135;-1543.9408154211;5.8849546774646;9.63659004409512;75.9328381927471;46.8694052901524;3091.10949265269;3296.34806599488;334.507340739494;0.0297029702970297;73;73
115;27.140000000014;0.909999999999854;28.1399999999994;NA;NA;-1249.85606207326;-1351.95141591657;5.00951793772068;5.49644578932592;78.5134205465013;72.906602457755;2844.96801824955;3024.50323418929;204.190707686612;0.0396039603960396;66;66
116;31.9199999999983;0.809999999999945;32.8600000000006;NA;NA;-1292.69868844421;-1413.53201464584;4.71192692028704;5.85086404561793;86.120437002032;70.9538356303995;2969.03099468739;3143.13623708787;241.666652403279;0.0099009900990099;74;74
117;32.9400000000023;1.14000000000033;34.2200000000012;NA;NA;-1329.25238462865;-1465.42996726962;4.70452985402095;6.94175229031062;88.1706583033231;62.9372394083795;3050.67152938089;3210.79312030492;272.35516528193;0.0198019801980198;73;73
118;24.3600000000006;0.659999999999854;25.1100000000006;NA;NA;-1253.12160189008;-1369.37477321782;4.67410831948774;5.4207409262007;84.9552541860392;76.2121854668524;2881.71470281487;3075.57984370351;232.506342655486;0.0495049504950495;69;69
119;30.4400000000023;0.829999999999927;31.25;NA;NA;-1268.37147401131;-1435.05675886501;4.83629350052088;8.646293575909;78.7982261506981;46.5420586695844;2884.42743011014;3075.4728558054;333.3705697074;0.0198019801980198;68;68
120;21.4700000000012;0.590000000000146;22.0800000000017;NA;NA;-1201.68673631895;-1284.19675683846;4.63936993113946;4.95249161060731;75.7893904594405;72.306606841453;2735.48460025687;2885.24299071906;165.020041039013;0.227722772277228;64;64
121;34.4600000000064;0.849999999999909;35.4199999999983;NA;NA;-1400.41025214931;-1606.61934532744;7.88748485683487;14.8635436599176;55.2196356131006;29.4270387442637;3046.4272175784;3344.12470950106;412.418186356266;0.0198019801980198;73;73
122;30.5200000000041;1.01000000000022;31.5900000000111;NA;NA;-1300.2357495994;-1531.85222984679;5.99888069012809;16.7099142413061;64.7475519021356;23.4503507728542;2886.15964408769;3167.17535569621;463.23296049479;0.0693069306930693;68;68
123;27.4199999999983;0.699999999999818;28.2299999999959;NA;NA;-1237.91885792484;-1363.75189158828;4.88690279264268;6.36236739437088;76.9950002359757;60.359617690319;2815.56575400599;2993.83087505201;251.66606732688;0.0297029702970297;68;68
124;29.5200000000041;1;30.6399999999994;NA;NA;-1252.96127800319;-1382.13313881936;4.79030224530628;7.32623017330177;76.7456722097826;51.5593917461632;2843.98197754377;2991.38186144497;258.343721632341;0.138613861386139;67;67
125;21.9899999999907;0.730000000000018;22.7799999999988;NA;NA;-1262.36600646685;-1329.88690736686;4.6660180849546;4.98295289982977;81.6894252700392;77.8906034030991;2885.76972926209;3004.02211227203;135.041801800003;0.732673267326733;69;69
126;30.7700000000041;0.769999999999982;31.7200000000012;NA;NA;-1236.00147230557;-1466.10053905987;5.1502076255237;11.5213346525029;74.5303689770904;32.625950235157;2800.30410737237;3075.91615085317;460.198133508591;0.0297029702970297;67;67
127;30.1399999999994;0.7800000000002;31.0299999999988;NA;NA;-1323.26026280259;-1497.21878404691;8.32534201177201;16.7348729433836;44.5266021018831;22.4290495113489;2841.98245633957;3092.89613252669;347.917042488624;0.237623762376238;65;65
128;26.0900000000111;0.6899999999996;26.8699999999953;NA;NA;-1320.35658740224;-1421.66520279254;6.12391574419779;7.00141480362627;68.0616063705677;59.9834267581745;2941.02405129222;3107.99761555965;202.617230780603;0.693069306930693;68;68
129;31.6700000000128;0.670000000000073;32.3600000000006;NA;NA;-1271.72152545566;-1414.77464170616;4.8291051427055;6.98075510406221;80.3886357668607;57.4986785497819;2900.99681591771;3085.29275762665;286.106232501;0.0495049504950495;73;73
130;31.2700000000041;0.880000000000109;32.2599999999948;NA;NA;-1285.64098148222;-1479.15362769717;4.99638203232274;9.88220459756397;80.5065553550949;42.2512178052463;2928.24199395442;3145.645987633;387.025292429897;0.0198019801980198;71;71
131;35.2400000000052;0.980000000000018;36.2799999999988;NA;NA;-1358.70834217757;-1594.97611320716;5.49383311629759;11.3703024790886;81.4713777261879;40.3307105040955;3080.88731667626;3369.88080081686;472.53554205918;0.0099009900990099;75;75
132;30.0600000000122;0.860000000000127;31.0800000000017;NA;NA;-1304.96720602178;-1406.15508358531;4.93242150610983;6.38375857678671;82.0950364727662;66.1156825070786;2973.35540515977;3104.99323340264;202.375755127057;0.247524752475248;70;70
133;27.8800000000047;0.889999999999873;28.8799999999901;NA;NA;-1225.60933852793;-1356.25457832747;6.4635454641724;9.17105886135695;54.741740038932;37.4210928956252;2689.78438583678;2875.59110369666;261.290479599067;0.247524752475248;61;61
134;24.5399999999936;0.730000000000018;25.3800000000047;NA;NA;-1322.92312175692;-1420.43233404824;4.71714630405527;5.97344204585586;86.3619616447649;72.0869238286981;3030.55576124674;3161.98435056802;195.018424582632;0.306930693069307;74;74
135;22.929999999993;0.690000000000055;23.6399999999994;NA;NA;-1238.82006875408;-1353.93689986969;4.82606482301989;6.34773322801279;78.0234680607862;61.8372520243186;2820.14589788166;2979.32565327011;230.233662231211;0.0297029702970297;65;65
136;27.4899999999907;0.769999999999982;28.3399999999965;NA;NA;-1259.5672841696;-1330.00876054359;5.33588831559484;5.28676154325549;69.7022878728716;70.9782717915798;2826.68468771685;2973.19771400327;140.882952747969;0.881188118811881;68;68
137;30.3699999999953;0.880000000000109;31.3699999999953;NA;NA;-1249.32826083762;-1399.37979333861;4.72858509527315;7.78872194499269;79.485623881369;50.4814934177825;2849.37403554089;3021.50104611565;300.103065001989;0.0099009900990099;68;68
138;22.3899999999994;0.590000000000146;23.0399999999936;NA;NA;-1272.92247874833;-1341.54247990004;4.7040338852964;5.14678561179185;81.986295712406;76.431292277583;2908.78457345755;3021.4335048292;137.240002303418;0.881188118811881;70;70
139;34.6399999999994;1.11000000000013;35.820000000007;NA;NA;-1315.46894626737;-1458.85100514954;5.04533819748839;7.5283398291029;81.8314418134046;56.1263855372698;2994.90899164805;3167.34177932379;286.764117764334;0.0396039603960396;73;73
140;32.0399999999936;0.739999999999782;32.8099999999977;NA;NA;-1231.42012381849;-1462.50436202886;4.79585758392008;11.7706941625461;77.043773763276;32.3255468691368;2802.78349112729;3067.63999344565;462.168476420746;0.0297029702970297;68;68
141;32.0500000000029;0.840000000000146;32.9499999999971;NA;NA;-1302.66813029819;-1413.99496638546;4.96021110935181;6.61136127195959;82.9899502618071;65.1776588955203;2973.88783718928;3117.43858129763;222.653672174547;0.178217821782178;72;72
142;32.0800000000017;0.940000000000055;32.9900000000052;NA;NA;-1260.0205049993;-1461.58110965767;5.01919836795508;9.93549094271863;79.1478561911037;39.9540610276788;2868.08677931282;3098.85670526617;403.121209316741;0.0297029702970297;66;66
143;34.2700000000041;1.00999999999976;35.3400000000111;NA;NA;-1385.69976472454;-1532.88067614907;8.46782711901687;13.8073693882395;48.9307375115542;29.7509425647341;2988.0077189863;3197.46379811659;294.361822849044;0.594059405940594;70;70
144;33.8600000000006;1.13999999999987;35;NA;NA;-1303.51357364098;-1457.02513533652;5.19242179697156;8.02723109454192;79.1172595602964;51.4325751671409;2958.3804214395;3142.45812736272;307.023123391077;0.0891089108910891;72;72
145;27.8600000000006;0.740000000000236;28.6600000000035;NA;NA;-1264.89546442144;-1365.95929602167;5.01499659485577;6.38864794750591;75.8467163860254;61.0900306137805;2864.45234944746;3001.46851330732;202.127663200457;0.455445544554455;68;68
146;33.7799999999988;0.920000000000073;34.8300000000017;NA;NA;-1380.55653340191;-1503.1703067748;6.13191591394276;8.42126117383466;71.1888905066883;51.1545290779961;3078.71013916053;3234.55780526761;245.227546745775;0.376237623762376;75;75
147;32.5799999999872;0.900000000000091;33.5299999999988;NA;NA;-1356.84271661925;-1570.22540160184;6.67054544175792;14.9311459732948;63.0208143682647;28.2303485561116;2993.55571175198;3265.81947055798;426.76536996519;0.0396039603960396;72;72
148;22.2200000000012;0.699999999999818;22.929999999993;NA;NA;-1192.69305001796;-1289.16629388507;4.57629213431867;5.45291530396959;77.4169664773248;68.3978121755665;2724.62930911521;2878.05362247689;192.946487734223;0.118811881188119;64;64
149;36.3099999999977;1.09000000000015;37.5500000000029;NA;NA;-1353.5606193407;-1551.97584454917;4.78117606104773;8.17654180386577;93.5602466797249;56.3210974540709;3125.14390779362;3355.59163577007;396.830450416939;0.0297029702970297;76;76
150;33.1699999999983;1.0300000000002;34.2300000000105;NA;NA;-1343.70720752848;-1536.25599553535;6.82201129437395;13.1462072053646;58.1081422195029;30.7000206534897;2945.06156137883;3208.63358111423;385.097576013748;0.227722772277228;71;71
151;22.5299999999988;0.529999999999745;23.1100000000006;NA;NA;-1294.1153265977;-1366.55235524634;4.67387432162969;4.83792050736004;86.2397634575631;84.0352347047932;2970.61129910179;3105.71064117947;144.874057297277;0.435643564356436;71;71
152;32.5099999999948;0.720000000000255;33.3399999999965;NA;NA;-1240.73294058638;-1339.01435507899;4.81254059374932;5.64626108505933;79.3399677718697;68.2194883365814;2830.35644434671;2978.01793845746;196.562828985223;0.158415841584158;66;66
153;30.0599999999977;0.819999999999709;30.929999999993;NA;NA;-1256.53957867291;-1389.39651193314;4.91690248762163;7.06878084776338;78.9687214670975;56.8310565805746;2862.09234682055;3029.96574073328;265.713866520443;0.0792079207920792;69;69
154;33.2000000000116;1.18000000000029;34.4700000000012;NA;NA;-1387.6092996454;-1489.71270168898;5.88473592861178;7.01473469306024;74.6065522701653;63.8373351781542;3109.04470751624;3265.06478106741;204.206804087154;0.792079207920792;77;77
155;22.0800000000017;0.629999999999654;22.6699999999983;NA;NA;-1236.67518744397;-1296.55902146656;5.81092766788466;5.35238501933661;64.2466093573575;69.1269638518248;2754.88072827938;2896.03423970595;119.767668045164;0.891089108910891;64;64
156;30.5800000000017;0.650000000000091;31.2799999999988;NA;NA;-1220.34716317889;-1359.81466274675;4.79763159101116;7.27115282337803;75.3119257577559;50.6507137635051;2771.29701600952;2941.97475132761;278.934999135719;0.0099009900990099;65;65
157;29.3000000000029;0.769999999999982;30.1199999999953;NA;NA;-1227.21354237487;-1326.35091590379;4.57922432380233;5.85363180273116;79.5532862375862;63.3136464041303;2805.44314786489;2932.06309962333;198.274747057831;0.386138613861386;68;68
158;27.0299999999988;1.01999999999998;28.0599999999977;NA;NA;-1198.90757053033;-1306.14256395563;4.79486588894724;6.46768464506005;72.0052906545407;54.8764132411623;2712.77726003588;2852.32292567699;214.469986850606;0.297029702970297;63;63
159;24.4100000000035;0.640000000000327;25.1100000000006;NA;NA;-1276.84390584309;-1337.50148960534;4.60725730231421;4.74045149254427;84.5877609144822;82.8419042934259;2927.53512336627;3041.13423602296;121.315167524494;0.821782178217822;69;69
160;33.9600000000064;0.839999999999691;34.9400000000023;NA;NA;-1294.96417027528;-1469.73743395064;5.16763770863665;9.31114953289427;78.5197385430854;43.1679831940966;2936.95718787794;3130.26174171486;349.546527350717;0.0693069306930693;69;69
161;29.5500000000029;0.809999999999945;30.5;NA;NA;-1192.02773087562;-1338.95607440056;4.68394815981398;7.18779533523765;74.8414361950043;50.0855717950981;2712.59280632868;2897.77672644405;293.856687049886;0.0198019801980198;65;65
162;32.2100000000064;0.830000000000382;33.070000000007;NA;NA;-1246.44352983227;-1468.96970476704;4.78197070755045;10.1757628265785;80.6766217683054;38.3136484099053;2848.85965989082;3106.99221256045;445.052349869557;0.0198019801980198;68;68
163;28.0699999999924;0.769999999999982;28.8800000000047;NA;NA;-1374.14701758671;-1464.1129102129;4.8057900160738;5.35530375379437;94.5944309455024;87.7779903148547;3172.16595787676;3321.55368501466;179.931785252387;0.178217821782178;78;78
164;27.8300000000017;0.779999999999745;28.7200000000012;NA;NA;-1282.64891509899;-1408.88793798826;6.96978671613996;9.82597699820571;55.9624329104845;40.0645808112638;2810.52670175288;2993.33993619853;252.478045778535;0.465346534653465;64;64
165;36.1000000000058;0.950000000000273;37.0100000000093;NA;NA;-1324.32444340468;-1509.56462354335;4.76085837466604;8.87578720891148;86.8830305927306;48.136988537263;3035.08851732741;3233.23365778331;370.480360277347;0.0099009900990099;73;73
166;29.9899999999907;0.9699999999998;30.9900000000052;NA;NA;-1194.41143968434;-1388.69608404636;4.68043473986838;9.03304747816289;76.0914980651757;41.0410850581184;2722.84771895241;2957.55345025251;388.569288724053;0.0099009900990099;65;65
167;34.179999999993;0.860000000000127;35.1100000000006;NA;NA;-1314.59525004755;-1447.63333623589;5.45873787137228;7.74018062611452;77.6801099406283;53.911993427675;2973.06735200884;3133.92604865538;266.076172376689;0.306930693069307;70;70
168;29.25;0.889999999999873;30.1899999999878;NA;NA;-1290.74345943339;-1379.33772659683;4.95379375831476;5.56398294195575;81.1080455031105;72.6113926961392;2940.53866807007;3080.1139417914;177.188534326886;0.415841584158416;70;70
169;32.1500000000087;0.699999999999818;32.9300000000076;NA;NA;-1284.4580539993;-1370.18305537424;6.09884008822358;7.37128425990502;61.8135812277903;50.3541978568985;2841.65857981589;2962.54589902602;171.450002749876;0.792079207920792;68;68
170;28.7200000000012;0.7800000000002;29.5099999999948;NA;NA;-1216.88296687284;-1362.36399902404;4.67342809971664;7.45891284628252;76.7901226573316;50.1331258534586;2770.85758070287;2944.80132748482;290.962064302401;0.0396039603960396;65;65
171;32.0299999999988;0.889999999999873;33.1399999999994;NA;NA;-1289.74601339153;-1433.87988206414;6.38170447138394;9.51053021624955;61.044865437031;40.349686853094;2848.8426639787;3045.79625887222;288.267737345203;0.267326732673267;68;68
172;31.3600000000006;0.829999999999927;32.3399999999965;NA;NA;-1275.51303490537;-1380.73116936457;4.7395983295442;6.15413580412711;80.608457230194;63.8551643384487;2908.43792607548;3044.59135028088;210.436268918404;0.118811881188119;71;71
173;29.0400000000081;0.820000000000164;29.9900000000052;NA;NA;-1205.95286349851;-1325.63477470845;4.66647972210798;6.16585894257984;76.6639523848811;61.2111055305366;2747.24554262256;2919.01625701938;239.363822419879;0.0198019801980198;63;63
174;41.6399999999994;1.2800000000002;42.9700000000012;NA;NA;-1531.56218255246;-1694.74675826735;7.79024595694816;12.4635791257166;61.4987577979048;38.3763832914191;3339.85707015723;3562.17993718174;326.369151429786;0.514851485148515;81;81
175;31.7299999999959;0.609999999999673;32.3899999999994;NA;NA;-1277.44688572503;-1440.50100081768;4.84490683362095;7.91643730232805;81.5437371305593;49.7578456406984;2915.87425460297;3101.2716604967;326.108230185298;0.138613861386139;70;70
176;35.2599999999948;0.960000000000036;36.3699999999953;NA;NA;-1350.96089094999;-1526.53010898269;5.66651008114525;9.53575907614449;77.941603336271;46.8247689689154;3048.05406299114;3261.00518446615;351.138436065395;0.0891089108910891;72;72
177;27.3999999999942;0.829999999999927;28.3100000000122;NA;NA;-1255.61135114684;-1384.88360422002;4.93642290374765;7.15549771036638;77.6882798390537;55.6387522960327;2854.57680285018;3015.67037157182;258.544506146358;0.217821782178218;69;69
178;24.3699999999953;0.720000000000255;25.2200000000012;NA;NA;-1314.72067235776;-1384.6013673534;4.62521747350381;4.76671360741726;91.0350561021828;88.7103291247289;3034.34841580082;3163.76985070428;139.761389991276;0.534653465346535;73;73
179;22.0800000000017;0.759999999999764;22.9199999999983;NA;NA;-1263.04954453298;-1344.0345995469;4.55360736216636;4.6822635755774;85.8624566517537;83.8558925135165;2904.95335051385;3058.06981944773;161.970110027832;0.099009900990099;68;68
180;27.0399999999936;0.690000000000055;27.75;NA;NA;-1327.86627151335;-1430.91290273375;4.83828877099186;5.8767048160928;88.4256624564207;76.4199356256902;3047.80530122048;3200.666070945;206.093262440815;0.138613861386139;71;71
181;34.2400000000052;0.910000000000309;35.2599999999948;NA;NA;-1321.07824971015;-1480.42480491249;5.02450190537689;8.60789765016225;82.1342623198493;48.208387901351;3007.47448806802;3175.27159167086;318.693110404698;0.257425742574257;73;73
182;34.3399999999965;1.03999999999996;35.5399999999936;NA;NA;-1352.00295564637;-1452.90270456857;5.09522212695536;6.11262558670154;85.0667582092111;73.4470459750395;3083.51671936727;3233.47685630951;201.7994978444;0.0396039603960396;75;75
183;27.4700000000012;0.489999999999782;28.0200000000041;NA;NA;-1303.26931282216;-1436.43353760371;4.74118619619026;6.59997975335874;85.968233504962;63.7751511617148;2988.90940812398;3156.52713728205;266.328449563104;0.0792079207920792;73;73
184;29.3000000000029;0.940000000000055;30.3700000000099;NA;NA;-1268.22816258831;-1390.54123224908;4.6934524031781;6.90038922408555;80.9658179745369;56.684051966558;2893.70495708658;3031.19171458361;244.626139321548;0.188118811881188;68;68
185;29.5500000000029;1;30.7799999999988;NA;NA;-1276.39897726417;-1396.97710438665;4.84020601275863;7.12665724725289;81.5383649994891;58.4756424724597;2912.57285797468;3051.96856342247;241.156254244962;0.267326732673267;68;68
186;36;0.9699999999998;37.0299999999988;NA;NA;-1365.66822181046;-1596.9495550818;6.3292149621509;13.8957312720425;67.5394415220202;31.2612650079905;3031.73937212269;3332.94342775702;462.562666542675;0.0396039603960396;73;73
187;30.7199999999866;0.75;31.5500000000029;NA;NA;-1264.84659159111;-1413.79661644278;4.80957474274531;7.19984072609679;82.090090214587;55.3555564106406;2892.50169366315;3072.24477262303;297.900049703323;0.138613861386139;69;69
188;30.7700000000041;0.869999999999891;31.7299999999959;NA;NA;-1243.83493407241;-1371.57113960102;4.74982443244671;6.43306558818669;79.8003461869143;60.211021664138;2838.58490509926;3007.91497633853;255.472411057208;0.0495049504950495;66;66
189;35.1100000000006;1.01999999999998;36.2599999999948;NA;NA;-1334.34686234202;-1526.7726718494;6.68457051786902;12.6567747179486;60.141688404316;32.3247874056794;2935.3574623375;3196.87102771524;384.851619014757;0.108910891089109;71;71
190;26.5;0.640000000000327;27.1600000000035;NA;NA;-1375.50777449421;-1452.5274300875;4.76314948102278;5.19015906497837;92.7948831620154;87.2844771527658;3167.9984884521;3297.27624795523;154.039311186578;0.514851485148515;80;80
191;24.8699999999953;0.559999999999945;25.5599999999977;NA;NA;-1246.59103702418;-1341.04781841785;4.85913078477591;5.4074814931851;79.407468893583;74.0473132656126;2843.55474161763;3008.81748097328;188.913562787328;0.0495049504950495;68;68
192;24.9099999999889;0.910000000000309;25.8500000000058;NA;NA;-1284.97025075773;-1401.08147250321;5.67670016634369;7.14816788583255;70.2954736799934;57.3342213453561;2880.10795773184;3055.14096276316;232.222443490959;0.336633663366337;68;68
193;27.0399999999936;0.649999999999636;27.7399999999907;NA;NA;-1307.56030357637;-1391.61954118724;4.70381571288766;5.33871500362985;88.0108279775158;79.8496637199581;3005.35402036658;3137.28650510044;168.118475221741;0.386138613861386;71;71
194;35.3799999999901;0.970000000000255;36.4799999999959;NA;NA;-1267.73050466365;-1430.63195316217;4.87553372967586;8.02400519264428;80.194844987327;49.0397995040645;2889.3078470998;3077.64412355965;325.802896997031;0.0297029702970297;68;68
195;35.5100000000093;1.07999999999993;36.7700000000041;NA;NA;-1300.06713309692;-1443.92215392869;4.98062735239393;7.71943475878459;81.7076856242581;53.336610950194;2961.84052190207;3123.95656206659;287.710041663532;0.099009900990099;70;70
196;29.2599999999948;0.609999999999673;30.0699999999924;NA;NA;-1193.22377005314;-1336.32525589117;4.70481310407985;7.51496999438636;74.4858191147139;47.7333866962493;2712.84638337245;2881.81948364848;286.202971676058;0.0396039603960396;64;64
197;28.6100000000006;0.75;29.4799999999959;NA;NA;-1264.40795515165;-1371.51151625608;5.2842914578085;6.55389875484253;73.4101172381003;60.8684925241985;2852.72622959271;3011.59545263555;214.207122208868;0.287128712871287;68;68
198;25.5500000000029;0.5;26.1399999999994;NA;NA;-1290.95778655464;-1382.09262316063;4.61450863843438;5.01088718767187;88.6852468980383;83.5113984250444;2975.13930925655;3134.46852621486;182.26967321198;0.0495049504950495;71;71
199;37.2200000000012;1.11000000000013;38.5;NA;NA;-1419.07657056817;-1607.08050282661;6.98638144981035;13.5874120490332;62.762800080138;32.7032315650185;3117.73741748377;3359.84139785455;376.007864516879;0.099009900990099;74;74
200;20.9500000000116;0.480000000000018;21.5500000000029;NA;NA;-1151.60473958081;-1237.24177620268;4.5769387921451;4.80519630809762;73.3110554383747;70.668972936468;2622.70067344397;2782.46049295233;171.274073243747;0.178217821782178;61;61
201;34.3700000000099;1.13999999999987;35.5600000000122;NA;NA;-1301.08504831151;-1469.41043552675;5.13877875969428;8.81707313839373;79.5809589144455;46.9881298659123;2954.46168895847;3146.82946151448;336.650774430476;0.0693069306930693;70;70
202;22.2400000000052;0.590000000000146;22.890000000014;NA;NA;-1211.51052522413;-1294.35557488671;4.76234566739867;5.17337269558049;76.5384911196798;72.2184921571289;2759.00809063419;2905.73435040881;165.690099325163;0.188118811881188;65;65
203;32.7199999999866;0.9699999999998;33.8099999999977;NA;NA;-1266.19060285967;-1413.63481320592;5.19757944283376;7.68647185724924;76.5575825344334;51.3564988230391;2870.73803311144;3054.24677789012;294.888420692489;0.118811881188119;69;69
204;34.9199999999983;0.920000000000073;35.9899999999907;NA;NA;-1341.96615663916;-1505.76217320317;4.68955389392791;7.3796406927049;91.9432587378629;60.2944232397842;3094.73035826473;3280.91692102788;327.592033128038;0.0099009900990099;76;76
205;22.6100000000006;0.490000000000236;23.0899999999965;NA;NA;-1251.71119253704;-1321.25000822489;4.63099169582046;4.85013057315904;82.0981657592441;79.2585748774055;2866.26658654183;2992.79425317121;139.077631375695;0.564356435643564;69;69
206;34.9400000000023;0.880000000000109;35.8899999999994;NA;NA;-1278.09304715117;-1472.05517212963;4.94768894409133;10.4705098036342;77.1622220037725;37.5715509989784;2898.31760193215;3110.69978470645;387.924249956922;0.0099009900990099;71;71
207;34.070000000007;0.9699999999998;35.1599999999889;NA;NA;-1308.83163615774;-1458.45366678433;5.13812029385019;7.34239512368094;82.2960101628934;57.8456885425237;2983.13311772637;3173.79530186113;299.244061253172;0.0099009900990099;72;72
208;38.179999999993;1.01000000000022;39.4400000000023;NA;NA;-1348.58405940125;-1548.42266507359;5.04403954432202;9.36996604582591;86.5639215685921;46.8192161370744;3082.77729077458;3305.40703622346;399.677211344675;0.0198019801980198;74;74
209;35.6200000000099;0.880000000000109;36.5600000000122;NA;NA;-1347.49458747822;-1494.3849896627;4.89476572175918;6.99579656150863;90.6580013515367;63.6601896847755;3099.44435904523;3272.77903924549;293.780804368971;0.178217821782178;75;75
210;34.4199999999983;0.930000000000291;35.429999999993;NA;NA;-1309.97688368704;-1429.4247799506;4.90373103956729;6.34522663931933;85.1889450966569;68.1036562172098;2998.27090004633;3161.29232304797;238.895792527112;0.0099009900990099;72;72
211;34.6100000000006;1.02999999999975;35.8099999999977;NA;NA;-1348.80987021421;-1443.67501192699;4.71065700619292;5.62659097959724;91.5112154177313;77.8038930982945;3106.48743670091;3234.97406520144;189.730283425552;0.326732673267327;76;76
212;34.1199999999953;0.980000000000018;35.25;NA;NA;-1312.04841958868;-1426.978701111;4.6594881481937;6.12553102396081;87.7316600442812;68.6603119803853;3014.90783956167;3159.81283911;229.860563044645;0.0495049504950495;74;74
213;32.5800000000017;0.970000000000255;33.5899999999965;NA;NA;-1304.71175857787;-1413.12694728216;7.63215947267128;9.36002990653892;49.9620276395093;40.4304790116127;2828.74576329251;3003.73475129;216.830377408573;0.643564356435644;65;65
214;28.5500000000029;0.699999999999818;29.3399999999965;NA;NA;-1322.2607757773;-1423.17762454018;5.01622046030845;5.59084234717334;87.0803442757826;80.3267980846284;3032.4311892276;3204.18042076042;201.833697525757;0.0693069306930693;74;74
215;31;0.739999999999782;31.8299999999872;NA;NA;-1341.91886633932;-1447.1131914794;4.94514463006322;5.73012573821838;89.0697420151602;79.78268232561;3081.79704355746;3250.69155912332;210.388650280148;0.099009900990099;76;76
216;25.3399999999965;0.550000000000182;25.9300000000076;NA;NA;-1296.13589536591;-1382.07980468342;4.82501554865965;5.18681725785798;84.0053335807373;79.2992096971239;2965.3326015375;3116.32090918986;171.887818635018;0.257425742574257;72;72
217;30.1000000000058;0.909999999999854;31.0299999999988;NA;NA;-1216.86157048893;-1330.68275122539;4.94512632018079;6.46190351810497;72.6165718111292;56.3181415511181;2751.93089277295;2908.15309874311;227.642361472907;0.0891089108910891;64;64
218;34.0499999999884;1.02999999999975;35.0800000000017;NA;NA;-1306.26585743565;-1460.63913422426;6.25323912907857;10.602702008301;62.5051065729424;36.1562254019145;2888.32543090086;3080.81178991463;308.746553577209;0.178217821782178;68;68
219;25.5599999999977;0.75;26.3600000000006;NA;NA;-1288.63842412105;-1376.97709331755;4.96043641591827;5.2778899976623;83.6090556494712;79.7238096597741;2948.57782118939;3108.00110013981;176.677338393;0.108910891089109;72;72
220;31.0099999999948;0.920000000000073;32.0800000000017;NA;NA;-1287.97324409328;-1369.32394229321;4.79357169262393;5.54206303136443;80.4195397516991;70.7881325261959;2932.52069851451;3052.5171573285;162.701396399859;0.792079207920792;71;71
221;31.4400000000023;0.860000000000127;32.4699999999866;NA;NA;-1332.63348096165;-1463.39588409764;5.48342039478953;6.99939623188767;77.4757163103266;61.8624922230269;3009.86460062018;3201.9446775091;261.52480627197;0.217821782178218;73;73
222;35.8699999999953;0.869999999999891;36.9500000000116;NA;NA;-1382.04618793079;-1473.67662373515;4.83660080062513;5.46158005936422;94.1326283517801;85.0485247468754;3185.89498907859;3328.45054196442;183.260871608724;0.207920792079208;78;78
223;33.6500000000087;1;34.7799999999988;NA;NA;-1356.11452502017;-1462.11405471041;4.75658210195523;5.93529001039374;91.6422255472736;76.2721831692814;3121.07518222348;3264.50342350993;211.999059380462;0.099009900990099;75;75
224;30.5899999999965;0.539999999999964;31.25;NA;NA;-1175.08354462297;-1328.83479755174;4.73563303156388;7.31197766012887;73.6033963895126;48.7717698729926;2673.26971302089;2871.76687301601;307.50250585754;0.0099009900990099;65;65
225;34.9100000000035;0.870000000000346;35.9599999999919;NA;NA;-1316.95241323095;-1462.47595593915;4.77951384615144;7.51574640977444;86.3941491176011;57.1250036520895;3018.1700027128;3179.03334934721;291.047085416399;0.0594059405940594;73;73
226;33.0800000000017;1.05999999999995;34.1399999999994;NA;NA;-1267.82086175786;-1404.73052023691;5.39347110796194;7.54099608359323;73.4181172697647;51.8942216123422;2860.65144684718;3039.18807837587;273.819316958098;0.128712871287129;70;70
227;32;0.859999999999673;32.9600000000064;NA;NA;-1230.06933828296;-1422.58624549702;5.00778336531357;11.1845611504982;71.3748255710787;32.7200485280747;2772.34304514778;2988.29497162977;385.033814428116;0.0198019801980198;63;63
228;34.0800000000017;0.740000000000236;34.9200000000128;NA;NA;-1303.59630863642;-1496.91124800776;8.16112223276313;16.5389950610229;45.0872504079165;22.5007578470027;2805.11567001491;3092.59584417486;386.62987874267;0.0693069306930693;65;65
229;30.1100000000006;0.920000000000073;31.0799999999872;NA;NA;-1160.37940686947;-1392.08207399444;4.75382919176439;12.7722294403188;70.6823968947276;28.041703250717;2627.61610714745;2905.90310337398;463.405334249937;0.0198019801980198;59;59
230;27.6699999999983;0.909999999999854;28.6399999999994;NA;NA;-1222.95065774511;-1336.10936597421;4.84930853376822;6.58970049200944;74.3442057560695;57.2129473198456;2771.67960524699;2922.92739095218;226.317416458209;0.207920792079208;64;64
231;32.4499999999971;1.13999999999987;33.7200000000012;NA;NA;-1277.09177875864;-1406.40103047392;6.01834646429985;8.56668715977419;64.0595858419746;45.0711154876497;2835.87997873793;3010.99834595994;258.618503430546;0.544554455445545;66;66
232;36.2299999999959;0.890000000000327;37.2200000000012;NA;NA;-1381.20674949457;-1510.27167052933;7.49773000960849;10.6461366977187;54.9934962801766;38.8377321852679;3006.25053871633;3192.74693396219;258.12984206952;0.435643564356436;71;71
233;30.9200000000128;1.08999999999969;32.1600000000035;NA;NA;-1193.47378769329;-1329.36358393659;5.39054313446597;8.76701571708958;63.2275793142371;38.5978530266697;2662.49475863056;2826.93746148424;271.779592486604;0.198019801980198;61;61
234;31.75;0.920000000000073;32.7799999999988;NA;NA;-1240.28624410532;-1378.58362235674;5.00116993423249;7.44004155532143;74.5800256020243;50.0075823460399;2809.09238499838;2977.44721456213;276.594756502844;0.108910891089109;67;67
235;37.0199999999895;1.21000000000004;38.3299999999872;NA;NA;-1472.64848972494;-1701.05385822698;10.0611232506609;23.1871711110828;41.8793700163564;18.2042433699575;3131.56866179153;3483.07681978467;456.810737004092;0.108910891089109;73;73
236;26.7999999999884;0.399999999999636;27.3099999999977;NA;NA;-1239.0440650886;-1384.93012602491;4.65718427978375;7.56857320636258;79.3687247553435;50.8623188112446;2828.28984547639;2994.28204220328;291.772121872608;0.207920792079208;68;68
237;36.3400000000111;1.08000000000038;37.5500000000029;NA;NA;-1396.45559484575;-1538.4950989613;7.02626553649359;11.4174334042864;60.4524158115536;36.8868981172511;3060.95266937388;3240.54393881962;284.079008231113;0.475247524752475;71;71
238;24.6399999999994;0.699999999999818;25.3899999999994;NA;NA;-1299.13780309826;-1372.08430942806;4.71128119675912;4.9632730935436;86.6723098304;83.4289371287678;2983.18024024163;3114.66970019522;145.8930126596;0.534653465346535;72;72
239;24.3999999999942;0.570000000000164;24.9899999999907;NA;NA;-1291.14957265448;-1364.03768385566;4.77069581907429;4.93271083759295;84.206009964455;82.0977436659843;2955.66228069433;3092.09060838281;145.776222402372;0.554455445544555;71;71
240;35.0399999999936;0.839999999999691;36.0200000000041;NA;NA;-1289.11676462644;-1466.11790745327;4.91643840223306;9.1551885305202;81.8431213082721;44.1594467796409;2941.69213232821;3128.3443037147;354.002285653667;0.0891089108910891;72;72
241;32.1699999999983;0.920000000000073;33.25;NA;NA;-1238.82858619305;-1409.3708829577;5.79516654649737;9.68366855897431;64.0228380724459;39.3112709081557;2759.19199850699;2991.6096385829;341.084593529311;0.0198019801980198;66;66
242;30.4700000000012;0.829999999999927;31.3899999999994;NA;NA;-1218.73259227373;-1368.12925645738;4.8219543503316;7.90497447483937;75.3078881416572;48.4052306077238;2766.87336843275;2947.99037126997;298.793328367301;0.0495049504950495;63;63
243;37.5500000000029;1.2800000000002;38.8399999999965;NA;NA;-1332.01813320178;-1498.20855325783;4.93075897437823;8.42025761130335;84.8900191444575;50.2685394981183;3041.02589338843;3219.65557607262;332.380840112098;0.0594059405940594;72;72
244;31.6300000000047;0.640000000000327;32.3800000000047;NA;NA;-1212.45845631487;-1376.49028783306;4.63886497349372;8.10483082072766;77.3403908289967;44.8641606591538;2764.42411510157;2949.92431377465;328.063663036394;0.0594059405940594;65;65
245;36.0299999999988;1;37.0500000000029;NA;NA;-1269.94646221846;-1449.97659858076;4.76683662223861;8.56029403074019;82.9836161010562;47.7776051773243;2905.4300609092;3110.41027055243;360.060272724603;0.0396039603960396;67;67
246;40.320000000007;0.849999999999909;41.25;NA;NA;-1413.99096231574;-1551.17932779117;6.32983899839713;9.05352543476847;69.5672784329081;49.2794942065819;3138.34445177385;3322.21069957169;274.376730950843;0.475247524752475;75;75
247;33.8000000000029;1.19999999999982;35.0800000000017;NA;NA;-1387.88496136803;-1498.7708859964;8.85037560729506;11.8912521884405;44.8193986351037;33.3602167198743;2973.85545555672;3144.98186501523;221.771849256738;0.940594059405941;69;69
248;35.0699999999924;0.970000000000255;36.2200000000012;NA;NA;-1264.77484735527;-1443.31170131084;4.70007198173531;8.42682961372075;82.0989379201231;46.6621998462164;2892.39730885012;3092.85345033774;357.073707911151;0.0594059405940594;69;69
249;33.6699999999983;0.960000000000036;34.6500000000087;NA;NA;-1291.38954411125;-1399.6699499319;4.82339097976673;6.23846103874496;83.4479048450182;66.2602252653371;2952.78084234228;3093.13277126159;216.560811641315;0.217821782178218;71;71
250;33.9899999999907;1.07999999999993;35.2300000000105;NA;NA;-1288.68329071989;-1417.84715617861;4.84217662553191;6.53112422731056;83.0331246352926;62.8222736888583;2946.10989189162;3114.68288796352;258.327730917429;0.0198019801980198;72;72
