1;105.51999999999;2;107.940000000002;NA;NA;-3831.12418861862;-3907.80833701141;5.48441710817225;5.5848319583995;274.241045820888;270.967868092016;9115.26447293034;9251.29043531125;153.368296785592;0.316831683168317;100;100
2;109.559999999998;2.05000000000018;112.140000000014;NA;NA;-3828.67955040126;-3904.45597735305;5.46704573614245;5.52499167996805;282.947695740428;280.629041593369;9156.50579096877;9295.77367933799;151.552853903599;0.168316831683168;100;100
3;105.510000000009;1.7199999999998;107.579999999987;NA;NA;-3830.13925160666;-3913.05169801295;5.47188936347598;5.56967716879927;274.407200041764;271.151140031171;9114.17493670042;9262.74819021234;165.824892812572;0.0792079207920792;100;100
4;107.779999999999;2.0300000000002;110.200000000012;NA;NA;-3828.84094428153;-3909.17901319165;5.40749473285188;5.44423602655136;284.685643832627;282.731491567289;9166.03677928838;9316.35919822429;160.676137820233;0.178217821782178;100;100
5;113.890000000014;2.33999999999969;116.550000000017;NA;NA;-3829.83255906;-3918.00139634933;5.36812035710301;5.45851866517484;283.338107350793;279.911658385275;9160.88033290156;9319.06359342062;176.337674578654;0.0594059405940594;100;100
6;109.239999999991;2.05000000000018;111.760000000009;NA;NA;-3809.88587104707;-3887.83669766501;5.37667171058185;5.46264310751395;280.893533238672;277.626576033994;9108.03482740363;9246.62710454619;155.901653235879;0.0891089108910891;100;100
7;101.220000000001;2.07999999999993;103.579999999987;NA;NA;-3806.34177766307;-3883.20164431908;5.3993676657298;5.41867049623026;278.002824437732;276.56434348419;9085.63074799399;9231.72895268839;153.719733312001;0.188118811881188;100;100
8;106.399999999994;2.11999999999989;108.809999999998;NA;NA;-3832.28895971006;-3907.70385424702;5.45985536086075;5.5569874844428;275.863475977487;272.7383681718;9126.19016498795;9260.46214110266;150.82978907392;0.227722772277228;100;100
9;113.479999999981;2.05000000000018;115.929999999993;NA;NA;-3816.80101610421;-3906.30592645631;5.44509609820102;5.54682315169685;280.71313804806;277.410478194758;9120.90932654664;9282.4206071943;179.009820704207;0.0198019801980198;100;100
10;116.119999999995;2.36000000000013;118.889999999985;NA;NA;-3853.63383894206;-3918.01589733532;5.41689633410058;5.48822826750223;283.180771308123;280.531165585285;9207.64927637842;9322.37494114913;128.764116786525;0.732673267326733;100;100
11;104.74000000002;2.38999999999987;107.309999999998;NA;NA;-3798.36033294095;-3888.18816524859;5.4096176253186;5.51707193553087;276.905939806339;273.209014179962;9063.85621565812;9223.92439502435;179.655664615293;0.0099009900990099;100;100
12;105.200000000012;1.63999999999987;107.320000000007;NA;NA;-3826.00706092373;-3906.52861087233;5.38329673958878;5.42967387407751;283.631143021722;281.481019047462;9154.78193261332;9304.43299331746;161.043099897196;0.158415841584158;100;100
13;103.25;2.5;106.029999999999;NA;NA;-3816.50955786922;-3906.62136904997;5.45623339099455;5.54746406153343;277.139251429516;274.178778031072;9101.39082453958;9265.92891928089;180.223622361495;0.0099009900990099;100;100
14;105.450000000012;2.17000000000007;107.889999999985;NA;NA;-3830.55429840605;-3911.53490821217;5.46117387084824;5.5445212749458;280.34344312205;277.57115452376;9146.45713010353;9293.72988489038;161.961219612249;0.099009900990099;100;100
15;114.99000000002;2.34000000000015;117.770000000019;NA;NA;-3835.86369875833;-3928.9764047187;5.46475366695259;5.65823468209982;281.052724823635;276.031530845888;9160.83393036538;9320.455463033;186.225411920728;0.0297029702970297;100;100
16;102.73000000001;1.88000000000011;105;NA;NA;-3817.70767738094;-3898.59063146006;5.38979050664077;5.43594549333411;280.263878628906;278.005454745112;9120.34233011752;9270.14239179123;161.765908158246;0.118811881188119;100;100
17;104.950000000012;2.11999999999989;107.579999999987;NA;NA;-3847.67889351639;-3910.62905304157;5.39628513296161;5.45527050867437;285.938915660262;283.251408413699;9210.35290964746;9322.01396238064;125.900319050373;0.673267326732673;100;100
18;108.640000000014;2.15999999999985;111.109999999986;NA;NA;-3838.52874223017;-3923.46710841567;5.4219880828422;5.56752718937407;282.207630500696;277.973158906713;9172.28307411454;9319.72423210099;169.876732371005;0.0198019801980198;100;100
19;103.089999999997;2.19000000000005;105.660000000003;NA;NA;-3838.38405124429;-3918.87644920044;5.39526136674874;5.46962505136531;281.850860173173;278.903774965652;9170.1034097206;9315.4736128972;160.984795912301;0.138613861386139;100;100
20;103.109999999986;1.96000000000004;105.229999999981;NA;NA;-3817.74738001077;-3880.75600761177;5.44407398593731;5.47525373689196;276.775664408235;275.178646347588;9101.94006939356;9219.49581607014;126.017255201996;0.881188118811881;100;100
21;102.01999999999;2.11000000000013;104.399999999994;NA;NA;-3814.84269980847;-3903.66666236923;5.39100958217596;5.44608229697762;282.83331795898;280.359203748993;9128.22607999741;9292.76536283333;177.647925121519;0.0099009900990099;100;100
22;104.610000000015;2;106.929999999993;NA;NA;-3842.39941177839;-3924.13827093647;5.44111982639666;5.55204826680678;278.17313353221;274.774785343705;9158.64836785758;9304.12055894901;163.477718316155;0.118811881188119;100;100
23;106.299999999988;2.21000000000004;109.010000000009;NA;NA;-3815.83422012609;-3899.34020883949;5.4270091820869;5.50275935411549;278.277935768109;275.563555256689;9106.0732600595;9258.7035880832;167.011977426784;0.0297029702970297;100;100
24;111.470000000001;1.89999999999964;113.74000000002;NA;NA;-3809.24675949775;-3896.19697713066;5.38924557027989;5.44613277615203;280.691888249027;278.065236120703;9105.68822515449;9265.67182383291;173.900435265804;0.0297029702970297;100;100
25;112.459999999992;2.21000000000004;115.079999999987;NA;NA;-3835.61831109752;-3909.88265735423;5.50906836316392;5.60487164641848;276.157591618799;273.052284373125;9134.407185773;9266.48297497821;148.528692513433;0.356435643564356;100;100
26;105.700000000012;2.15000000000009;108.160000000003;NA;NA;-3791.9563274749;-3885.69994429927;5.38583305561287;5.46637960538675;275.745763626551;272.539146853279;9044.9012231244;9215.39878343544;187.487233648737;0.0198019801980198;100;100
27;102.989999999991;1.86000000000013;105.190000000002;NA;NA;-3822.12808461108;-3902.81382604966;5.35879278389706;5.43797455629353;284.778260946197;281.56579788283;9153.10177480874;9297.45260884787;161.371482877161;0.0693069306930693;100;100
28;112.100000000006;2.19999999999982;114.670000000013;NA;NA;-3850.04098427401;-3918.03061228265;5.44496644977041;5.46726897359756;284.885563584238;283.050204019765;9209.49609756521;9335.75103612819;135.979256017292;0.633663366336634;100;100
29;105.970000000001;2.03999999999996;108.309999999998;NA;NA;-3824.28005743101;-3909.03361763728;5.45453244753758;5.56144415610633;279.903335522718;276.506869623032;9131.57681841676;9283.0883845681;169.507120412541;0.0792079207920792;100;100
30;109.020000000019;2.07000000000016;111.440000000002;NA;NA;-3813.84751290768;-3890.56695821891;5.41509900591909;5.45301547878994;280.380131040042;278.409447304109;9113.23794333983;9256.23552610022;153.438890622461;0.178217821782178;100;100
31;110.070000000007;2.15999999999985;112.600000000006;NA;NA;-3821.11897051083;-3892.0250588603;5.37447547994009;5.40660041838581;280.770908924064;278.921860022141;9129.85132379551;9261.86665258579;141.812176698933;0.425742574257426;100;100
32;110.789999999979;1.91000000000031;113.059999999998;NA;NA;-3835.64307381442;-3909.76408435958;5.4295528013358;5.50115559455426;279.527722707913;276.875257777548;9152.3127352838;9286.5011553694;148.242021090311;0.257425742574257;100;100
33;107.880000000005;2.06999999999971;110.359999999986;NA;NA;-3809.19149691884;-3880.36430959382;5.39354693763497;5.43889134194269;277.634970642048;275.669147562984;9089.38118035149;9221.31125114209;142.34562534997;0.376237623762376;100;100
34;111.510000000009;2.16000000000031;114.01999999999;NA;NA;-3829.6501089221;-3898.35271723689;5.37074809868361;5.403051940111;282.214880838737;280.544567259942;9154.56422209036;9283.11958727783;137.405216629577;0.534653465346535;100;100
35;99.1699999999837;1.66999999999962;101.220000000001;NA;NA;-3820.83078625331;-3893.52775289107;5.42393670561726;5.4565833509782;278.601174056787;276.716833286475;9117.77901135236;9253.18910920006;145.393933275534;0.386138613861386;100;100
36;103.600000000006;2;105.830000000016;NA;NA;-3822.99620945153;-3902.64485367524;5.43278236846536;5.51072223738852;275.300667240004;272.35950985569;9104.62272516303;9248.3368283634;159.297288447433;0.0891089108910891;100;100
37;104.929999999993;2.26000000000022;107.540000000008;NA;NA;-3802.55422124332;-3891.4982299583;5.36401692317664;5.46552595396902;277.757148364718;274.146545891988;9076.75396535029;9235.51186499528;177.888017429959;0.0099009900990099;100;100
38;113.5;2.30000000000018;116.309999999998;NA;NA;-3856.10107905804;-3938.45944610466;5.50984614109441;5.67475378024553;280.394597971106;275.866882703021;9197.82172603264;9338.54918769022;164.716734093254;0.0792079207920792;100;100
39;107.089999999997;2.25;109.76999999999;NA;NA;-3830.15863061953;-3921.95301133419;5.39621844765969;5.53959532065992;281.763035410634;277.548638017908;9153.18724500651;9314.44679154042;183.58876142932;0.0099009900990099;100;100
40;103.839999999997;2.06999999999971;106.179999999993;NA;NA;-3856.5533232942;-3909.71630963138;5.53989181142053;5.54349280100644;273.819334995795;273.022768001083;9163.88838449325;9265.99389242592;106.325972674364;0.96039603960396;100;100
41;104.669999999984;2.25;107.25;NA;NA;-3805.83002450209;-3883.77020700216;5.39374584584362;5.48503264370287;278.33911502844;275.185962647706;9086.38901594897;9225.5629789309;155.880365000141;0.158415841584158;100;100
42;99.820000000007;1.91000000000031;101.989999999991;NA;NA;-3826.08850385421;-3893.82265120672;5.41009496122685;5.4526647045545;277.468923884159;275.39144530563;9122.29542580125;9246.75657967502;135.468294705016;0.574257425742574;100;100
43;105.25;2.12999999999965;107.720000000001;NA;NA;-3839.24409735759;-3932.12264547839;5.40737751480056;5.56755119789047;280.259059566854;275.906611470525;9163.38963715067;9326.08608205648;185.757096241592;0.0198019801980198;100;100
44;109.339999999997;2.17000000000007;111.720000000001;NA;NA;-3847.61439647571;-3913.78012104779;5.51467737654977;5.59229627690897;279.652979894258;277.308990672179;9176.91903293207;9296.8312832739;132.331449144167;0.772277227722772;100;100
45;108.720000000001;2.15000000000009;111.25;NA;NA;-3845.86532183186;-3915.14030984645;5.38587994090132;5.42549646061935;292.753435745793;291.132749013638;9242.83125639226;9372.79431976274;138.549976029186;0.415841584158416;100;100
46;107.619999999995;2.11000000000013;110.010000000009;NA;NA;-3825.75821355483;-3926.73175438697;5.39074211754791;5.52384921594916;282.700049207753;278.21829312007;9149.35100735108;9327.55232290336;201.947081664282;0.0099009900990099;100;100
47;103.669999999984;2.09999999999991;106.059999999998;NA;NA;-3845.48705762374;-3917.83741625674;5.44809488161646;5.52382869917795;277.270894525002;274.685900644094;9160.04331094761;9291.04791024196;144.700717265994;0.316831683168317;100;100
48;102.960000000021;1.9699999999998;105.360000000015;NA;NA;-3835.54355608173;-3909.11843919071;5.45507851605232;5.51983115747687;280.237544709883;277.94701872164;9155.87456205861;9290.88839465454;147.149766217967;0.326732673267327;100;100
49;103.76999999999;1.82000000000016;106;NA;NA;-3812.03136467537;-3898.31800171109;5.38684633687598;5.48051944163102;283.140753770112;279.352493651467;9124.23230222843;9276.73417192425;172.573274071443;0.0198019801980198;100;100
50;104.600000000006;1.94000000000005;106.919999999984;NA;NA;-3823.26731630689;-3907.42308735792;5.40798662771739;5.44656707824452;279.643450616789;277.644493861677;9128.17438345813;9285.89481826961;168.311542102068;0.0495049504950495;100;100
51;104.389999999985;1.61999999999989;106.459999999992;NA;NA;-3828.03804318064;-3915.86654282652;5.42560492913634;5.58556646788654;276.670239502194;272.256648577157;9121.96282112276;9274.23521496756;175.656999291766;0.0396039603960396;100;100
52;104.959999999992;1.88999999999987;107.169999999984;NA;NA;-3826.54456216668;-3903.82048917329;5.39118987235586;5.48073065058712;278.337465303854;275.277908946459;9127.80935051374;9266.15070394463;154.551854013202;0.217821782178218;100;100
53;108.789999999979;2.42000000000007;111.609999999986;NA;NA;-3813.96280942216;-3896.70221792084;5.43113555061732;5.48502860670748;279.643578757987;277.646701835278;9109.5660486214;9264.46477794032;165.478816997364;0.0594059405940594;100;100
54;108.669999999984;2.05000000000018;111.119999999995;NA;NA;-3816.94397573732;-3895.60901323159;5.40349352670484;5.40926482942153;284.749381049655;283.581634555718;9142.58054220384;9293.72352566382;157.330074988536;0.108910891089109;100;100
55;96.929999999993;1.92000000000007;99.2400000000198;NA;NA;-3823.55039442091;-3891.20739681368;5.41500513548628;5.4444304626956;277.356080958779;275.841847352848;9116.62132930342;9243.91244387765;135.314004785549;0.653465346534653;100;100
56;102.73000000001;2.23000000000002;105.450000000012;NA;NA;-3845.99801932049;-3923.44969216137;5.41134142724402;5.51957380825659;277.828152909984;274.515175627787;9164.01776611991;9301.36790673242;154.903345681749;0.198019801980198;100;100
57;107.649999999994;2.2199999999998;110.389999999985;NA;NA;-3830.4682941407;-3912.03497556633;5.4891748843796;5.50770231961484;276.856594125087;275.441679478844;9127.81068897768;9283.44738498657;163.133362851261;0.0495049504950495;100;100
58;103.089999999997;2.09999999999991;105.360000000015;NA;NA;-3812.89086063516;-3914.9651461061;5.42468772744628;5.5148143059787;280.295343260463;277.122907333479;9110.87540622977;9298.21540480545;204.148570941881;0.0099009900990099;100;100
59;110.720000000001;2.43000000000029;113.51999999999;NA;NA;-3829.89817858051;-3917.99730080034;5.44473733137085;5.52746718562675;282.7364431946;279.637580609209;9157.82376429499;9317.60325128193;176.198244439671;0.0495049504950495;100;100
60;101.320000000007;1.82999999999993;103.359999999986;NA;NA;-3819.99080407334;-3911.32789977948;5.42764610038286;5.50960322746982;279.35348187731;276.568118281603;9120.0850125829;9288.0014636839;182.674191412278;0.0297029702970297;100;100
61;102.880000000005;2.36000000000013;105.529999999999;NA;NA;-3811.31525850153;-3902.55790382152;5.3990606424466;5.46579656127979;279.472775177433;276.550993222313;9103.36597520303;9270.37073776892;182.485290639974;0.0396039603960396;100;100
62;108.829999999987;2.37999999999965;111.779999999999;NA;NA;-3835.22018866887;-3903.79561436929;5.45635112413866;5.4850732382181;280.144288695962;278.403422361677;9154.7337272748;9282.66091634386;137.150851400843;0.455445544554455;100;100
63;106.080000000016;1.92000000000007;108.190000000002;NA;NA;-3843.98617245246;-3912.33092695586;5.41501072100311;5.47040822829197;284.111561113938;281.745624877236;9193.28556319197;9317.43959114771;136.689509006807;0.504950495049505;100;100
64;105.880000000005;2;108.190000000002;NA;NA;-3826.1610879378;-3916.18571250905;5.42683700796647;5.56462790847558;281.206319924795;277.295279810352;9142.24250431622;9301.56982169908;180.049249142487;0.0297029702970297;100;100
65;109.690000000002;2.32999999999993;112.380000000005;NA;NA;-3821.75847614764;-3908.09395063019;5.40664318056741;5.46947467626839;287.641380420224;285.214845736292;9167.5322735136;9327.3466716223;172.670948965113;0.0099009900990099;100;100
66;108.850000000006;2.34000000000015;111.339999999997;NA;NA;-3811.38929771074;-3908.46463785023;5.37508031898323;5.49232558859201;283.513773246991;279.725304590495;9124.92454387157;9299.00271487521;194.150680278975;0.0099009900990099;100;100
67;99.609999999986;1.98000000000002;101.940000000002;NA;NA;-3809.18157986155;-3906.81218372962;5.46344800313992;5.73188268329543;271.688097260832;264.906182747014;9057.85292372455;9217.1813960137;195.261207736154;0.0099009900990099;100;100
68;104.039999999979;1.86999999999989;106.329999999987;NA;NA;-3832.54667480377;-3912.72886103439;5.42638952177301;5.53103190144378;278.756355301491;275.411191939359;9142.03298793706;9284.67362326277;160.364372461239;0.158415841584158;100;100
69;104.640000000014;1.97000000000025;107.049999999988;NA;NA;-3837.64368082084;-3904.68122809359;5.42527778615086;5.53734497273451;279.479394963336;276.017544735412;9156.05789356826;9271.79100693077;134.0750945455;0.564356435643564;100;100
70;109.279999999999;2.15000000000009;111.809999999998;NA;NA;-3833.34348038704;-3920.42811625116;5.39973283464717;5.54569053659694;282.164718873796;277.793902188201;9161.68519101025;9312.69648878721;174.16927172825;0.0396039603960396;100;100
71;115.630000000005;2.38999999999987;118.279999999999;NA;NA;-3868.19650765412;-3936.75994883946;5.52761552628205;5.63588946697665;277.791222099452;274.447173538145;9208.21907163237;9327.6281234361;137.126882370681;0.524752475247525;100;100
72;106.020000000019;1.89000000000033;108.200000000012;NA;NA;-3864.40261915716;-3939.19556815213;5.38073460294402;5.44816939569476;288.008540593936;285.311534787326;9254.76589065732;9390.06219594442;149.585897989942;0.316831683168317;100;100
73;113.600000000006;2.58999999999969;116.390000000014;NA;NA;-3831.06337751814;-3902.75994500577;5.47814800792561;5.57073362869724;276.193868863328;272.967420244083;9125.48952696894;9251.78791319258;143.393134975267;0.396039603960396;100;100
74;109.229999999981;1.69000000000005;111.109999999986;NA;NA;-3833.56984386615;-3896.73821049851;5.44818786790516;5.47096378291182;280.509168663326;278.858122443615;9153.36628753716;9270.955253943;126.336733264707;0.861386138613861;100;100
75;108.210000000021;2.17999999999984;110.669999999984;NA;NA;-3834.95888920112;-3919.87680809234;5.5155286643045;5.65663999446479;273.861261710508;269.332854985148;9120.92165734779;9266.76455913446;169.835837782437;0.0792079207920792;100;100
76;116.139999999985;2.36999999999989;118.890000000014;NA;NA;-3845.58214486059;-3937.79738954145;5.43674674422852;5.65601894960721;281.981108076113;276.280024110975;9185.18969167931;9339.41402886039;184.430489361715;0.0396039603960396;100;100
77;106.669999999984;1.89000000000033;108.889999999985;NA;NA;-3829.80173856485;-3914.3131643536;5.44217481081171;5.50987024922942;283.66311355384;281.466187950461;9162.5406779211;9319.92352042121;169.022851577511;0.0198019801980198;100;100
78;111.339999999997;2.4699999999998;114.190000000002;NA;NA;-3818.71963346106;-3923.11972043829;5.43644299699566;5.55075521987079;284.276517337194;281.028536515209;9143.62647563157;9335.21781639068;208.800173954451;0.0099009900990099;100;100
79;101.699999999983;2.11999999999989;104.279999999999;NA;NA;-3813.5341954626;-3897.2036669192;5.44588672264141;5.53752905821826;272.516550708029;269.574499015201;9070.94756421331;9222.69858354913;167.338942913219;0.0792079207920792;100;100
80;104.99000000002;2.19000000000005;107.48000000001;NA;NA;-3834.97781924806;-3900.1746995625;5.44731783848021;5.50452977488373;277.594767235115;275.390153597967;9140.74081460079;9259.45383250943;130.39376062888;0.702970297029703;100;100
81;114.910000000003;2.30000000000018;117.549999999988;NA;NA;-3847.77141210189;-3908.31587253735;5.47247169202576;5.55623441454636;279.319202789741;276.48741548775;9175.46460715501;9281.54982018543;121.088920870925;0.792079207920792;100;100
82;110.040000000008;2.15999999999985;112.570000000007;NA;NA;-3824.62081858986;-3900.43464280625;5.44140816044198;5.53602254564352;281.012260650288;278.305089142976;9138.13377799606;9275.41797261743;151.627648432788;0.188118811881188;100;100
83;108.670000000013;2.21000000000004;111.329999999987;NA;NA;-3842.01729618359;-3909.35685570872;5.44490756589923;5.50597773676253;276.941583353658;274.655684009486;9151.35899296918;9273.92669182604;134.679119050261;0.653465346534653;100;100
84;103.369999999995;2.19000000000005;105.950000000012;NA;NA;-3822.4010682386;-3913.08271170205;5.42827636030823;5.54497252115408;280.354806728398;276.661360095839;9130.21087776149;9292.00511225269;181.363286926911;0.0099009900990099;100;100
85;106.929999999993;2.25;109.360000000015;NA;NA;-3848.03556721462;-3921.21767516955;5.52552451945835;5.69785048463231;274.660507602421;270.041702754577;9151.30967176404;9273.20199373588;146.36421590986;0.455445544554455;100;100
86;108.049999999988;2.02999999999975;110.369999999995;NA;NA;-3823.70762552601;-3900.27597411955;5.53434079076493;5.60233057054919;274.864910404011;272.117782883944;9103.73677930026;9242.31832303965;153.136697187088;0.158415841584158;100;100
87;99.5400000000081;1.75;101.640000000014;NA;NA;-3805.61217636378;-3884.8086014913;5.38979231644069;5.43641158384313;280.314208842814;277.882994916785;9096.41799352962;9241.92950081858;158.392850255038;0.0792079207920792;100;100
88;110.649999999994;1.97000000000025;112.970000000001;NA;NA;-3806.16438147555;-3896.60358229302;5.39490977027785;5.48960461894444;283.37166932605;280.270635161065;9113.72179972902;9278.16993819336;180.878401634935;0.0099009900990099;100;100
89;106.380000000005;2.02999999999975;108.510000000009;NA;NA;-3839.78922306587;-3902.82529720745;5.41651529978147;5.46420953493853;280.773145332256;278.745538662403;9167.20367810595;9282.5329227577;126.072148283164;0.841584158415842;100;100
90;104.99000000002;1.82000000000016;107.169999999984;NA;NA;-3838.2264738947;-3912.48950390356;5.43121957408299;5.48193976724004;280.962667466471;278.669780104536;9165.08232817866;9301.45994326709;148.526060017714;0.336633663366337;100;100
91;105.75;2.05999999999995;108.100000000006;NA;NA;-3836.57322816152;-3926.58702470325;5.39465439355602;5.53842540363721;284.495378089651;280.388415777165;9180.49325875809;9338.76086209755;180.02759308346;0.0198019801980198;100;100
92;102.510000000009;2.44000000000005;105.300000000017;NA;NA;-3818.41039596895;-3914.09183214569;5.42597518848241;5.5347008178045;278.535253245426;275.203839960476;9112.58896140398;9286.30094889467;191.362872353482;0.0099009900990099;100;100
93;107.779999999999;2.44999999999982;110.600000000006;NA;NA;-3810.30061948305;-3892.98621047168;5.4636756815323;5.60572366556739;272.69832876004;268.691567015485;9065.44353006405;9209.58561670651;165.371181977261;0.0495049504950495;100;100
94;110.170000000013;1.98000000000002;112.680000000022;NA;NA;-3839.69560010077;-3913.05658429857;5.44830305443212;5.50155527795987;281.834593014099;279.443328289156;9172.64031886213;9306.69260783755;146.721968395601;0.257425742574257;100;100
95;101.639999999985;2.16000000000031;104.140000000014;NA;NA;-3815.1841206325;-3893.17042518654;5.42708291820545;5.52356110238467;276.846407246288;273.618826736758;9097.18836864444;9236.06023188694;155.972609108078;0.158415841584158;100;100
96;105.059999999998;2.07999999999993;107.479999999981;NA;NA;-3820.84804393373;-3905.82851236422;5.449925419697;5.55895939041215;277.516802121898;274.1470809167;9112.06818005879;9264.17526453784;169.960936860976;0.0594059405940594;100;100
97;107.880000000005;2.25;110.470000000001;NA;NA;-3833.79730113821;-3911.13071526102;5.41851139099906;5.49063666512126;283.964880936828;281.297049947527;9172.13066243376;9312.66247541776;154.666828245623;0.168316831683168;100;100
98;108.679999999993;1.82999999999993;110.880000000005;NA;NA;-3841.99304196464;-3930.18411811191;5.4105290685074;5.54744572862655;283.623846533795;279.531690921517;9186.71523558645;9341.41584873383;176.382152294537;0.0297029702970297;100;100
99;103.350000000006;2.09000000000015;105.779999999999;NA;NA;-3800.8736476861;-3878.85079046001;5.42411571898971;5.4655268786644;276.308986059428;274.263468100478;9065.71999474415;9210.83647696648;155.954285547814;0.138613861386139;100;100
100;103.410000000003;2.02999999999975;105.930000000022;NA;NA;-3804.80680544956;-3898.43688307372;5.39120701431753;5.50055948312031;278.323145863508;274.623300028022;9084.25796814003;9251.91516594465;187.260155248322;0.0198019801980198;100;100
101;105.660000000003;2.11000000000013;108.190000000002;NA;NA;-3818.64502184751;-3910.24839082316;5.39008534978335;5.54192521397328;279.740583343834;275.373027447072;9119.44443455393;9279.51047524805;183.206737951309;0.0198019801980198;100;100
102;104.649999999994;1.90999999999985;107.029999999999;NA;NA;-3828.61901227754;-3896.53769645622;5.47142836517411;5.54102670702942;275.738669801546;273.594910414;9118.18900739347;9242.66805815808;135.837368357349;0.544554455445545;100;100
103;104.270000000019;2.20000000000027;106.860000000015;NA;NA;-3827.55802699758;-3902.97946415874;5.39522991508692;5.45124880399633;283.823987396328;281.33830762655;9158.90561546005;9296.57856949047;150.842874322322;0.237623762376238;100;100
104;111.669999999984;2.34999999999991;114.440000000002;NA;NA;-3816.48852335157;-3907.5515520605;5.40729504337051;5.54103017601829;279.591668284833;275.209844961241;9114.3424383188;9273.25220512414;182.126057417875;0.0198019801980198;100;100
105;116.180000000022;2.59000000000015;119.179999999993;NA;NA;-3835.56403290394;-3916.58962050394;5.4287602359386;5.59147453214098;278.989035387157;273.884821784835;9149.30051707613;9284.30794870437;162.051175199998;0.108910891089109;100;100
106;110.839999999997;2.36000000000013;113.419999999984;NA;NA;-3824.34954738935;-3901.10778927064;5.39825851476892;5.45539169045941;279.077319881459;276.783347987216;9127.33930531631;9268.70159795326;153.516483762589;0.198019801980198;100;100
107;107.589999999997;1.92999999999984;109.830000000016;NA;NA;-3827.18231514447;-3907.30174171671;5.44084193671503;5.47871023294925;283.64668091803;281.894555225838;9157.21476576064;9308.17030092182;160.238853144495;0.0693069306930693;100;100
108;99.609999999986;2.19000000000005;102.049999999988;NA;NA;-3822.75236178558;-3912.67371694846;5.40453057780042;5.53580525663314;277.911457987285;274.066116855883;9117.96782778789;9277.43670041683;179.842710325754;0.0396039603960396;100;100
109;106.829999999987;1.7800000000002;109.079999999987;NA;NA;-3821.53603812851;-3900.87015207993;5.43870332476998;5.51536107564957;277.965803276888;275.541036871149;9115.82311906544;9261.64416501092;158.668227902827;0.099009900990099;100;100
110;103.729999999981;2.29999999999973;106.429999999993;NA;NA;-3830.00108345387;-3913.85574844293;5.42935709554268;5.50967467940228;276.609829706444;273.814323139644;9125.56883139929;9278.46668038623;167.709329978119;0.0693069306930693;100;100
111;107.420000000013;2.05999999999995;109.949999999983;NA;NA;-3795.66708656577;-3882.59511527679;5.40049151304365;5.50946832866654;275.854780272387;271.945765847415;9052.90034609403;9206.04520450214;173.856057422029;0.0198019801980198;100;100
112;99.7300000000105;1.96000000000004;101.960000000021;NA;NA;-3805.60697294314;-3903.04623536335;5.43231481744986;5.55816747487694;273.414234132581;269.436656602269;9059.84933085236;9233.65338758714;194.878524840422;0.0099009900990099;100;100
113;109.359999999986;2.2800000000002;112.029999999999;NA;NA;-3840.77722436961;-3913.90111294228;5.40310410782747;5.48547053562772;280.855676819064;278.37746667009;9169.61695872328;9302.73439199835;146.247777145336;0.356435643564356;100;100
114;109.5;2.27999999999975;112.200000000012;NA;NA;-3829.81877354385;-3904.29985104298;5.42334108721929;5.49555011295536;279.952217155924;277.449292000242;9142.91324104856;9278.61410422729;148.96215499825;0.227722772277228;100;100
115;104.139999999985;2;106.5;NA;NA;-3837.00523362844;-3920.52872640829;5.4448859503313;5.55928792232877;279.874821994034;276.439984161881;9156.87609708741;9305.72422170974;167.046985559712;0.118811881188119;100;100
116;102.339999999997;1.92000000000007;104.639999999985;NA;NA;-3821.87691749319;-3901.68249241604;5.43137344560684;5.52374993234903;277.122108635865;274.285999056459;9112.0347158262;9256.61925703391;159.611149845707;0.148514851485149;100;100
117;98.0799999999872;1.75;100.260000000009;NA;NA;-3823.26784550878;-3906.30886358472;5.39989299716917;5.45810182379337;279.674035195942;277.296699202084;9128.33748866878;9281.82364423828;166.082036151874;0.0594059405940594;100;100
118;100.820000000007;2.15999999999985;103.270000000019;NA;NA;-3822.7765334263;-3888.98877254664;5.40396104745595;5.46317343635532;275.486980011982;273.252539041667;9105.17051730796;9225.7562181511;132.424478240689;0.584158415841584;100;100
119;105.559999999998;2.17000000000007;108.070000000007;NA;NA;-3820.4793754316;-3911.0925627612;5.48566939951724;5.66703822455874;271.464408801349;266.487665386268;9079.26334241508;9234.12135100931;181.226374659214;0.0297029702970297;100;100
120;109.570000000007;2.40000000000055;112.149999999994;NA;NA;-3846.38309253692;-3908.66329768239;5.43171576413786;5.47795218286494;280.644010619032;278.655814764858;9179.70722035435;9293.73353802302;124.560410290939;0.831683168316832;100;100
121;100.089999999997;2.28999999999996;102.690000000002;NA;NA;-3801.92567786673;-3891.07545782381;5.42666057043776;5.55080854191238;276.134399337146;272.377504447456;9066.89903924278;9225.2933777186;178.299559914159;0.0297029702970297;100;100
122;107.75;2.02999999999975;110.119999999995;NA;NA;-3840.3020287524;-3914.66615772849;5.45147837919267;5.51631979922927;279.849447670844;277.100686307268;9163.33524611811;9297.49969400115;148.728257952172;0.346534653465347;100;100
123;107.390000000014;2;109.809999999998;NA;NA;-3850.19047267497;-3936.45506121578;5.38373820578903;5.57064695341738;283.939505682654;278.423114474384;9204.7825593574;9348.08414509959;172.529177081637;0.0495049504950495;100;100
124;102.449999999983;2.22000000000025;104.940000000002;NA;NA;-3819.18871742785;-3896.41176149589;5.40823358092041;5.4543295927397;281.511309219484;279.378357712756;9129.91369337296;9273.05872749894;154.446088136086;0.0792079207920792;100;100
125;103.559999999998;2.10999999999967;106;NA;NA;-3815.16929495938;-3892.8790466571;5.43822375899637;5.47650473140383;275.962578857587;274.085489812205;9092.4759139973;9237.95000390503;155.419503395437;0.227722772277228;100;100
126;102.820000000007;2.01000000000022;105.410000000003;NA;NA;-3824.76914727786;-3899.61437392936;5.40424066297392;5.42579147469085;288.902113679286;287.35030575418;9180.23338069512;9321.70186311898;149.690453302997;0.297029702970297;100;100
127;106.130000000005;2.25;108.710000000021;NA;NA;-3830.28416190166;-3909.7423663577;5.44656089340576;5.55054725551874;279.936901569104;276.351614752718;9143.76287092455;9283.68329243332;158.916408912081;0.178217821782178;100;100
128;108.300000000017;1.9399999999996;110.690000000002;NA;NA;-3828.27839252723;-3903.91637473247;5.45444262286403;5.50842411710868;278.782895567438;276.741461147789;9133.63704213596;9274.09683910814;151.275964410474;0.168316831683168;100;100
129;104.089999999997;2.07999999999993;106.669999999984;NA;NA;-3832.74425765003;-3918.10560057997;5.44722933260784;5.49737328237422;278.438534892891;276.621897115589;9140.74424023926;9301.84180261493;170.722685859879;0.0297029702970297;100;100
130;105.699999999983;1.53000000000065;107.709999999992;NA;NA;-3847.39829484651;-3923.96675665772;5.41858248838104;5.51480362736835;281.718477940029;278.387048387739;9187.43049384015;9322.91644641024;153.136923622415;0.158415841584158;100;100
131;103.140000000014;2.38999999999942;105.829999999987;NA;NA;-3830.93763531125;-3899.21624633943;5.41897878455548;5.45864871535093;279.689613622914;277.954456078767;9143.7596077239;9271.12341443041;136.557222056359;0.455445544554455;100;100
132;98.8099999999977;2.07999999999993;101.190000000002;NA;NA;-3839.44529398595;-3907.40628449246;5.42353962088379;5.45866989871084;279.261154496804;277.363889065879;9158.50481264457;9284.37447927597;135.921981013019;0.574257425742574;100;100
133;99.6700000000128;1.76000000000022;101.709999999992;NA;NA;-3836.3952140044;-3892.82276239314;5.44894107049273;5.4779474157646;275.23653959502;273.800872938399;9131.08096565368;9236.32944485182;112.855096777486;0.95049504950495;100;100
134;104.25;1.82999999999993;106.369999999995;NA;NA;-3812.55754599429;-3885.97207188876;5.37599102505032;5.46491963598553;284.534588092913;281.217339378758;9132.66964146485;9261.92285678244;146.829051788949;0.386138613861386;100;100
135;106.960000000021;2.10999999999967;109.309999999998;NA;NA;-3821.16316552431;-3884.42207143063;5.4291115167601;5.47548613131069;279.620548256901;277.750000192447;9123.84473792185;9240.45179243961;126.517811812624;0.811881188118812;100;100
136;106.940000000002;2.27000000000044;109.75;NA;NA;-3834.89890118354;-3920.90923117007;5.44203268795506;5.57481296050994;281.792373438274;277.786150789784;9162.82322831586;9313.61764925618;172.020659973065;0.0495049504950495;100;100
137;111.109999999986;2.21000000000004;113.73000000001;NA;NA;-3832.94758055338;-3917.69872396913;5.37940694000408;5.47799271901901;285.857706771514;282.217814010311;9180.46001325588;9330.67699305831;169.502286831485;0.0396039603960396;100;100
138;108.200000000012;2.38000000000011;110.820000000007;NA;NA;-3831.33374804859;-3921.17301016195;5.38762615846466;5.46478908438662;287.038361289995;284.085458179837;9183.48783058545;9347.52093698188;179.678524226709;0.0099009900990099;100;100
139;107.98000000001;2;110.350000000006;NA;NA;-3813.25556811342;-3896.30517899599;5.39800843669323;5.4657262304286;282.287192927441;279.361929488807;9122.1582728684;9272.7585205549;166.099221765147;0.0495049504950495;100;100
140;105.459999999992;1.82999999999993;107.739999999991;NA;NA;-3836.16445510929;-3925.92953670553;5.44983100013206;5.51690491458643;284.242892231875;281.661970122452;9178.33796244856;9344.19358120699;179.530163192489;0.0198019801980198;100;100
141;107.640000000014;2.21000000000004;110.309999999998;NA;NA;-3824.70859108058;-3904.31840028614;5.40873315489921;5.48959249417561;280.448087120277;277.480906363101;9135.32015256571;9278.8187056414;159.219618411118;0.0792079207920792;100;100
142;107.559999999998;1.83999999999924;109.809999999998;NA;NA;-3842.52899327088;-3926.19539415294;5.43939034829887;5.52913271467712;281.517725467317;278.477531266491;9176.62824037635;9327.85312840856;167.332801764127;0.0594059405940594;100;100
143;108.410000000003;2.23000000000047;111.279999999999;NA;NA;-3848.66231083249;-3930.31971559412;5.50915466183003;5.58532615537709;281.896073483804;279.405969822582;9190.89948336592;9341.02093341642;163.31480952325;0.118811881188119;100;100
144;104.130000000005;2.28999999999996;106.73000000001;NA;NA;-3816.14623322338;-3908.80817765717;5.4128549897296;5.52598330883645;276.307814273983;272.978604681995;9096.25895732753;9263.943637197;185.323888867587;0.0099009900990099;100;100
145;107.070000000007;1.68000000000029;109.330000000016;NA;NA;-3812.65628535257;-3892.08951476904;5.38469389317602;5.45606823693277;281.257329390143;278.04930238665;9115.50316348185;9257.37247712983;158.866458832941;0.148514851485149;100;100
146;109.99000000002;2.34999999999945;112.839999999997;NA;NA;-3819.25589786563;-3881.10705808791;5.41132431720529;5.43885926287269;280.209490199516;278.501138099163;9123.15060392693;9237.80153277;123.702320444549;0.851485148514851;100;100
147;99.9599999999919;2.25;102.699999999983;NA;NA;-3829.45106392906;-3917.26666941336;5.44550479251455;5.57259066963345;279.58833294843;275.752835406737;9140.24984780299;9295.5593755371;175.631210968615;0.0396039603960396;100;100
148;101.970000000001;2.19999999999982;104.510000000009;NA;NA;-3835.44011993849;-3908.62130038539;5.38539382393867;5.43457476559288;283.642024549542;281.443764214459;9173.70570443065;9308.42098441491;146.36236089382;0.386138613861386;100;100
149;100.779999999999;2.26000000000022;103.529999999999;NA;NA;-3826.69695846588;-3898.26372076071;5.39144285878831;5.43725818114215;282.823876862638;280.747380953438;9151.88457538752;9284.01616563991;143.133524589664;0.376237623762376;100;100
150;100;1.75;102.079999999987;NA;NA;-3816.32153295105;-3895.88696215735;5.40795832634487;5.5051316432676;278.320312904612;275.060223515174;9107.27241322769;9249.13028341173;159.130858412611;0.128712871287129;100;100
151;106.639999999985;2.17000000000007;109.190000000002;NA;NA;-3832.77640570815;-3913.74541890739;5.40668226180991;5.52598651299382;281.314831826909;277.278765570448;9156.04807035236;9296.60173681169;161.938026398475;0.0891089108910891;100;100
152;99.609999999986;2.1899999999996;102.089999999997;NA;NA;-3823.13335337117;-3906.92537725458;5.3755519639284;5.43979720586518;284.661339575661;282.281092501246;9154.4928258009;9309.46556915666;167.584047766807;0.0792079207920792;100;100
153;103.709999999992;1.92000000000007;105.889999999985;NA;NA;-3837.0814073552;-3909.07450100077;5.42396566257717;5.49462968895507;279.790425785505;277.540041676954;9156.58128664361;9288.64422473102;143.986187291148;0.445544554455446;100;100
154;101.010000000009;2.07999999999993;103.420000000013;NA;NA;-3838.4394483844;-3903.70922751027;5.41410920173079;5.44426153433053;283.784190670551;282.036177696506;9180.45760255036;9301.73563330477;130.539558251752;0.623762376237624;100;100
155;105.550000000017;2.19999999999982;108.220000000001;NA;NA;-3826.90923908755;-3917.26860960885;5.38426164699544;5.50489348441014;286.280791909932;282.053466611017;9170.62496966062;9328.94599965793;180.718741042602;0.0396039603960396;100;100
156;101.359999999986;1.77000000000044;103.459999999992;NA;NA;-3788.78197836187;-3891.25324124355;5.39887393122869;5.46499473349429;276.367007769373;273.655397235009;9041.84407352913;9232.41962610695;204.942525763357;0.0099009900990099;100;100
157;107.179999999993;2.30999999999949;109.860000000015;NA;NA;-3824.38885382572;-3894.2406729683;5.36676039639655;5.40701170436001;283.273031379186;281.081246491079;9149.64812928248;9277.73899563125;139.703638285167;0.534653465346535;100;100
158;107.820000000007;1.82999999999993;110.079999999987;NA;NA;-3848.85694892168;-3945.27721301166;5.46965486748872;5.72554582960964;280.664128260888;273.839754452151;9184.7615227751;9341.44435268841;192.840528179959;0.0495049504950495;100;100
159;106.630000000005;2.10000000000036;108.970000000001;NA;NA;-3827.84071761495;-3904.49847875801;5.42260218940798;5.46818448070255;282.356496220364;280.469536213447;9151.69576271192;9295.0135720234;153.315522286121;0.207920792079208;100;100
160;105.729999999981;1.71000000000004;107.820000000007;NA;NA;-3839.46730583178;-3908.87561403192;5.45662642834382;5.51856308831024;283.758484659106;281.368381388422;9182.37711883825;9308.53020957163;138.816616400283;0.564356435643564;100;100
161;105.170000000013;2.38999999999942;107.880000000005;NA;NA;-3805.7904542678;-3888.94212397565;5.38425261337097;5.39949751202936;283.321384094277;281.818863594212;9112.70751819674;9271.05002715335;166.303339415694;0.0396039603960396;100;100
162;103.660000000003;2.51000000000022;106.449999999983;NA;NA;-3829.36722543013;-3908.96787747421;5.45227187757866;5.4992211740518;281.142149610079;278.946265878647;9148.31478460799;9295.88159978699;159.201304088165;0.138613861386139;100;100
163;98.8800000000047;2.07999999999993;101.190000000002;NA;NA;-3814.77453535225;-3892.44272368636;5.37087208414207;5.41465401523834;285.546269962631;283.23860090261;9142.46383180052;9285.57344541178;155.336376668221;0.217821782178218;100;100
164;104.100000000006;1.97000000000025;106.529999999999;NA;NA;-3840.81111897771;-3917.6586322361;5.46306633146819;5.53018294915728;281.196939054845;278.843066983946;9171.49286356986;9312.71632881475;153.695026516767;0.207920792079208;100;100
165;105.74000000002;2.13999999999942;108.199999999983;NA;NA;-3789.88127887148;-3889.52182409728;5.40265432646267;5.47108484425064;282.30127117935;279.515907883899;9075.4842854311;9260.00763716227;199.281090451613;0.0099009900990099;100;100
166;108.449999999983;2.16000000000076;111.049999999988;NA;NA;-3809.12096114364;-3907.26882190175;5.42483075231063;5.63687198609642;275.267572588936;269.430216120943;9076.69688258276;9242.06443694988;196.29572151623;0.0099009900990099;100;100
167;104.209999999992;1.96999999999935;106.440000000002;NA;NA;-3826.1028683379;-3914.24261096583;5.45795315222952;5.56165639824593;277.317410002595;274.095250234729;9121.52138613867;9280.72884633866;176.279485255869;0.0396039603960396;100;100
168;107.089999999997;2.38000000000011;109.74000000002;NA;NA;-3843.77693184831;-3915.48800345221;5.46524104325431;5.51422289137946;276.532899515073;274.303294635996;9152.71292761921;9284.32191657566;143.422143207804;0.346534653465347;100;100
169;109.179999999993;2.19999999999982;111.720000000001;NA;NA;-3818.75636901529;-3905.06640502319;5.45997651191101;5.62335465466231;277.960645550318;273.186648763029;9110.23645356673;9257.5623754966;172.620072015815;0.0495049504950495;100;100
170;107.440000000002;2.17000000000007;109.920000000013;NA;NA;-3841.60282055599;-3918.91375065689;5.43048649243381;5.46553369762594;282.787695656858;280.934040485096;9181.50460005681;9326.30520687047;154.621860201804;0.108910891089109;100;100
171;101.050000000017;2.50999999999931;103.889999999985;NA;NA;-3825.3875281521;-3906.41443759135;5.46559353609904;5.50704402428022;277.185382887518;275.246075174573;9119.3911842104;9271.16993535433;162.053818878503;0.099009900990099;100;100
172;95.5;1.72000000000025;97.5599999999977;NA;NA;-3829.14738511106;-3902.73562243354;5.40345689564517;5.47278727002595;277.475349102665;274.887729192899;9128.44723116175;9261.91367430078;147.176474644968;0.366336633663366;100;100
173;113.089999999997;2.3100000000004;115.779999999999;NA;NA;-3850.43057239078;-3934.04200080884;5.40725302719318;5.57159410836485;284.004535204736;279.256570157132;9205.60730583522;9347.67393700384;167.222856836106;0.0297029702970297;100;100
174;106.380000000005;2.4399999999996;109.350000000006;NA;NA;-3822.553001896;-3901.12066564141;5.52267948601277;5.63231948534174;271.417460491904;268.191202146728;9083.16184830062;9223.20343517222;157.135327490809;0.178217821782178;100;100
175;101.549999999988;2.39000000000033;104.380000000005;NA;NA;-3804.78633582227;-3894.44626159851;5.39867691876962;5.50100352216058;278.984258688203;275.325920350715;9087.71981444578;9247.65662845204;179.319851552485;0.0099009900990099;100;100
176;98.890000000014;1.98999999999978;101.299999999988;NA;NA;-3841.24597455338;-3909.83058264169;5.45807934625518;5.49833220555881;277.898950843937;276.052458264728;9154.88878650866;9282.27469898567;137.169216176627;0.534653465346535;100;100
177;108.309999999998;2.27999999999975;110.970000000001;NA;NA;-3832.77893536455;-3916.28251895291;5.38984024474408;5.42968445234719;282.364058715162;280.445891062477;9161.61226670863;9318.45637289918;167.007167176712;0.0495049504950495;100;100
178;106.959999999992;2.10000000000036;109.339999999997;NA;NA;-3815.33107371723;-3889.97534541603;5.42272964927425;5.48580205643107;276.070436645899;273.804160792187;9093.37093630593;9230.65203099042;149.2885433976;0.207920792079208;100;100
179;96.25;1.91999999999916;98.3800000000047;NA;NA;-3816.94410710346;-3886.7126938965;5.39467014019178;5.44168491373174;275.897337853928;273.543750108482;9095.67987074276;9222.74698950345;139.537173586088;0.415841584158416;100;100
180;101.720000000001;2.11000000000058;104.279999999999;NA;NA;-3824.26316395841;-3897.34596819237;5.41130606883539;5.52595953931803;277.485491064757;273.558380761357;9118.73252419033;9244.0910559374;146.165608467919;0.247524752475248;100;100
181;106.690000000002;2.05000000000018;109.010000000009;NA;NA;-3839.19585205218;-3906.37795708946;5.41635565700383;5.46638607082619;281.803261822445;279.587932599579;9171.4748201681;9294.10151294853;134.364210074561;0.613861386138614;100;100
182;99.6900000000023;2.02999999999975;101.910000000003;NA;NA;-3824.17880873069;-3895.72441348646;5.42840946192388;5.44594464292055;278.089709756497;276.58411287518;9121.76515612252;9256.87923553077;143.091209511545;0.297029702970297;100;100
183;110.25;2.13999999999942;112.830000000016;NA;NA;-3824.36805408016;-3914.13380599625;5.36876854350488;5.4784973012556;284.765083663819;280.714823398075;9157.51189632283;9315.58383584998;179.531503832182;0.0099009900990099;100;100
184;104.440000000002;2.13000000000011;107.029999999999;NA;NA;-3824.17133045835;-3914.81054404857;5.38976964677017;5.52355806548195;281.779544873684;277.480658050182;9141.30011705893;9299.8016775256;181.278427180454;0.0198019801980198;100;100
185;99.9700000000012;2.44000000000051;102.559999999998;NA;NA;-3842.18091503268;-3916.19197459989;5.43640947280154;5.58711849007167;275.879483241035;271.82393239538;9146.05888719563;9272.59341085361;148.022119134432;0.376237623762376;100;100
186;111.290000000008;2.39999999999964;114.220000000001;NA;NA;-3821.53966642805;-3901.35790330919;5.44535938258139;5.48618082599174;281.631809062656;279.79413894122;9135.25403778511;9285.153952029;159.63647376229;0.099009900990099;100;100
187;114.610000000015;2.22999999999956;117.179999999993;NA;NA;-3825.23641715899;-3914.86453342155;5.43494532308287;5.56014844661351;281.191577857516;277.462162353135;9140.31505460749;9299.81166019869;179.256232525133;0.0297029702970297;100;100
188;99.6300000000047;1.89000000000033;101.779999999999;NA;NA;-3853.12967065533;-3915.7517730997;5.42336795983578;5.46889224254041;281.691415706901;279.794552214708;9198.74986115804;9313.94388126413;125.244204888744;0.881188118811881;100;100
189;100.100000000006;2;102.369999999995;NA;NA;-3837.35641090355;-3915.49822083324;5.50006044015334;5.52921289141855;275.99085931083;274.542473489468;9136.99998470218;9285.60959681078;156.283619859377;0.158415841584158;100;100
190;108.070000000007;2.40999999999985;110.579999999987;NA;NA;-3826.50016374079;-3912.52645934724;5.37282806733133;5.39891186851783;289.132695697889;287.265564080748;9184.91711033455;9347.07704567473;172.052591212909;0.0495049504950495;100;100
191;103.059999999998;2.17000000000007;105.5;NA;NA;-3781.29246115552;-3890.24248026029;5.37514000950847;5.44231777645388;279.929425853641;277.234330185247;9045.73986071921;9249.3604267444;217.900038209547;0.0099009900990099;100;100
192;103.119999999995;2.38000000000011;105.760000000009;NA;NA;-3825.46058318932;-3892.21218660362;5.43144632728618;5.48768230950969;277.339602399604;275.086359201204;9120.35439820398;9241.91920746345;133.503206828609;0.534653465346535;100;100
193;106.359999999986;2.14999999999964;108.850000000006;NA;NA;-3830.4531384904;-3897.00714520885;5.43578291224534;5.47270790370658;277.385508922745;275.231525030689;9130.58273613494;9252.2782593093;133.108013436902;0.554455445544555;100;100
194;111.979999999981;1.82999999999993;114.119999999995;NA;NA;-3829.12961786597;-3915.76939596115;5.4608659368944;5.58398613894856;280.314585524129;276.571600418664;9143.45487231114;9296.9029055145;173.279556190369;0.0693069306930693;100;100
195;107.260000000009;1.89999999999964;109.390000000014;NA;NA;-3839.71563019777;-3915.33076893649;5.54443854615915;5.70841669192914;274.341849327778;269.61921231595;9132.9814450598;9259.18969284157;151.23027747744;0.198019801980198;100;100
196;103.940000000002;2.25;106.5;NA;NA;-3812.07743561815;-3903.61585109817;5.39473004346237;5.50763887576126;281.343872999287;277.498121122594;9114.8039995203;9277.50481652462;183.076830960044;0.0099009900990099;100;100
197;104.75;2.15999999999985;107.209999999992;NA;NA;-3786.82819574311;-3890.83104933384;5.38533764605218;5.47665715100947;279.742785926445;276.577645234167;9055.82245232683;9247.05823961083;208.00570718146;0.0099009900990099;100;100
198;101.960000000021;2.05000000000018;104.50999999998;NA;NA;-3825.15430193775;-3906.3671631485;5.37251315659259;5.4424748937949;284.225416140843;281.381737396829;9156.22506222887;9303.58407217608;162.425722421502;0.118811881188119;100;100
199;102.779999999999;2.14999999999964;105.299999999988;NA;NA;-3836.15070773784;-3900.89249517401;5.45951384850014;5.50444240008786;276.277011818539;274.289492378994;9136.10470517185;9255.05777128129;129.483574872331;0.722772277227723;100;100
200;103.639999999985;2.32999999999993;106.369999999995;NA;NA;-3824.55110560497;-3896.4783795025;5.38713321556819;5.47921006756625;280.212712558819;276.978785737617;9133.75809248786;9260.47826964401;143.854547795072;0.346534653465347;100;100
201;109.75;2.1200000000008;112.330000000016;NA;NA;-3826.15798941336;-3913.11725674398;5.4254813353159;5.51043124229377;281.710917709128;278.718551197241;9144.90982647118;9302.9738536754;173.918534661228;0.0396039603960396;100;100
202;105.729999999981;2.32999999999993;108.390000000014;NA;NA;-3809.94424125957;-3889.69904877524;5.43289404657151;5.49084875777879;276.93534262398;274.613592301526;9087.1798177547;9234.38806273181;159.509615031345;0.138613861386139;100;100
203;108.290000000008;1.92000000000007;110.660000000003;NA;NA;-3843.83623845576;-3924.69043617061;5.41443269893128;5.5244257726725;287.197252125552;283.627471935681;9209.3346654732;9352.12923252815;161.7083954297;0.168316831683168;100;100
204;100.570000000007;2.21999999999935;103.229999999981;NA;NA;-3809.634382101;-3889.84322355323;5.4713045306317;5.50829083402568;272.577583777573;270.844837234906;9063.47131006241;9214.70835186804;160.417682904465;0.118811881188119;100;100
205;98.25;2.18000000000029;100.820000000007;NA;NA;-3832.06039367048;-3910.74098797221;5.39064515961642;5.45368182442076;281.070068428043;278.214467983531;9153.3192121101;9295.55052328648;157.361188603453;0.118811881188119;100;100
206;109.380000000005;2.15999999999985;111.859999999986;NA;NA;-3831.06344027564;-3930.18826059896;5.43374991959988;5.61543644141373;279.584687662759;274.235718597694;9143.45528661579;9313.36439157187;198.249640646636;0.0198019801980198;100;100
207;101.949999999983;2.14000000000033;104.440000000002;NA;NA;-3810.13026969274;-3887.84459316785;5.49543853311277;5.5597252739602;275.001323746975;272.709241399712;9077.30482881777;9220.58929606193;155.428646950222;0.178217821782178;100;100
208;109.639999999985;1.94999999999982;112.170000000013;NA;NA;-3843.14259253916;-3916.32504720444;5.4223931872802;5.47928123693797;283.025160805217;280.720397568141;9185.84230974266;9319.99585198843;146.364909330557;0.376237623762376;100;100
209;106.580000000016;1.90999999999985;108.820000000007;NA;NA;-3848.39999156132;-3904.4563800972;5.45371465614623;5.46402324975642;280.487993920708;279.319953219139;9182.91439242095;9288.83851915876;112.112777071768;0.96039603960396;100;100
210;104.559999999998;2.48999999999978;107.380000000005;NA;NA;-3835.60337505616;-3912.80689979376;5.47526409729718;5.55677068731;278.639374610793;275.989999872777;9147.52658761677;9287.89640890705;154.407049475205;0.207920792079208;100;100
211;109.059999999998;2.07999999999993;111.470000000001;NA;NA;-3821.75733870176;-3912.63193237812;5.41355967274345;5.52115506858088;281.894715956123;278.297042028492;9137.08234649198;9299.76991559474;181.749187352709;0.0198019801980198;100;100
212;110.109999999986;2.22000000000025;112.700000000012;NA;NA;-3832.6479484082;-3908.07357162566;5.39041348344605;5.45762046661286;283.552156086835;281.162834737643;9167.64520973341;9305.83707336964;150.851246434925;0.247524752475248;100;100
213;112.440000000002;2.14999999999964;114.920000000013;NA;NA;-3843.18029201124;-3921.7060186432;5.51184725297;5.60361601120522;280.993255825843;277.98885636899;9175.15203124742;9316.28522269304;157.051453263909;0.138613861386139;100;100
214;108.279999999999;2.13000000000011;111.029999999999;NA;NA;-3799.0916809451;-3892.97866564076;5.44321482972179;5.50615447154635;279.083341882378;276.338088729376;9076.85547889987;9250.08422583507;187.773969391327;0.0099009900990099;100;100
215;99.6600000000035;1.98000000000047;101.960000000021;NA;NA;-3803.79051401421;-3884.88083189154;5.41993612109017;5.54095138024759;273.48212508748;270.014639918447;9056.57612081988;9200.38491968521;162.180635754668;0.0891089108910891;100;100
216;105.859999999986;2.10999999999967;108.300000000017;NA;NA;-3839.02245332768;-3920.07515404991;5.43779747542233;5.56376495091132;278.464353530372;274.292109229454;9153.4374269299;9293.43695393734;162.105401444468;0.118811881188119;100;100
217;102.260000000009;1.97000000000025;104.589999999997;NA;NA;-3830.41631619908;-3903.42271819446;5.41991235211912;5.53261779567252;277.055638804151;273.180442612345;9128.76133497426;9254.24211968319;146.012803990763;0.297029702970297;100;100
218;103.529999999999;1.97000000000025;105.76999999999;NA;NA;-3844.17090539117;-3914.85066169458;5.48020138475274;5.54246864923843;276.064328509236;273.49093377446;9151.01823680725;9278.74308739983;141.359512606825;0.475247524752475;100;100
219;110.919999999984;1.75999999999931;113.050000000017;NA;NA;-3838.0168425756;-3920.55249942851;5.4312580259653;5.51498120423361;281.438436879382;278.394455938012;9167.18384288337;9316.12717950408;165.071313705816;0.0891089108910891;100;100
220;107.790000000008;2.11000000000058;110.380000000005;NA;NA;-3832.12106453969;-3899.72847704915;5.43577625239124;5.44988936300026;280.691112143487;279.547851761505;9151.4327231849;9280.59019186747;135.214825018908;0.544554455445545;100;100
221;103.639999999985;2.01999999999953;106.049999999988;NA;NA;-3851.26769988329;-3924.89769125413;5.38908262418867;5.46162798392846;284.185492456307;281.538112955194;9208.24032976883;9341.47365572392;147.259982741685;0.326732673267327;100;100
222;105.829999999987;2.05000000000018;108.24000000002;NA;NA;-3846.12770528288;-3919.78680906764;5.44814978687065;5.53989821158059;284.614338777389;281.491069817149;9200.23250447858;9331.00264187566;147.318207569514;0.237623762376238;100;100
223;103.080000000016;2.03999999999996;105.459999999992;NA;NA;-3840.06757427633;-3908.15399177844;5.43011060342293;5.53049996801017;279.335897421732;276.233052335988;9160.1453849625;9279.87836196323;136.172835004234;0.564356435643564;100;100
224;104.089999999997;1.82999999999993;106.329999999987;NA;NA;-3812.4530168499;-3907.93653303737;5.42494690206556;5.58733535889299;275.84931669011;271.207945381801;9086.44325886942;9252.81883303695;190.967032374941;0.0099009900990099;100;100
225;101.380000000005;2.05000000000018;103.910000000003;NA;NA;-3807.94261658265;-3891.07917576633;5.42001465205319;5.53649873235704;275.070092448627;271.232472410243;9073.29388100384;9219.2340704756;166.273118367346;0.0891089108910891;100;100
226;105.470000000001;1.92000000000007;107.850000000006;NA;NA;-3843.84313991884;-3920.46537075876;5.44238615910987;5.52829900489815;279.723390211277;276.857687361838;9169.74957602379;9307.81063452908;153.244461679838;0.207920792079208;100;100
227;103.399999999994;1.84000000000015;105.609999999986;NA;NA;-3849.4477149347;-3917.96658123991;5.43485626862486;5.50438444058169;276.77822137638;274.37443756935;9165.35428687015;9289.65600999036;137.037732610425;0.465346534653465;100;100
228;104.839999999997;1.61999999999989;106.949999999983;NA;NA;-3830.77138482529;-3923.871234828;5.45962961205129;5.72644345971295;276.307450775753;269.496626688718;9125.50733460236;9275.62112706695;186.199700005427;0.0099009900990099;100;100
229;106.309999999998;2.13000000000011;108.839999999997;NA;NA;-3829.8451580076;-3912.27736889543;5.47421039015249;5.5617643615953;279.204868521574;276.194780800743;9139.00631972783;9287.92234145736;164.864421775652;0.108910891089109;100;100
230;107.820000000007;1.77999999999975;110.089999999997;NA;NA;-3863.26893548894;-3923.57897569046;5.44342054362072;5.48366491648223;279.571414169579;277.67375125204;9207.79594986294;9318.36160987413;120.62008040304;0.861386138613861;100;100
231;100.5;1.69000000000051;102.459999999992;NA;NA;-3817.82410652792;-3904.22704370749;5.39617733060196;5.44392926109983;285.434160081785;283.397826261495;9147.96898042322;9309.98571193822;172.805874359129;0.0396039603960396;100;100
232;111.690000000002;2.4399999999996;114.369999999995;NA;NA;-3837.14759248208;-3929.5629823914;5.56274666015743;5.87044394552815;271.707861803214;263.53418721472;9113.88966778376;9255.41372558168;184.830779818657;0.0495049504950495;100;100
233;109.5;2.02999999999975;112;NA;NA;-3854.19055787859;-3945.83125487772;5.4804307535675;5.65551827339296;279.902649373491;275.240806986614;9191.39418387556;9349.97565739532;183.281393998263;0.0396039603960396;100;100
234;97.859999999986;1.95000000000073;100.109999999986;NA;NA;-3814.1636781717;-3899.21189133597;5.38573294279985;5.46824071424315;279.733742151047;276.548581702005;9110.44550039177;9263.66593579791;170.096426328536;0.0495049504950495;100;100
235;111.610000000015;2.23999999999978;114.220000000001;NA;NA;-3849.37771944591;-3922.84021365042;5.4862792294269;5.61203808418733;276.790293181886;273.05354964905;9165.27825614933;9292.40479140399;146.924988409017;0.306930693069307;100;100
236;99.5699999999779;2.09000000000015;102.079999999987;NA;NA;-3797.64896239223;-3883.41107518026;5.38191178332145;5.52943002380378;275.787760013819;271.243799626477;9056.50900314707;9203.95788448996;171.524225576053;0.0198019801980198;100;100
237;105.320000000007;2;107.669999999984;NA;NA;-3834.0641743875;-3917.5983152477;5.45795985324274;5.56837241037969;277.580027008354;274.637632834446;9138.83542648024;9290.31397004978;167.068281720391;0.108910891089109;100;100
238;103.529999999999;2.04999999999927;105.75;NA;NA;-3809.07792359776;-3887.86955367145;5.47744934524403;5.53724585556779;273.722835566317;271.173865463784;9068.42630049731;9212.50430808363;157.583260147381;0.0693069306930693;100;100
239;105.690000000002;1.94999999999982;108.109999999986;NA;NA;-3809.95483447942;-3896.70677948957;5.42272444505774;5.52557272261697;276.343842078658;272.838407704449;9084.06704658281;9238.99803278093;173.50389002029;0.0198019801980198;100;100
240;105.589999999997;2.19000000000051;108;NA;NA;-3823.39483522104;-3901.53528944706;5.47028423443893;5.49984758089236;278.391239316472;276.782282163341;9121.79480840738;9269.55095123296;156.280908452047;0.148514851485149;100;100
241;119.679999999993;2.14999999999964;122.220000000001;NA;NA;-3844.34111605182;-3926.43838228396;5.46484132722818;5.62285958760396;280.153316669287;275.333131220382;9173.02341510855;9311.67907529891;164.194532464276;0.0891089108910891;100;100
242;107.079999999987;1.75;109.130000000005;NA;NA;-3829.48096676345;-3919.33352783248;5.42113353593813;5.53192061112097;282.126441168915;278.243165273583;9153.75735633457;9312.88765035729;179.705122138057;0.0198019801980198;100;100
243;107.660000000003;1.98999999999978;110.050000000017;NA;NA;-3824.12613904536;-3910.25965951816;5.49487362126085;5.55312127596982;282.372268616332;279.963205540692;9144.35017273221;9303.85323294702;172.267040945585;0.0396039603960396;100;100
244;104.220000000001;1.82000000000062;106.389999999985;NA;NA;-3824.15548625304;-3917.53230358264;5.40845844612333;5.51407076781682;280.761341430038;277.39901060171;9135.87366366018;9304.81260249956;186.753634659192;0.0099009900990099;100;100
245;105.529999999999;2.17999999999938;108.110000000015;NA;NA;-3814.13515525505;-3908.24101098414;5.41660580741185;5.54352136398975;281.835479427791;278.014580543379;9121.52412567176;9289.49150221484;188.211711458182;0.0198019801980198;100;100
246;112.75;2.09000000000015;115.190000000002;NA;NA;-3848.69149924665;-3904.33029839245;5.40698700401889;5.42301202678923;285.6463762138;284.265629693108;9210.82815427838;9314.7901193006;111.277598291597;0.96039603960396;100;100
247;104.690000000002;2.44000000000051;107.330000000016;NA;NA;-3818.53698851311;-3892.00639076453;5.4345480218314;5.50153497089534;277.031021561917;274.611821371516;9104.87224964028;9238.99336376114;146.938804502827;0.198019801980198;100;100
248;104.839999999997;2.46999999999935;107.729999999981;NA;NA;-3839.59848610032;-3915.08194065404;5.43320781711499;5.54157749974779;279.722307947308;276.238297889707;9161.25453420876;9293.76205232278;150.966909107435;0.267326732673267;100;100
249;105.190000000002;1.88000000000011;107.450000000012;NA;NA;-3829.18083790588;-3921.77592625631;5.40253908709026;5.54645511095094;282.265733792941;277.964887190322;9153.89511514833;9316.29804160366;185.190176700844;0.0099009900990099;100;100
250;99.9200000000128;1.97999999999956;102.149999999994;NA;NA;-3791.12694546288;-3879.83699093195;5.38332988870601;5.45379222751413;280.564121910414;277.953435331643;9068.771650474;9232.35949537323;177.420090938148;0.0495049504950495;100;100
