1;13.8899999999994;0.53000000000003;14.630000000001;NA;NA;-871.578697334526;-904.669962115851;4.3379579662756;7.42066656806162;23.236767465868;14.6890043139103;1836.17844537693;1868.14270810168;66.1825295626493;0.0891089108910891;30;30
2;13.5599999999995;0.379999999999995;14.0499999999993;NA;NA;-921.533845490477;-933.364670975787;4.10180871147002;4.17425953951439;27.5369234317424;26.4981117195348;1953.30305631934;1972.8061530892;23.6616509706203;0.198019801980198;30;30
3;11.2000000000007;0.409999999999968;11.6699999999983;NA;NA;-750.863795725033;-760.5502365774;3.62899435837395;3.64405731851925;12.2083974063602;11.5431149973034;1545.94779565635;1562.91094879442;19.3728817047343;0.0297029702970297;14;14
4;12.7100000000009;0.46999999999997;13.2000000000007;NA;NA;-744.382904393215;-753.051639233745;3.84254471149236;3.92144546276335;20.1871243063311;19.4023817158246;1565.48599018197;1579.84108391988;17.3374696810602;0.198019801980198;20;20
5;12.9000000000015;0.439999999999998;13.5099999999984;NA;NA;-788.662360170086;-800.172714951715;4.19718813663672;4.8142765581783;18.6831042318137;16.8639458838592;1650.03211311855;1665.97336421015;23.0207095632572;0.504950495049505;24;24
6;13.5299999999988;0.580000000000041;14.2799999999988;NA;NA;-920.264633369085;-929.873535404852;4.06733322033574;4.21445754975435;26.1802366505517;25.1132919708771;1946.17838243259;1961.09058134833;19.2178040715348;0.346534653465347;32;32
7;16.0799999999999;0.5;16.7299999999996;NA;NA;-1028.51042908475;-1070.35391911712;7.07284477989484;12.6815591251824;19.1186344008726;11.2960099253086;2133.86971368927;2186.1130390712;83.6869800647473;0.396039603960396;31;31
8;12.380000000001;0.589999999999975;13.2900000000009;NA;NA;-744.206563260098;-755.449199029903;4.06797191355996;4.36128603552763;21.0801292680254;19.4922282136685;1571.29246602574;1587.53469280448;22.4852715396114;0.336633663366337;26;26
9;13.5499999999993;0.75;14.4599999999991;NA;NA;-992.145332073288;-1004.74431340216;4.16443783425967;4.60996202807989;27.3102170486207;24.9884611210031;2093.15555280109;2109.09845534368;25.1979626577518;0.584158415841584;29;29
10;14.3600000000006;0.46999999999997;14.989999999998;NA;NA;-917.273604188844;-932.169446107975;4.94058295350604;5.66720024493029;22.1385378339661;19.3133811418878;1923.53480339879;1941.97054758687;29.7916838382628;0.801980198019802;31;31
11;11.5799999999999;0.609999999999957;12.2999999999993;NA;NA;-654.292074111529;-659.892926670526;3.91448543985531;4.09372973280285;12.0177462656769;11.5465502977959;1351.66848690693;1361.18092631588;11.2017051179953;0.99009900990099;13;13
12;13.3500000000004;0.370000000000005;13.8199999999997;NA;NA;-849.401820339515;-866.633439016839;4.04413085764302;4.83045128399427;24.19767124406;20.7747916068681;1794.83663239837;1815.71553064289;34.463237354649;0.0495049504950495;28;28
13;12.0900000000001;0.46999999999997;12.6700000000019;NA;NA;-756.660265081066;-762.809973168442;3.7524463463858;3.88726712609196;14.8029799884329;14.17802489626;1568.3756514329;1578.35073977533;12.2994161747527;0.693069306930693;17;17
14;12.7299999999996;0.519999999999982;13.4699999999975;NA;NA;-743.286154066168;-753.558737254404;3.96032820327383;4.25161395363168;20.0885005762325;18.6809890734478;1565.15898453111;1580.19793352829;20.5451663764718;0.415841584158416;25;25
15;13.5299999999988;0.569999999999993;14.2000000000007;NA;NA;-862.499575275992;-870.226548041887;4.1825826909589;4.35467933493179;22.0626001678081;21.1281780891086;1811.74120542431;1823.52134593729;15.4539455317909;0.98019801980198;26;26
16;12.4099999999999;0.360000000000014;12.8300000000017;NA;NA;-750.201497793834;-759.010740492025;3.96952112395524;3.99726452893901;21.7845809295801;21.3479477687954;1586.46305936232;1602.35662391746;17.6184853963825;0.673267326732673;27;27
17;14.760000000002;0.550000000000011;15.7299999999996;NA;NA;-983.863946290266;-997.102487081924;4.48659192080483;4.73391359921076;29.3107846241839;27.819062159751;2088.1378869367;2108.48690692677;26.4770815833165;0.712871287128713;37;37
18;12.0600000000013;0.519999999999982;12.6800000000003;NA;NA;-829.255620258045;-838.337818743163;3.88348639101925;3.9802261045911;19.4499010605607;18.9226209462739;1733.78881889624;1749.91246666122;18.1643969702363;0.0693069306930693;23;23
19;13.5;0.420000000000016;14.0499999999993;NA;NA;-792.176471541532;-804.441447012981;3.97504896309313;4.19214000973282;25.350570223262;23.9470064991221;1684.96143039478;1703.92107574346;24.5299509428989;0.0495049504950495;28;28
20;15.2900000000009;0.600000000000023;16.1399999999994;NA;NA;-1105.20528935846;-1117.06564953675;4.28981027058843;4.41178516180387;36.9612140609598;35.7894679216426;2364.59132265791;2383.42419784869;23.7207203565808;0.613861386138614;42;42
21;13.4099999999999;0.450000000000045;14.130000000001;NA;NA;-813.481262392009;-821.315255590711;3.90832148584864;3.98655706863772;20.0193435867405;19.4401796876622;1704.87004268182;1718.28414789487;15.6679863974036;0.841584158415842;24;24
22;13.2299999999996;0.639999999999986;14.2400000000016;NA;NA;-732.982439236798;-748.710389812625;4.01203570267145;4.82776037338555;19.6932298885961;16.6697562376015;1542.18422025231;1561.93827397377;31.4559011516535;0.306930693069307;23;23
23;12.5;0.420000000000016;13.1399999999994;NA;NA;-730.890974909536;-741.601399061317;3.92827985122683;4.17835805264624;19.2613615053656;18.254944498414;1536.73969554702;1554.2439593411;21.4208483035616;0.178217821782178;24;24
24;13.8400000000001;0.779999999999973;14.8600000000006;NA;NA;-867.565015983062;-885.604782296531;4.1472036263441;4.88167940357502;26.9769490485096;23.4597979869378;1843.566001624;1865.50806877591;36.0795326269388;0.0792079207920792;31;31
25;12.2299999999996;0.5;12.989999999998;NA;NA;-600.109645298063;-613.764969119803;4.69094639322104;5.9916012361869;12.8200986218749;10.3370388522896;1248.61265762307;1266.55023986951;27.3106476434805;0.544554455445545;19;19
26;12.3899999999994;0.639999999999986;13.2000000000007;NA;NA;-784.706401984093;-791.328942668886;3.8203211720522;3.99073921638055;15.9063108339687;15.1982339459883;1629.45601899615;1640.02824848417;13.2450813695864;0.891089108910891;19;19
27;12.2200000000012;0.510000000000048;12.989999999998;NA;NA;-704.601232862028;-714.238979250935;3.944216314127;4.04534826902262;18.7004408825287;18.0257576340108;1481.97732602054;1498.62721336671;19.2754927778126;0.564356435643564;24;24
28;14.7900000000009;0.489999999999952;15.4500000000007;NA;NA;-979.798127286546;-1008.87587406621;4.18304692202787;5.88155157536536;29.1080373049468;21.631285511869;2077.50822362587;2105.3766003726;58.1554935593326;0.0297029702970297;33;33
29;15.7700000000004;0.430000000000007;16.3300000000017;NA;NA;-1031.30235213713;-1060.69004352889;4.31311609762561;5.92933878211186;33.4742758722989;26.1815288536267;2200.99960950545;2229.62410758052;58.7753827835095;0.0396039603960396;39;39
30;12.1699999999983;0.370000000000005;12.7000000000007;NA;NA;-779.312318569556;-788.904741601918;3.93051104106675;3.97552207937526;20.5898084648327;20.0019320117444;1638.75218300673;1655.6492420073;19.1848460647257;0.455445544554455;24;24
31;12.9099999999999;0.579999999999984;13.6500000000015;NA;NA;-752.832390629973;-766.920874046762;3.870963681391;4.72333279539222;17.6862643785781;14.8365451153358;1572.88056646757;1590.22731422266;28.1769668335778;0.376237623762376;20;20
32;12.2700000000004;0.350000000000023;12.7700000000004;NA;NA;-806.33276143769;-814.592629167518;3.96415020923992;4.06434923342953;22.2993795087447;21.641625883827;1700.33850730397;1714.27219666792;16.5197354596564;0.465346534653465;26;26
33;12.1400000000031;0.399999999999977;12.75;NA;NA;-872.37291798387;-881.141116195315;4.03873601367864;4.1483255466756;24.774550442773;23.9648937381793;1843.92291455181;1858.2181063844;17.5363964228898;0.663366336633663;30;30
34;11.9099999999999;0.450000000000045;12.5499999999993;NA;NA;-715.477388155448;-723.193968597481;3.68325272337683;3.79951934363569;13.2167150840395;12.5484537337359;1479.28315141238;1492.27274103097;15.4331608840664;0.425742574257426;15;15
35;14.0800000000017;0.46999999999997;14.8599999999969;NA;NA;-870.624322400318;-880.491941272175;4.47991151572584;4.67974798481144;21.5148784393375;20.4626340237701;1825.83725865221;1841.4354571467;19.7352377437139;0.920792079207921;26;26
36;12.4500000000007;0.5;13.1599999999999;NA;NA;-718.638736755756;-727.526003712759;3.83899349145314;3.95859592499496;18.1727214336652;17.2980757973259;1506.34201503237;1520.79250086214;17.7745339140056;0.326732673267327;20;20
37;15.1699999999983;0.389999999999986;15.7000000000007;NA;NA;-1013.11852506813;-1026.96783228555;4.32338333222375;4.51560118573023;41.204598487208;39.4847773079001;2200.86978603458;2221.27947911537;27.6986144348373;0.178217821782178;48;48
38;12.3899999999994;0.389999999999986;12.9500000000007;NA;NA;-717.647012119896;-725.889422727731;3.80349475691289;3.84116651383983;16.3078319079851;15.6925459145633;1496.85290285795;1511.01513968606;16.4848212156689;0.504950495049505;19;19
39;13.8700000000026;0.350000000000023;14.3400000000001;NA;NA;-875.953506504974;-884.878406310967;4.1064826631724;4.11083572521767;25.787137660359;25.1034104041078;1855.56044216066;1870.66194626007;17.8497996119877;0.623762376237624;31;31
40;16.8600000000006;0.599999999999966;17.7999999999993;NA;NA;-889.750673772639;-906.352381690491;4.27123779635488;5.09257849058628;24.0789616044131;20.5443997614556;1874.62537026584;1893.86548707809;33.2034158357035;0.316831683168317;27;27
41;13.3100000000013;0.529999999999973;14.1100000000006;NA;NA;-947.345227026066;-955.651733234228;4.04456245493927;4.0864524252638;24.8915477888094;24.2643528398528;1993.91396346778;2008.02683067613;16.6130124163233;0.534653465346535;29;29
42;11.75;0.359999999999957;12.2999999999993;NA;NA;-751.123463225398;-762.29236445949;3.89914155289569;4.23190824668032;17.8420533549356;16.5769637475079;1570.49003842136;1587.9890675704;22.3378024681829;0.425742574257426;21;21
43;12.5999999999985;0.519999999999982;13.25;NA;NA;-771.826060288032;-782.284476500603;3.83607194923952;4.11414305393166;18.2289062096464;16.8559715933874;1613.37488526119;1629.04045378292;20.9168324251418;0.287128712871287;21;21
44;13.2299999999996;0.360000000000014;13.6700000000019;NA;NA;-790.874006804067;-805.436508757229;4.01392973692618;4.63082822489598;21.7532060718327;19.4256732090584;1667.68413089663;1687.61420802169;29.1250039063245;0.0792079207920792;27;27
45;13.4199999999983;0.460000000000036;14.1599999999999;NA;NA;-912.830556726169;-922.216975016958;3.93158734881372;4.01321527370494;23.8082612769765;22.92088873887;1918.79957928711;1934.10099408523;18.7728365815783;0.267326732673267;25;25
46;8.55999999999767;0.28000000000003;9;NA;NA;-486.897827823324;-495.475119595372;3.20242932548718;3.25444416919299;5.57327497442996;5.10807148138759;991.62157962695;1007.28822616087;17.1545835440972;0.0792079207920792;6;6
47;13.8600000000006;0.589999999999975;14.5800000000017;NA;NA;-911.216557516312;-922.222628647767;4.12915358201766;4.24302923343291;29.79845088681;28.8546236791912;1944.43824038368;1962.5860288514;22.0121422629106;0.108910891089109;36;36
48;12.3299999999981;0.439999999999998;12.8199999999997;NA;NA;-783.688419492854;-793.623709307773;3.84477885099476;4.45104782279092;17.0264790355122;15.2487058515385;1632.08514217489;1645.19938152144;19.8705796298389;0.475247524752475;20;20
49;11.9599999999991;0.610000000000014;12.8299999999981;NA;NA;-713.635134565365;-719.990496280834;3.73685732525097;3.76542626646249;15.0279850501156;14.4859487941559;1483.162227374;1493.85701402543;12.7107234309376;0.663366336633663;17;17
50;12.4599999999991;0.450000000000045;13.0599999999977;NA;NA;-698.124978469361;-709.75740931824;3.91272818799776;4.00311757109483;21.1321048542114;20.0949764302688;1478.91923728152;1498.12682872523;23.2648616977579;0.0198019801980198;25;25
51;12.9199999999983;0.439999999999998;13.4399999999987;NA;NA;-813.063457645452;-822.664636492779;3.81426883699567;3.9985805469515;17.6844689027345;16.6666262204664;1693.33587688015;1708.66997310126;19.2023576946542;0.326732673267327;20;20
52;11.2900000000009;0.420000000000016;11.9599999999991;NA;NA;-668.451756465376;-677.073925717034;3.7749902472623;3.81764388512382;14.0044484529481;13.5703462656203;1388.56423509503;1404.20722295853;17.2443385033159;0.544554455445545;16;16
53;12.4699999999975;0.259999999999991;12.9199999999983;NA;NA;-742.175333012369;-750.313768472827;3.80184486209538;4.10709165817276;14.4597867366127;13.3351127231571;1538.12938577952;1550.22337837126;16.2768709209161;0.732673267326733;17;17
54;11.1899999999987;0.340000000000032;11.7199999999975;NA;NA;-669.882965330863;-680.14434554703;3.69270326757771;3.74045852864333;13.5502037144054;12.7841464475664;1389.75099874286;1407.44786626287;20.5227604323345;0.168316831683168;16;16
55;13.3499999999985;0.5;13.9200000000019;NA;NA;-780.971309108842;-792.720839720538;4.31776099439418;4.68126152807148;21.6807259122187;19.8156574543657;1647.59240238006;1663.72350408448;23.4990612233919;0.643564356435644;27;27
56;12.1100000000006;0.389999999999986;12.75;NA;NA;-708.122350662803;-717.590045552199;3.7311385295474;3.80399214000209;15.2637989171056;14.6651915215107;1473.01369656106;1489.72275064367;18.9353897787926;0.128712871287129;17;17
57;9.84999999999854;0.379999999999995;10.3300000000017;NA;NA;-566.249866553202;-576.022519617464;3.42815253108893;3.5918720286978;8.99506067634406;8.22986400716493;1163.09370992668;1180.03643114753;19.5453061285243;0.0198019801980198;9;9
58;14.4799999999996;0.589999999999975;15.2200000000012;NA;NA;-885.439742850214;-899.24111855439;4.21315060725729;4.68712667012913;28.7857456835321;26.2135562496102;1887.91557322707;1905.06040594771;27.6027514083526;0.306930693069307;34;34
59;13.0999999999985;0.480000000000018;13.7999999999993;NA;NA;-784.005235083111;-797.015451870952;3.95396838285314;4.79960187367408;16.7707315507185;14.4045171767995;1632.15594088511;1649.12596813965;26.0204335756814;0.277227722772277;21;21
60;12.380000000001;0.450000000000045;13.0099999999984;NA;NA;-793.469212269858;-802.72221822698;3.83914210971804;3.99152402079271;19.0080028549529;18.079569234722;1659.64111415523;1674.59601016133;18.5060119142429;0.356435643564356;21;21
61;13.3100000000013;0.430000000000007;14;NA;NA;-822.825898498438;-832.989070091769;4.10051838126472;4.22710459428409;20.4159422820522;19.5713052211071;1724.66827582402;1741.72559299558;20.3263431866621;0.465346534653465;23;23
62;12.8899999999994;0.560000000000002;13.6900000000023;NA;NA;-879.731718905091;-889.236166099726;3.97678172185798;4.04415611392499;23.5239646333881;22.8812010628731;1851.95104196943;1868.43282566098;19.0088943892697;0.673267326732673;26;26
63;10.9099999999999;0.300000000000011;11.2299999999996;NA;NA;-712.41210466287;-722.732985753938;3.97687512329304;4.33318713901859;13.3149167576904;12.3460126952636;1474.3449380829;1491.38316025496;20.6417621821365;0.277227722772277;17;17
64;12.0800000000017;0.53000000000003;12.739999999998;NA;NA;-796.21662509043;-805.205616722101;3.9774899043557;3.9997840344321;23.7208776358335;23.261717341487;1685.69504406994;1701.86777740152;17.9779832633419;0.742574257425743;26;26
65;13.3299999999981;0.510000000000048;14.1100000000006;NA;NA;-818.990527981457;-830.321156823835;4.14156267559741;4.47416810787904;19.1142187131607;17.7141812174957;1711.53460178864;1728.80836633855;22.661257684756;0.178217821782178;22;22
66;11.8899999999994;0.819999999999993;12.9900000000016;NA;NA;-730.64128090919;-739.976503292364;3.80718145504646;3.86967736562738;16.7959983112561;16.2332665868553;1525.11493425563;1541.64674454794;18.6704447663487;0.118811881188119;20;20
67;18.9700000000012;0.689999999999998;19.8100000000013;NA;NA;-921.29173859081;-964.753865527743;4.30713853316549;7.86606553236119;27.5595635436876;15.2435852168118;1954.63419584479;1991.4845717206;86.9242538738661;0.0693069306930693;34;34
68;14.6599999999999;0.699999999999989;15.5600000000013;NA;NA;-978.616732641942;-988.505522944793;5.09996794371611;5.32868961260492;23.6290404014422;22.5667475173155;2052.95090069092;2068.42530398632;19.7775806057007;0.821782178217822;33;33
69;12.8400000000001;0.680000000000007;13.6800000000003;NA;NA;-777.28837909802;-791.179682658782;3.8901566090639;4.58732390817616;18.2307424786231;15.952231563404;1624.73059354037;1643.74524840959;27.7826071215231;0.138613861386139;22;22
70;12.6599999999999;0.509999999999991;13.4500000000007;NA;NA;-790.480066626354;-803.110374573243;3.79744733255142;4.191754639986;16.8522332894325;15.2311748843224;1644.57402070032;1663.71545789786;25.2606158937788;0.0495049504950495;19;19
71;13.6399999999994;0.549999999999955;14.3199999999997;NA;NA;-839.954289866381;-854.009266525092;4.05303021628462;4.46636930557507;27.3061391698951;24.8686842496477;1790.10122217656;1808.3749406155;28.1099533174233;0.118811881188119;32;32
72;12.1900000000023;0.389999999999986;12.619999999999;NA;NA;-760.450962735614;-768.649911881591;3.90976864667257;4.0150672216758;18.9178952221072;18.2021102997663;1593.69999763033;1607.3434794391;16.3978982919557;0.792079207920792;22;22
73;13.6500000000015;0.470000000000027;14.239999999998;NA;NA;-817.125922296234;-829.744066561322;4.18310688349066;4.56518914236345;24.3335186500594;22.5785109424976;1732.44861650967;1750.60265384343;25.2362885301768;0.465346534653465;32;32
74;13.6100000000006;0.390000000000043;14.1100000000006;NA;NA;-922.863158291689;-933.717877669103;4.06663793301727;4.20059809160066;24.9146423430399;23.9680312688142;1944.60474243218;1962.55737779318;21.7094387548295;0.297029702970297;28;28
75;12.619999999999;0.399999999999977;13.2200000000012;NA;NA;-770.137204836534;-781.168579486257;3.79388591237149;3.95726050396608;17.5610223165959;16.5251211675788;1606.08909934883;1624.26952839219;22.0627492994468;0.0792079207920792;18;18
76;13.1499999999978;0.569999999999993;13.8300000000017;NA;NA;-828.70083886684;-841.879127412665;3.95240420210892;4.3872593687688;19.9360036833655;18.1404563245439;1734.56063474784;1753.9678470783;26.3565770916493;0.0891089108910891;23;23
77;15.2900000000009;0.379999999999995;15.9900000000016;NA;NA;-971.548096157648;-984.307671647123;4.28889951747732;4.39409395766203;36.3496115947833;35.0930913654393;2095.15334777743;2115.41624199125;25.5191509789499;0.247524752475248;43;43
78;12.8899999999994;0.480000000000018;13.5499999999993;NA;NA;-766.040965837014;-773.744106213434;3.87366292250148;3.90911102264712;19.5070665916038;19.011459398414;1607.58075964976;1621.06887592377;15.4062807528392;0.683168316831683;23;23
79;13.619999999999;0.5;14.5299999999988;NA;NA;-878.112310941786;-909.138246270931;4.13694588850587;6.29088691923909;25.6094217506194;17.7510424658295;1859.57024085228;1889.90999090176;62.0518706582902;0.0594059405940594;32;32
80;11.1100000000006;0.420000000000016;11.5600000000013;NA;NA;-642.844985292149;-650.019919897519;3.57812756276504;3.66518112232927;10.8559136096949;10.472285083048;1324.60906975173;1337.58360776431;14.3498692107407;0.792079207920792;13;13
81;13.4199999999983;0.510000000000048;14.2799999999988;NA;NA;-806.991666651603;-823.276522395888;4.02424782537793;5.23289237084823;20.7988800994001;17.052494820737;1695.3490307392;1713.26279683044;32.5697114885697;0.445544554455446;25;25
82;11.9799999999996;0.299999999999955;12.4799999999996;NA;NA;-733.987407421577;-742.803067580221;3.7291744146541;3.82684160638682;14.5682251232722;14.1029906041111;1522.15683775262;1538.05786167744;17.6313203172865;0.386138613861386;17;17
83;10.7200000000012;0.360000000000014;11.2900000000009;NA;NA;-647.934820464287;-657.170789792757;3.56270029004213;3.92348678559321;10.7503187087595;10.0645153540438;1333.97993375567;1350.02067317302;18.4719386569411;0.465346534653465;12;12
84;9.52999999999884;0.310000000000002;9.97000000000116;NA;NA;-536.88279641669;-545.033545773305;3.42526516705809;3.44315430324051;8.6739248806026;8.35037800824302;1103.26732342602;1118.46837536414;16.301498713231;0.0792079207920792;9;9
85;15.9199999999983;0.610000000000014;16.8400000000001;NA;NA;-1081.85731176977;-1096.67982305366;4.2754476465899;4.65102467268412;35.2081633123271;32.7366753190367;2309.27805390507;2328.70504075144;29.6450225677818;0.306930693069307;39;39
86;12.7699999999968;0.610000000000014;13.4700000000012;NA;NA;-795.795468280331;-807.844173778622;4.07066696876506;4.44609531500118;18.3077848598224;16.9476774829536;1662.04123917896;1680.90481238318;24.0974109965814;0.534653465346535;22;22
87;11.4400000000023;0.510000000000048;12.1100000000006;NA;NA;-710.559956745875;-718.956242155237;3.73244613644683;3.75448947030781;12.711835314872;12.3354599677557;1467.16362707266;1482.59292356849;16.7925708187242;0.336633663366337;14;14
88;11.75;0.409999999999968;12.3299999999981;NA;NA;-706.22903608676;-715.589609807724;3.63976765073059;3.68876425838342;12.6970601072977;12.1292844071926;1458.4482682718;1475.11286753903;18.7211474419282;0.257425742574257;14;14
89;14.2299999999996;0.509999999999991;14.9300000000003;NA;NA;-927.020487538585;-943.74205911927;4.30585185379535;5.03303850136145;26.8337153628486;23.7529185987807;1962.74003239553;1983.70336426296;33.4431431613687;0.297029702970297;33;33
90;13.7099999999991;0.640000000000043;14.6699999999983;NA;NA;-998.408326312272;-1011.5300169739;4.16885524425672;4.42457224556308;27.4391401170672;25.9219374367399;2106.19545866999;2126.39091658911;26.2433813232542;0.0297029702970297;29;29
91;12.4400000000023;0.490000000000009;13.1000000000022;NA;NA;-731.340014299696;-740.452648772051;4.02716871158886;4.14304513615193;14.6756269681251;14.095852464241;1516.81664739835;1532.90319808766;18.22526894471;0.336633663366337;16;16
92;13.4099999999999;0.390000000000043;13.9000000000015;NA;NA;-803.76888049273;-816.8764446557;3.98502382634137;4.40875300555985;21.4656677533614;19.5915559145608;1691.51194706349;1710.39550676129;26.2151283259407;0.0792079207920792;25;25
93;15.2599999999984;0.75;16.4200000000019;NA;NA;-948.002910125429;-985.654635926129;4.26830139166518;6.7788467192778;30.6865915618555;20.7006568522235;2022.47686891327;2056.62450716682;75.3034516013997;0.0198019801980198;38;38
94;15.1599999999999;0.400000000000034;15.869999999999;NA;NA;-869.998464616204;-890.247984857014;5.03878339241377;6.36724693628009;21.1687080692546;17.1069327056304;1824.73915809978;1848.9781653122;40.4990404816197;0.425742574257426;30;30
95;13.6500000000015;0.529999999999973;14.4400000000023;NA;NA;-799.54936757627;-811.365373088728;4.05513945868987;4.27404163902765;22.1426831172495;20.8150415414573;1686.15564682062;1704.56785793336;23.6320110249151;0.178217821782178;26;26
96;13.0900000000001;0.279999999999973;13.5;NA;NA;-844.266865516677;-856.029029482419;3.96887972715732;4.29706929810097;20.1853280789281;18.8385437892847;1767.08719617412;1785.37036219162;23.5243279314843;0.277227722772277;24;24
97;12.8999999999978;0.589999999999975;13.5999999999985;NA;NA;-800.003045062126;-809.845743285433;3.82664070929794;4.11861358551431;17.0675123855313;15.8544029726039;1664.43261409035;1679.53875956588;19.6853964466143;0.396039603960396;19;19
98;13.7700000000004;0.560000000000002;14.5099999999984;NA;NA;-945.771669771525;-966.747174797957;4.15613384715775;5.05005770684056;26.5021826695926;22.307073248095;1998.49165328014;2023.51349624646;41.9510100528648;0.0396039603960396;32;32
99;12.3199999999997;0.389999999999986;12.8600000000006;NA;NA;-699.169316198098;-709.61568954269;3.87561831083796;3.90727751841178;19.2643468885858;18.4630278113212;1472.02179854331;1489.8496229152;20.8927466891837;0.099009900990099;21;21
100;13.4799999999996;0.5;14.1299999999974;NA;NA;-919.385608359907;-929.600958064937;4.0499522536735;4.17595569163947;27.3997634064345;26.6003390121921;1948.90672196284;1966.12407210935;20.4306994100591;0.425742574257426;31;31
101;13.6899999999987;0.560000000000002;14.4500000000007;NA;NA;-882.154860114709;-890.199327231818;4.11956929046156;4.16619559144611;28.4597122249211;27.8765528641755;1880.02023221537;1893.73817732405;16.0889342342168;0.841584158415842;34;34
102;11.5;0.289999999999964;11.9300000000003;NA;NA;-713.691256652463;-723.306642056682;3.77459819693686;4.02143032645035;14.7462561968897;13.957723143276;1481.77967481473;1498.10164224281;19.2307708084384;0.732673267326733;16;16
103;13.5299999999988;0.449999999999989;14.1100000000006;NA;NA;-891.657735132445;-901.702816538142;3.94692864373063;4.03648237690289;24.7369752945199;23.9784762461401;1880.57218760791;1897.68021025565;20.0901628113934;0.108910891089109;26;26
104;9.95999999999913;0.439999999999998;10.4699999999975;NA;NA;-609.155554617787;-615.775324297769;3.50426221171398;3.54442198519035;8.95021690289488;8.68184547707121;1249.65058665623;1261.95041468504;13.2395393599638;0.752475247524752;11;11
105;13.5200000000004;0.560000000000002;14.3600000000006;NA;NA;-839.713695965368;-847.435338802664;3.90361274538902;3.95503040669671;21.8953231535622;21.2607488050656;1764.63549443786;1777.60926295777;15.4432856745921;0.405940594059406;24;24
106;14.2999999999993;0.620000000000005;15.119999999999;NA;NA;-927.696211591087;-937.5007522807;4.12360029534684;4.1458798531454;28.34939033127;27.7353460730908;1970.65439223499;1987.76691374269;19.6090813792264;0.564356435643564;34;34
107;13.1499999999978;0.430000000000007;13.75;NA;NA;-806.33431428156;-815.983583801092;3.9151613547233;3.96457000137151;20.9327516615802;20.2871149127413;1693.6853313736;1710.48504171352;19.298539039065;0.524752475247525;23;23
108;11.7200000000012;0.489999999999952;12.2800000000025;NA;NA;-723.067868289196;-734.246241379319;3.80503098652893;3.86637083985487;15.509373991583;14.4974858835241;1504.26131821704;1522.82573951905;22.356746180247;0.0099009900990099;18;18
109;13.0299999999988;0.529999999999973;13.7199999999975;NA;NA;-855.526912017001;-865.153935894196;3.9386201384357;3.94569401246892;20.1539404506792;19.548200873029;1787.64789180452;1804.59985583611;19.2540477543891;0.435643564356436;20;20
110;17.6000000000022;0.420000000000016;18.3100000000013;NA;NA;-1126.37525521974;-1203.36893676306;5.60531891778398;12.4665857268543;33.5754648278712;16.1123354607106;2393.96610651091;2474.50500848171;153.987363086633;0.178217821782178;45;45
111;14.0799999999981;0.569999999999993;14.7799999999988;NA;NA;-930.203804103514;-943.69200528575;4.29012623901602;4.68670094788825;26.3228180870242;24.352473495779;1966.21424698822;1985.27069421145;26.9764023644734;0.514851485148515;31;31
112;13.6000000000022;0.54000000000002;14.4500000000007;NA;NA;-778.358384549119;-795.174501046433;3.96211575192975;4.79336839628971;21.8987807190164;18.7404698467429;1642.81474596035;1664.02965856196;33.6322329946274;0.0198019801980198;26;26
113;10.6499999999978;0.409999999999968;11.1699999999983;NA;NA;-678.974333612789;-688.919452033534;3.67028152551523;3.79371018168806;12.7190291885197;11.9667994960719;1404.45719900832;1421.59682508852;19.8902368414902;0.237623762376238;15;15
114;13.9599999999991;0.420000000000016;14.489999999998;NA;NA;-924.807136861898;-939.607851546129;4.12557408292584;4.79525854745422;22.7038588957529;20.036092134826;1938.87752280459;1957.99027137374;29.601429368462;0.287128712871287;26;26
115;13.2599999999984;0.359999999999957;14;NA;NA;-779.300863879964;-803.774774412889;4.72129792996873;8.08745534667069;13.9686283617223;8.71657461699179;1611.33057011208;1640.45291463437;48.9478210658492;0.346534653465347;19;19
116;14.4200000000019;0.579999999999984;15.0799999999981;NA;NA;-1006.74010786264;-1017.51279850986;4.18429820297291;4.34406271315969;33.6888104928191;32.3739288480121;2151.87533319885;2168.01912277678;21.5453812944365;0.514851485148515;37;37
117;11.9099999999999;0.479999999999961;12.5300000000025;NA;NA;-754.046014589924;-764.119109060081;3.89504970658306;3.96691486915405;19.2023145725755;18.474688318113;1581.98457723893;1599.33078299109;20.1461889403133;0.207920792079208;22;22
118;12.8400000000001;0.46999999999997;13.5299999999988;NA;NA;-837.142373179258;-847.234175767739;3.8963980057233;3.96920258613025;21.3133247374398;20.5499236218982;1757.22793684072;1774.44068106939;20.1836051769633;0.0495049504950495;24;24
119;14.0499999999993;0.689999999999998;15.1100000000006;NA;NA;-946.092753936931;-959.274796408816;4.0892272955955;4.40146163693646;26.6081415090637;24.922416088537;1999.13902660354;2018.72720556094;26.3640849437691;0.0891089108910891;31;31
120;11.9500000000007;0.5;12.6500000000015;NA;NA;-765.35440585686;-775.496305869191;3.87187128236681;3.9901022834537;16.2289541834109;15.4921277780294;1591.53121510729;1609.0535585185;20.2838000246611;0.376237623762376;18;18
121;12.75;0.650000000000034;13.6000000000022;NA;NA;-830.885222583286;-841.415681548522;3.98997485367864;4.06818526124786;23.1993821708027;22.3877661117538;1753.41968623326;1771.27431206071;21.0609179304713;0.158415841584158;27;27
122;12.4000000000015;0.310000000000002;12.9000000000015;NA;NA;-828.836025688634;-839.836918624787;4.1924326494138;4.4998867566413;23.09764505989;21.4920890497162;1749.33938309693;1764.96921914503;22.0017858723049;0.722772277227723;28;28
123;8.90000000000146;0.399999999999977;9.38000000000102;NA;NA;-567.83645843914;-573.869943858901;3.28308038278071;3.31376623217753;6.97977464723799;6.4530737033342;1158.53544909556;1168.87718983705;12.0669708395221;0.524752475247525;7;7
124;15.7900000000009;0.5;16.5499999999993;NA;NA;-1038.54062167574;-1063.96949925783;4.3113958718701;5.53175116512345;34.4728684208203;28.0704734939658;2219.60469557929;2243.99260737675;50.8577551641883;0.207920792079208;39;39
125;10.5800000000017;0.310000000000002;11.0699999999997;NA;NA;-540.022859429048;-543.71243144072;3.50396159295579;3.53886025949862;10.5100986423251;10.2711762188648;1116.84717324335;1123.38972258116;7.37914402334445;0.871287128712871;11;11
126;12.4300000000003;0.480000000000018;13;NA;NA;-779.013612119648;-788.342842620606;3.90720820668374;4.00949222439485;16.6765002598794;16.0768065864361;1621.40545016023;1637.78480460342;18.6584610019177;0.584158415841584;20;20
127;11.9599999999991;0.470000000000027;12.5299999999988;NA;NA;-757.56840361076;-768.9554117529;3.97688700120012;5.00884750087004;14.2105120484657;11.7982370703255;1567.98842660892;1581.79072965953;22.774016284279;0.564356435643564;17;17
128;11.9300000000003;0.470000000000027;12.5199999999968;NA;NA;-730.749186919978;-739.747352730785;4.00213526028681;4.27751663802272;18.5437251965719;17.5289315809836;1533.6633574911;1547.71050609248;17.9963316216124;0.673267326732673;24;24
129;15.2200000000012;0.580000000000041;16;NA;NA;-984.727117971744;-1003.77147469852;4.31322356152525;5.04188160874649;34.1009375915263;29.8785780242313;2110.43999002755;2131.07192400072;38.0887134535451;0.158415841584158;39;39
130;15.6100000000006;0.560000000000002;16.4500000000007;NA;NA;-1100.11625993079;-1111.69005304883;4.38590276980573;4.58810446302276;40.9324798248464;39.352435874876;2373.71196636401;2390.16303308641;23.1475862360799;0.772277227722772;48;48
131;12.8400000000001;0.620000000000005;13.6900000000023;NA;NA;-834.90301965054;-844.868595438649;3.93318665141416;4.02981201497568;22.3734203960222;21.6364144298875;1756.87471077803;1773.93772108635;19.931151576217;0.267326732673267;24;24
132;12.739999999998;0.46999999999997;13.4099999999999;NA;NA;-748.64047583803;-757.691300651305;3.86285977787511;3.90303225673854;19.3081935315656;18.7993314536076;1571.58093322635;1587.72442747487;18.1016496265504;0.336633663366337;22;22
133;11.8600000000006;0.450000000000045;12.5099999999984;NA;NA;-676.108020649141;-689.717237133383;3.73743164626237;4.88363575529745;12.6830250705762;9.92860151315007;1398.15540089696;1415.39699840328;27.2184329684853;0.128712871287129;14;14
134;11.3100000000013;0.639999999999986;12;NA;NA;-819.654093260046;-826.970605487235;3.80567258815701;3.81505932146591;17.8183958863001;17.411156735616;1705.57821776632;1718.69664172508;14.6330244543774;0.564356435643564;17;17
135;12.1000000000022;0.290000000000077;12.6399999999994;NA;NA;-639.564213910776;-649.350152285925;3.71823622395886;3.75985518146446;15.1314956771779;14.4562987890277;1334.94669133511;1352.02784815723;19.5718767502981;0.0495049504950495;16;16
136;11.6899999999987;0.389999999999986;12.3299999999981;NA;NA;-648.996150152729;-656.117526231867;3.69896822694603;3.75375452930949;13.4620571747714;13.0608553736073;1347.65220642758;1360.41497350459;14.2427521582758;0.851485148514851;16;16
137;12.2800000000025;0.549999999999955;13.0999999999985;NA;NA;-759.349066314362;-768.898968191309;3.86151482643592;3.99868310701162;17.4502467144356;16.7527830804415;1585.01694421441;1601.46607144277;19.0998037538957;0.495049504950495;20;20
138;13.9300000000003;0.459999999999923;14.5999999999985;NA;NA;-836.391403557894;-859.40950757248;4.09077439343589;5.99190947234537;21.7331202555532;15.7793576759108;1758.22946777298;1780.85766421458;46.036208029172;0.118811881188119;26;26
139;12.8899999999994;0.57000000000005;13.75;NA;NA;-885.493065217429;-896.513483750236;3.973427559924;4.17060314768601;24.0948819276352;22.98309515192;1866.17304644844;1883.82176593644;22.0408370656148;0.287128712871287;27;27
140;13.0200000000004;0.560000000000059;13.7599999999984;NA;NA;-836.213397654994;-845.997678271108;4.01174494310187;4.11727223701751;24.4932115920809;23.5144588979971;1769.63269426937;1785.31689206768;19.5685612322272;0.316831683168317;28;28
141;13.25;0.560000000000059;13.9399999999987;NA;NA;-813.816459825949;-824.505852163598;4.03179203048636;4.31321736944346;24.0941268257249;22.5438272943628;1723.25497594823;1738.48110648767;21.3787846752973;0.415841584158416;28;28
142;13.1899999999987;0.469999999999914;13.8500000000022;NA;NA;-834.226587860816;-846.888314705986;3.9307377991135;4.21734847455779;21.3325804057308;20.0056969426024;1751.47130179378;1771.63103986557;25.3234536903406;0.128712871287129;24;24
143;13.2999999999993;0.610000000000014;14.1100000000006;NA;NA;-775.730716952854;-790.538621939622;4.14085363542038;5.04476949258837;19.6416604373153;16.6763004094162;1627.89915552392;1645.97493480435;29.6158099735367;0.435643564356436;24;24
144;11.2900000000009;0.410000000000082;11.9300000000003;NA;NA;-682.425983353656;-692.980104430667;3.86889755553938;4.14374696017895;18.8766582018709;17.9159717118163;1437.0522832109;1454.48604718659;21.1082421540223;0.316831683168317;21;21
145;15.4399999999987;0.580000000000041;16.2200000000012;NA;NA;-1015.5781997144;-1028.44408396504;4.26500205952404;4.42496942424684;40.187740093535;38.7378745501122;2201.89382200489;2221.46584364333;25.731768501279;0.0396039603960396;49;49
146;13.5900000000001;0.529999999999973;14.3199999999997;NA;NA;-882.753027677732;-896.288463070658;4.17120827707526;4.45572950258913;25.4696886171859;23.6690351287872;1866.58728633007;1886.51192639823;27.070870785851;0.257425742574257;28;28
147;13.1100000000006;0.669999999999959;13.9399999999987;NA;NA;-732.252898868276;-747.710299245725;3.9959086201827;4.8422334744415;18.8378362376068;15.9960031642461;1537.41448192335;1557.33044462467;30.9148007548988;0.168316831683168;23;23
148;14.9199999999983;0.490000000000009;15.6099999999969;NA;NA;-968.186223488945;-984.224159210196;4.32866343068774;4.88461558767981;30.5907102213334;27.6777350216176;2061.19047146013;2081.38064926677;32.0758714425019;0.277227722772277;35;35
149;15.5600000000013;0.57000000000005;16.5600000000013;NA;NA;-886.461727176691;-907.719225097245;4.38814519987592;5.588432964495;28.7605459960323;23.649764177058;1890.2739345574;1911.9356162522;42.5149958411077;0.297029702970297;35;35
150;13;0.529999999999973;13.6100000000006;NA;NA;-805.716234762215;-815.16252260819;3.99111040358514;4.22888087206837;20.7538694317717;19.6310019089659;1691.75683868071;1706.30354404173;18.8925756919484;0.702970297029703;23;23
151;13.1700000000019;0.470000000000027;13.75;NA;NA;-773.770856281443;-785.148359707083;3.98205024047099;4.1508494806358;23.6704494519405;22.5306178143934;1641.05190658469;1659.3040045328;22.7550068512794;0.118811881188119;27;27
152;12.130000000001;0.680000000000064;13.0799999999981;NA;NA;-691.43952592133;-704.596813042396;3.7715287341861;4.83450814432334;13.9565831635587;11.3550278270041;1434.78626101241;1451.42515207058;26.3145742421318;0.267326732673267;17;17
153;12.9500000000007;0.529999999999973;13.7800000000025;NA;NA;-858.371614752061;-870.133944767378;4.07622880558317;4.24367824721204;28.2612067378709;27.1104609509272;1831.22482437633;1850.08799863944;23.5246600306334;0.0297029702970297;33;33
154;12.75;0.469999999999914;13.4399999999987;NA;NA;-763.88266161277;-775.891790603848;3.88223730060956;4.01881338479914;19.8000537140666;18.6533919445595;1604.3981086958;1623.97840470783;24.0182579821544;0.0495049504950495;23;23
155;12.630000000001;0.660000000000082;13.4300000000003;NA;NA;-873.102865780387;-886.354232156049;3.99755361208268;4.41265205044544;22.5647347510085;20.6675755165715;1834.4794930181;1853.56049519935;26.5027327513242;0.168316831683168;25;25
156;10.8000000000029;0.440000000000055;11.4700000000012;NA;NA;-672.02423893276;-679.238666245894;3.62793747967258;3.69293269969945;12.3116629191992;11.8738588800476;1388.64272150657;1401.4858000994;14.428854626268;0.633663366336634;14;14
157;13.8400000000001;0.3599999999999;14.4200000000019;NA;NA;-966.542515923681;-977.113112676683;4.06043672208845;4.16005557248892;27.2264366139794;26.3847472763404;2041.13824637061;2058.93903805131;21.1411935060053;0.475247524752475;28;28
158;13.9699999999975;0.509999999999991;14.7000000000007;NA;NA;-961.242224030766;-973.200476645934;4.32074751131042;4.50520458261401;25.7357950735614;24.4239529696229;2024.6217723628;2043.33198643255;23.9165052303349;0.594059405940594;28;28
159;10.4099999999999;0.470000000000027;11.1800000000003;NA;NA;-689.750081882037;-700.815160295912;3.6694502633356;4.1249440233862;13.0182311091848;11.6745307793982;1427.10276033985;1444.31952884463;22.1301568277495;0.247524752475248;15;15
160;14.1500000000015;0.480000000000018;14.7199999999975;NA;NA;-918.612756273363;-927.891239165098;4.26327458021101;4.45373212982634;26.907512499039;25.6942386895123;1945.38237652968;1959.06249275688;18.5569657834701;0.881188118811881;31;31
161;12.2200000000012;0.459999999999923;12.75;NA;NA;-826.369747454909;-839.767197596311;4.03536663168832;4.28986087849404;23.7397348661483;22.1416235536355;1746.95508031991;1767.40757645592;26.7949002828052;0.0099009900990099;28;28
162;13.6800000000003;0.439999999999941;14.2400000000016;NA;NA;-913.882281838799;-922.122265037509;4.2920115860952;4.20062021265981;22.8673263361816;22.8197161043047;1917.67050680078;1933.96328722218;16.4799663974188;0.900990099009901;26;26
163;13.4300000000003;0.569999999999936;14.1500000000015;NA;NA;-919.951626857556;-930.471611963583;4.07438388985838;4.14563534236805;29.2905368465034;28.4680930390894;1958.99170366383;1976.68781033701;21.0399702120556;0.0594059405940594;34;34
164;12.880000000001;0.430000000000064;13.5499999999993;NA;NA;-708.892306319556;-727.758866355912;3.83412795482855;5.51341527606302;15.9441601357812;11.9420352112321;1477.970701385;1500.59658195248;37.7331200727126;0.148514851485149;19;19
165;11.8299999999981;0.5;12.7000000000007;NA;NA;-688.413602620326;-697.730305785308;3.66072279414985;3.73362523842231;12.9344773742728;12.3429273781827;1424.1235470556;1440.59388563987;18.6334063299641;0.0693069306930693;15;15
166;13.739999999998;0.659999999999968;14.6500000000015;NA;NA;-886.700579854938;-907.573731550274;4.12101906249075;5.30212942319378;26.2457958669839;21.4043066539768;1879.71864987976;1901.85286055966;41.7463033906729;0.0594059405940594;33;33
167;12.7200000000012;0.460000000000036;13.3400000000001;NA;NA;-719.908923890224;-734.533620911481;4.01683157860627;5.05498045082498;14.2453437368427;11.7172445979904;1493.20613352272;1512.98079099846;29.2493940425147;0.188118811881188;18;18
168;11.9799999999996;0.439999999999941;12.7099999999991;NA;NA;-770.958685618198;-779.660048750412;3.77093539727469;3.87423731360909;14.675328794383;14.222397066455;1596.91714249569;1612.62238437792;17.4027262644267;0.920792079207921;18;18
169;14.75;0.600000000000023;15.5900000000001;NA;NA;-801.518655654426;-819.525516265728;4.00322604853291;5.11922796595221;19.9338523620568;15.8258668474704;1680.61213053008;1700.63916599474;36.0137212226025;0.0495049504950495;24;24
170;11.2400000000016;0.360000000000014;12.119999999999;NA;NA;-705.919721582207;-717.063600208165;3.6917750744168;4.12618261337946;13.4104644316194;12.1249128496222;1460.87628410525;1478.4632803381;22.2877572519146;0.207920792079208;15;15
171;13.9300000000003;0.580000000000041;14.7000000000007;NA;NA;-921.315365944584;-936.173887092547;4.07632490729875;4.65950624511096;27.6127943190144;24.5353770755452;1952.21727934822;1969.72101476522;29.7170422959259;0.188118811881188;28;28
172;13.0699999999997;0.370000000000005;13.7700000000004;NA;NA;-823.429349590049;-829.877441995198;4.02990384599283;4.13206385457053;21.0189198583645;20.4566889561852;1728.2089015373;1738.92906598251;12.8961848102977;0.940594059405941;23;23
173;13.1999999999971;0.409999999999968;13.9900000000016;NA;NA;-834.107250537488;-850.390454056121;3.9745931981957;4.58801453054395;21.4087287419471;18.5854732733993;1752.38577323493;1773.85217488259;32.5664070372677;0.0099009900990099;26;26
174;11.0099999999984;0.470000000000027;11.6800000000003;NA;NA;-685.875824144888;-691.295876727165;3.59100110086903;3.71228347499333;10.5425914004937;9.93746710553625;1409.12553982862;1417.82045611995;10.8401051645542;0.445544554455446;12;12
175;12.4700000000012;0.450000000000045;13.0799999999981;NA;NA;-784.966530064157;-793.459694442376;3.76098057088042;3.84780066278277;17.4585787912088;17.0690343738539;1635.36381493337;1650.89022043016;16.986328756439;0.277227722772277;18;18
176;15.6900000000023;0.680000000000064;16.9099999999999;NA;NA;-803.185458001464;-815.22919181565;4.45495525296711;4.98757299136426;17.3052639310971;15.3830387053317;1672.56089092548;1689.29614248852;24.0874676283722;0.603960396039604;21;21
177;14.1899999999987;0.590000000000032;15.2099999999991;NA;NA;-885.806098236862;-896.774944960852;4.16317556606824;4.31579625046098;31.9068229436934;30.7907915392236;1901.80030189925;1919.18429802676;21.9376934479801;0.584158415841584;35;35
178;13.0500000000029;0.420000000000073;13.869999999999;NA;NA;-851.148452979809;-860.138183261322;4.12336621568254;4.18754038866201;24.7679384021516;23.9431270355987;1800.5931097343;1815.29915186234;17.9794605630266;0.762376237623762;28;28
179;14.2099999999991;0.5;14.9500000000007;NA;NA;-988.673207448514;-999.883289689814;4.17743422767283;4.25153781344695;30.8623650877752;29.9066201364038;2102.82554965359;2121.3598794244;22.4201644825998;0.356435643564356;34;34
180;12.8600000000006;0.439999999999941;13.5800000000017;NA;NA;-797.406702808748;-805.070834823969;3.90992385983581;3.92689344027874;22.9705509295458;22.4775790421459;1684.20587744915;1697.6156861629;15.3282640304415;0.435643564356436;24;24
181;12.0299999999988;0.379999999999995;12.5300000000061;NA;NA;-804.517626235986;-814.393064205324;3.88692440650435;3.98378286998797;19.8106354539694;19.117183950428;1685.70899279092;1702.77598104564;19.7508759386744;0.227722772277228;23;23
182;13.6699999999983;0.509999999999991;14.4399999999951;NA;NA;-821.252874702195;-828.337270205422;4.10206429917524;4.07045652173727;22.2066063961172;21.8114552849901;1730.23302627266;1742.84077142131;14.1687910064538;0.594059405940594;27;27
183;11.5900000000001;0.360000000000014;12.2200000000012;NA;NA;-742.941321093987;-753.523796141458;3.69199936631465;3.80471369873392;14.4990559671591;13.5889052741398;1539.36791184927;1557.17542575259;21.1649500949425;0.0792079207920792;16;16
184;11.119999999999;0.480000000000018;11.760000000002;NA;NA;-680.978774442337;-690.067467007712;3.90373680874571;3.87870216370801;17.5802847314188;17.1094673093654;1429.19943610102;1445.57601695147;18.1773851307505;0.346534653465347;21;21
185;12.130000000001;0.349999999999909;12.7700000000041;NA;NA;-722.452967987051;-730.645040095015;3.69020120314237;3.71378708712185;13.8867007543769;13.5806828179473;1496.13230107235;1511.38758200999;16.384144215928;0.237623762376238;16;16
186;12.6599999999999;0.590000000000032;13.5800000000017;NA;NA;-753.046334056133;-763.654062071911;3.8717609607814;3.9518325189031;19.9151985246867;19.0410282184625;1582.72846941266;1600.58002516436;21.2154560315553;0.0594059405940594;22;22
187;12.2799999999988;0.360000000000014;12.8400000000038;NA;NA;-636.234135514585;-643.0937684254;3.61633933484519;3.66214722254669;12.5020350078095;12.1584309056407;1316.78846543364;1329.28964151253;13.7192658216297;0.732673267326733;12;12
188;10.739999999998;0.420000000000073;11.3300000000017;NA;NA;-646.194992949275;-653.257218830121;3.58768743238937;3.58633422635535;10.576646897769;9.93740562973896;1329.88460548358;1341.7429223918;14.1244517616919;0.673267326732673;12;12
189;12.7200000000012;0.509999999999991;13.4500000000044;NA;NA;-817.709679981232;-827.044152251888;4.09615739434205;4.06448425241568;17.1525562779716;16.7290745778791;1701.42422017428;1718.4635621092;18.6689445413119;0.514851485148515;22;22
190;12.3499999999985;0.349999999999909;12.9699999999939;NA;NA;-801.733275966879;-813.579919345484;4.02916210805436;4.40274972709914;21.8003186511939;19.9945727338594;1689.17741204513;1705.77116791044;23.6932867572107;0.316831683168317;26;26
191;12.2299999999996;0.539999999999964;12.9300000000003;NA;NA;-686.67138245344;-698.998138107915;3.82964226345636;4.54276040598898;14.5517242278267;12.8956579027068;1427.02232143284;1445.56680370041;24.6535113089508;0.267326732673267;16;16
192;12.7200000000012;0.560000000000059;13.4700000000012;NA;NA;-803.128682289031;-813.254968281158;3.93991973975771;4.03730861842685;21.8956040948815;21.1199168015145;1691.91347151499;1709.13153696257;20.2525719842529;0.544554455445545;25;25
193;13.5299999999988;0.579999999999927;14.3900000000067;NA;NA;-889.524643568565;-902.031313667214;4.22899465740034;4.46579519574433;26.8979001948525;25.3892581764992;1888.00834686807;1906.91042133089;25.0133401972987;0.316831683168317;33;33
194;12.9700000000012;0.409999999999968;13.6299999999974;NA;NA;-841.716428643958;-853.661667815612;3.94707587200368;4.11725931318909;21.5879100445565;20.3994131650015;1767.44462724856;1786.70993686372;23.8904783433086;0.158415841584158;24;24
195;11.4600000000028;0.450000000000045;12.0499999999956;NA;NA;-637.901912489167;-646.817973994128;3.67310747870678;3.87652825846458;13.4861377928311;12.5918822470457;1325.11737390315;1339.67955296872;17.8321230099234;0.445544554455446;15;15
196;10.1900000000023;0.330000000000041;10.5699999999997;NA;NA;-658.307504939754;-666.144684895913;3.61376932628437;3.78024226832844;9.65452853228728;9.02023832734504;1350.84068443306;1364.26646120077;15.6743599123197;0.663366336633663;12;12
197;13.0299999999988;0.410000000000082;13.6299999999974;NA;NA;-849.903169652439;-859.702356167188;4.02618591303917;4.09615861174224;24.4852079679943;23.7603478525918;1796.9804743826;1813.70210424298;19.598373029499;0.425742574257426;28;28
198;15.619999999999;0.580000000000041;16.3899999999994;NA;NA;-1063.00772281005;-1076.47279360914;4.31640473817146;4.60875225723166;38.6182358351355;36.6564680402646;2287.56267631732;2306.28638000658;26.9301415981627;0.574257425742574;43;43
199;12.7900000000009;0.319999999999936;13.1800000000003;NA;NA;-802.760225067459;-811.325835420966;4.54730099948566;4.40127662151308;18.424935942161;18.4963778010662;1677.59922341419;1695.00992631679;17.1312207070125;0.772277227722772;25;25
200;12.369999999999;0.42999999999995;13;NA;NA;-727.338424786698;-737.135931142197;3.79939379054974;3.87877186702909;17.1206621461511;16.4166029167578;1519.30400349944;1536.24133020492;19.5950127109979;0.148514851485149;19;19
201;15.1999999999971;0.530000000000086;15.9400000000023;NA;NA;-940.382130421672;-972.948401721136;6.8941261709754;10.2496679306904;19.9653573735957;14.038764492634;1962.78282839441;2003.56866637599;65.1325425989291;0.940594059405941;37;37
202;14.0799999999981;0.420000000000073;14.5599999999977;NA;NA;-973.208004012623;-983.918454390152;4.27767880163235;4.49233649098294;29.5671500226204;28.0984626063089;2066.1877687222;2081.65925339791;21.4209007550583;0.643564356435644;33;33
203;12.9500000000007;0.469999999999914;13.5899999999965;NA;NA;-867.669410586236;-876.731115424031;3.93537535934509;3.96677103262617;21.1061244756403;20.610012486632;1817.47566862776;1833.66840292953;18.1234096755909;0.128712871287129;24;24
204;14.9399999999987;0.920000000000073;16.0900000000038;NA;NA;-1027.83731681045;-1041.65927201813;4.33266732308426;4.59521797051858;37.1784634269481;35.0774237789802;2211.62638724084;2230.45710885487;27.6439104153687;0.0891089108910891;44;44
205;12.0999999999985;0.590000000000032;12.8099999999977;NA;NA;-740.94618455554;-751.527457404339;3.76911089696582;3.98377637654005;15.9739198839501;15.0035397575208;1541.75896236028;1559.28474558829;21.1625456975976;0.0099009900990099;18;18
206;13.4000000000015;0.419999999999959;14.0199999999968;NA;NA;-765.770616491621;-777.716246898135;3.99602125877976;4.39507369737777;21.0638788955019;19.0339451263429;1613.0654417496;1629.10018453003;23.8912608130265;0.465346534653465;23;23
207;12.8400000000001;0.460000000000036;13.6599999999962;NA;NA;-747.224058190307;-764.412242808548;3.83743002611299;5.11300659093157;16.08098592787;12.7758080188931;1555.1506957535;1577.05066427294;34.3763692364814;0.0198019801980198;19;19
208;14.1699999999983;0.519999999999982;14.989999999998;NA;NA;-927.204665241103;-939.095856207511;4.12727309982186;4.33632396668296;26.7534578799511;25.3893286781523;1961.50833922847;1979.82986126161;23.7823819328175;0.148514851485149;30;30
209;13.0900000000001;0.379999999999995;13.6699999999983;NA;NA;-826.512294226621;-854.804742055758;4.7815706031426;8.28669698777695;17.9107505391163;11.2825496757123;1723.09185660675;1753.74707800279;56.5848956582752;0.415841584158416;25;25
210;15.5500000000029;0.480000000000018;16.3399999999965;NA;NA;-1028.50809013686;-1045.48736761206;4.32582825953384;4.77036367390349;38.0172253402044;35.1189984679946;2216.91344945292;2238.68230465062;33.9585549504041;0.188118811881188;45;45
211;13.3600000000006;0.470000000000027;14.0800000000017;NA;NA;-862.985817039639;-878.365882373381;4.0560598180446;4.39778162952995;26.4426023430881;24.1655682803894;1832.67951420639;1854.25078083337;30.7601306674842;0.0396039603960396;32;32
212;13.1100000000006;0.490000000000009;13.8099999999977;NA;NA;-887.618901053458;-898.515191359959;4.13275201258593;4.24101153309633;30.4227346573959;29.5041435526502;1899.79896031935;1917.83051243773;21.7925806130022;0.257425742574257;36;36
213;12.3400000000001;0.400000000000091;13.0199999999968;NA;NA;-718.950037776031;-728.325155470245;5.47406206343079;5.73011080303591;9.72187866202169;9.41227244108756;1472.75359164887;1490.39387022955;18.7502353884288;0.613861386138614;13;13
214;13.0499999999993;0.360000000000014;13.4699999999939;NA;NA;-727.3218219883;-737.453261440474;3.85522938844161;4.00590371359989;16.8898710144843;16.0631255514571;1518.39960648121;1535.5416828231;20.2628789043486;0.217821782178218;19;19
215;12.4599999999991;0.579999999999927;13.1699999999983;NA;NA;-793.529596859618;-801.737505833577;3.82108053458598;3.8570431626483;17.1046514962063;16.7896292410648;1651.6259105705;1666.8525810661;16.4158179479193;0.465346534653465;19;19
216;9.87000000000262;0.340000000000032;10.4400000000023;NA;NA;-617.759711952105;-624.744791225241;4.20344326668897;4.19151852317588;9.51618897913762;9.42063485270464;1269.63553019345;1283.26312148502;13.9701585462726;0.861386138613861;13;13
217;12.1500000000015;0.490000000000009;12.8099999999977;NA;NA;-786.748104218519;-796.951779462391;3.77882485975485;3.87274214450008;17.3197658638494;16.5392379571389;1638.87493998906;1656.33595015773;20.4073504877435;0.128712871287129;19;19
218;13.9900000000016;0.57000000000005;14.6099999999933;NA;NA;-898.704308120021;-919.551902087071;4.30703392937002;5.34945342958347;29.0846340249601;23.9257340181396;1915.65991363037;1936.38022464527;41.6951879341007;0.237623762376238;34;34
219;12.0900000000001;0.490000000000009;12.8799999999974;NA;NA;-789.407961363384;-798.307529050715;3.80171667841862;3.95388726500455;17.4388495054348;16.5880710566643;1644.64417175476;1659.23178474224;17.7991353746634;0.158415841584158;19;19
220;15.3199999999997;0.519999999999982;16.0800000000017;NA;NA;-1039.96591939792;-1070.86153629288;4.82347826859788;6.75512767305568;30.3690742535671;22.3543727945803;2203.84553109845;2232.9347061363;61.7912337899188;0.326732673267327;35;35
221;14;0.419999999999959;14.6399999999994;NA;NA;-906.121901107794;-914.430461435739;4.26246231815668;4.50665456708929;27.3803867392987;26.1228204662624;1923.566030035;1935.07018130598;16.6171206558909;0.97029702970297;34;34
222;12.7999999999993;0.610000000000014;13.4599999999991;NA;NA;-768.308523941432;-777.548219056001;4.28106756532207;4.40992359660248;22.095999415003;21.1803572297191;1624.30916120441;1639.15465387744;18.4793902291367;0.782178217821782;28;28
223;14.4900000000016;0.460000000000036;15.2799999999988;NA;NA;-930.651519195356;-948.855299770305;4.52349123957822;5.41861504269965;28.7259615783967;24.3596434624751;1979.69358943425;1998.10590240544;36.4075611498988;0.623762376237624;38;38
224;10.7900000000009;0.42999999999995;11.4100000000035;NA;NA;-675.07210921079;-681.331132762457;3.52357317353757;3.53918130808789;10.7919276898705;10.610434101949;1387.93250644091;1399.81504780596;12.5180471033341;0.95049504950495;11;11
225;11.9799999999996;0.549999999999955;12.6399999999994;NA;NA;-798.923798688229;-809.125724915386;3.95282639506255;4.0148796218053;20.5728149388025;19.813698952606;1677.90901103412;1695.35867860096;20.403852454315;0.287128712871287;24;24
226;12.4500000000007;0.510000000000105;13.0999999999985;NA;NA;-808.419145316259;-819.697955158909;3.80271737486316;4.0329009347267;16.8462247088316;15.798106117705;1680.42949686254;1699.03067368697;22.5576196853001;0.128712871287129;19;19
227;14.1899999999987;0.580000000000041;14.8600000000006;NA;NA;-878.521038100869;-908.340392562276;4.06439486747813;6.16484018158914;25.4291672855961;18.1900009377472;1858.40866220121;1889.19036727792;59.6387089228133;0.0198019801980198;29;29
228;12.8099999999977;0.590000000000032;13.6900000000023;NA;NA;-802.766183006646;-813.543048243932;3.93168089791994;4.13578564833082;20.9744388726632;19.9167735701659;1687.15674419473;1704.59445167748;21.553730474571;0.297029702970297;24;24
229;12.5499999999993;0.610000000000014;13.3700000000026;NA;NA;-675.428537389843;-686.16266432679;3.85362274072107;4.2175676207765;14.2071597676387;13.089046265827;1403.26557454784;1420.60924249754;21.4682538738928;0.217821782178218;16;16
230;12.0200000000004;0.590000000000032;12.7699999999968;NA;NA;-679.554655646377;-685.324231510799;3.75845856260091;3.80135592409554;14.3179739845049;13.9381785076314;1411.92659134873;1422.06472334617;11.5391517288451;0.841584158415842;16;16
231;13.3899999999994;0.450000000000045;14.1500000000015;NA;NA;-740.460330543872;-749.955581491338;4.02250079711656;4.15030789768827;22.5594440312998;21.5516530368015;1570.45204119452;1585.44293572008;18.990501894931;0.504950495049505;28;28
232;12.869999999999;0.700000000000045;13.6699999999983;NA;NA;-752.49672667717;-766.390581835018;3.95185629586849;4.59977606874779;17.6134941113832;15.3139027001369;1572.36236134516;1591.35448793277;27.7877103156959;0.0693069306930693;21;21
233;11.75;0.5;12.5800000000017;NA;NA;-722.954372999858;-733.141378535438;3.67960495437918;3.76545513943741;13.8445814695954;13.0387254008817;1496.5329837268;1513.96029328258;20.3740110711599;0.0396039603960396;15;15
234;12.0699999999997;0.529999999999973;12.6800000000003;NA;NA;-697.614378177715;-706.599262006633;3.78633476657377;3.8424872214764;16.835127516643;16.041963669123;1458.77807285353;1473.75380198501;17.9697676578364;0.297029702970297;19;19
235;12.5199999999968;0.439999999999941;13.1200000000026;NA;NA;-743.781075869071;-751.852053640283;3.85305752232866;3.93136740229215;19.1847541739557;18.5793280553162;1560.94088798426;1574.7671816697;16.141955542425;0.762376237623762;21;21
236;12.6899999999987;0.360000000000014;13.3499999999985;NA;NA;-705.567418558786;-716.376526042416;3.86263638706627;3.95692449073313;18.1459916207247;17.1995344348809;1480.96254215002;1498.93868923913;21.6182149672602;0.0099009900990099;22;22
237;13.8300000000017;0.639999999999986;14.6500000000015;NA;NA;-958.515540108131;-968.712202516137;4.20934975323336;4.2868597662437;30.3901263603921;29.6047662623901;2041.87505796904;2059.04208890788;20.3933248160115;0.841584158415842;37;37
238;13.380000000001;0.509999999999991;14.3400000000038;NA;NA;-848.999554627835;-859.24037668401;4.04255260651161;4.15271820189101;21.4878309156437;20.7163951159561;1782.48138216073;1799.93002354639;20.4816441123501;0.762376237623762;26;26
239;13.1900000000023;0.470000000000027;14.010000000002;NA;NA;-723.057482572753;-736.245688611107;3.9888118452548;4.55977565187139;19.6207362519819;17.586227970998;1522.05373246807;1540.55592163177;26.376412076708;0.287128712871287;23;23
240;15.4300000000003;0.470000000000027;16.1400000000067;NA;NA;-1108.64198471567;-1124.07102670427;4.56746797951939;4.96937091369268;36.9229389369089;34.3147936839599;2371.73945931762;2391.68718880144;30.8580839771944;0.643564356435644;43;43
241;14.380000000001;0.509999999999991;15.0900000000038;NA;NA;-879.668006963719;-911.318683863791;6.44166439435231;9.97690154888539;17.8500862153824;12.0238912286617;1831.08584018693;1870.96834474415;63.3013538001449;0.574257425742574;31;31
242;11.7900000000009;0.339999999999918;12.3000000000029;NA;NA;-669.977750569102;-679.396205460766;3.94148731988028;4.09862438612675;19.6549658203181;18.7065867428708;1416.44500214469;1431.59118852192;18.8369097833279;0.495049504950495;24;24
243;10.3899999999994;0.6400000000001;11.2200000000012;NA;NA;-691.524154558439;-701.383900079585;3.64687378085529;4.36683284559632;11.7655851187326;10.555330482835;1425.22863501685;1440.60929085044;19.7194910422918;0.207920792079208;13;13
244;13.380000000001;0.610000000000014;14.3499999999985;NA;NA;-803.090031060712;-811.639365803244;3.87072150799446;3.89592557766401;19.4886253344365;19.0923339419735;1681.17436443261;1696.74806250591;17.0986694850631;0.415841584158416;22;22
245;12.2200000000012;0.480000000000018;13.2000000000044;NA;NA;-713.489611794638;-724.370137219299;3.81110043763437;4.56265083984377;14.1023961683142;12.2636404771523;1478.54618917174;1493.58362721733;21.7610508493235;0.356435643564356;15;15
246;11.369999999999;0.340000000000032;11.9700000000012;NA;NA;-647.095929289916;-659.719604642501;3.74017927542266;4.40441080390317;14.2234825640758;12.5925188370961;1347.09171780208;1366.27320164482;25.2473507051698;0.0396039603960396;17;17
247;12.6599999999999;0.469999999999914;13.3199999999997;NA;NA;-725.734906631417;-737.911009628543;3.82701131808416;4.41002191355441;15.5570331517615;13.9631550628844;1509.32940284904;1527.75367058069;24.352205994252;0.0693069306930693;17;17
248;13.7300000000032;0.399999999999977;14.3499999999985;NA;NA;-891.451822488325;-902.147040650975;4.05700126063518;4.32913793797068;27.3277474876351;25.8668328589576;1893.18348677206;1908.67847071146;21.3904363253007;0.297029702970297;32;32
249;14.1100000000006;0.420000000000073;14.6899999999951;NA;NA;-872.020090896143;-886.035335821354;4.11310476116735;4.55792384545536;26.0968485956672;23.5478219130076;1849.35278890676;1867.0968012704;28.0304898504228;0.138613861386139;32;32
250;11.7700000000004;0.340000000000032;12.260000000002;NA;NA;-724.415462480368;-731.94593383577;3.58711905530093;3.66423462291397;11.4730576750248;11.0089382534286;1489.96252249015;1503.35956933331;15.0609427108041;0.633663366336634;13;13
