1;17.8;1.03;20.05;NA;NA;-772.906472566688;-788.279374913967;4.40007389806097;4.66230044569371;57.5926089569411;55.0950000268703;1788.67555137644;1808.88917450953;30.7458046945587;0.396039603960396;46;46
2;18.29;0.45;21.25;NA;NA;-741.448818642031;-752.070562389564;4.3107706003944;4.38784500377963;54.7080858794968;53.8102697470671;1711.7516897661;1729.2394461478;21.2434874950654;0.851485148514851;43;43
3;16.96;0.56;18.58;NA;NA;-721.617910899967;-731.120014256918;4.26835912841312;4.33645066055788;51.0879650398902;50.0807648629895;1654.45216318166;1669.29223581354;19.0042067139002;0.564356435643564;39;39
4;16.92;0.53;17.6700000000001;NA;NA;-728.534800280332;-748.481244476807;4.92913170275543;5.45124526617348;45.16090046625;40.9596567623321;1643.19475000884;1665.77272430161;39.8928883929505;0.613861386138614;38;38
5;17.42;0.62;18.8199999999999;NA;NA;-762.962799492098;-772.917004832557;4.30774300430846;4.37981287380184;57.0340561483572;56.0539860781794;1765.80606755409;1781.59238551458;19.9084106809187;0.574257425742574;45;45
6;17.03;0.670000000000001;19.03;NA;NA;-706.635195487334;-717.634727592041;4.31909786858477;4.44704117101913;49.8751250446463;48.4527086492044;1621.32048020741;1637.38604835576;21.9990642094144;0.742574257425743;42;42
7;17.03;0.6;17.9400000000001;NA;NA;-711.106293878348;-743.332467391496;4.80924755654397;6.02787118482416;45.4629654500976;36.7693859740912;1610.74863387137;1639.14849103558;64.4523470262952;0.356435643564356;40;40
8;19.05;0.549999999999999;19.86;NA;NA;-692.104356553189;-707.117037166523;4.33863329797678;4.74682701615953;46.0098334859007;42.9714141687272;1574.43020047403;1591.89362443708;30.0253612266677;0.257425742574257;39;39
9;16.98;0.58;17.72;NA;NA;-763.545198704626;-793.395694369998;4.53774766733513;5.43768013426133;53.3384438318589;45.4780515024512;1750.21498361564;1777.03449847423;59.7009913307452;0.306930693069307;43;43
10;18.06;0.779999999999999;19.1500000000001;NA;NA;-828.662568719088;-850.012861811396;4.35933337994266;4.77227703721141;66.613532576934;62.6804674600187;1939.64565186748;1965.67717811583;42.7005861846158;0.0198019801980198;48;48
11;18.37;0.720000000000001;19.45;NA;NA;-772.27669152769;-791.721903618877;5.15460257963645;5.6419288173367;49.2005494955799;45.3771830758761;1752.02746515541;1774.79511334051;38.8904241823745;0.594059405940594;46;46
12;16.54;0.65;17.64;NA;NA;-716.383847083808;-733.540687721263;4.60979041001772;5.03923781209787;48.0332098735342;44.3719831924346;1632.55564042132;1651.64092115186;34.3136812749099;0.564356435643564;41;41
13;16.45;0.620000000000001;17.4199999999998;NA;NA;-762.404912607896;-776.534955188689;4.38306355692952;4.67125389513968;56.3519033218289;53.5439271487187;1761.82121606766;1778.27118836639;28.2600851615871;0.207920792079208;45;45
14;15.95;0.32;16.5999999999999;NA;NA;-659.033332926834;-671.087930025018;4.37585734756092;4.55047860505086;42.472950757249;40.9100392595235;1493.66538581889;1511.31293198924;24.1091941963673;0.693069306930693;39;39
15;15.38;0.529999999999998;16.24;NA;NA;-662.03878964617;-670.195155650283;4.45837287381145;4.50333248224226;41.7760602994691;41.3243136727337;1494.53473048311;1509.00421919598;16.312732008226;1;35;35
16;14.73;0.619999999999997;15.47;NA;NA;-651.886297510063;-659.966533703044;4.25112954577112;4.3979251794952;41.8905518736172;40.6706226770089;1474.6969015009;1485.87974665209;16.1604723859607;0.643564356435644;35;35
17;14.75;0.630000000000003;15.8599999999999;NA;NA;-633.570254455841;-645.586227150252;4.30529454607703;4.56951059185021;41.2491304245702;39.3679028717399;1436.5937536918;1452.89753342681;24.031945388821;0.257425742574257;37;37
18;15.5700000000001;0.52;16.22;NA;NA;-711.30176569056;-725.715585647672;4.31395729452423;4.44813374631901;50.7608402595025;49.0896237395932;1633.10999582392;1655.0070593504;28.8276399142233;0.108910891089109;40;40
19;15.65;0.460000000000001;16.4400000000001;NA;NA;-743.214614218936;-754.661641229696;4.35232751584871;4.47292930520539;53.494541183682;52.1026714142842;1710.20679876849;1727.27840383876;22.894054021519;0.623762376237624;43;43
20;14.5;0.530000000000001;15.2900000000002;NA;NA;-659.926435952373;-670.523604361951;4.23705186919602;4.31872131624406;44.8158616856684;43.7221500095524;1504.55598605385;1521.24272344366;21.1943368191558;0.306930693069307;38;38
21;15.02;0.539999999999999;15.79;NA;NA;-733.93642586737;-743.805432183862;4.28589794456108;4.30198333121285;54.0320173188169;53.1648124063473;1691.9449686333;1708.0866609702;19.7380126329838;0.376237623762376;40;40
22;14.9300000000001;0.300000000000001;15.47;NA;NA;-643.046469751927;-649.982278954484;4.26715140580225;4.3420866607022;42.5757534829759;41.8264921641941;1460.41274425938;1471.21662865826;13.8716184051141;0.97029702970297;36;36
23;14.71;0.75;15.5;NA;NA;-686.291408266451;-695.762055087731;4.33710046954586;4.48677946089069;45.4977459990927;43.9988822012946;1560.09623380777;1572.86014290999;18.9412936425604;0.772277227722772;38;38
24;15.14;0.539999999999999;15.8199999999999;NA;NA;-708.626853439552;-722.386750148862;4.21424631028351;4.36261693982481;50.6381609119944;48.979009858071;1626.61039340556;1647.27064925724;27.5197934186197;0.0396039603960396;39;39
25;16.6;0.550000000000001;17.3400000000001;NA;NA;-712.319096301437;-724.817487470204;5.04908493259415;5.20017761683856;42.6376844343547;41.4308281698247;1600.91798186794;1620.92517879982;24.9967823375339;0.673267326732673;39;39
26;15.23;0.530000000000001;15.96;NA;NA;-697.775427296278;-708.000386959431;4.29113712957361;4.33833075285348;49.0979764647522;48.3712854406962;1599.76756026207;1617.19490192514;20.4499193263048;0.841584158415842;41;41
27;14.9200000000001;0.460000000000001;15.6900000000001;NA;NA;-665.909534619013;-677.312809011461;4.30289392033662;4.41597202204995;45.157186252571;43.9255450641691;1519.08704143111;1536.7859436383;22.8065487848955;0.425742574257426;40;40
28;14.66;0.520000000000003;15.51;NA;NA;-636.444146278305;-643.484268013048;4.81537064389909;4.89479445082443;35.1885772093263;34.5456086581101;1415.4315490273;1426.90723049494;14.0802434694851;0.98019801980198;33;33
29;15.47;0.390000000000001;16.3399999999999;NA;NA;-706.147452155631;-717.029115515996;4.44830430850276;4.57591488596404;47.5787971143819;46.3152770311581;1609.00306142804;1625.54253378244;21.7633267207304;0.792079207920792;39;39
30;16.0699999999999;0.5;16.72;NA;NA;-711.86976800591;-721.496624592793;4.27601991643563;4.40677398949016;50.6445635731604;49.2704378370714;1634.99927643588;1648.52093416609;19.2537131737654;0.742574257425743;42;42
31;15.25;0.689999999999998;16.1599999999999;NA;NA;-635.551730060055;-651.07885836986;4.80058180297043;5.34744865107526;38.1450831233019;34.8770388876456;1427.28257378151;1444.95633125576;31.0542566196086;0.683168316831683;36;36
32;17.2199999999999;0.779999999999994;18.3099999999999;NA;NA;-736.045701625318;-762.659943665345;6.67121284025217;8.03228381363649;33.17072125337;27.8349086374111;1609.23130261166;1640.39958487782;53.2284840800546;0.900990099009901;39;39
33;15.6799999999998;0.549999999999997;16.3300000000002;NA;NA;-731.905790439705;-742.381605624492;4.48763154606908;4.57279649010494;49.9725385839152;49.1429285359254;1672.2680228886;1689.75900139298;20.9516303695746;0.871287128712871;42;42
34;14.3700000000001;0.409999999999997;14.9400000000001;NA;NA;-595.54322542075;-606.84379861705;4.31980084785258;4.61566591502365;36.4932073165113;34.6675666652038;1339.45926885283;1354.63778873411;22.6011463926002;0.881188118811881;34;34
35;15.98;0.339999999999996;16.51;NA;NA;-721.199455619031;-731.319250655583;4.27649821527142;4.36719261222285;52.6288630296042;51.5231187083835;1660.6521124729;1676.30615340127;20.239590073103;0.801980198019802;40;40
36;15.0700000000002;0.309999999999995;15.55;NA;NA;-660.491942572003;-671.911655055361;4.29499143153996;4.56255331953954;42.8088798397599;40.8473337334399;1496.25818953075;1511.0663688635;22.839424966716;0.584158415841584;36;36
37;15.8599999999999;0.549999999999997;16.5;NA;NA;-743.809856689891;-754.90890436059;4.25924158252279;4.30893580140805;54.4813145514039;53.5727835163459;1714.88415319402;1733.29238409408;22.198095341399;0.0693069306930693;42;42
38;15.48;0.580000000000005;16.1700000000001;NA;NA;-747.244590535567;-759.445390169153;4.51857731724481;4.60012031033278;52.1958851960484;51.1145409034881;1711.59123886966;1731.49512590872;24.4015992671707;0.603960396039604;41;41
39;16.52;0.609999999999999;17.3400000000001;NA;NA;-601.58521821181;-621.045284435663;4.32615640183085;5.07843321687375;36.6153708437664;32.0268296708255;1351.49340401349;1371.82609550415;38.9201324477051;0.108910891089109;33;33
40;15.8399999999999;0.520000000000003;16.5;NA;NA;-632.025568463009;-669.737036925476;4.42924492311331;6.15157684860987;39.5629092032039;29.2715811096548;1424.90464251937;1458.4854542215;75.422936924934;0.0297029702970297;34;34
41;17.3499999999999;0.439999999999998;18.1200000000001;NA;NA;-794.507986238039;-805.537769189205;4.43150160585433;4.50294192312714;59.6279720651232;58.4610365925144;1840.46151319731;1857.6002221472;22.0595659023313;0.683168316831683;46;46
42;15.29;0.369999999999997;15.98;NA;NA;-637.242707701795;-644.806636526873;4.09646429171499;4.12329018087943;42.1062966094419;41.6443209940524;1443.73498819022;1457.00589849903;15.127857650155;0.465346534653465;31;31
43;16.5;0.669999999999995;17.5699999999999;NA;NA;-778.985860901155;-789.974425855774;4.65370714797109;4.74297736049328;54.5998137375587;53.6821551930346;1787.61397044627;1805.7315052905;21.9771299092381;0.732673267326733;45;45
44;13.6500000000001;0.660000000000004;14.6699999999996;NA;NA;-605.398703083164;-615.598493752464;4.16084146872429;4.21764377841968;38.7236238115734;37.9774819800767;1368.23857429118;1385.60451802114;20.3995813386005;0.227722772277228;34;34
45;15.6900000000001;0.490000000000002;16.5499999999997;NA;NA;-717.24059434097;-727.760153299717;4.38568448500889;4.514342775992;48.9497366808391;47.6749699083631;1636.85731161526;1652.6260772377;21.0391179174928;0.524752475247525;39;39
46;14.77;0.579999999999998;15.6400000000003;NA;NA;-702.674985312614;-713.347123849329;4.30072285196409;4.40930033662194;48.1144428739349;47.0138043558583;1604.27268331339;1621.06651801178;21.3442770734309;0.267326732673267;39;39
47;13.9100000000001;0.579999999999998;14.5599999999999;NA;NA;-623.238572707414;-631.9170351193;4.22492699363115;4.29890247391238;38.3703668132383;37.6523373526301;1401.90931890107;1416.35762207333;17.3569248237727;0.910891089108911;33;33
48;16.3300000000002;0.57;17.25;NA;NA;-642.852641136227;-665.10575048992;4.73481693133989;5.76086296341576;38.3571673829388;33.0657726032689;1442.75274196903;1465.59416723371;44.506218707385;0.346534653465347;36;36
49;20.3899999999999;0.960000000000001;21.9099999999999;NA;NA;-718.89974607245;-742.982505899244;5.83998785170441;6.92686019005319;35.6663224011909;29.6222714886267;1583.82970532268;1607.24879798861;48.1655196535887;0.673267326732673;36;36
50;16.46;0.509999999999998;17.46;NA;NA;-669.431876051301;-685.706873921415;4.58727025590976;4.98026975220652;42.7371002423342;39.9579548748356;1515.5545626957;1536.61455455277;32.5499957402274;0.168316831683168;39;39
51;15.97;0.479999999999997;16.7800000000002;NA;NA;-682.844397384715;-690.149401327733;4.22874156923021;4.27051060834181;47.8566945348551;47.1448736725057;1563.54588150958;1575.21296148398;14.6100078860359;0.594059405940594;39;39
52;15.71;0.660000000000004;16.75;NA;NA;-684.184876285964;-691.471934529168;4.23106928309094;4.33051045384837;47.2684128324996;46.3436277956208;1563.1807574854;1573.94348510623;14.5741164864085;0.653465346534653;38;38
53;14.0799999999999;0.609999999999999;14.8600000000001;NA;NA;-552.75312350214;-560.964249665046;4.22781044059349;4.27823646375035;32.0134283649718;31.3314194799465;1232.55753512506;1246.2731074176;16.4222523258131;0.811881188118812;28;28
54;16.3599999999999;0.529999999999994;17.0499999999997;NA;NA;-741.346434343697;-756.674574627041;4.40576942992318;4.58360823707244;53.8943634184201;51.8619666058438;1707.50888886393;1729.6871889176;30.6562805666881;0.247524752475248;42;42
55;15.8300000000002;0.520000000000003;16.5500000000002;NA;NA;-719.817194379702;-728.31735467491;4.41474240062397;4.49223084223408;50.748342057456;49.939852760915;1651.32703281827;1664.95480506643;17.000320590415;0.900990099009901;42;42
56;16.5599999999999;0.670000000000002;17.5500000000002;NA;NA;-757.123244090826;-767.985459754726;4.28088942425348;4.33960025926396;57.5284763918213;56.4003565335115;1755.56003235264;1772.55236197477;21.7244313278004;0.366336633663366;44;44
57;15.73;0.600000000000009;16.48;NA;NA;-725.44753812378;-736.791830581484;4.3607563483145;4.50627501440291;50.4317940075831;49.0752364499904;1660.65962409254;1677.70578267167;22.6885849154094;0.346534653465347;41;41
58;20.6799999999998;0.759999999999991;21.7600000000002;NA;NA;-726.842846417531;-741.195323388456;6.94431248043065;7.38484925794021;30.1607014353878;28.4002718431847;1578.76287027776;1600.16727900679;28.7049539418495;0.95049504950495;40;40
59;17.25;0.609999999999999;18.25;NA;NA;-742.024222731987;-761.169153999384;4.37796482773316;4.8280703307681;54.5237577170998;50.1074379359347;1712.75815657505;1732.52297124786;38.2898625347939;0.148514851485149;44;44
60;17.5;0.579999999999998;18.52;NA;NA;-754.59579027564;-771.701438295083;4.56177164009488;4.91743090119508;54.17028976524;51.1012342990246;1737.02728730255;1758.33039281423;34.2112960388856;0.415841584158416;45;45
61;18.0400000000002;0.890000000000001;19.9000000000001;NA;NA;-756.997445984817;-769.391234262507;4.39952824698267;4.52478223247565;55.3004111720173;53.8451308445814;1745.96241572504;1764.64555712758;24.7875765553804;0.673267326732673;44;44
62;15.51;0.609999999999999;16.5;NA;NA;-639.471791325905;-655.482122001733;4.25853571091965;4.67221645092304;41.44397974478;38.8995991472915;1447.44507968398;1469.12088655166;32.0206613516568;0.148514851485149;34;34
63;15.5700000000002;0.579999999999998;16.3200000000002;NA;NA;-634.265614475638;-645.141934140509;4.34370098068133;4.52010178187638;39.2371742968899;38.0513827045897;1428.62906736589;1445.54336973229;21.7526393297417;0.613861386138614;35;35
64;14.6100000000001;0.690000000000012;15.4899999999998;NA;NA;-629.14175260557;-638.841053174994;4.42526222325135;4.5953198007358;36.6396586853079;35.3574466360464;1406.14112739832;1420.36542201942;19.398601138849;0.564356435643564;32;32
65;16.0999999999999;0.61999999999999;16.9200000000001;NA;NA;-653.07661372542;-660.096060417979;4.62018869483223;4.69025592299707;38.8637199535133;38.141407029742;1465.27468791023;1476.35618330368;14.0388933851179;0.841584158415842;36;36
66;15.8000000000002;0.689999999999998;16.7799999999997;NA;NA;-743.596709457568;-753.112678429498;4.35324060772033;4.39614975511949;52.7661342411328;52.1897359776734;1706.66735412661;1723.30183777616;19.0319379438588;0.623762376237624;41;41
67;17.4200000000001;0.610000000000014;18.3899999999999;NA;NA;-707.443767581951;-734.768457384124;5.6268116234501;6.8687887013168;37.9009941774217;31.6229590807342;1572.53183600528;1601.06853769828;54.6493796043467;0.752475247524752;41;41
68;15.71;0.469999999999999;16.6399999999999;NA;NA;-713.949831294909;-723.596605256359;4.26836713607873;4.39675746612602;50.0692045354995;48.804476526398;1634.25378929475;1648.33491480634;19.2935479229006;0.613861386138614;38;38
69;15.6100000000001;0.490000000000009;16.5;NA;NA;-618.051743604346;-630.072139575223;4.42624994805593;4.62890366299161;37.7776722147325;36.4825962687898;1389.69863810331;1408.47395513157;24.0407919417542;0.633663366336634;34;34
70;17.2199999999998;0.470000000000013;18.0500000000002;NA;NA;-761.693536853711;-774.067059790071;4.48673184415174;4.59853988651553;54.3730936208976;53.2512951441371;1752.07575650859;1772.1046118401;24.7470458727194;0.574257425742574;45;45
71;15.79;0.629999999999995;16.6799999999998;NA;NA;-686.954885391346;-696.79116554126;4.40415950836785;4.52345272901107;44.8695385319648;43.7907771325862;1558.23581154449;1573.47677249697;19.6725602998283;0.732673267326733;37;37
72;17.0599999999999;0.61999999999999;18.0700000000002;NA;NA;-765.98351090031;-780.060237867648;4.46274784813639;4.75857960550653;55.7476961576027;52.975467752756;1765.16995656069;1781.72666579747;28.1534539346765;0.594059405940594;43;43
73;16.4099999999999;0.589999999999989;17.1399999999999;NA;NA;-735.380459716766;-747.399479574366;4.34567561590457;4.45930618567622;52.7177371463213;51.3089140274932;1691.28897464995;1709.43364641431;24.0380397152003;0.376237623762376;43;43
74;15.0599999999999;0.5;15.8800000000001;NA;NA;-621.352533480701;-633.346886073289;4.18759502616004;4.43547501829515;39.2355141167474;37.4961896852722;1401.6418127762;1418.58479494033;23.9887051851751;0.356435643564356;33;33
75;16.5799999999999;0.530000000000001;17.5;NA;NA;-630.927828430151;-657.328326409033;4.27820902883554;5.33301180661882;42.0374863353324;34.965625138095;1435.65400756189;1459.2173416227;52.8009959577635;0.138613861386139;39;39
76;15.0300000000002;0.590000000000003;16.0699999999997;NA;NA;-618.178705321425;-626.242141612335;4.29891325138599;4.39014090503111;38.3569089511071;37.7074531921366;1392.30760219274;1405.79394004994;16.1268725818204;0.98019801980198;34;34
77;17.5300000000002;0.700000000000003;18.5999999999999;NA;NA;-710.897645424585;-733.036411288313;4.39920541417842;5.00482500908487;48.8318689151249;44.0866962612462;1624.30226324967;1648.90144620606;44.2775317274559;0.108910891089109;40;40
78;15.46;0.659999999999997;16.3700000000003;NA;NA;-680.334943328297;-692.998217342157;4.22974901555362;4.3502789639791;48.6035400394423;47.245042867888;1561.61470599547;1581.32472962005;25.3265480277184;0.0099009900990099;39;39
79;15.7600000000002;0.390000000000001;16.3600000000001;NA;NA;-678.885779989278;-689.191446434176;4.38257982518926;4.54988769483039;45.4318291268978;44.0639719031169;1545.01330889513;1559.98718487925;20.611332889795;0.712871287128713;38;38
80;19.2999999999997;0.77000000000001;20.4200000000001;NA;NA;-688.259694547405;-701.910204046382;4.5111453165951;4.77765762848815;45.4941126434857;43.0950506609068;1565.18460339354;1582.5366528049;27.3010189979545;0.574257425742574;40;40
81;17.5900000000001;0.640000000000001;18.6300000000001;NA;NA;-699.473669814918;-715.891001149209;5.02135203716524;5.46373795641972;41.5272848705131;38.4418606604688;1570.09698507319;1590.21544774849;32.8346626685804;0.821782178217822;38;38
82;16.23;0.469999999999999;17.1799999999998;NA;NA;-693.608013599612;-707.672870567467;4.36971094047078;4.62263321750009;46.6069056804194;44.682617147473;1580.4960218417;1600.64566347034;28.1297139357112;0.346534653465347;40;40
83;15.5900000000001;0.590000000000003;16.3000000000002;NA;NA;-661.478324058203;-679.86094965157;4.23961423724036;4.80346634778332;43.4857717282111;39.2739657878773;1500.38986496326;1519.96985653453;36.7652511867338;0.267326732673267;35;35
84;19.3600000000001;0.670000000000002;20.6799999999998;NA;NA;-738.911366681181;-753.315891537703;4.58482896104074;4.90256851732645;51.1997087811674;48.7363092372671;1692.00059486312;1710.50478818353;28.809049713044;0.128712871287129;43;43
85;18.1600000000003;0.579999999999998;19.2600000000002;NA;NA;-777.577783705019;-793.241419426034;4.45867330877791;4.71420547809523;57.4701124645918;54.9078642268476;1796.22429358801;1816.80375382286;31.3272714420298;0.376237623762376;44;44
86;16.4300000000003;0.530000000000001;17.1000000000004;NA;NA;-709.755228541851;-717.636634452902;4.29288845386055;4.42415408861584;49.4217505935783;48.2482205427329;1623.83805824975;1634.74906742817;15.7628118221014;0.871287128712871;39;39
87;15.73;0.639999999999986;16.8599999999997;NA;NA;-685.918640581633;-697.546737594036;4.32675102059655;4.44620205015757;45.1670691169953;44.01330252126;1557.38559067439;1575.90206070129;23.2561940248063;0.405940594059406;37;37
88;18.27;0.599999999999994;19.0599999999999;NA;NA;-784.983398241164;-800.98143527698;5.35612877966512;5.68095113817825;49.4868676403754;46.9417944505632;1778.10442160145;1799.39613076295;31.9960740716324;0.683168316831683;45;45
89;16.7800000000002;0.680000000000007;17.9700000000003;NA;NA;-791.925791566283;-802.706827464793;4.39120802854545;4.47753799480988;60.0594308543056;58.8907647811634;1837.11654492058;1853.75046198574;21.5620717970196;0.663366336633663;46;46
90;16.75;0.539999999999992;17.7200000000003;NA;NA;-675.408344972073;-684.884734953808;4.45343272629086;4.64146982014705;43.5510272085426;42.0620666455712;1529.72622810981;1542.5622924929;18.95277996347;0.722772277227723;37;37
91;17.3799999999997;0.640000000000001;18.2600000000002;NA;NA;-724.563117784395;-744.643532548412;4.5889023575507;5.07651655953956;48.9529220532223;44.8597091445856;1652.73960610724;1675.8752440491;40.1608295280348;0.277227722772277;41;41
92;16.1900000000001;0.540000000000006;16.9500000000003;NA;NA;-705.407989198729;-715.649142495034;4.33741832441521;4.44099116865608;47.8586331631021;46.7665787532203;1608.05950449865;1624.0410418828;20.4823065926105;0.603960396039604;38;38
93;16.23;0.579999999999998;17.1800000000003;NA;NA;-745.737772388516;-764.136583253062;4.26661959384612;4.53443161732021;55.4868849477196;52.8924780768171;1722.93464095547;1748.90990222904;36.7976217290914;0.0297029702970297;42;42
94;15.8200000000002;0.560000000000002;16.6099999999997;NA;NA;-660.103313366288;-670.006605912046;4.38998416250787;4.45316641044027;42.2638719536508;41.6170635288661;1493.82847441283;1510.97794200386;19.8065850915143;0.940594059405941;37;37
95;16.5099999999998;0.660000000000011;17.73;NA;NA;-701.959306298888;-721.759363885013;4.30351458300396;4.73844451855889;50.4425861322206;46.7304660313811;1614.33582030492;1638.45112380941;39.600115172251;0.099009900990099;42;42
96;15.5100000000002;0.489999999999995;16.4500000000003;NA;NA;-674.849026969548;-685.616144440817;4.26817980857542;4.41397914503963;45.3327755402161;44.1488512524087;1537.12033601291;1553.75979473274;21.5342349425366;0.534653465346535;39;39
97;19.6900000000001;0.640000000000001;20.8900000000003;NA;NA;-686.298949387743;-693.278895575954;4.94468572297502;5.01223167931616;39.4675152638361;38.8435167327305;1535.25845472077;1546.6466131712;13.959892376422;0.95049504950495;38;38
98;17.0700000000002;0.510000000000005;18.5900000000001;NA;NA;-714.549331011478;-746.292757933075;4.53424726150992;5.80272241166301;47.7787311668307;39.1741772514661;1627.82813689173;1655.52545762427;63.486853843194;0.099009900990099;41;41
99;15.8600000000001;0.620000000000005;16.98;NA;NA;-646.017613677932;-658.789837511731;4.23634262277929;4.54476482316473;41.9261701582776;39.7859124668979;1464.26978118519;1481.02195597971;25.5444476675971;0.405940594059406;37;37
100;15.3099999999999;0.47999999999999;16.1100000000001;NA;NA;-691.51273429495;-701.580101495749;4.19935093883995;4.24578422406868;48.7839900572614;48.0947183595881;1584.716334332;1602.00136731983;20.1347344015971;0.831683168316832;39;39
101;17.4299999999998;0.519999999999996;18.2199999999998;NA;NA;-717.925100224893;-734.469653914453;6.66892540683664;7.17911702458521;32.2443983540688;29.9538946511013;1568.74156002316;1592.39063543602;33.0891073791199;0.544554455445545;38;38
102;15.5599999999999;0.719999999999999;16.3899999999994;NA;NA;-666.214346069252;-675.22583068747;4.34033834633829;4.41103493292573;44.5126274203642;43.7447591330648;1515.88206320532;1530.74035684285;18.0229692364355;0.900990099009901;38;38
103;16.98;0.600000000000009;18.2200000000003;NA;NA;-726.450567906144;-741.768905794815;4.45364275399808;4.68486940610289;50.7177258922336;48.6746820333914;1665.0627736491;1687.15301869361;30.6366757773421;0.287128712871287;43;43
104;16.3699999999999;0.390000000000001;17.0500000000002;NA;NA;-664.545703829801;-678.936411306848;4.41146493668948;4.76496486029863;46.011286812204;43.5801450882831;1520.46942551232;1539.13881977588;28.7814149540943;0.326732673267327;41;41
105;15.5900000000001;0.620000000000005;16.3800000000001;NA;NA;-693.449023077886;-703.129239924987;4.32044379047702;4.4045302418833;46.8677238501197;45.9074794783671;1580.05766024316;1595.46056374301;19.3604336942019;0.792079207920792;38;38
106;15.9200000000001;0.539999999999992;16.5699999999997;NA;NA;-739.561757378052;-750.959352510816;4.43071875747582;4.51869422970654;54.3950536930906;53.3664509337714;1707.90455978369;1726.37353289861;22.7951902655277;0.594059405940594;45;45
107;15.4699999999998;0.389999999999986;16.3100000000004;NA;NA;-687.459005317534;-695.543051976375;4.21969915280576;4.31128795193501;46.8061087439801;45.8362441749398;1567.19956713242;1579.38341407861;16.168093317682;0.831683168316832;37;37
108;22.1700000000001;0.840000000000003;23.1400000000003;NA;NA;-682.273931647747;-740.346709593986;5.40811686742997;9.19886997699221;37.5432973087951;22.024504454858;1519.76559206544;1571.75077972422;116.145555892479;0.168316831683168;39;39
109;16.9900000000002;0.409999999999997;17.4799999999996;NA;NA;-717.049296790629;-738.196907047094;6.42103460359649;7.47885453130275;32.9580848498101;28.4638330709791;1570.35937624289;1594.07371538323;42.2952205129291;0.554455445544555;39;39
110;15.8600000000001;0.590000000000003;16.9800000000005;NA;NA;-672.412035584639;-697.313066582026;4.23640858889773;5.06586568629515;46.5354953808275;40.027873009;1537.80792552694;1560.62271602623;49.8020619947733;0.0693069306930693;40;40
111;17.2800000000002;0.609999999999985;18.2300000000005;NA;NA;-737.118437788147;-765.957012497062;4.37158396710746;5.18979006815537;54.1734000464395;47.0223962811046;1701.47694840495;1729.15792599233;57.6771494178306;0.0297029702970297;44;44
112;17.3600000000001;0.47999999999999;17.8800000000001;NA;NA;-804.32158976218;-817.929497151308;4.51481631389269;4.7721232750787;59.3189412133273;56.515009102454;1858.13368351919;1873.55639442202;27.2158147782557;0.693069306930693;45;45
113;16.3400000000001;0.530000000000001;17.0099999999993;NA;NA;-785.076420905123;-801.276231483447;4.39080761432043;4.63832447285956;61.0098651611924;58.5341844439748;1827.42569553116;1849.38560433412;32.3996211566482;0.0396039603960396;46;46
114;13.9099999999999;0.5;14.46;NA;NA;-596.624231457681;-608.419173576978;4.19846506342821;4.37710788615201;36.5790961489951;35.1033659149984;1341.42448756152;1359.0364264011;23.5898842385927;0.277227722772277;33;33
115;16.4399999999996;0.469999999999999;17.25;NA;NA;-763.932528910889;-777.871796907696;4.59372998898055;4.76965544890762;52.5444922065323;50.9483973084706;1748.27238365921;1769.45581244955;27.8785359936135;0.415841584158416;44;44
116;16.3499999999999;0.519999999999982;17;NA;NA;-655.993948724429;-676.586290389118;4.16098794293745;4.64561461273621;46.1869466247795;41.6629008100525;1501.72590868687;1524.32561252822;41.1846833293766;0.0198019801980198;37;37
117;16.8899999999999;0.259999999999991;17.25;NA;NA;-811.509412405208;-819.825925584954;4.39991888204203;4.43437063420885;63.6431594678699;62.6638082927257;1892.08039396741;1904.5730576211;16.6330263594932;0.772277227722772;47;47
118;20.4200000000001;0.780000000000001;21.5;NA;NA;-679.468861323885;-716.984465304207;4.90745624451612;6.68238854273302;40.6083525247333;30.072665661739;1526.3001003789;1557.90975846634;75.0312079606449;0.316831683168317;38;38
119;15.3600000000001;0.469999999999999;15.9200000000001;NA;NA;-705.37934103402;-715.775876957561;4.3018138392685;4.42631157372231;48.3002256381824;47.1418119401682;1610.44948868449;1626.45325442181;20.7930718470811;0.673267326732673;39;39
120;15.1399999999999;0.669999999999987;16.0299999999997;NA;NA;-700.202352874874;-708.83737193935;4.33724466503428;4.38344050094422;48.2919112980491;47.6361597397192;1601.26868723892;1615.8112112701;17.2700381289526;0.574257425742574;41;41
121;14.8699999999999;0.550000000000011;15.8099999999995;NA;NA;-661.344183502803;-673.074701243539;4.46076516298339;4.67086340402054;42.5791813963282;41.0073169281318;1498.72628330427;1515.68865590377;23.461035481472;0.732673267326733;39;39
122;21.3699999999999;1.01999999999998;22.75;NA;NA;-732.618777112455;-762.756840713776;5.06317690538759;6.33185868214747;44.9454671020919;36.4431400416955;1652.18243234949;1677.09422587037;60.2761272026432;0.376237623762376;41;41
123;15.5;0.490000000000009;16.25;NA;NA;-653.885521399453;-664.082376708471;4.35686145040262;4.53360821835727;42.5751087092675;40.9592138816538;1482.08820762871;1495.86588804618;20.3937106180356;0.732673267326733;36;36
124;15.4899999999998;0.469999999999999;16.0700000000006;NA;NA;-704.397547617187;-716.869431647987;4.4515994871425;4.6527646113346;47.3747892220954;45.5913853881494;1605.25952198309;1622.80747008114;24.9437680615997;0.306930693069307;40;40
125;15.5;0.580000000000013;16.3599999999997;NA;NA;-614.796279212967;-645.523242580123;4.47326548953233;5.76402211053768;38.1463081502886;30.2741338364991;1385.77668776992;1414.9992204097;61.4539267343132;0.0594059405940594;36;36
126;20.5;0.5;21.25;NA;NA;-755.50300205959;-774.036068719814;5.61844463790085;6.36097022694964;40.3040913794834;35.6497454949534;1678.1480714195;1695.9125168357;37.0661333204471;0.782178217821782;40;40
127;17.0500000000002;0.860000000000014;18.0199999999995;NA;NA;-764.748902072629;-773.788139718813;5.76280537766539;5.91635710509688;41.6150020025271;40.580303678177;1702.59004189741;1716.364822855;18.0784752923685;0.891089108910891;41;41
128;17.1800000000003;0.579999999999984;17.9800000000005;NA;NA;-751.893013151266;-766.945629954301;5.03869467955388;5.37669609017503;47.4715220522543;44.7004079189162;1702.36819243934;1720.88134255154;30.1052336060691;0.96039603960396;43;43
129;15.9399999999996;0.349999999999994;16.4499999999998;NA;NA;-673.92065051876;-686.267743608016;4.35353177813234;4.64442905670398;44.7372473888128;42.8195900434738;1532.22041593949;1549.0112109919;24.6941861785115;0.495049504950495;38;38
130;16.6400000000003;0.509999999999991;17.3900000000003;NA;NA;-785.937258713518;-800.905883664293;4.47920334876581;4.69987835779783;56.8125322416749;54.7960069410085;1810.82327497859;1832.27918817232;29.9372499015508;0.108910891089109;45;45
131;17.8099999999995;0.590000000000003;18.8600000000006;NA;NA;-686.391489788216;-761.187999521623;5.00517262817174;10.058782213216;40.4425605821912;21.1090065174242;1540.4992820972;1609.91557299762;149.593019466813;0.207920792079208;40;40
132;16.4099999999999;0.5;16.9700000000003;NA;NA;-723.457118132176;-742.362899377368;4.35105161740657;4.69831784174108;50.8914309027737;47.5930405062925;1659.20376398035;1683.25635512584;37.8115624903826;0.0792079207920792;42;42
133;15.9499999999998;0.379999999999995;16.5900000000001;NA;NA;-693.441065776358;-707.269579697584;4.26319327417394;4.51028262347879;48.8988493784702;46.5783724258196;1590.27059376908;1608.27589677532;27.657027842452;0.425742574257426;41;41
134;14.4400000000005;0.449999999999989;15.0699999999997;NA;NA;-621.556005179017;-631.359305420085;4.2168114871396;4.38182714192284;39.1671736979362;37.8109708176754;1401.77192014766;1415.88476128178;19.6066004821346;0.405940594059406;33;33
135;15.3599999999997;0.640000000000015;16.1599999999999;NA;NA;-674.401501466767;-691.046500163224;4.31685583105051;4.81510549673777;44.9501258667471;41.0539982747278;1534.05947054793;1551.29205272443;33.2899973929145;0.336633663366337;38;38
136;16.8699999999999;0.530000000000001;17.5600000000004;NA;NA;-730.734045225256;-750.268513702017;4.48058119867214;5.0857752704663;51.8245749278452;47.0210422991372;1678.25988273731;1697.23475332684;39.0689369535228;0.336633663366337;43;43
137;16.4499999999998;0.609999999999985;17.25;NA;NA;-758.455967389983;-774.186693765952;4.35000437188107;4.7508881036844;54.6509685980941;51.2655456714904;1744.88407286105;1762.22350503981;31.4614527519382;0.257425742574257;42;42
138;14.6400000000003;0.469999999999999;15.2799999999997;NA;NA;-653.104778229982;-662.07354750556;4.24368035438311;4.29883553543218;42.7785736196984;41.9802603442471;1480.75722177227;1495.43743529766;17.9375385511555;0.98019801980198;35;35
139;14.7200000000003;0.469999999999999;15.3799999999992;NA;NA;-678.641467201069;-687.630981309209;4.33669549318356;4.39906919457907;45.9249827500459;45.0544286767886;1547.15361777952;1561.53345690724;17.9790282162799;0.712871287128713;39;39
140;16.2200000000003;0.549999999999983;16.9300000000003;NA;NA;-725.639981424419;-740.783273152832;4.45448307623444;4.69039690288237;50.353550374987;47.9275600075316;1660.71906638758;1680.91505555722;30.2865834568249;0.732673267326733;41;41
141;15.21;0.310000000000002;15.7400000000007;NA;NA;-680.327423871057;-688.109456877896;4.29354801609443;4.38204716512722;45.2821482843478;44.3399271084459;1546.67590754188;1558.36928746076;15.5640660136783;0.851485148514851;37;37
142;16;0.510000000000019;17.0500000000002;NA;NA;-722.677799473144;-721.572937566904;5.49226081644846;5.04152815597352;39.1298174569779;42.2634033998528;1607.13258254202;1617.87824964681;-2.20972381248112;1;39;39
143;18.6100000000006;0.780000000000001;19.5500000000002;NA;NA;-594.154285340986;-632.76935555502;4.80186056778753;7.21250124231552;31.8759495872989;21.9073209602313;1317.43290640717;1354.28173847496;77.2301404280668;0.188118811881188;33;33
144;16.9399999999996;0.450000000000017;17.6600000000008;NA;NA;-813.952813310028;-823.997862652419;4.35997351960438;4.42337431519329;64.5770910663984;63.5726679338364;1901.59532396733;1917.42849099694;20.090098684781;0.554455445544555;48;48
145;15.5100000000002;0.680000000000007;16.3000000000002;NA;NA;-684.629937787372;-700.551143801282;4.28415617791299;4.78992933296032;46.0787029978665;42.3756885866235;1558.55321722534;1575.18348293652;31.8424120278189;0.217821782178218;37;37
146;16.04;0.5;16.7800000000007;NA;NA;-794.312642357287;-803.936525402679;4.28070407442728;4.32130018113825;62.0827503685259;61.1730295374305;1849.04255044007;1864.47432883699;19.2477660907844;0.841584158415842;44;44
147;14.7799999999997;0.569999999999993;15.5500000000002;NA;NA;-592.221021294718;-601.354420975565;4.29732833673322;4.50198555662336;36.0305028913058;34.6038631428975;1329.8414451732;1342.35110681893;18.266799361694;0.623762376237624;32;32
148;15.0299999999997;0.629999999999995;15.8099999999995;NA;NA;-693.331895927545;-702.548128658453;4.22662417603392;4.32646425684706;48.6379775698892;47.5298803108166;1587.75098854608;1601.6021744683;18.4324654618158;0.633663366336634;39;39
149;16.7299999999996;0.469999999999999;17.4099999999999;NA;NA;-710.547524395265;-728.323337538583;4.70009337603118;5.26393993744178;47.617063653458;43.398278233296;1621.89172027257;1639.65312588894;35.5516262866352;0.475247524752475;46;46
150;16.9699999999993;0.439999999999998;17.5699999999997;NA;NA;-764.327384374472;-780.296701644349;4.61897693176499;5.00961150856224;52.06810711454;48.5399930116931;1745.22535008466;1762.48924869458;31.9386345397538;0.930693069306931;41;41
151;13.5299999999997;0.710000000000008;14.3100000000004;NA;NA;-585.049585961615;-594.025363209151;4.16874328693285;4.18550551468714;33.6417901175623;33.2414371543615;1305.3249947494;1321.66729900302;17.9515544950732;0.97029702970297;31;31
152;21.4399999999996;0.780000000000001;22.7199999999993;NA;NA;-711.719487294409;-770.534060954682;4.57742344737535;7.65997696599799;46.4269493009509;28.7954591759905;1616.54588699553;1660.83912337586;117.629147320548;0.168316831683168;41;41
153;17.8300000000008;0.349999999999994;18.3900000000003;NA;NA;-786.83036498781;-799.782599686519;4.46927620271993;4.64954651266063;57.7028444798795;55.7547023752617;1815.70569246252;1833.43832931197;25.9044693974188;0.594059405940594;44;44
154;15.7300000000005;0.539999999999992;16.3800000000001;NA;NA;-724.365478576959;-733.803418434607;4.35276152292751;4.47961848692187;50.912705284512;49.615199458141;1660.49579347849;1673.97486492331;18.8758797152968;0.752475247524752;41;41
155;16.0299999999997;0.389999999999986;16.4399999999996;NA;NA;-716.520860161842;-729.084160802312;4.31116980252412;4.43058999976493;50.9153665097173;49.6880885030708;1644.81762567154;1664.83952224763;25.1266012809401;0.306930693069307;41;41
156;15.2200000000003;0.419999999999987;15.7600000000002;NA;NA;-605.394824006727;-616.074619648265;4.26257931189819;4.33088501618014;39.8710012543781;39.0427979143993;1374.03526518967;1392.00390663129;21.3595912830758;0.425742574257426;36;36
157;14.96;0.530000000000001;15.6899999999996;NA;NA;-640.65190985102;-650.533770277047;4.19068028068738;4.25454359025294;43.5076888637638;42.5322353754967;1460.03532203832;1475.79183699252;19.7637208520543;0.287128712871287;37;37
158;15.6599999999999;0.739999999999981;16.5799999999999;NA;NA;-682.029606234137;-693.914386258343;4.37547276839163;4.49462826745635;45.5547331567358;44.3609857674427;1552.39914854664;1571.23332007637;23.7695600484117;0.435643564356436;39;39
159;15.6399999999994;0.5;16.2000000000007;NA;NA;-708.509537819716;-718.737393065726;4.30242786027749;4.39264194027031;48.9053173144026;47.7211348558267;1619.21155265814;1634.77141955503;20.4557104920193;0.207920792079208;39;39
160;14.5700000000006;0.469999999999999;15.4200000000001;NA;NA;-651.830739651556;-658.1067042506;4.42857090043295;4.38193061342569;41.0381152196372;41.1735505565802;1470.51282641001;1483.61540390892;12.5519291980886;0.97029702970297;34;34
161;16.54;0.5;17.1799999999994;NA;NA;-709.657571721467;-723.086689663644;4.35899472125194;4.61498936450712;48.6057844928103;46.5675443010011;1620.88453813267;1639.29014135236;26.8582358843528;0.287128712871287;40;40
162;17.1900000000005;0.590000000000003;18.0300000000007;NA;NA;-731.700526448591;-750.097294063974;4.5367813011656;5.16534109178594;50.2524111502565;45.2696843795273;1672.41948086484;1688.48800623496;36.7935352307663;0.653465346534653;41;41
163;15.3699999999999;0.54000000000002;16.0700000000006;NA;NA;-670.640373206519;-686.706071865208;4.23138401064323;4.5786144696956;45.5935996458972;42.8988440473095;1529.78137077947;1550.77166239794;32.1313973173778;0.0495049504950495;39;39
164;15.6200000000008;0.420000000000016;16.5;NA;NA;-705.697424588211;-714.358756703787;4.33288820181209;4.48588575319341;48.7348764780256;47.1676841493543;1613.49959153291;1624.32307027927;17.3226642311515;0.841584158415842;40;40
165;14.9099999999999;0.449999999999989;15.6300000000001;NA;NA;-632.240407328721;-643.553904260056;4.1361732265579;4.19670142607493;44.754669825381;43.8100812937533;1447.72185369104;1466.4813766357;22.626993862669;0.0396039603960396;36;36
166;14.25;0.54000000000002;15.1100000000006;NA;NA;-576.219703759766;-586.54205646076;4.11298901153222;4.1773171572482;36.4973996763484;35.7190358103449;1299.72295015591;1317.22660472519;20.6447054019875;0.306930693069307;32;32
167;15.3299999999999;0.509999999999991;16.1600000000008;NA;NA;-693.946342678746;-704.611116199795;4.24856508700242;4.39618690614099;48.4051866484612;46.9852869168057;1588.01743919736;1603.47660118468;21.3295470420981;0.316831683168317;39;39
168;18.4700000000003;0.639999999999986;19.3599999999997;NA;NA;-643.818215761928;-665.143421958775;4.53485439221338;5.37812796805746;39.3043721322458;33.5615631139084;1447.43878605104;1466.74028449586;42.6504123936934;0.465346534653465;34;34
169;15.0500000000002;0.599999999999994;15.7799999999997;NA;NA;-654.469691939413;-664.694112366157;4.27899454416677;4.45165284144112;43.1180229893696;41.7785242273635;1486.07012163858;1501.01624257374;20.4488408534871;0.475247524752475;37;37
170;16.0500000000002;0.469999999999999;16.6400000000003;NA;NA;-707.46451821945;-720.462895226633;4.37813124781883;4.58047514663398;48.8137987976392;46.9854643078182;1618.55188824222;1636.92189137799;25.9967540143648;0.663366336633663;42;42
171;16.8099999999995;0.609999999999985;17.6800000000003;NA;NA;-734.126029607909;-743.619586364321;4.27240211656523;4.33548206885894;52.8554837738616;51.9356320988207;1688.09763229388;1703.25874130902;18.9871135128255;0.792079207920792;41;41
172;16.7700000000004;0.480000000000018;17.4900000000007;NA;NA;-775.5186644877;-785.447700581001;4.54124855023142;4.63125638931092;56.0451163971575;54.9024683098282;1786.75839968855;1801.8105896162;19.8580721866019;0.881188118811881;45;45
173;14.9799999999996;0.759999999999991;16.1899999999996;NA;NA;-642.45129856824;-663.796431128956;4.23960188094522;5.04733612047346;41.212868444928;36.1225271512959;1452.46444985249;1474.45858169561;42.6902651214323;0.099009900990099;34;34
174;13.9299999999994;0.680000000000007;14.7799999999997;NA;NA;-578.705034836055;-586.363876685801;4.18942843631658;4.26257660159318;36.2013372956088;35.4161198104767;1304.5962126642;1316.72138631627;15.3176836994905;0.930693069306931;34;34
175;15.3799999999992;0.699999999999989;16.1800000000003;NA;NA;-734.009882211169;-745.815139573089;4.38681166905915;4.50705442081782;52.234538830709;50.8558318160156;1686.52651161998;1704.36963963259;23.6105147238397;0.316831683168317;43;43
176;21.3399999999992;0.580000000000013;22.3400000000001;NA;NA;-740.175827418372;-769.42817889547;4.73719400221175;5.7590681160861;48.19831794873;40.016510911528;1680.82634685114;1705.29987785347;58.5047029541959;0.346534653465347;41;41
177;16.9700000000003;0.530000000000001;17.8599999999997;NA;NA;-627.314895414915;-640.111706314102;4.35310772455561;4.50581522436356;38.4652206715093;37.082729251234;1410.44620201248;1430.43957382301;25.593621798374;0.128712871287129;33;33
178;17.3400000000001;0.469999999999999;19.2200000000003;NA;NA;-659.81875257249;-666.885986550624;4.17262464631451;4.19792906761543;44.429225669372;43.7919072451536;1500.92025854308;1512.45430218421;14.1344679562676;0.96039603960396;35;35
179;19.1099999999997;0.480000000000018;21.7699999999995;NA;NA;-808.042313939657;-817.116205672583;4.37590209775439;4.43614440458582;62.3225476708774;61.2549317582544;1878.20804934651;1891.86552960288;18.1477834658519;0.673267326732673;45;45
180;16.75;0.460000000000008;18.3400000000001;NA;NA;-597.41703870337;-615.818724261959;4.20359294352276;4.82259773539159;36.0912228770355;32.3501875422788;1339.31387556651;1361.14119469687;36.8033711171786;0.0495049504950495;30;30
181;17.8800000000001;0.650000000000006;19.79;NA;NA;-727.468292960079;-741.248350448674;4.24507244710468;4.37644690913547;55.6408337965243;53.7211541203939;1687.69249563818;1707.22223509981;27.5601149771901;0.0396039603960396;43;43
182;16.8299999999999;0.72999999999999;18.5799999999999;NA;NA;-645.451584253417;-657.940882798337;4.32481687401567;4.54069516016076;41.6266233690877;40.0351417060196;1461.90717093134;1480.34789124562;24.9785970898406;0.168316831683168;37;37
183;16.96;0.5;17.5900000000001;NA;NA;-655.381740299939;-669.266134513507;4.21421779424915;4.44002833821447;45.6573324005262;43.6766861336502;1500.10557128218;1519.66057048084;27.768788427135;0.0198019801980198;40;40
184;19.3100000000004;0.509999999999991;20.2399999999998;NA;NA;-801.707726898682;-814.703217019516;4.63921498423158;4.81146253258583;58.1594164669567;56.5823242764468;1849.29362808497;1868.617200501;25.9909802416687;0.534653465346535;47;47
185;16.1999999999998;0.689999999999998;17.1499999999996;NA;NA;-656.756628038643;-668.385792911951;4.25638855080951;4.35001089142242;43.4893250914127;42.4045463018622;1490.96097156676;1509.79312276008;23.2583297466165;0.425742574257426;35;35
186;17.4399999999996;0.599999999999994;18.2799999999997;NA;NA;-711.28775384119;-722.753382051175;4.84162255678373;4.96515207664606;43.2901375057921;42.4535515748592;1600.99053549874;1620.47390492324;22.9312564199704;0.752475247524752;38;38
187;17.3699999999999;0.599999999999994;18.25;NA;NA;-681.814112175522;-693.196077810952;4.45160013235104;4.739041990475;45.4304925085376;43.3072372930371;1551.45450412811;1565.44012140491;22.7639312708588;0.485148514851485;39;39
188;17.2699999999995;0.579999999999984;18.4800000000005;NA;NA;-697.305246311382;-709.766247105871;4.53511349567854;4.72951719654926;49.8588376650917;47.9801514237976;1603.75235731014;1620.79387146566;24.922001588978;0.495049504950495;44;44
189;15.7699999999995;0.549999999999983;16.54;NA;NA;-639.428926262769;-651.74387077451;4.26751838683386;4.44530376621183;42.0105072976198;40.4205359675755;1451.43886703828;1469.53708380079;24.6298890234823;0.207920792079208;37;37
190;15.8299999999999;0.530000000000001;16.6399999999994;NA;NA;-623.055133648708;-637.174863225596;4.1423742374812;4.40110391112694;40.1281386508384;38.1501911568748;1409.26186319675;1429.45945195497;28.2394591537768;0.0198019801980198;34;34
191;17.3000000000002;0.689999999999998;18.2200000000003;NA;NA;-696.797260768589;-711.311155092804;4.44932029237308;4.73836594874245;46.5809517926578;44.2540167374325;1586.17722096632;1605.58460863355;29.0277886484309;0.198019801980198;39;39
192;20.1000000000004;0.590000000000003;22.4700000000003;NA;NA;-737.415201908002;-747.075868653332;4.24022420983644;4.3282883064849;53.2651349961969;52.3335440805892;1695.7222406886;1711.1802435301;19.3213334906613;0.306930693069307;40;40
193;15.5799999999999;0.509999999999991;16.4399999999996;NA;NA;-642.884511766015;-655.66878893999;4.20965055251911;4.48408422571935;41.0507033581093;39.0306499407305;1453.26653044485;1470.5927434061;25.5685543479503;0.366336633663366;35;35
194;15.0600000000004;0.579999999999984;15.9099999999999;NA;NA;-551.054796428199;-565.465087619509;4.33032210292598;4.89014268070514;28.8199056597186;26.0351139781475;1216.48678782103;1234.25540268996;28.8205823826195;0.584158415841584;28;28
195;16.2799999999997;0.590000000000003;17.1599999999999;NA;NA;-656.918572719052;-666.231506795094;4.26626902073882;4.42443360193038;42.3737348177482;41.0677936480435;1487.32981617019;1500.60871119551;18.6258681520837;0.792079207920792;36;36
196;17.2700000000004;0.609999999999985;18.1700000000001;NA;NA;-768.623385112462;-780.948257404901;4.28852666421539;4.36186445789694;58.3597057609438;57.2022154103602;1781.37622477154;1801.18397290962;24.649744584879;0.237623762376238;43;43
197;15.8600000000006;0.689999999999998;16.8800000000001;NA;NA;-688.367552065958;-700.739755697241;4.29038487145347;4.52212947313133;45.6003801768759;43.8845193056452;1564.67151566688;1582.3442113871;24.7444072625656;0.247524752475248;38;38
198;16.46;0.539999999999992;17.2199999999993;NA;NA;-715.397521153781;-724.476083920766;4.42499758066982;4.46078147979667;49.4799853668955;49.0207913829368;1635.98976971984;1652.24260640511;18.1571255339707;0.712871287128713;40;40
199;20.6900000000005;0.719999999999999;21.7399999999998;NA;NA;-663.164573185143;-720.973020271756;4.27367960278199;7.42043025545764;43.3246384196189;25.5082118355196;1503.71514409389;1546.38544896428;115.616894173226;0.0396039603960396;36;36
200;16.5799999999999;0.549999999999983;17.5100000000002;NA;NA;-661.189969291663;-673.826069049237;4.30090103277168;4.47706411613045;44.5810695953472;42.9535928466132;1507.25874069965;1525.78175374374;25.2721995151478;0.346534653465347;40;40
201;22.8299999999999;0.560000000000002;23.75;NA;NA;-710.477063635916;-732.863645907004;5.95091971669803;6.92829861577366;35.3084109578828;30.5429794016419;1566.9320180863;1592.00314482704;44.7731645421754;0.574257425742574;39;39
202;17.1800000000003;0.569999999999993;18.3600000000006;NA;NA;-731.020853392351;-746.242320008527;4.28766266369829;4.49669735268851;52.1822686739543;50.0488050532971;1679.08712841439;1700.65619466387;30.4429332323521;0.099009900990099;41;41
203;16.2200000000003;0.560000000000002;17.6499999999996;NA;NA;-611.307343558724;-619.135187298893;4.27151656884288;4.38493332910157;35.789363885617;34.9114611275956;1365.88608825777;1378.02736965342;15.6556874803371;0.900990099009901;30;30
204;17.0199999999995;0.530000000000001;18.96;NA;NA;-729.138229155502;-743.502356028735;4.32044625302075;4.49945864972274;52.2102144241939;50.5130727084627;1675.43811668734;1697.10732818408;28.7282537464655;0.0792079207920792;41;41
205;16.3500000000004;0.650000000000006;17.6899999999996;NA;NA;-638.572505682425;-648.182789774026;4.24563789835494;4.35648862180761;42.6263395038259;41.694618346654;1452.82427658472;1468.20486952757;19.2205681832017;0.237623762376238;38;38
206;20.3100000000004;0.639999999999986;22.9099999999999;NA;NA;-681.018524016076;-712.183993567702;5.77819964118304;7.76688355675345;33.9041950842143;26.2009980552733;1500.85250481172;1531.6439010478;62.3309391032521;0.633663366336634;36;36
207;16.0299999999997;0.840000000000003;17.9700000000003;NA;NA;-703.978533216267;-716.783906124024;4.34646744780413;4.44932611232815;50.7259135285693;49.4154235921643;1620.73603682485;1640.84969683193;25.6107458155152;0.0495049504950495;44;44
208;19.3800000000001;0.669999999999987;21.0900000000001;NA;NA;-662.75607341558;-675.887739069076;4.37789779565434;4.72154335021814;42.3277405310741;39.5531833424798;1499.96077276229;1514.78910463287;26.2633313069932;0.425742574257426;38;38
209;20.9300000000003;0.719999999999999;24.0899999999992;NA;NA;-722.240777954581;-780.550128803646;4.9282385587651;7.85298726164942;45.6607063608887;29.6691801602582;1634.40137955521;1684.50538890823;116.61870169813;0.435643564356436;41;41
210;16;0.719999999999999;17.0200000000004;NA;NA;-683.747548736746;-693.819362194849;4.36654052988977;4.52178373733198;44.4198119933325;43.094844462764;1549.36511316332;1564.08386647562;20.1436269162052;0.801980198019802;36;36
211;15.9900000000007;0.560000000000002;17.1000000000004;NA;NA;-638.436909326673;-649.391714335252;4.36886649742466;4.56644549802979;39.639179162212;38.1331113957335;1438.61194108748;1454.37640435949;21.9096100171578;0.603960396039604;35;35
212;18.1400000000003;0.710000000000008;19.2199999999993;NA;NA;-718.251982740533;-775.752503954234;4.56276299406518;7.45389925660262;48.0289862980455;30.7455852135714;1636.27434431683;1679.38730730841;115.001042427402;0.0396039603960396;41;41
213;17.1800000000003;0.580000000000013;18.1599999999999;NA;NA;-824.25363821766;-838.281024974754;4.57113549865117;4.8712795802563;62.426420170126;59.6362017178715;1911.75360917702;1928.04229434107;28.0547735141879;0.534653465346535;46;46
214;17.5699999999997;0.550000000000011;18.4399999999996;NA;NA;-785.445892792572;-796.26056246926;4.79965707214781;4.92121043579155;53.4413764078506;52.334317305309;1796.24903525117;1813.2100106638;21.6293393533754;0.821782178217822;46;46
215;17.6599999999999;0.560000000000002;18.6199999999999;NA;NA;-817.314127369877;-827.202110276416;4.44518069324646;4.51935022088293;61.7326650144433;60.7541320281051;1895.61290502907;1911.25196715953;19.7759658130767;0.831683168316832;47;47
216;16.4200000000001;0.470000000000027;17.1700000000001;NA;NA;-725.532421090145;-738.763736370678;4.46037462196662;4.62607802372706;49.6073117755628;48.1227607814687;1656.78759536956;1677.09375611148;26.4626305610655;0.227722772277228;40;40
217;15.8500000000004;0.689999999999998;16.7100000000009;NA;NA;-696.233651131993;-708.091146644556;4.36806448870456;4.53292127078999;48.3824936435262;46.9664834612166;1593.7080493455;1611.53332850371;23.7149910251253;0.435643564356436;41;41
218;15.6700000000001;0.409999999999968;16.2399999999998;NA;NA;-700.050546448141;-708.800437188103;4.30190012152256;4.38813609541238;48.7309655940309;47.816856270039;1602.18961671978;1615.89856414487;17.4997814799246;0.821782178217822;40;40
219;14.7800000000007;0.5;15.4799999999996;NA;NA;-659.75681764998;-668.697313033932;4.33997250999112;4.40976160962388;42.8972752210371;42.1531824440354;1495.14986083536;1509.98427938796;17.8809907679044;0.762376237623762;36;36
220;16.4499999999998;0.560000000000002;17.2300000000014;NA;NA;-697.875656339905;-715.914092562564;4.36733958744341;4.82562189063165;48.6948766597137;45.3995642724219;1598.29137665921;1620.66182190854;36.0768724453185;0.158415841584158;41;41
221;16.3400000000001;0.689999999999998;17.2400000000016;NA;NA;-763.120893482662;-774.703633454766;4.3482481475521;4.41311448531734;55.3183085891003;54.2949269976805;1756.99768036638;1775.89420597266;23.1654799442078;0.366336633663366;42;42
222;17.2000000000007;0.629999999999995;17.8799999999992;NA;NA;-698.511670638325;-714.745965700253;5.24059858853947;5.88527813506071;39.4564231371549;35.382664305076;1559.63818237314;1575.31727176498;32.4685901238549;0.801980198019802;38;38
223;16.04;0.67999999999995;16.7700000000004;NA;NA;-720.458855245761;-733.711253105643;4.29803058390116;4.46066730085596;52.8905520681864;51.3627826245069;1662.77664667828;1682.8729386056;26.5047957197642;0.178217821782178;44;44
224;15.8799999999992;0.310000000000002;16.2200000000012;NA;NA;-680.824034336002;-691.36600132678;4.35283844651937;4.56482404638692;44.7932994572933;42.9551178899565;1545.04727072896;1558.60505600591;21.0839339815561;0.485148514851485;36;36
225;16.0600000000004;0.629999999999995;16.8299999999999;NA;NA;-753.201393469969;-764.844620756649;4.38604348578731;4.58383569853526;54.1120943999717;52.4935416281662;1733.38570220499;1749.88284598326;23.2864545733587;0.504950495049505;44;44
226;16.0799999999999;0.340000000000032;16.4899999999998;NA;NA;-716.680733624482;-729.021728351118;4.28956319259302;4.54237722309609;49.8890894945252;47.6110838927557;1640.86870561219;1656.07562433981;24.6819894532732;0.435643564356436;41;41
227;15.1100000000006;0.649999999999977;15.8899999999994;NA;NA;-666.686609578879;-676.221726699131;4.27066097561731;4.35498391388514;44.5696063521824;43.5644557012963;1515.8565445662;1530.81134570503;19.0702342405039;0.811881188118812;36;36
228;14.7299999999996;0.420000000000016;15.1900000000005;NA;NA;-608.666103778074;-619.670518299185;4.38817079301434;4.64660711361308;36.1487640312788;34.4499470237672;1363.76502613125;1378.89222120009;22.0088290422207;0.663366336633663;33;33
229;15.9499999999998;0.360000000000014;16.5;NA;NA;-652.415733794171;-668.782408932515;4.78168996071695;5.33404783934388;39.1022895119999;35.5720866523368;1464.92971402223;1483.20919741692;32.7333502766876;0.643564356435644;36;36
230;20.5599999999995;0.720000000000027;21.3999999999996;NA;NA;-733.796754032742;-732.444911527697;6.01670712344193;5.5154563222933;34.829915525761;37.9417808925659;1611.14076167582;1621.26225066535;-2.70368501008988;1;38;38
231;14.4099999999999;0.519999999999982;15.4200000000001;NA;NA;-635.292685945865;-645.194089532431;4.30944805056148;4.41535506689213;40.5502953458373;39.5179987870749;1436.04108444688;1451.63185416772;19.8028071731319;0.801980198019802;35;35
232;15.6099999999997;0.5;16.2399999999998;NA;NA;-666.995112813511;-681.83367532286;4.31728235067535;4.59730565157692;44.6969310774839;42.4630296130219;1518.20318176347;1538.67355404622;29.6771250186998;0.118811881188119;38;38
233;17.0699999999997;0.410000000000025;17.5499999999993;NA;NA;-774.993399353827;-789.430972433257;4.64358471575465;4.83380768073911;55.2898596229209;53.3932224987322;1783.73346548216;1804.59027683454;28.8751461588611;0.485148514851485;47;47
234;16.3900000000003;0.650000000000034;17.2800000000007;NA;NA;-771.312630079783;-788.094415935096;4.53518106904067;4.90529820506507;53.9541368294687;50.7161744727935;1768.32540417103;1788.34397983224;33.5635717106261;0.564356435643564;43;43
235;21.0300000000007;0.699999999999989;22.0299999999988;NA;NA;-685.361907851269;-731.737113861757;5.03740022982633;7.60386131598618;40.2324057884353;27.0282595312664;1536.53677476053;1574.86790660599;92.7504120209751;0.099009900990099;38;38
236;17.5;0.610000000000014;18.3899999999994;NA;NA;-797.466274515327;-832.052608255032;4.6398456418586;5.73189872594011;56.9313552058946;48.1049665773088;1834.38106602873;1866.4306813707;69.1726674794111;0.217821782178218;45;45
237;16.4699999999993;0.639999999999986;17.5799999999999;NA;NA;-702.547241076555;-713.499062603819;4.65578502678585;4.78576436699225;45.9987783792178;44.9830592582347;1596.42047279083;1614.09936306106;21.9036430545273;0.851485148514851;41;41
238;16.5799999999999;0.510000000000048;17.2399999999998;NA;NA;-756.254188669334;-765.862922198051;4.33054417642778;4.41103558989902;56.1980483995178;55.2137026750613;1746.25691720863;1761.38012508142;19.2174670574348;0.891089108910891;41;41
239;23.3900000000003;0.700000000000045;24.369999999999;NA;NA;-810.84263226968;-860.479118490802;4.58733601033169;6.34026793057715;59.4706217914656;43.657909323232;1873.7327973467;1905.98855953367;99.2729724422443;0.0693069306930693;48;48
240;14.6400000000003;0.549999999999955;15.25;NA;NA;-573.004113702438;-590.849588718522;4.17130360974093;4.73878938679113;33.6771347403944;30.5218963300736;1281.37612072398;1304.38434166363;35.6909500321678;0.0495049504950495;31;31
241;15.4899999999998;0.53000000000003;16.2399999999998;NA;NA;-681.35113860999;-692.605226089364;4.30898280494178;4.37741339123232;46.1766601305856;45.2048863168061;1553.01375637762;1571.51688395131;22.5081749587478;0.415841584158416;38;38
242;16.3600000000006;0.5;16.9899999999998;NA;NA;-775.26399955304;-787.28265404563;4.44080690250031;4.55140308634922;56.8733023714699;55.6451745734222;1789.73235073939;1808.60425695376;24.0373089851796;0.564356435643564;45;45
243;17.3000000000002;0.599999999999966;18.2399999999998;NA;NA;-697.219783519596;-719.348364692696;5.7707496269209;6.86212629251238;36.2554441282446;30.9557309351744;1544.791793701;1567.07091389638;44.2571623461995;0.752475247524752;40;40
244;14.9800000000005;0.389999999999986;15.6299999999992;NA;NA;-646.939836664858;-657.504523971759;4.15646631530705;4.26540147687531;43.3345501630915;42.0926861011366;1471.30625314631;1487.35100839103;21.1293746138006;0.0792079207920792;36;36
245;15.3900000000003;0.480000000000018;16.2800000000007;NA;NA;-691.094807396503;-701.717002894108;4.52256312034987;4.53309719875891;46.6922463790933;46.0197768511548;1575.82351943104;1594.27916260316;21.2443909952103;0.643564356435644;40;40
246;15.5900000000001;0.420000000000016;16.2799999999988;NA;NA;-650.34855340515;-658.822949787505;4.27982409271282;4.39818578799972;41.8093335650931;40.6711942084366;1470.68404674753;1483.00543194644;16.9487927647101;0.742574257425743;34;34
247;17.8099999999995;0.579999999999984;18.6700000000001;NA;NA;-749.890628975767;-763.130842296405;5.2589609778788;5.5755039658781;45.7692321274644;43.394901714767;1691.24243015253;1707.79059306822;26.4804266412766;0.95049504950495;43;43
248;16.1399999999994;0.480000000000018;16.7199999999993;NA;NA;-670.146789587783;-683.829833756187;4.35001401659776;4.59940762263978;45.3378247743151;43.4192381051434;1528.31066380177;1547.72032560211;27.3660883368091;0.415841584158416;40;40
249;16.6399999999994;0.659999999999968;17.4499999999989;NA;NA;-684.218632616771;-694.649672866895;4.32125815549997;4.4836840077452;45.6400919335965;44.1766984627986;1555.9287733116;1570.77916897232;20.8620805002488;0.752475247524752;37;37
250;16.8000000000011;0.560000000000002;17.6399999999994;NA;NA;-680.153656166119;-692.244527095124;4.28495335251504;4.45297507526131;47.0751955419812;45.474976585566;1554.93339627281;1572.49924741919;24.1817418580115;0.158415841584158;39;39
