1;10.679999999993;0.360000000000127;11.1399999999994;NA;NA;-717.984268022582;-730.786688497545;4.02608866123252;4.40749177978169;23.7647287039011;21.8200556019746;1529.85118058427;1547.77358358812;25.604840949926;0.0396039603960396;27;27
2;12.4400000000023;0.429999999999836;13.0200000000041;NA;NA;-550.179981520443;-559.705735519273;3.76090562751465;3.78907081297793;16.7399953829781;16.130699223761;1163.09763180766;1179.86563734649;19.0515079976597;0.247524752475248;18;18
3;13.2000000000116;0.389999999999873;13.7700000000041;NA;NA;-560.074673773442;-570.729645094884;3.8409968890709;3.92873376781087;19.8271882176673;18.6673193912129;1195.9852952757;1212.85891791548;21.3099426428842;0.168316831683168;21;21
4;12.3800000000047;0.470000000000255;12.9400000000023;NA;NA;-593.807193373621;-602.930948341365;3.7812200045977;3.86030274440668;18.593474931037;18.0515116588843;1257.29847236132;1273.51482807757;18.2475099354897;0.396039603960396;18;18
5;13.7599999999948;0.550000000000182;14.4499999999971;NA;NA;-681.13434949306;-694.894080989556;4.0037980440553;4.40176361744522;22.6110551626978;20.6805609101663;1450.7236669596;1470.69099202484;27.5194629929931;0.0792079207920792;25;25
6;9.5399999999936;0.389999999999873;10.0899999999965;NA;NA;-508.080952875572;-516.644710384136;3.4007901574339;3.48682045286515;8.27005877913268;7.88101179028431;1044.29000801692;1060.09429743424;17.1275150171285;0.316831683168317;9;9
7;13.1300000000047;0.639999999999873;14.0599999999977;NA;NA;-651.881606239262;-660.439709586108;3.94814340505081;4.09855743357826;18.4169841284989;17.5296146220962;1373.75606245835;1387.49986462017;17.1162066936934;0.465346534653465;20;20
8;12.7299999999959;0.510000000000218;13.3899999999994;NA;NA;-587.876096191089;-597.882364815701;3.82551541028909;4.07311545264917;18.4512586504524;17.2787667363936;1245.87530101111;1261.43183992366;20.0125372492241;0.277227722772277;20;20
9;13.640000000014;0.490000000000236;14.3899999999994;NA;NA;-648.202764606001;-663.512934646911;4.09584854745442;4.75469179850361;26.3409993702516;23.0918532103872;1401.85339074074;1419.46680160411;30.6203400818206;0.267326732673267;30;30
10;10.9100000000035;0.5;11.6800000000076;NA;NA;-446.89836072805;-453.033038370526;3.47009018134303;3.46771318560873;10.1726380560934;10.0181606979356;928.931768572677;940.667577964481;12.2693552849529;0.99009900990099;10;10
11;8.80999999999767;0.300000000000182;9.29999999998836;NA;NA;-402.526232108466;-409.620057941609;3.40206108404722;3.43331086256083;8.64465023966206;8.23297495198757;834.454625977456;847.242088733208;14.1876516662852;0.495049504950495;9;9
12;12.1500000000087;0.5300000000002;13.3400000000111;NA;NA;-563.084779056299;-572.668238238099;3.64119291224857;3.64038624157052;13.394131551835;12.7841512361575;1174.68462628031;1191.6421265505;19.1669183636;0.0297029702970297;14;14
13;9.58000000000175;0.2199999999998;10;NA;NA;-423.729883394397;-431.101033994589;3.41792360484122;3.46543373308145;7.83645371320846;7.71251799252793;874.113092639675;888.433863991387;14.7423012003856;0.99009900990099;9;9
14;11.5999999999913;0.379999999999654;12.2099999999919;NA;NA;-516.440434214847;-524.778384455942;3.79262257695271;4.05110310281755;13.3626290517854;12.5492077308952;1082.17399619177;1095.84928347579;16.6759004821906;0.673267326732673;16;16
15;9.22000000000116;0.579999999999927;9.93999999998778;NA;NA;-387.412200257485;-396.035449778891;3.19857502783982;3.21019534724969;7.25266288204881;6.39952221721314;798.021787649702;812.539546283034;17.2464990428108;0.099009900990099;6;6
16;13.070000000007;0.460000000000036;13.6000000000058;NA;NA;-580.986355555704;-594.209722377889;3.96418139878146;4.64093531569343;19.4028437294214;16.873370110758;1237.06816198756;1253.72499243414;26.4467336443695;0.415841584158416;23;23
17;10.7599999999948;0.449999999999818;11.429999999993;NA;NA;-486.373245466307;-493.926077407882;3.63286041977465;3.65561873206814;11.917470849546;11.4361325415475;1015.91292605495;1029.27512783055;15.1056638831514;0.584158415841584;14;14
18;8.48000000001048;0.440000000000055;8.97000000000116;NA;NA;-444.850054387582;-452.58077362299;3.27688321499379;3.29257132190295;7.13480210512551;6.53699828158173;913.070439657822;926.573747692322;15.4614384708156;0.178217821782178;7;7
19;11.4199999999983;0.559999999999945;12.0500000000029;NA;NA;-581.050517356896;-588.336458154644;3.66386650896335;3.70909259176095;15.0642432467079;14.4745221675582;1216.66543742856;1229.10128219;14.5718815954954;0.326732673267327;14;14
20;13.2299999999959;0.450000000000273;13.9100000000035;NA;NA;-592.751073620201;-601.826056575556;3.86439344706557;4.07270185844687;18.2313302032935;17.0080236189936;1254.32185603827;1267.85407864867;18.1499659107114;0.376237623762376;19;19
21;12.7600000000093;0.420000000000073;13.3500000000058;NA;NA;-605.000381271046;-619.138541875342;4.19621501916408;5.02763809454315;17.7518337695142;15.0201100435795;1277.8987984641;1295.72669625454;28.2763212085915;0.227722772277228;21;21
22;10.8399999999965;0.420000000000073;11.6300000000047;NA;NA;-517.12937469908;-524.644516369667;3.58617366913191;3.65778781146368;10.3727895365433;9.85052632503654;1071.03068680587;1084.20952699801;15.0302833411736;0.861386138613861;12;12
23;13.8399999999965;0.380000000000109;14.3699999999953;NA;NA;-707.546028262471;-716.663153148501;4.09382011223371;4.23497512047924;25.7616262738831;24.8601173286124;1517.78390151733;1532.42452657475;18.2342497720597;0.564356435643564;29;29
24;11.5699999999924;0.480000000000018;12.1900000000023;NA;NA;-562.272817971884;-568.226483946943;3.75763557232286;3.8663874050949;12.9984367238072;12.5418266064997;1172.49530210982;1182.71825437966;11.9073319501167;0.742574257425743;16;16
25;9.44999999999709;0.340000000000146;10.1999999999971;NA;NA;-424.17626981351;-433.189735994318;3.34863299800977;3.47248641739257;6.98689326980317;6.42621356324747;871.704873972664;887.857843263326;18.026932361616;0.277227722772277;8;8
26;11.640000000014;0.369999999999891;12.25;NA;NA;-584.172614461026;-592.490169177682;3.86130831754549;3.93495299429532;17.882247684632;17.1452365411404;1236.30583912618;1250.13997365286;16.6351094333131;0.277227722772277;20;20
27;10.3500000000058;0.449999999999818;10.8799999999901;NA;NA;-449.978229944333;-455.475113670703;3.45434916057164;3.45380065275733;9.59081795955687;9.13803266067253;933.081971583608;942.511874017043;10.9937674527415;0.653465346534653;10;10
28;10.0299999999988;0.420000000000073;10.6100000000006;NA;NA;-505.108780910189;-514.090754418392;3.50424216103903;3.51621117446734;10.2480047639952;9.74707890709676;1046.10128591249;1062.31122464596;17.9639470164052;0.287128712871287;11;11
29;10.8799999999901;0.440000000000055;11.5099999999948;NA;NA;-471.529221630728;-478.112422232776;3.55749342685787;3.61155869624802;10.7346665477341;10.1295245326493;981.113248576391;992.134398088732;13.1664012040949;0.792079207920792;12;12
30;11.9099999999889;0.519999999999982;12.6999999999971;NA;NA;-583.552353100886;-592.463760202874;3.82432237958207;3.95158202084551;16.3870434046384;15.5608526707478;1228.05126308536;1242.80131551552;17.8228142039759;0.405940594059406;17;17
31;13.0500000000029;0.539999999999964;13.7200000000012;NA;NA;-582.341194152008;-593.585369627864;3.88280118984337;4.23367304196075;18.8959167762624;17.6211343589802;1237.39588506677;1254.97873774233;22.4883509517103;0.217821782178218;22;22
32;13.8699999999953;0.630000000000109;14.6600000000035;NA;NA;-707.078172614008;-715.927751888284;5.10097202801559;5.33839224745528;22.6733356177782;21.672178489623;1504.1397254331;1517.8656043537;17.699158548553;0.732673267326733;28;28
33;12.9499999999971;0.489999999999782;13.5399999999936;NA;NA;-603.491388227759;-614.389036565929;3.85596250390849;4.0373915470726;18.8450204442695;17.8190295531363;1279.06208339863;1296.93312259902;21.7952966763403;0.0396039603960396;21;21
34;12.0800000000017;0.289999999999964;12.4900000000052;NA;NA;-568.980531744382;-579.767639180729;4.05022767854005;4.46520756169843;20.4224894492942;18.7228963028616;1217.85431204252;1232.7796794265;21.5742148726954;0.712871287128713;25;25
35;11.6699999999983;0.429999999999836;12.1000000000058;NA;NA;-465.457853140768;-472.376496251136;3.59488806772364;3.59579881082043;12.4180613558809;11.7400659268139;975.435198491316;986.841830573889;13.8372862207347;0.613861386138614;13;13
36;13.179999999993;0.539999999999964;14.0699999999924;NA;NA;-600.50126060257;-619.367965154998;3.92798930154569;5.34466563537585;19.1639205210244;14.9026791063619;1274.74732487181;1296.08302395925;37.7334091048556;0.217821782178218;22;22
37;11.9700000000012;0.529999999999745;12.6100000000006;NA;NA;-505.530910087726;-513.170343078139;3.65726306961994;3.68196028067129;14.7068992533015;14.1896124617669;1064.83921790052;1078.22656772643;15.2788659808255;0.237623762376238;15;15
38;13.1900000000023;0.529999999999745;14.0400000000081;NA;NA;-600.556013365431;-623.942009009141;3.96530267764051;5.87947838633261;20.2050964141012;14.4568746754715;1279.31246200583;1303.83692559998;46.7719912874193;0.0495049504950495;23;23
39;13.3399999999965;0.580000000000382;14.0900000000111;NA;NA;-629.239542175398;-639.52342596277;3.96910721639007;4.25255631653809;21.2133497971987;20.2385561846066;1340.58179516109;1357.37678762773;20.567767574744;0.653465346534653;23;23
40;12.929999999993;0.659999999999854;13.6699999999983;NA;NA;-570.152174724532;-579.891322993892;3.97385211217901;4.68310616736921;14.3002454097756;12.3905138494486;1193.4897044149;1205.86534306105;19.4782965387196;0.693069306930693;17;17
41;12.5299999999988;0.550000000000182;13.2900000000081;NA;NA;-617.671106794969;-629.292603540791;3.91455510324126;4.09038934478259;18.3893588274175;17.2165322574908;1305.67868487838;1324.43579698959;23.2429934916447;0.247524752475248;21;21
42;10.5300000000134;0.390000000000327;11.1999999999971;NA;NA;-536.1195527459;-545.843277419027;3.63748256713785;3.74839268963787;11.8066013620075;11.0657898822946;1114.56647707553;1131.35807298743;19.447449346254;0.148514851485149;13;13
43;10.820000000007;0.460000000000036;11.5200000000041;NA;NA;-507.926433867279;-517.717225442996;3.6611814026626;3.92741520216893;12.8329215434467;12.005559208972;1062.77785946329;1079.33410106873;19.5815831514344;0.405940594059406;15;15
44;12.820000000007;0.440000000000055;13.4000000000087;NA;NA;-580.449853699669;-592.121119146386;3.86937790708452;4.12274926834643;17.6488218423698;16.3174665710811;1227.97319407418;1246.25597418959;23.3425308934343;0.099009900990099;20;20
45;12.3000000000029;0.559999999999945;13.2299999999959;NA;NA;-612.019385791873;-622.38120375706;3.91321240493132;4.01655794536505;21.5981255932191;20.7330999214178;1308.09029649624;1325.44758813486;20.7236359303752;0.128712871287129;24;24
46;12.1699999999983;0.609999999999673;13.0299999999988;NA;NA;-501.310359310339;-509.945771643275;3.66819240587528;3.7586582535407;12.7926421582031;12.3345029622383;1048.95712378054;1064.56851616172;17.2708246658707;0.792079207920792;14;14
47;9.42999999999302;0.509999999999764;10.3299999999872;NA;NA;-433.958550060252;-441.911068040774;3.28718495388658;3.30736660018145;7.27599470268554;6.99542301509854;891.749913027826;906.735925156309;15.9050359610443;0.0099009900990099;7;7
48;12.2699999999895;0.450000000000273;12.9900000000052;NA;NA;-560.508294321356;-569.107927269893;3.65215154881075;3.73954092794131;12.9361722853377;12.1539028682742;1167.87287625073;1182.23867332995;17.1992658970742;0.544554455445545;14;14
49;10.0500000000029;0.299999999999727;10.5599999999977;NA;NA;-491.371962092708;-500.513436473006;3.51358319288615;3.63315571921821;10.0563146697151;9.45211597071922;1017.9564391385;1034.12376637951;18.282948760597;0.158415841584158;11;11
50;9.38999999999942;0.340000000000146;10.070000000007;NA;NA;-472.10669879746;-480.55318715699;3.4575987255146;3.49305703787599;9.21541553604946;8.82350292121711;976.042315253499;991.581673755556;16.8929767190608;0.118811881188119;10;10
51;10.5899999999965;0.440000000000055;11.2200000000012;NA;NA;-472.194108750219;-480.727048379874;3.62859242350229;3.65604103732285;9.65498210910084;9.24145266370197;978.195453357162;993.813345728838;17.0658792593086;0.405940594059406;11;11
52;12.3699999999953;0.75;13.5;NA;NA;-622.122319118027;-629.810271241441;3.82658532799854;3.90517407947531;17.732262916159;16.8876759213351;1311.63523864239;1323.80133120609;15.3759042468271;0.514851485148515;20;20
53;12.3800000000047;0.389999999999873;12.9700000000012;NA;NA;-552.103690037097;-562.52441026814;3.89867629404575;4.3795918535572;17.6476466413099;16.0796176987388;1171.27640045472;1186.1586233937;20.8414404620862;0.237623762376238;20;20
54;12.1600000000035;0.400000000000091;12.6700000000128;NA;NA;-514.364964114131;-522.094189378713;3.84253509293043;4.08880088858181;14.1058897195756;13.0305874771413;1081.19243711162;1092.65163239581;15.4584505291637;0.524752475247525;17;17
55;11.9200000000128;0.409999999999854;12.4200000000128;NA;NA;-466.49895105215;-473.981696101355;3.66993445213155;3.70531829415619;13.7166615814931;13.237048682836;983.154386664596;996.366119348822;14.9654900984112;0.762376237623762;15;15
56;12.1499999999942;0.579999999999927;13.0500000000029;NA;NA;-616.88115272553;-624.325703688605;3.87426965273895;3.94905014737138;18.6290011574921;17.8107483091678;1305.01537182185;1316.77478235892;14.8891019261494;0.693069306930693;21;21
57;11.5299999999988;0.480000000000018;12.1600000000035;NA;NA;-512.544494096913;-523.908087489884;3.74318754681579;4.15918249626537;13.1249417797548;11.7979389064056;1073.08178409537;1090.95663864775;22.7271867859406;0.0891089108910891;15;15
58;13.0800000000017;0.4699999999998;13.7700000000041;NA;NA;-541.498071243306;-547.576323002946;3.71440433112968;3.84733807368939;14.3945501312656;13.8434157358114;1135.63140122809;1145.77262109894;12.1565035192812;0.940594059405941;15;15
59;12.6699999999983;0.580000000000382;13.4799999999959;NA;NA;-612.189462832018;-624.407090755611;3.92771943108462;4.42535241310407;20.2518544221883;18.2656842440505;1303.19128552109;1319.89713765277;24.4352558471871;0.099009900990099;24;24
60;13.5800000000017;0.639999999999873;14.6100000000006;NA;NA;-642.959753404237;-656.434043367401;4.092912267227;4.41517826032328;23.7666804720576;21.6671528883495;1379.80986181456;1398.46425061853;26.9485799263284;0.237623762376238;27;27
61;10.8499999999913;0.420000000000073;11.5;NA;NA;-470.343640697314;-478.656228489969;3.71942232555306;3.771370370091;11.8221222857613;11.4551008954561;983.508353172298;998.804135530376;16.6251755853096;0.455445544554455;14;14
62;13.3899999999994;0.420000000000073;13.9700000000012;NA;NA;-560.127451705798;-570.858277975088;3.94693223769831;4.15457088379929;19.9330518605387;18.8545452317987;1197.40243589082;1214.68990949524;21.4616525385791;0.0792079207920792;23;23
63;12.5299999999988;0.510000000000218;13.4099999999889;NA;NA;-522.818589248153;-533.598566154423;3.83221906390902;4.06783871918843;17.4133677174001;16.3225668572679;1111.36923875405;1128.81163248108;21.5599538125402;0.346534653465347;19;19
64;11.9799999999959;0.4699999999998;12.8799999999901;NA;NA;-589.453292562873;-597.98087781101;3.64336517819168;3.74375124787846;14.1153624262568;13.2073982284707;1229.51100312344;1243.31106770006;17.0551704962736;0.188118811881188;13;13
65;12.0799999999872;0.559999999999945;12.6999999999971;NA;NA;-578.994910235019;-586.937739291926;3.74230974880167;4.10109318683083;14.858031131169;13.6658633707729;1213.24968749752;1224.70144509435;15.8856581138141;0.574257425742574;17;17
66;13.1399999999994;0.4699999999998;13.9499999999971;NA;NA;-511.977790345476;-526.013283143598;3.74235800408033;4.83705026800538;14.3020836568837;11.4279854084325;1076.71424324385;1094.18302686228;28.0709855962436;0.0891089108910891;16;16
67;13.1399999999994;0.429999999999836;13.6299999999901;NA;NA;-605.117716559898;-614.209177592454;3.94234428832554;3.96772691785619;17.9556000037694;17.5003067889992;1278.01431429695;1294.47859344853;18.1829220651107;0.534653465346535;19;19
68;11.6399999999994;0.309999999999945;12.0600000000122;NA;NA;-523.534446973938;-531.090442653871;3.66658574740982;3.71402843751676;14.2881489870697;13.7935931086671;1099.31508518089;1112.61867847451;15.1119913598652;0.623762376237624;15;15
69;11.9199999999983;0.449999999999818;12.5200000000041;NA;NA;-459.162274172289;-469.364829618758;3.62035655150425;3.82124780621585;11.2205530229177;10.318592003859;958.101839880771;975.309464309708;20.405110892938;0.366336633663366;12;12
70;12.5299999999988;0.510000000000218;13.1800000000076;NA;NA;-525.473981476774;-535.526951330984;3.68073040104619;3.91291954326346;12.9979945435229;12.1338015935242;1098.02817781347;1115.00391234831;20.10593970842;0.227722772277228;14;14
71;10.2599999999948;0.4399999999996;10.7799999999988;NA;NA;-456.951064415369;-466.458893962331;3.56828260959151;3.89343357954032;9.42290016818795;8.63080655718289;947.306671934889;963.514328747236;19.0156590939233;0.267326732673267;12;12
72;13.3899999999994;0.440000000000055;13.9200000000128;NA;NA;-682.15071697924;-693.783625849412;4.04125327624162;4.40178094489152;20.4384071211411;19.0656692381841;1443.40485917573;1461.35772528419;23.2658177403453;0.346534653465347;23;23
73;13.0699999999924;0.360000000000127;13.9600000000064;NA;NA;-632.807096510911;-643.951443911721;3.95619866783335;4.05114704887158;22.7869834490357;21.8448219492133;1355.2042573695;1373.78871858602;22.2886948016194;0.0495049504950495;26;26
74;11.5800000000017;0.360000000000127;12.1399999999994;NA;NA;-534.18780540166;-542.661171194942;3.67822426137036;3.75124860184777;13.4488214239773;12.7473112184552;1117.5527083134;1131.93429053158;16.9467315865647;0.108910891089109;15;15
75;10.5599999999977;0.480000000000018;11.25;NA;NA;-480.865779443319;-490.011766541932;3.58981888605;3.69871057204024;11.9807811886767;11.4057479511399;1004.20388847681;1020.4573477554;18.2919741972258;0.336633663366337;12;12
76;10.1499999999942;0.329999999999927;10.8400000000111;NA;NA;-474.446061911112;-482.804739581823;3.58553370377368;3.83279633525353;12.0992106519788;11.3340400279402;992.268517200258;1006.24269011893;16.7173553414229;0.287128712871287;13;13
77;12.7299999999959;0.489999999999782;13.25;NA;NA;-643.867305382456;-651.377639190079;3.96267650852056;4.02941652054471;21.204529641691;20.222882421241;1371.1030469298;1382.26423758341;15.0206676152468;0.257425742574257;26;26
78;12.0800000000017;0.490000000000236;12.6699999999983;NA;NA;-527.694785986738;-535.108337674391;3.63003319854867;3.79022061250867;13.0548775888298;12.3535261065757;1102.19208844198;1114.50480483242;14.8271033753065;0.188118811881188;13;13
79;12.8099999999977;0.449999999999818;13.7700000000041;NA;NA;-541.225672894169;-550.232364661579;4.18320009287671;4.50309617783855;14.4370546980081;13.3684069966906;1135.70790024174;1149.77917122748;18.013383534819;0.821782178217822;16;16
80;14.25;0.4399999999996;15.2300000000105;NA;NA;-566.277200225688;-579.503099546399;3.90722846385946;4.50517588446924;15.0916626188695;13.1246401155024;1188.22572461454;1207.42141435751;26.4517986414226;0.207920792079208;16;16
81;13.3399999999965;0.539999999999964;14.2100000000064;NA;NA;-643.055575710989;-650.235982066881;3.98741197603233;4.07097724271953;20.2936029618337;19.5558367548929;1364.65413643863;1376.15954884291;14.3608127117832;0.801980198019802;23;23
82;9.94999999999709;0.409999999999854;10.6900000000023;NA;NA;-465.752487377866;-474.69835600275;3.44074578116815;3.46404089947199;8.19547158107487;7.65457300415147;959.379391238771;975.431425664962;17.8917372497679;0.118811881188119;9;9
83;12.4600000000064;0.569999999999709;13.25;NA;NA;-579.678980424205;-588.102486471733;3.83924289500522;3.90668764659593;19.1438086864804;18.4756538779226;1232.11307211345;1246.42079444464;16.8470120950556;0.356435643564356;20;20
84;12.8000000000029;0.710000000000036;13.75;NA;NA;-508.559965291285;-523.456784151194;4.04543669994493;4.77658175682671;16.8785378573782;14.3952331882589;1081.26599053938;1101.62194997555;29.7936377198191;0.138613861386139;20;20
85;10.8399999999965;0.289999999999964;11.25;NA;NA;-451.342968321277;-462.019698704014;3.58268975589254;4.06456453210186;10.5031237170342;9.29635552399726;939.919913727271;956.995334886944;21.3534607654742;0.0594059405940594;12;12
86;13.6600000000035;0.5;14.3600000000006;NA;NA;-615.149424943091;-624.984953070718;3.86216390173625;4.0047536248237;17.5393771962909;16.7885680303574;1296.50657130229;1313.34346967734;19.6710562552548;0.0891089108910891;19;19
87;12.5899999999965;0.440000000000055;13.25;NA;NA;-481.712857741397;-488.82984336868;3.84474506877179;3.90465395528756;13.4712592524567;13.0461807031338;1012.22014895603;1024.91443734895;14.2339712545649;0.623762376237624;14;14
88;11.7700000000041;0.420000000000073;12.3399999999965;NA;NA;-471.480475302833;-481.942880536413;3.61247349350834;3.66482718619917;11.8602297467451;11.0195950999883;985.480583154137;1003.39166816649;20.9248104671587;0.099009900990099;13;13
89;10.179999999993;0.379999999999654;10.6399999999994;NA;NA;-448.053566378922;-457.92807285817;3.41774126734433;3.42409624110141;8.64860656352169;7.90567077108154;925.522750756719;942.744892443226;19.7490129584979;0.0891089108910891;9;9
90;12.2700000000041;0.619999999999891;13.0699999999924;NA;NA;-599.521270236509;-610.124573134564;3.91820334079581;4.24436726692331;17.0693286168396;15.5896637985146;1263.91369140625;1279.49690322391;21.2066057961101;0.425742574257426;20;20
91;9.39000000001397;0.2800000000002;9.86000000000058;NA;NA;-446.52700670815;-455.561495982793;3.35427587441938;3.39091036256189;7.82930552670138;7.27816636918639;919.221947187941;935.448850099278;18.0689785492874;0.0594059405940594;8;8
92;12.0599999999977;0.639999999999873;12.8000000000029;NA;NA;-586.234891409606;-596.216286858035;3.77559600556628;4.04895379916168;15.6405945179694;14.5633021914779;1230.64015315049;1246.59628729814;19.9627908968585;0.099009900990099;17;17
93;10.8899999999994;0.720000000000255;11.9199999999983;NA;NA;-486.852156175487;-495.708479925824;3.65669593333879;3.67443363432864;14.2563387968543;13.7772699057177;1025.34239324294;1041.31979872209;17.7126475006741;0.168316831683168;14;14
94;11.3000000000029;0.529999999999745;12.1300000000047;NA;NA;-523.053116252288;-530.101438945981;3.65048077123773;3.79603171419051;13.6431351469597;13.0706484920655;1095.52322001993;1107.54625361846;14.0966453873859;0.376237623762376;14;14
95;11.0800000000017;0.440000000000055;11.6300000000047;NA;NA;-454.63596401962;-463.411345101916;3.68606295547686;3.69024069220834;12.5291235746302;12.081042161073;955.08604901842;970.998352118661;17.5507621645917;0.227722772277228;15;15
96;6.13999999999942;0.230000000000018;6.41999999999825;NA;NA;-309.544681779095;-315.704394068235;2.99132328129908;3.30494596205849;3.55404252297215;2.98029129498926;629.736323445841;640.336942953461;12.3194245782792;0.633663366336634;4;4
97;13;0.490000000000236;13.7100000000064;NA;NA;-603.659597799529;-613.587717836321;3.7952245757975;4.01174361188441;18.8461734823267;17.678982728204;1277.95033750831;1293.43221395487;19.8562400735836;0.297029702970297;18;18
98;11.6900000000023;0.429999999999836;12.2999999999884;NA;NA;-546.303887761008;-555.596466769429;3.70012599056052;3.80181925845643;12.5758631451049;11.9179506153472;1138.59280489104;1154.7722332451;18.5851580168412;0.108910891089109;15;15
99;11.5600000000122;0.470000000000255;12.1299999999901;NA;NA;-511.663302496312;-517.210070793563;3.61679117966054;3.69781474353485;11.9034592909249;11.5433928516064;1066.00121804088;1075.80389492864;11.0935365945028;0.940594059405941;13;13
100;11.2699999999895;0.480000000000018;12.0500000000029;NA;NA;-491.72665771717;-498.582483349899;3.65690083239207;3.65480399291954;12.1093902014415;11.8151503423358;1027.31490428157;1039.96078530527;13.7116512654579;0.891089108910891;14;14
101;14.4099999999889;0.429999999999836;14.9899999999907;NA;NA;-634.512349492518;-657.058304580424;4.47389403068282;6.27366973947522;22.3246887256431;16.8098486918483;1358.39453087047;1381.40952285261;45.0919101758125;0.524752475247525;30;30
102;12.2000000000116;0.539999999999964;12.8199999999924;NA;NA;-533.388051949788;-546.673367884211;3.81457898252529;4.52071274612458;15.4764250005592;13.3232225389788;1124.33589631364;1142.89835531895;26.5706318688467;0.198019801980198;17;17
103;9.60000000000582;0.480000000000018;10.1100000000006;NA;NA;-428.662963369697;-434.258985907113;3.34179547909452;3.34222829401139;7.23193103120968;7.07613793801712;881.497252231848;892.168589137758;11.1920450748322;0.415841584158416;8;8
104;12.4199999999983;0.639999999999873;13.2199999999866;NA;NA;-546.102042013189;-555.945611824028;3.78472979455471;3.86043497345614;17.9901758533715;17.29250926061;1160.11348227906;1177.16706684927;19.6871396216784;0.0198019801980198;19;19
105;10.5099999999948;0.430000000000291;11.1000000000058;NA;NA;-439.146056152966;-448.753617409457;3.46039701707441;3.5985049726541;9.92502237564918;9.18799365126068;912.049072422929;928.757414768309;19.2151225129807;0.0495049504950495;9;9
106;13.2199999999866;0.380000000000109;13.6200000000099;NA;NA;-594.17741608354;-601.042391410697;4.09041376340879;4.29469183269334;20.3250841776091;19.4944391674819;1267.45217381969;1277.94957637807;13.7299506543127;0.97029702970297;24;24
107;11.6600000000035;0.599999999999909;12.25;NA;NA;-598.399397659859;-606.3732214566;3.80349171742645;3.88717151117388;13.791173064804;12.8410669166139;1247.6727702866;1260.1155908308;15.9476475934828;0.386138613861386;16;16
108;9.13999999999942;0.360000000000127;9.65000000000873;NA;NA;-429.205323301069;-437.197826498593;3.49545843186957;3.68602402689352;5.60169691224094;5.26767300531595;876.327477150861;891.24411982803;15.9850063950494;0.445544554455446;6;6
109;12.4700000000012;0.650000000000091;13.2699999999895;NA;NA;-618.420082790261;-624.55362094767;3.76842870225758;3.78234910352537;17.2625488414593;16.7861243300739;1301.53624503028;1312.017791391;12.2670763148183;0.831683168316832;18;18
110;12.1100000000006;0.509999999999764;12.8400000000111;NA;NA;-530.601036632105;-539.847828501673;3.71078202634761;3.7707655387138;14.5668497585959;14.0327760651223;1114.93742604986;1131.46087631416;18.4935837391358;0.247524752475248;16;16
111;10.179999999993;0.5;10.8399999999965;NA;NA;-483.091595878523;-488.377771364946;3.45590463550336;3.48650125414206;8.71802858776545;8.29272273290499;996.294195756773;1005.39759234757;10.5723509728456;0.702970297029703;10;10
112;11.4200000000128;0.349999999999909;11.9799999999959;NA;NA;-490.706032358414;-499.698560114805;3.54755419611769;3.58764479304855;11.9319110134455;10.9764232903152;1023.71114765831;1038.30896248478;17.9850555127819;0.0099009900990099;12;12
113;12.5899999999965;0.440000000000055;13.4600000000064;NA;NA;-540.950414746635;-549.790761241734;3.73197067110895;3.77908106102563;15.1659917019915;14.3980706932262;1137.84634468401;1152.69426964259;17.6806929901973;0.504950495049505;16;16
114;10.1699999999983;0.619999999999891;10.8899999999994;NA;NA;-439.521899815765;-448.654020930096;3.47687563335653;3.68844489509665;9.05558090415936;8.41408110495472;910.320668029008;926.36924844546;18.2642422286633;0.534653465346535;10;10
115;10.8600000000006;0.550000000000182;11.7200000000012;NA;NA;-485.199877434279;-493.056130144467;3.64066132253802;3.86396306825386;10.8815229723959;10.1829739331341;1008.97517185083;1022.21129409025;15.7125054203755;0.485148514851485;12;12
116;12.8800000000047;0.579999999999927;13.6399999999994;NA;NA;-516.569475312689;-532.853812093736;3.94842428652427;4.96575893535151;15.1026612089292;12.1925060342939;1089.30864382355;1111.0538922252;32.5686735620936;0.0297029702970297;17;17
117;12.8500000000058;0.580000000000382;13.4499999999971;NA;NA;-676.667776977731;-684.926394830105;3.92342310084099;4.07489858044221;22.9489601760351;21.9636412459989;1442.64400295149;1455.32675967623;16.5172357047493;0.524752475247525;24;24
118;12.4899999999907;0.429999999999836;13.0800000000017;NA;NA;-566.769125102177;-576.666690074176;3.75438337975106;3.90988223994236;15.0256003835132;14.2645072796884;1189.42133941523;1206.38581815507;19.7951299439994;0.0297029702970297;17;17
119;14.4199999999983;0.590000000000146;15.1900000000023;NA;NA;-737.321501364605;-755.055071959807;4.1141704082807;4.72254911763159;29.5085375691261;26.1402304691022;1593.72332049815;1615.59781654731;35.4671411904033;0.0198019801980198;32;32
120;14;0.4699999999998;14.8000000000029;NA;NA;-716.157861391116;-727.990660237795;4.06208230980873;4.28497003578624;27.0954665276359;25.6103033279151;1540.78385500084;1558.50407145674;23.6655976933575;0.0693069306930693;30;30
121;8.97999999999593;0.420000000000073;9.49000000000524;NA;NA;-391.072639511224;-396.567914723125;3.44291773288803;3.77318187511157;6.55618801075233;6.10113541518277;804.058064655183;813.52769012046;10.9905504238023;0.910891089108911;8;8
122;12.5899999999965;0.419999999999618;13.1000000000058;NA;NA;-585.279312329959;-595.981808039844;3.85267248504045;3.98285399802959;18.005874586086;17.1050086073291;1239.42832766225;1257.38764516569;21.4049914197708;0.257425742574257;21;21
123;12.2100000000064;0.699999999999818;13.070000000007;NA;NA;-510.970092230597;-520.769582438938;3.81249650590617;4.01758690229584;15.7859040562555;14.6996685085167;1080.65098883065;1096.21005094331;19.5989804166828;0.495049504950495;17;17
124;12.7300000000105;0.559999999999945;13.5200000000041;NA;NA;-574.217148975824;-581.269266198872;3.82590175315181;3.83303277389819;14.610887236662;14.2672211486303;1201.86061715796;1214.70819868339;14.1042344460966;0.722772277227723;15;15
125;13.8199999999924;0.480000000000018;14.4499999999971;NA;NA;-648.790870750381;-660.752411114503;3.942294730969;4.20816140195127;22.9483213228393;21.2959153729593;1387.35610245167;1404.81493308967;23.9230807282433;0.0792079207920792;25;25
126;13.1300000000047;0.440000000000055;13.7299999999959;NA;NA;-613.828117601259;-623.67786157063;4.09590709349223;4.2411463800219;20.3276696937414;19.49562909055;1306.76363868076;1323.22514741683;19.6994879387412;0.485148514851485;24;24
127;13.2900000000081;0.470000000000255;13.8399999999965;NA;NA;-636.049260288639;-646.444032883647;4.0767818648121;4.30056147786545;22.3804349719664;21.3826599050498;1359.6512970591;1376.53752323309;20.7895451900145;0.920792079207921;25;25
128;9.05000000000291;0.429999999999836;9.60000000000582;NA;NA;-401.71180100321;-408.919182337554;3.19815515839351;3.33242899257927;6.45987134120323;6.01385342859309;824.085273282132;837.073463344854;14.4147626686888;0.663366336633663;6;6
129;10.3399999999965;0.539999999999964;11.2600000000093;NA;NA;-403.316541243762;-409.630581760436;3.48652106235762;3.50970063210101;7.96982957465675;7.43304523981177;833.74004596914;844.542417528296;12.6280810333479;0.465346534653465;9;9
130;13.9799999999959;0.379999999999654;14.5300000000134;NA;NA;-703.024145032108;-719.932835913775;4.01309466304129;4.89487273756535;22.2189066403132;18.8320036060223;1492.96916399658;1513.53690317261;33.8173817633335;0.168316831683168;25;25
131;9.5;0.470000000000255;10.0599999999977;NA;NA;-398.213398194608;-404.680924254111;3.23621385895289;3.225853962518;6.16661275520442;5.73940414516037;816.150490392217;827.719130797946;12.9350521190066;0.326732673267327;6;6
132;13.0999999999913;0.5600000000004;13.75;NA;NA;-573.822818796226;-583.872423807255;3.91626496834656;4.1797097242622;16.8032587137206;15.5826162049225;1211.07465558724;1226.56617867339;20.0992100220576;0.287128712871287;19;19
133;12.4199999999983;0.629999999999654;13.4000000000087;NA;NA;-615.938500768875;-622.960655031105;3.76021413894386;3.84283378822786;17.0981283136062;16.3898600929743;1295.95687050603;1307.34675195285;14.0443085244606;0.752475247524752;18;18
134;11.9200000000128;0.579999999999927;12.5500000000029;NA;NA;-526.888848159444;-534.477334630705;3.69705329604683;3.80497395433208;12.7598622635996;12.1966213799667;1099.99536897153;1113.13221936049;15.1769729425218;0.693069306930693;14;14
135;12.8899999999994;0.640000000000327;13.8600000000006;NA;NA;-590.353839646026;-599.846530880453;3.7649708584098;3.80360741808475;16.5616939594731;15.9282046394983;1242.30379508094;1258.93310928772;18.9853824688548;0.386138613861386;17;17
136;10.8399999999965;0.510000000000218;11.6100000000006;NA;NA;-439.097292971234;-447.274173666079;3.50775947538899;3.55128711538437;10.9844236091344;10.6582460179643;916.133441028755;931.360624929799;16.3537613896897;0.267326732673267;10;10
137;11.1100000000006;0.340000000000146;11.820000000007;NA;NA;-489.91826858863;-498.437277942639;3.67504227455593;3.73757734285264;12.3326847430012;11.9179553744469;1024.04994912676;1039.60113825942;17.0380187080199;0.336633663366337;13;13
138;10.9899999999907;0.470000000000255;11.5500000000029;NA;NA;-543.082502059103;-552.531491107449;3.72525885858376;3.78475867422864;14.6799958444485;14.0491432502029;1140.31773917527;1156.88857809847;18.8979780966927;0.336633663366337;16;16
139;12.9099999999889;0.519999999999982;13.679999999993;NA;NA;-607.913534753249;-616.463401125074;3.77869442546429;3.86496477103061;19.1556655852431;18.4244846265098;1288.13596373999;1302.47563124992;17.0997327436489;0.148514851485149;19;19
140;11.5800000000017;0.390000000000327;12.1399999999994;NA;NA;-430.19219504532;-438.669748656302;3.46064362304161;3.48432874233654;10.7271200597887;10.317895550658;897.434550201279;912.976246041626;16.955107221965;0.148514851485149;10;10
141;12.7800000000134;0.579999999999927;13.7200000000012;NA;NA;-585.522003716355;-593.261637557976;3.92654692926359;4.18486316056316;21.2076444061129;19.8641800345264;1253.5759310685;1263.82695667073;15.4792676832415;0.425742574257426;24;24
142;12.4199999999983;0.529999999999745;13.3099999999977;NA;NA;-527.132597969316;-539.72476333452;3.72061313843403;4.17524702767875;14.8505698042999;13.2427948622668;1109.0471577716;1128.3006005515;25.1843307304077;0.0495049504950495;16;16
143;11.1100000000006;0.329999999999927;11.5899999999965;NA;NA;-416.772133610503;-425.457832789393;3.56407779765877;3.67868202700919;10.630516407469;10.1409966621887;871.229856287472;886.86588834192;17.3713983577807;0.415841584158416;12;12
144;12.5399999999936;0.549999999999727;13.4100000000035;NA;NA;-665.202976423709;-672.392190790509;3.89339257253473;3.9518452532767;19.1267568116064;18.67991923496;1402.60572210971;1415.29742631132;14.3784287336002;1;19;19
145;11.6900000000023;0.349999999999909;12.0899999999965;NA;NA;-474.225245314391;-484.351753980539;3.73688707853182;3.95379223317285;15.1569597550974;14.0094571751627;1004.82213053271;1020.80736571937;20.253017332297;0.366336633663366;17;17
146;13.3899999999994;0.519999999999982;14.0599999999977;NA;NA;-677.37106206559;-688.291441353863;3.98838479803539;4.26424758221132;23.8125276094718;22.2959451935263;1448.36425211424;1464.24236466802;21.8407585765456;0.267326732673267;26;26
147;13.1100000000006;0.550000000000182;13.7599999999948;NA;NA;-636.183043228917;-648.690875072711;3.94333054803701;4.20805550643971;21.7395544935084;20.2959731752633;1356.50538424855;1375.93390867544;25.0156636875879;0.0099009900990099;23;23
148;12.4400000000023;0.5;13.1999999999971;NA;NA;-571.031288822883;-576.994647132375;3.77186861072634;3.8417352360291;15.9127098350434;15.1338842624257;1201.24499702345;1210.27511198636;11.9267166189829;0.851485148514851;17;17
149;13.3699999999953;0.639999999999873;14.4799999999959;NA;NA;-547.669458965074;-557.46777975875;3.88455314264174;3.96191142402732;19.1059061618034;18.3812280338869;1168.86047617447;1185.66847927805;19.5966415873527;0.445544554455446;22;22
150;12.8499999999913;0.510000000000218;13.4400000000023;NA;NA;-635.029721213309;-646.317362770336;3.96297227885338;4.19360389057005;19.6307109443245;18.4680621094016;1346.03681512215;1364.11226101199;22.5752831140535;0.435643564356436;23;23
151;14.1399999999994;0.5;14.7799999999988;NA;NA;-638.612713192976;-651.943086932178;3.97461393590132;4.76535495228474;18.3430729365196;15.6574389647544;1346.93738048533;1363.39150703302;26.6607474784039;0.297029702970297;20;20
152;13.3400000000111;0.480000000000018;14.0199999999895;NA;NA;-606.195192552913;-617.331734534489;3.82066119289584;4.0549715370216;17.5134626973598;16.277646154871;1278.02683222118;1295.66835881975;22.2730839631517;0.148514851485149;18;18
153;14.1699999999983;0.529999999999745;14.9100000000035;NA;NA;-695.599000229794;-706.396279214662;4.12461265508467;4.35403207312384;26.0453186681461;24.5966454787158;1495.0207094381;1510.84051852234;21.5945579697354;0.306930693069307;29;29
154;11.8000000000029;0.460000000000036;12.3699999999953;NA;NA;-562.491658654043;-573.632218611935;3.75788999095094;3.89413246141362;16.0883709858389;15.0403383268956;1184.33137848791;1202.74643226088;22.2811199157841;0.178217821782178;16;16
155;12.359999999986;0.480000000000018;12.8899999999994;NA;NA;-528.049539876897;-538.556079507715;3.71741864213902;3.84072635641974;16.027736807629;15.1459735292301;1115.2234687594;1132.98382957996;21.0130792616346;0.0198019801980198;16;16
156;11.3300000000017;0.429999999999836;11.9700000000012;NA;NA;-518.415524051877;-526.275992747799;3.65691149524299;3.7545677589072;13.4939243301228;12.9191166246727;1085.70757706663;1099.34649556047;15.7209373918452;0.603960396039604;14;14
157;10.3999999999942;0.470000000000255;11;NA;NA;-482.949698745718;-491.683079378967;3.6756044147108;3.75982522160773;13.3202986343262;12.8782516570908;1014.60653725878;1030.45690504229;17.4667612664969;0.495049504950495;15;15
158;11.1699999999983;0.389999999999873;11.5800000000017;NA;NA;-456.744509228045;-463.55620179202;3.54262353362009;3.62310705375041;10.471313208294;10.1169850026093;950.154664374659;962.537357693457;13.6233851279497;0.891089108910891;11;11
159;12.5;0.609999999999673;13.2899999999936;NA;NA;-563.466865875815;-572.745718749806;4.07795343127713;4.40469853144694;17.3310434072989;15.96619097894;1193.22230920865;1206.5596641798;18.5577057479832;0.623762376237624;21;21
160;11.6100000000006;0.440000000000055;12.179999999993;NA;NA;-599.154273876946;-610.182862489615;3.82227410296805;4.06249619676225;18.5464464152626;17.4393894003361;1268.79341284066;1286.64327387219;22.057177225339;0.0792079207920792;20;20
161;10.25;0.460000000000036;10.7800000000134;NA;NA;-485.316698780662;-490.904619992231;3.45621226250114;3.45962703568929;9.4590296927338;9.30885109671363;1003.30372870834;1013.96087263675;11.1758424231392;0.752475247524752;10;10
162;12.1699999999983;0.309999999999945;12.5599999999977;NA;NA;-592.345169011468;-601.086903624514;3.9419299515132;3.93759500655415;16.985613350848;16.6090237990172;1248.8077091376;1264.86962639769;17.4834692260911;0.415841584158416;19;19
163;12.7100000000064;0.480000000000018;13.3300000000017;NA;NA;-644.147155824667;-653.949348140643;4.00288112045323;4.13960719430826;21.8158112598164;20.7126434653757;1372.24387282703;1387.60315049754;19.6043846319517;0.544554455445545;22;22
164;10.7999999999884;0.550000000000182;11.5299999999988;NA;NA;-535.008504720808;-545.580414139947;3.71208201858144;3.79871078228555;14.4862576080654;13.6054909621264;1123.45506749901;1141.34984435322;21.1438188382788;0.0396039603960396;16;16
165;11.1699999999983;0.5300000000002;11.9900000000052;NA;NA;-440.336074049126;-449.206073815903;3.57950291880856;3.67883619627348;9.85377557026615;9.33076462263632;915.175465765634;931.084125348231;17.7399995335533;0.188118811881188;11;11
166;9.97000000000116;0.550000000000182;10.6100000000006;NA;NA;-446.736903834257;-455.839901077464;3.52609090884225;3.7786939537005;8.53851838972287;7.87641136036052;922.964805409162;938.883963231911;18.2059944864142;0.653465346534653;10;10
167;13.1100000000006;0.449999999999818;14.1100000000006;NA;NA;-691.260782464636;-701.341876487252;4.02253938512494;4.099979302841;25.4531645931309;24.7322916496793;1483.98380978814;1501.27243031162;20.1621880452331;0.247524752475248;29;29
168;9.91999999999825;0.349999999999909;10.4199999999983;NA;NA;-448.789370504759;-457.267353901193;3.52172125892644;3.54329526509619;10.4260134330684;9.74552107059395;934.085768282501;948.658968796061;16.9559667928671;0.396039603960396;11;11
169;12.4899999999907;0.5;13.1899999999878;NA;NA;-555.634785540019;-564.379624823214;3.68422704752555;3.7584213425623;14.2672321211019;13.772456165149;1162.94710883163;1178.64465260094;17.4896785663911;0.603960396039604;14;14
170;12.0899999999965;0.579999999999927;12.9100000000035;NA;NA;-464.728509595884;-475.038177433054;3.67212640623605;4.01111239537841;13.4197296352873;12.0035055883245;978.064806529721;993.554417599427;20.61933567434;0.198019801980198;14;14
171;10.6399999999994;0.510000000000218;11.3600000000006;NA;NA;-469.091186402413;-473.583707333074;3.35327113080777;3.4449849590389;8.06412669380475;7.49903022721334;965.13515074023;972.231467367632;8.98504186132152;0.693069306930693;8;8
172;10.8700000000099;0.320000000000164;11.3799999999901;NA;NA;-453.802283342625;-463.288303302877;3.53485542924537;3.73001705357334;9.75875413759934;9.07093937593964;941.775163696156;958.338797716949;18.972039920504;0.108910891089109;11;11
173;13.570000000007;0.599999999999909;14.4599999999919;NA;NA;-596.218733233153;-609.991228841477;3.90388402785428;4.61701037660686;20.2080341064177;17.1319745698352;1270.64927158644;1286.28889052659;27.5449912166473;0.0594059405940594;23;23
174;13.5899999999965;0.470000000000255;14.6600000000035;NA;NA;-604.620881462719;-617.395943104834;3.96331301174736;4.53662476460101;18.377386967211;16.4000139708548;1279.08412582495;1297.11933947346;25.55012328423;0.356435643564356;20;20
175;12.7599999999948;0.559999999999945;13.4899999999907;NA;NA;-603.541786444771;-616.083594125556;4.06699404975499;4.71566584699816;14.7695884872839;12.9214291702776;1262.83588319412;1280.94305829652;25.0836153615692;0.168316831683168;19;19
176;12.1700000000128;0.610000000000127;13.0299999999988;NA;NA;-545.107293482189;-554.50533970745;3.88107366147983;3.94508161981744;16.5160052879937;15.9263034156091;1151.64077782255;1168.24365592548;18.7960924505228;0.752475247524752;17;17
177;12.9100000000035;0.579999999999927;13.8499999999913;NA;NA;-622.268617796831;-630.007117595964;4.00761955483548;3.98162103325675;19.1098910517372;18.6718744332813;1318.07412811812;1331.86559319878;15.4769995982651;0.920792079207921;22;22
178;11.8300000000017;0.429999999999836;12.3300000000017;NA;NA;-539.604395855469;-548.685622148014;3.66227556079288;3.81452828181823;14.0722764960031;13.4729464486097;1130.66562139261;1146.6365576171;18.1624525850909;0.465346534653465;15;15
179;8.22000000000116;0.25;8.5;NA;NA;-401.558131841467;-409.127339897821;3.2142691320878;3.20253153219183;5.20736209456859;5.03712671768167;819.771828187031;834.365752434351;15.1384161127078;0.584158415841584;6;6
180;11.429999999993;0.5;12.1399999999994;NA;NA;-561.24085141445;-571.662911807672;3.77254671485347;4.08299473218621;15.3912787430976;14.0471538139733;1179.72481998339;1195.56988240227;20.8441207864441;0.128712871287129;17;17
181;10.8400000000111;0.409999999999854;11.3799999999901;NA;NA;-436.860886948475;-443.166812511865;3.55805162448887;3.61495298069075;9.8658046824289;9.54326698457492;908.69643051954;920.16487311621;12.61185112678;0.673267326732673;12;12
182;10.0200000000041;0.510000000000218;10.5800000000017;NA;NA;-487.906665396797;-495.230690259835;3.45839821927503;3.62031251795616;9.74357411189923;9.1155490816075;1009.46644354741;1021.94537166432;14.648049726076;0.306930693069307;10;10
183;11.8099999999977;0.359999999999673;12.3500000000058;NA;NA;-493.923534354191;-501.535184849932;3.68602330709212;3.74842768069929;12.5269592279764;11.9849061053495;1033.65327551552;1046.89449953337;15.2233009914823;0.554455445544555;15;15
184;12.25;0.510000000000218;12.8500000000058;NA;NA;-605.726954831725;-614.340888133513;3.85838054806085;4.09445573537848;16.0674169243075;15.2466119920693;1271.67090840646;1285.82258611137;17.2278666035763;0.732673267326733;18;18
185;14.5399999999936;0.529999999999745;15.4300000000076;NA;NA;-670.682413709716;-683.411742052238;4.04909369228849;4.47556311184875;23.1824121273146;21.2769414518092;1432.0549569828;1450.0593685491;25.4586566850439;0.376237623762376;25;25
186;10.6300000000047;0.559999999999945;11.2299999999959;NA;NA;-498.206446042524;-506.685983036669;3.94202240278203;4.04419085715923;14.3796429646621;14.0265862336358;1049.89354178318;1065.53953008485;16.9590739882908;0.98019801980198;17;17
187;9.41999999999825;0.480000000000018;9.97000000000116;NA;NA;-416.974292754319;-425.35922835585;3.40815647784589;3.4215044280519;8.5873200787018;8.19949014844548;863.155756075814;878.606541135557;16.7698712030609;0.0495049504950495;9;9
188;11.4300000000076;0.449999999999818;12.1499999999942;NA;NA;-492.568267119878;-500.753389348028;3.54934318548552;3.56376163052728;10.9541924119358;10.6317496470232;1023.96956717701;1039.19673964412;16.3702444562996;0.514851485148515;12;12
189;11.2200000000012;0.330000000000382;11.7399999999907;NA;NA;-547.506918142779;-556.365780584945;3.98614549364735;4.10881497221672;14.2211938893864;13.4239811223442;1147.90518348775;1162.65792121392;17.7177248843313;0.732673267326733;17;17
190;11.6699999999983;0.5;12.3699999999953;NA;NA;-558.835566757329;-567.942000395624;3.80969397587037;3.97672677054891;16.9278745402195;16.0290038306532;1181.57055190237;1196.39035790535;18.2128672765903;0.574257425742574;19;19
191;12.1100000000006;0.549999999999727;12.7799999999988;NA;NA;-542.358445736328;-552.195079533862;3.85239781592509;4.16929219090629;15.8798747899389;14.6188572907112;1143.77719102098;1158.76049271737;19.673267595067;0.524752475247525;17;17
192;8.61000000000058;0.389999999999873;9.26000000000931;NA;NA;-442.172169990827;-450.261641538366;3.2901041927497;3.31236084375981;6.80392876735416;6.47490722256228;906.630881956078;921.732101765211;16.1789430950789;0.544554455445545;7;7
193;12.1700000000128;0.489999999999782;12.7100000000064;NA;NA;-598.394849581276;-608.167893441743;3.75738562743508;3.79756802907085;15.852907655112;15.1557249372926;1255.7497027651;1272.70283426321;19.5460877209341;0.0396039603960396;17;17
194;11.0400000000081;0.489999999999782;11.6100000000006;NA;NA;-511.761535225129;-520.604265755032;3.58179788775659;3.59190383822399;11.553213132803;11.0916519956196;1064.47965485609;1080.52886395238;17.6854610598057;0.673267326732673;12;12
195;12.4400000000023;0.470000000000255;13.1199999999953;NA;NA;-570.309563630734;-580.349969113946;4.22450958432577;4.40989859154117;17.6340904499794;16.8615054993603;1208.066813082;1225.19260534946;20.0808109664235;0.801980198019802;21;21
196;9.97000000000116;0.340000000000146;10.4799999999959;NA;NA;-445.178434155772;-451.606150831298;3.44974563908142;3.49767471360136;8.77363528670386;8.54611496918027;920.197733676339;932.279325519156;12.8554333510525;0.643564356435644;9;9
197;13.390000000014;0.630000000000109;14.2799999999988;NA;NA;-625.441834320496;-639.423745068911;4.07686263552007;4.78583930006365;20.6317437142637;17.8007110920026;1331.17441022887;1348.12095117739;27.9638214968311;0.277227722772277;24;24
198;11.9300000000076;0.510000000000218;12.6100000000006;NA;NA;-564.908064828892;-573.833936917885;3.88491355945716;3.93395970596412;16.9960800658055;16.5165968122061;1194.40890304516;1210.43839450235;17.8517441779863;0.811881188118812;20;20
199;9.66999999999825;0.329999999999927;10.1100000000006;NA;NA;-389.318828635111;-395.374349012718;3.52532152899801;3.53162046843308;8.56820427178848;8.08831991258943;808.231186415145;818.68476531258;12.1110407552142;0.851485148514851;10;10
200;12.5;0.440000000000055;13.1500000000087;NA;NA;-593.077325433769;-602.791749065255;3.81282535871049;3.89949684894147;16.8568888442804;15.8705007672324;1249.78611212492;1265.49153715446;19.4288472629726;0.158415841584158;19;19
201;11.9700000000012;0.549999999999727;12.7100000000064;NA;NA;-506.462714128431;-515.428870821781;3.76967229207137;3.81077959543987;13.3255361806591;12.831204935539;1062.08172488875;1078.1905099018;17.932313386701;0.118811881188119;16;16
202;10.9399999999878;0.450000000000273;11.5599999999977;NA;NA;-478.440898348893;-487.152284806898;3.65881171262093;3.81461425112168;12.6987692263468;11.9398802833745;1003.31624569632;1017.96405756769;17.4227729160087;0.475247524752475;15;15
203;13.2899999999936;0.639999999999873;14.2300000000105;NA;NA;-654.775796775902;-665.406254085026;3.89689417248583;4.04445050165726;21.5280300460071;20.5904576211554;1391.8929998748;1409.56784406175;21.2609146182474;0.207920792079208;21;21
204;10.8000000000029;0.509999999999764;11.4400000000023;NA;NA;-473.433368356086;-482.435163375848;3.50685969364242;3.54350605720391;10.8366867073109;10.2940532608961;984.811749896003;1000.91529116284;18.0035900395229;0.0495049504950495;11;11
205;13.8300000000017;0.409999999999854;14.5499999999884;NA;NA;-729.054929203038;-741.115906874922;4.27913332009767;4.55152548406972;25.9054636308311;24.6140912476824;1560.92054416394;1579.91744626905;24.1219553437675;0.435643564356436;28;28
206;15.9100000000035;0.579999999999927;16.8300000000017;NA;NA;-858.808398505774;-889.702212047411;4.37479683451798;5.63673349004836;37.9703983824482;30.2331813244936;1875.54977569937;1905.15544555351;61.7876270832735;0.0792079207920792;41;41
207;10.3899999999994;0.460000000000036;11.1999999999971;NA;NA;-462.964034584964;-471.879346144118;3.50796032399601;3.5618012180333;10.0983183008988;9.58119294274862;961.287661212355;977.307552963902;17.8306231183083;0.128712871287129;11;11
208;12.5299999999988;0.470000000000255;13.5400000000081;NA;NA;-450.018187590526;-458.06399660837;3.58600307139573;3.64728431500918;12.0738787369873;11.4579113550477;943.32195212971;957.205290283709;16.0916180356863;0.356435643564356;13;13
209;14.0600000000122;0.5;14.8400000000111;NA;NA;-589.567414696333;-602.441417410652;3.94080405361034;4.33291699328418;20.9701745660292;19.3020015853024;1260.29637127529;1279.58799309985;25.7480054286382;0.128712871287129;23;23
210;11.7200000000012;0.339999999999691;12.25;NA;NA;-540.197858180292;-549.598314393598;3.70550113002234;3.75246135607738;14.0530059983062;13.4848288794734;1132.23556145627;1148.94053698293;18.8009124266123;0.207920792079208;16;16
211;14.2200000000012;0.460000000000036;14.9599999999919;NA;NA;-651.315971738558;-662.467750600798;4.04138306564345;4.1913032114848;24.0442933311541;23.0139748436233;1398.47809920749;1416.67456736824;22.3035577244793;0.168316831683168;29;29
212;11.8700000000099;0.510000000000218;12.5299999999988;NA;NA;-625.938953411619;-637.722574091239;3.94600949594119;4.28276923786942;18.8938832858572;17.5358620779948;1324.58357849871;1342.92500986573;23.5672413592397;0.148514851485149;22;22
213;12.820000000007;0.449999999999818;13.4600000000064;NA;NA;-570.303870089229;-576.273786168937;3.8640609174263;3.9269238807122;15.9069904930439;15.4723709525892;1200.65352078661;1210.95274911304;11.9398321594156;0.940594059405941;19;19
214;10.4699999999866;0.320000000000164;11.1100000000006;NA;NA;-467.638598047698;-476.591943187983;3.626785246296;3.81667722312986;11.3430706749935;10.525679575706;976.363088443007;991.309095177344;17.906690280571;0.475247524752475;14;14
215;13.5399999999936;0.389999999999873;14.0199999999895;NA;NA;-658.413987258165;-668.747856091379;4.11298173138102;4.24198884659737;25.4999710192504;24.6328281600671;1418.9090449886;1436.10545042289;20.6677376664275;0.801980198019802;30;30
216;12.4400000000023;0.5;13.1600000000035;NA;NA;-536.76856876796;-545.996246678732;3.66339638527765;3.75102312371734;14.190049855411;13.6097760777656;1125.42461848413;1141.75813929529;18.4553558215434;0.118811881188119;15;15
217;11.5299999999988;0.440000000000055;12.1199999999953;NA;NA;-520.360828870475;-526.694606158743;3.68225784735048;3.82820356656784;12.6746116399265;12.0960878811946;1087.06777186273;1097.61989056588;12.6675545765358;0.762376237623762;15;15
218;13.1100000000006;0.5;13.7200000000012;NA;NA;-651.452566471628;-661.510446574186;3.91103492918554;4.12322763297167;20.9959100453313;19.827692489615;1384.16627968013;1399.76064986163;20.1157602051153;0.297029702970297;23;23
219;9.52999999999884;0.430000000000291;10.1699999999983;NA;NA;-403.136638949109;-412.176627454266;3.45462687961845;3.53653247977908;8.47616924857707;7.93677675743184;835.54892933442;851.765910680658;18.0799770103135;0.0594059405940594;10;10
220;8.45999999999185;0.360000000000127;8.91000000000349;NA;NA;-450.79809232431;-457.2232179386;3.45920930159778;3.50607218896069;8.69160754219567;8.34899380649782;931.615933589841;943.282838897713;12.8502512285813;0.544554455445545;10;10
221;12.2699999999895;0.5;13;NA;NA;-476.970412150766;-485.22057852251;3.82632736529495;4.02948483271;13.035658661921;12.2594913091351;1001.60714664429;1015.26933793368;16.5003327434894;0.495049504950495;15;15
222;12.5500000000029;0.660000000000309;13.6300000000047;NA;NA;-500.983731992335;-511.027712376168;3.65172037539294;4.05647642811156;11.717607174561;10.357986681711;1043.97578608706;1059.189426121;20.0879607676659;0.099009900990099;13;13
223;13.8299999999872;0.489999999999782;14.5500000000029;NA;NA;-589.739022060559;-598.560919115311;3.91254020651494;4.03231861217596;22.0884069069081;21.2745925652938;1265.43755368134;1279.9142981266;17.6437941095039;0.297029702970297;24;24
224;11.6399999999994;0.460000000000036;12.320000000007;NA;NA;-500.769024219358;-510.354577213878;3.79453581918862;3.93610839086402;15.0826907750602;14.0833763011283;1058.06451910427;1073.49042331606;19.1711059890395;0.495049504950495;18;18
225;12.9800000000105;0.510000000000218;13.4799999999959;NA;NA;-601.119050406727;-611.780753085026;4.05107663871192;4.24691128952372;18.6647850319809;17.6718452459703;1274.06217805036;1291.56464554136;21.323405356597;0.663366336633663;22;22
226;13.6199999999953;0.610000000000127;14.3700000000099;NA;NA;-683.163323813535;-692.128957184873;4.04862082853854;4.20750913027176;25.5002495327372;24.5766659458991;1467.52916532057;1481.79501756726;17.9312667426752;0.742574257425743;28;28
227;8.5;0.379999999999654;8.88000000000466;NA;NA;-437.494610432632;-442.935181659575;3.46285598788799;3.4765604071155;9.02722516009896;8.68598830318669;906.168151992381;915.870704096407;10.8811424538859;0.831683168316832;10;10
228;14.2700000000041;0.579999999999927;15.0600000000122;NA;NA;-655.446931959256;-665.01921757508;4.10547936399234;4.21749922164636;25.1177425832117;24.121986202299;1411.44480371392;1426.60317914886;19.1445712316472;0.643564356435644;30;30
229;11.4799999999959;0.440000000000055;12.0699999999924;NA;NA;-628.417634499491;-639.453200902096;3.99840721638816;4.18239325054006;24.0854028520274;23.0407023016032;1351.98473789096;1369.9287774881;22.0711328052091;0.386138613861386;27;27
230;11.6399999999994;0.450000000000273;12.2799999999988;NA;NA;-583.298261012881;-594.092722937936;3.86583192202579;4.11956019633791;14.9859277052109;13.8848088152615;1221.39421803237;1238.95677932518;21.588923850109;0.0693069306930693;15;15
231;12.5799999999872;0.610000000000127;13.3800000000047;NA;NA;-558.187105535457;-566.639459989924;3.91213141100987;3.86223429665266;14.4519071637441;14.1575015592823;1169.21920212203;1185.04738449665;16.9047089089356;0.495049504950495;15;15
232;12.2200000000012;0.599999999999909;13.1399999999994;NA;NA;-553.072863410851;-563.865883557377;3.749624852921;4.05674271423538;15.1899150662943;14.068832180797;1162.63993384765;1180.05645190505;21.5860402930523;0.178217821782178;17;17
233;13.8899999999994;0.5;14.4600000000064;NA;NA;-646.560036847862;-661.865422112499;4.33349718480842;4.83754397113164;24.112407448349;21.6690667265524;1389.23774816837;1410.10879326266;30.6107705292743;0.217821782178218;29;29
234;11.8499999999913;0.5;12.4899999999907;NA;NA;-568.830547277949;-575.697513798917;3.76399278377986;3.80464701594112;13.8394371112128;13.5113016523132;1188.71310977195;1201.23659066139;13.7339330419354;0.99009900990099;16;16
235;10.7400000000052;0.420000000000073;11.5299999999988;NA;NA;-410.737513976677;-418.853325549565;3.50310940696136;3.51233182409015;9.55678995821684;9.25381792123885;854.938440779987;870.109197422194;16.231623145776;0.405940594059406;11;11
236;12.7700000000041;0.590000000000146;13.3999999999942;NA;NA;-587.331460055944;-594.8191838514;3.83728567002473;3.93826185139583;18.0019289570992;17.4922943424035;1242.61668403438;1255.6683605463;14.9754475909126;0.623762376237624;19;19
237;11.3399999999965;0.519999999999982;12.1300000000047;NA;NA;-523.47955891972;-532.519387911158;3.78582074695595;3.90356161521765;16.0825558172652;15.2556214046909;1107.23285368603;1122.21335088176;18.079657982875;0.326732673267327;18;18
238;13.1199999999953;0.699999999999818;13.8399999999965;NA;NA;-662.177031399917;-672.796136754622;4.26281465982;4.4966637893865;22.0232280265944;20.8892027289517;1410.50943749366;1427.31131514996;21.2382107094097;0.831683168316832;25;25
239;10.8300000000017;0.25;11.3799999999901;NA;NA;-530.697802857161;-540.306134671762;3.78923433408419;3.90006599719999;15.6890110970807;15.0310957934691;1120.61855669969;1137.35171862587;19.2166636292027;0.247524752475248;19;19
240;11;0.549999999999727;11.7700000000041;NA;NA;-485.248727343842;-492.915835713417;3.64640774618384;3.70819391897855;11.027134983445;10.5142297821957;1009.58907184323;1023.10501993922;15.3342167391494;0.782178217821782;12;12
241;11.2200000000012;0.539999999999964;12.2700000000041;NA;NA;-485.020594245186;-493.644472610642;3.67348576347581;3.71065491984179;13.7190053875241;13.3119529257864;1020.20624343569;1035.96556798571;17.247756730911;0.574257425742574;15;15
242;14.0799999999872;0.610000000000127;15.0599999999977;NA;NA;-695.696458941531;-705.576833340971;4.14635661518322;4.26625392784989;22.1474557969624;21.3930026102961;1478.03427447248;1494.8435850486;19.7607487988796;0.613861386138614;25;25
243;10.5299999999988;0.559999999999945;11.2899999999936;NA;NA;-469.730635993379;-478.231490681333;3.59568472396878;3.5984866430089;11.8921353237491;11.4840044929081;982.095287935839;997.633823888497;17.0017093759062;0.0198019801980198;13;13
244;11.070000000007;0.349999999999909;11.6499999999942;NA;NA;-513.718703110707;-519.010564918789;3.61909354541002;3.85894994997847;11.677658520464;10.9761520740366;1069.30251001107;1077.37129108654;10.5837236161642;0.653465346534653;13;13
245;11.0799999999872;0.440000000000055;11.6700000000128;NA;NA;-513.388086644984;-523.657412889698;3.62690441631914;3.98169544825932;11.3921524566208;10.4546082955835;1067.61772077556;1084.79522140903;20.5386524894279;0.237623762376238;13;13
246;12.890000000014;0.529999999999745;13.5799999999872;NA;NA;-605.231789669642;-615.841145795707;3.85709619777474;3.91147148844733;18.8783151319548;18.0142570305206;1282.67023334579;1300.58405615542;21.2187122521295;0.0594059405940594;21;21
247;10.4499999999971;0.480000000000018;11.1300000000047;NA;NA;-470.061311872248;-478.396764654606;3.52492026947317;3.6121076372332;10.3721339200888;9.96776749714072;976.440990139337;991.695993439433;16.6709055647163;0.0297029702970297;11;11
248;13.0200000000041;0.5;14.0800000000017;NA;NA;-492.108489735784;-499.376093256353;3.72836983394729;3.76649947820415;14.4734583679531;14.0542976177717;1037.14077487568;1050.14327444497;14.5352070411381;0.851485148514851;15;15
249;10.4099999999889;0.679999999999836;11.2699999999895;NA;NA;-501.274833643213;-509.60426673364;3.62292711534494;3.64397042162347;12.438295606264;12.0970516533161;1047.60258892548;1063.02543068959;16.6588661808537;0.386138613861386;14;14
250;9.83000000000175;0.360000000000127;10.5200000000041;NA;NA;-436.919230768726;-443.505691813568;3.40183703883131;3.38549941558221;7.72629802964339;7.44748130605899;899.662112747657;911.903144067171;13.1729220896846;0.693069306930693;8;8
