1;26.7200000000012;1.1400000000001;28.3300000000017;NA;NA;-1839.38591151843;-1865.08367743651;5.19124821379502;5.72930443082238;47.8828294389991;43.8963520710974;3917.27036579618;3948.80973929485;51.3955318361586;0.138613861386139;53;53
2;27.9200000000055;0.819999999999936;29.2300000000032;NA;NA;-2003.5286566642;-2024.21968205472;5.72464757031215;5.97884638354039;49.3563465084306;47.3799377145882;4251.94598763816;4283.52179943155;41.3820507810278;0.811881188118812;51;51
3;26.1100000000006;0.740000000000009;27.1299999999974;NA;NA;-1936.32499470173;-1950.88777961913;5.15048901920323;5.18390925980702;52.5403401567975;51.9103351300651;4133.84662658303;4159.84021832446;29.1255698347923;0.920792079207921;52;52
4;24.6599999999962;0.940000000000055;26;NA;NA;-1875.58941841413;-1893.07378330347;5.28889658148006;5.32470506385269;42.5272428182846;41.9878878940205;3959.04464636031;3991.37710252876;34.9687297786736;0.782178217821782;44;44
5;32.9400000000023;0.899999999999864;34.2900000000009;NA;NA;-2246.21242601299;-2324.68895579775;6.34876364059138;8.9730286459334;61.2024620026429;44.2758831187742;4806.21429427029;4876.38356159883;156.953059569517;0.207920792079208;71;71
6;26.1899999999951;0.929999999999836;27.4400000000023;NA;NA;-2009.97454994854;-2027.54987281393;5.12308650217066;5.2420919419176;55.9799690195032;54.6421753793001;4300.81504212018;4329.25363213109;35.1506457307837;0.138613861386139;57;57
7;26.25;1.07999999999993;27.5400000000009;NA;NA;-2063.25459000504;-2080.17405038453;5.17861551498184;5.34715617243058;55.0445187863117;53.4146949209381;4398.51950917664;4424.30442318111;33.8389207589817;0.762376237623762;49;49
8;25.4400000000023;0.940000000000055;26.6100000000006;NA;NA;-1973.54164758532;-1993.39111575714;5.0300546666257;5.32939099855575;46.188470906573;44.1219883565836;4170.64343880366;4200.3402441691;39.6989363436405;0.0594059405940594;40;40
9;30.1599999999962;0.950000000000045;31.5499999999956;NA;NA;-2256.05903685001;-2272.47013124556;5.59116597921248;5.73971992701301;67.71775382075;66.2528167824536;4856.32239906105;4881.69842142588;32.8221887911177;0.96039603960396;65;65
10;26.1200000000026;0.990000000000009;27.3499999999985;NA;NA;-1689.16221876447;-1735.57073406733;5.41197446694203;7.80113266795468;35.6435210022173;25.7929887691101;3551.71473650769;3596.61319226522;92.8170306057318;0.0693069306930693;42;42
11;21.8700000000026;0.8900000000001;22.8400000000038;NA;NA;-1518.09948360372;-1538.29260384808;4.76009884575335;5.29790624785786;24.2883912780772;21.7952253392501;3147.0385400152;3176.04726914738;40.3862404887213;0.158415841584158;23;23
12;23.0999999999985;0.889999999999873;24.3400000000038;NA;NA;-1690.24750438545;-1707.57266296139;4.8004089264519;4.87643599315114;34.4998629833729;33.7940276111617;3542.51778356677;3573.85326420437;34.6503171518757;0.158415841584158;30;30
13;31.9199999999983;0.829999999999927;33.1299999999974;NA;NA;-2248.52022080452;-2414.10546194483;6.34095673359333;15.209449214127;56.1468384328545;24.6442314356607;4781.5532956045;4953.09062889157;331.170482280623;0.0297029702970297;63;63
14;27.7099999999991;1.1099999999999;29.4300000000003;NA;NA;-2020.11398011653;-2039.30033203591;5.35037768451541;5.4421341909328;56.3119749960051;55.3135371735318;4322.26131299556;4355.633432738;38.3727038387588;0.386138613861386;56;56
15;22.5400000000009;0.789999999999964;23.4100000000035;NA;NA;-1543.14612750686;-1563.70859817607;4.9467095273416;5.55226190363742;30.338845535731;27.5699446377832;3231.53922750157;3259.40807865448;41.1249413384157;0.198019801980198;36;36
16;30.75;1.07000000000016;32.1500000000015;NA;NA;-2333.09390304485;-2352.95640755158;5.82240031734123;5.96299356363631;70.2766805687641;68.6306100450925;5022.30080400777;5053.68468045456;39.7250090134557;0.930693069306931;63;63
17;23.9200000000055;0.779999999999973;25.0900000000038;NA;NA;-1719.03901147499;-1739.77038843212;5.06982179757893;5.53592937977836;41.8571848192768;38.8322826615311;3643.13903008267;3669.78259618906;41.4627539142566;0.148514851485149;45;45
18;27.3100000000049;1.17999999999984;28.8499999999985;NA;NA;-1876.72004196637;-1925.5139522722;5.27183295062103;7.30226636214376;43.5989366153732;33.0239274720367;3967.03404374785;4012.81422285824;97.5878206116645;0.0792079207920792;45;45
19;25.4400000000023;0.810000000000173;26.4499999999971;NA;NA;-1695.93221894168;-1719.61369206085;4.95732513605213;5.51939279563037;41.2927631203363;37.9604758392675;3592.73585411209;3623.88866533286;47.3629462383369;0.0396039603960396;42;42
20;24.1599999999962;1.06000000000017;25.3799999999974;NA;NA;-1727.78595567405;-1747.48792788587;5.44753421368991;5.92625202175655;33.1225430631572;30.7531130422263;3614.59957461411;3642.62743240147;39.403944423651;0.623762376237624;37;37
21;29.1299999999974;0.8599999999999;30.2900000000009;NA;NA;-2043.32182740387;-2094.49700540424;5.23875654051438;6.75086019744267;57.1465839406501;45.630434973028;4373.36280496894;4417.93367149826;102.350356000748;0.0297029702970297;57;57
22;26.5900000000038;1;27.989999999998;NA;NA;-1905.8418226857;-1933.59301725588;5.21765769184501;5.81283210045931;47.9401187204573;43.3600015706226;4049.54550003076;4082.3229734034;55.5023891403544;0.297029702970297;51;51
23;25.7699999999968;0.970000000000027;26.8899999999994;NA;NA;-1747.31221799498;-1777.01596209061;5.28352127224796;6.33228195065519;39.2519507781514;33.3744236699933;3686.4811843589;3717.16033632569;59.4074881912666;0.396039603960396;44;44
24;34.0599999999977;1.31999999999994;35.7300000000032;NA;NA;-2110.22676266066;-2121.23567838212;5.76810623455982;5.52870375282037;50.2258422577923;52.0592897279339;4468.13386760046;4499.19303865147;22.017831442914;1;48;48
25;30.9300000000003;0.889999999999873;32.1399999999994;NA;NA;-2105.92622445187;-2158.35216539226;11.0336828195326;14.7078016309836;28.5025202779535;21.667122067762;4355.82350161488;4426.14863054806;104.851881880784;0.871287128712871;61;61
26;25.0999999999985;0.869999999999891;26.2699999999968;NA;NA;-1735.20187205962;-1752.38755461939;4.97791569809193;5.15813173535084;41.0541657501717;39.6430529253999;3671.53070982587;3698.98894358516;34.3713651195349;0.386138613861386;45;45
27;27.5300000000061;1.27999999999997;29.1399999999994;NA;NA;-2098.95545599254;-2122.48987656517;5.32202178463068;5.66877216329501;55.746825623278;52.800147028181;4474.50687561722;4506.95534337957;47.0688411452693;0.643564356435644;51;51
28;28.6100000000006;0.940000000000055;29.8600000000006;NA;NA;-2118.70767882382;-2144.89879647925;5.27783539234377;5.59962045560152;60.8692211711387;57.9293648353254;4542.27325915361;4579.93149412372;52.382235310859;0.0297029702970297;56;56
29;28.4699999999939;1.07000000000016;29.8600000000006;NA;NA;-1956.71782530213;-1987.52079465939;8.0977606571025;9.30867486463715;32.6055681250098;28.6606886332553;4074.2245574773;4116.37698264489;61.6059387145142;0.752475247524752;48;48
30;27.6999999999971;0.799999999999955;28.8600000000006;NA;NA;-2086.47913989132;-2092.00876862632;6.58484389445714;6.16066623200989;45.3686508997098;48.3620099385709;4398.93400538845;4424.90281973067;11.0592574700004;0.940594059405941;53;53
31;26.0899999999965;0.75;27.0199999999968;NA;NA;-1672.70734918225;-1711.21820264948;5.16934418136444;6.552789160646;41.4992543708333;33.7146165781529;3550.90837291504;3589.3825481091;77.0217069344608;0.0891089108910891;50;50
32;24.7300000000032;0.900000000000091;25.8899999999994;NA;NA;-1876.60550238447;-1895.85196335428;5.03924548381737;5.16797517485823;44.889758203295;43.6876040589886;3969.91690039939;4002.60640746322;38.4929219396231;0.316831683168317;39;39
33;23.1900000000023;1;24.5800000000017;NA;NA;-1713.82173294363;-1726.10907601676;4.96486095857637;5.12570883183443;32.0261192139261;31.1400877335815;3576.94393425713;3597.38808825486;24.5746861462612;0.891089108910891;28;28
34;26.739999999998;0.970000000000027;27.9099999999962;NA;NA;-1784.29684216928;-1821.02063536762;5.46280553632899;6.70021660653206;42.7938540625556;35.3963454529732;3780.49788485534;3817.31490403463;73.447586396685;0.257425742574257;50;50
35;25.75;0.970000000000027;26.9700000000012;NA;NA;-1734.77864950809;-1769.37095125866;5.8215184119703;7.22976770711687;33.6103246921858;27.6867785128358;3630.46645095224;3671.29212603176;69.1846035011476;0.465346534653465;36;36
36;24.6900000000023;0.940000000000055;26;NA;NA;-1761.24791555338;-1790.3055410433;5.12834401153122;5.97325651375319;41.74820673456;36.8453217729155;3724.56433241909;3758.94877688538;58.1152509798558;0.118811881188119;40;40
37;23.8400000000038;0.839999999999918;24.9099999999962;NA;NA;-1819.72588972093;-1832.76097955213;5.05759281947088;4.99721659554211;39.5145077784575;39.7028437765155;3830.20858324881;3857.1879574084;26.0701796623998;0.97029702970297;39;39
38;26.7299999999959;1.10000000000014;27.9000000000015;NA;NA;-1926.19129986076;-1955.45545157471;5.27369612425704;5.87528442372439;54.7483974248784;50.1531810416095;4125.58938276398;4161.18652574688;58.5283034279082;0.346534653465347;54;54
39;24.4199999999983;1.08999999999992;25.7300000000032;NA;NA;-1676.13979147824;-1695.78530050659;5.01602114636207;5.20595471271412;34.5020714195882;33.2018413926727;3516.47192314838;3549.57526023048;39.2910180567001;0.158415841584158;34;34
40;25.2900000000009;1.18000000000006;26.7099999999991;NA;NA;-1741.54310711541;-1759.00375972053;5.20743059750368;5.37577923285346;38.9295506444111;37.567780688779;3674.2323700632;3702.46731265588;34.9213052102386;0.396039603960396;46;46
41;26.8300000000017;1.04999999999995;28.0699999999997;NA;NA;-2152.08553032758;-2169.98467736132;5.19324052966103;5.33852883216033;61.7790325568474;60.4201495050706;4611.88489900841;4640.91476206573;35.7982940674801;0.742574257425743;53;53
42;28.0999999999985;0.930000000000064;29.2200000000012;NA;NA;-1816.27919861605;-1864.85839501709;6.68983579088144;9.83458219011883;32.9928889015208;23.4984222214224;3793.4426880889;3844.30290604941;97.1583928020896;0.376237623762376;43;43
43;23.8899999999994;0.930000000000064;25.0299999999988;NA;NA;-1774.35296889122;-1792.61023831938;4.99336933261539;5.10267259802717;44.143970271475;43.0316480008033;3765.45517020088;3796.5081477865;36.5145388563346;0.237623762376238;46;46
44;26.6699999999983;0.819999999999936;27.8299999999945;NA;NA;-1763.29978171359;-1809.72994647808;8.62889648632603;12.2077317236675;23.6045596154207;17.1342315941477;3640.84969196449;3702.39252097013;92.8603295289727;0.475247524752475;40;40
45;30.8700000000026;1.02999999999997;32.2799999999988;NA;NA;-1927.46268947373;-1969.15481689548;6.42373250027565;7.6875863351923;50.2681919816915;42.0897854418819;4112.29751123054;4153.80848902052;83.3842548434886;0.702970297029703;70;70
46;31.5299999999988;0.889999999999873;32.8700000000026;NA;NA;-2111.28007035449;-2125.88883653264;8.317179375965;8.2499961634593;39.7905833104755;39.5962853005285;4424.8127275322;4453.04265749976;29.217532356296;0.98019801980198;65;65
47;25.0699999999997;0.950000000000045;26.2099999999991;NA;NA;-1839.44750767964;-1852.97738857976;4.85662990616476;4.95315758487576;40.4025473457037;39.5903846652148;3870.56413652497;3893.77100989516;27.0597618002412;0.554455445544555;33;33
48;25.9400000000023;0.889999999999873;26.9800000000032;NA;NA;-1837.51162196155;-1859.76705576861;5.27905432102825;5.61841253287025;47.2355997951398;44.4615254390241;3911.17284798179;3941.81501140527;44.5108676141094;0.118811881188119;55;55
49;28.489999999998;0.910000000000082;29.7799999999988;NA;NA;-2172.51899655629;-2191.58538871227;5.38888026467292;5.4896951840994;64.6029851322822;63.0471248324832;4671.35860220523;4701.63247288256;38.132784311957;0.485148514851485;61;61
50;34.5999999999985;0.819999999999936;35.7300000000032;NA;NA;-2179.80133091822;-2238.2428734739;5.60819892712443;7.27300487771111;68.4210408067827;54.4398240466272;4715.32994069203;4759.52339503285;116.883085111349;0.0594059405940594;82;82
51;24.7199999999939;0.839999999999918;25.9199999999983;NA;NA;-1781.88033832244;-1798.47894721716;5.11097084729669;5.18695225385128;40.0563303446305;39.2854198588551;3757.64020522619;3787.10608366741;33.1972177894431;0.940594059405941;40;40
52;25.0500000000029;0.970000000000027;26.3099999999977;NA;NA;-1991.35858200134;-2008.33050883963;4.98120632437192;5.14932937944892;46.5349880596956;45.2120433865271;4207.95451025799;4235.49508416913;33.9438536765651;0.0792079207920792;40;40
53;28.6500000000015;0.8599999999999;29.6999999999971;NA;NA;-2000.79415775023;-2067.29650892282;13.9681354580298;22.3601171150242;19.2091847339768;12.5545706120741;4096.89747261708;4196.88434147905;133.004702345192;0.425742574257426;51;51
54;26.5;1.11000000000013;27.9300000000003;NA;NA;-1925.29324040533;-1954.21432680232;5.56711850985149;6.20253574691225;46.8690271427695;42.2053538429586;4083.58901259927;4118.24641386;57.8421727939863;0.574257425742574;52;52
55;21.2200000000012;0.730000000000018;22.2200000000012;NA;NA;-1513.68209021977;-1531.097252943;5.02160239118192;5.21798920106342;31.5211568707797;30.2931579487206;3178.27145868134;3207.22274942829;34.8303254464495;0.831683168316832;36;36
56;24.3000000000029;0.899999999999864;25.3700000000026;NA;NA;-1712.68592162097;-1740.74441735381;4.96112932140199;5.64790518143367;36.9123188292311;32.8833540812606;3604.03381531682;3640.64992441791;56.1169914656716;0.0099009900990099;40;40
57;24.4500000000044;0.910000000000082;25.6299999999974;NA;NA;-1774.36518522285;-1786.42362925142;5.47566429119917;5.53997330063876;36.4796018061093;35.8368695615223;3726.18784058155;3747.17811451868;24.1168880571358;0.871287128712871;42;42
58;25.2799999999988;1.05999999999995;26.6200000000026;NA;NA;-1719.08452394755;-1746.67555746209;5.04744785089103;5.93367847019179;37.1372371018117;32.1971362885279;3618.82562904283;3649.97624427041;55.1820670290776;0.099009900990099;42;42
59;37.9700000000012;1.33999999999992;39.7200000000012;NA;NA;-1965.56144822414;-2005.52989431645;7.59732247160383;9.24064698519433;34.3668506666028;28.0087561575094;4100.2355039668;4148.88544606941;79.9368921846303;0.603960396039604;47;47
60;26.6100000000006;0.839999999999918;27.739999999998;NA;NA;-1936.45647450428;-1960.01534012932;5.11869510023362;5.50360692757259;50.7656931508;47.7748655458716;4124.29165411597;4156.59957338746;47.1177312500758;0.0891089108910891;50;50
61;25.25;0.829999999999927;26.3499999999985;NA;NA;-1818.56050019194;-1840.43021706189;5.24175050374668;5.56121525674696;38.7277828248103;36.5287397937666;3823.57689267555;3856.72897798924;43.7394337399032;0.653465346534653;38;38
62;28.7999999999956;0.879999999999882;29.8899999999994;NA;NA;-2075.70258613372;-2112.38696033982;6.53759882588913;7.88371014732641;43.9854277804762;37.4126960562679;4368.31195408;4409.26837509297;73.3687484121865;0.435643564356436;48;48
63;25.9700000000012;0.799999999999955;27.0199999999968;NA;NA;-2048.29843853011;-2065.39170709182;5.10522784794489;5.24856201236362;51.5972650400082;50.1679852487743;4348.20228878667;4375.41918265348;34.1865371234226;0.663366336633663;43;43
64;32.2099999999991;1.22000000000003;33.6699999999983;NA;NA;-2168.52083952651;-2252.15022411683;5.89730715152116;8.97010784359387;59.8368647574985;40.8932632839265;4641.64480804496;4712.47004404148;167.258769180648;0.108910891089109;66;66
65;25.0300000000061;0.809999999999945;26.0900000000038;NA;NA;-1726.83369249035;-1744.51926325319;5.36681211508588;5.54283672857783;41.4814994135684;40.0531083934653;3658.22646276122;3686.55373282823;35.3711415256903;0.594059405940594;48;48
66;27.7799999999988;0.880000000000109;29;NA;NA;-1904.93480019254;-1925.56293708446;5.59857969805556;5.80771783767588;50.1866356474068;48.2144988977679;4062.10531146379;4093.44971709842;41.2562737838416;0.574257425742574;58;58
67;25.1299999999974;1.00999999999999;26.2699999999968;NA;NA;-1607.31716483691;-1634.06310315794;7.7182893679274;9.16963731680329;22.6416090066741;19.2768500854743;3323.64293027861;3360.93508978642;53.491876642066;0.841584158415842;38;38
68;27.6699999999983;1.15000000000009;29.2200000000012;NA;NA;-1863.33625109026;-1901.5272804814;5.36358225283892;6.33317893770839;51.3855876694918;44.3501021493051;3984.93409070526;4025.95612445147;76.3820587822734;0.0792079207920792;58;58
69;33.239999999998;1.07999999999993;34.739999999998;NA;NA;-2188.86478769941;-2275.47280492735;6.92555824598548;10.4894664733147;53.9177615474774;37.1810193689596;4654.54688579602;4741.83539244479;173.216034455895;0.168316831683168;72;72
70;31.2099999999991;1.05999999999995;32.5599999999977;NA;NA;-2242.48977258016;-2268.62420447623;5.77886577171963;6.24404936461167;65.1580050528203;60.8693322163748;4819.04934226086;4849.32987072658;52.2688637921347;0.603960396039604;71;71
71;23.6599999999962;0.930000000000064;24.8600000000006;NA;NA;-1540.32082984366;-1571.47653803049;5.07092144964419;6.3692716353209;31.1821309149857;25.8513674142925;3229.92585396517;3266.71628409653;62.3114163736541;0.168316831683168;36;36
72;25.239999999998;1.02000000000021;26.5500000000029;NA;NA;-1608.0261291268;-1642.54145325962;6.15564263016761;7.86560084329856;30.7264126497773;24.5768635746177;3365.88445768567;3404.92786097258;69.0306482656429;0.633663366336634;43;43
73;22.989999999998;0.940000000000055;24.2799999999988;NA;NA;-1577.64614664563;-1593.71591623316;4.85870375447475;4.91618426353965;30.4344162393786;29.6940974839622;3298.72135421735;3327.37197403742;32.1395391750666;0.415841584158416;31;31
74;31.0599999999977;1.14999999999986;32.6400000000067;NA;NA;-2154.09400990284;-2182.34635763866;5.32120516111317;5.70324680594259;67.1705976989023;63.4464297578408;4650.62900535853;4688.1476000094;56.5046954716272;0.0693069306930693;67;67
75;26.9499999999971;0.919999999999845;28.25;NA;NA;-2027.36277875205;-2050.20721221922;5.32228175883958;5.72883035821796;49.3239285938656;46.1795440735594;4299.45338562723;4329.54093254558;45.688866934338;0.316831683168317;51;51
76;27.9399999999951;0.8599999999999;29.2199999999939;NA;NA;-1831.21078284214;-1858.19477003657;5.45558812177898;5.8525263619928;52.2890690522341;49.0406738070267;3926.96762482188;3964.50099488106;53.9679743888641;0.0396039603960396;62;62
77;43.489999999998;1.56000000000017;45.3100000000049;NA;NA;-2349.62327736465;-2438.03082812464;6.66232674155881;9.72175901118226;60.5630391330156;41.5846208617258;5008.00168746983;5088.06332125699;176.815101519972;0.346534653465347;67;67
78;30.8499999999985;0.970000000000027;32.3600000000006;NA;NA;-2055.67138968919;-2104.23280372466;5.36471334115022;6.63196230768971;63.8444820603842;53.0080960499422;4438.67804924447;4480.24194372197;97.1228280709556;0.0198019801980198;71;71
79;25.7799999999988;0.849999999999909;26.9400000000023;NA;NA;-1803.90683664576;-1831.10384434577;5.94668153591604;6.80773005896868;38.1814339037436;33.8009753358983;3796.09902985058;3828.8915463279;54.3940154000184;0.693069306930693;48;48
80;30.0600000000049;0.979999999999791;31.4199999999983;NA;NA;-2075.21612601439;-2114.78319727062;7.28627002918181;8.8216529909728;39.8341664285088;33.2095109920551;4350.29053852973;4396.18707616938;79.1341425124674;0.792079207920792;57;57
81;29.6100000000006;0.830000000000155;30.6399999999994;NA;NA;-1811.39872808094;-1841.5688132951;5.37935956152712;6.21901265361135;46.9695853738034;41.6296377606915;3856.29989852795;3890.09329832064;60.3401704283151;0.247524752475248;52;52
82;25.0199999999968;0.779999999999973;25.9199999999983;NA;NA;-1738.81277983069;-1757.7147906284;5.04241291957485;5.25757652231251;40.4388220171811;38.6525270439933;3676.18231788288;3705.21553653669;37.8040215954252;0.336633663366337;46;46
83;22.9599999999991;0.909999999999854;24.0800000000017;NA;NA;-1627.87389931316;-1643.80594949636;4.86613513702412;4.96258277277424;35.0792991556224;34.1307271088225;3424.63797379118;3451.93514998872;31.8641003663975;0.099009900990099;38;38
84;26.8899999999994;1.05999999999995;28.2900000000009;NA;NA;-1940.19469323156;-1955.08070859638;5.68649277508332;5.68834362135819;45.150307266466;45.1821600645495;4102.07978683445;4132.00821648997;29.7720307296272;0.940594059405941;46;46
85;34.7000000000044;0.980000000000018;36.1699999999983;NA;NA;-2398.55645677601;-2436.6408594234;6.87268277424745;7.62663407003104;62.9697373558198;57.3194798844374;5122.10595850404;5169.11322593164;76.1688052947702;0.821782178217822;76;76
86;25.6600000000035;0.979999999999791;26.9800000000032;NA;NA;-1729.32611505711;-1804.82485041899;7.77589690191871;16.444818472481;23.8124510791519;12.074419828159;3574.20258490811;3668.24104409939;150.997470723761;0.0693069306930693;41;41
87;27.0699999999997;0.800000000000182;28.3199999999997;NA;NA;-2106.40833722362;-2121.50419926442;5.33852337283425;5.44293254308689;55.5136621369994;54.3838012673533;4489.32346567132;4513.887490344;30.1917240816101;0.910891089108911;53;53
88;29.3499999999985;0.860000000000127;30.4400000000023;NA;NA;-1925.62033628602;-1999.87478682092;5.63994580059506;9.08067112617376;46.575038758688;30.1791460826489;4084.50747483014;4150.8990539043;148.508901069804;0.148514851485149;56;56
89;23.6199999999953;1.02999999999997;24.9199999999983;NA;NA;-1693.24236444506;-1731.44350676791;6.16265568080198;8.62738370877183;25.9446649817909;19.5515597064297;3509.16667755936;3555.33852316184;76.4022846457074;0.237623762376238;32;32
90;23.5899999999965;1.06999999999994;24.760000000002;NA;NA;-1719.27575427474;-1740.58968242684;4.94266371297669;5.26108821071774;39.2890524785925;37.1174041968653;3629.20235496285;3661.29224822381;42.6278563042065;0.0891089108910891;41;41
91;27.0499999999956;0.8599999999999;28.1899999999951;NA;NA;-2171.24812570948;-2185.77340285445;5.17511843342193;5.26380574308915;62.4677663918654;61.2615957395256;4656.45635797105;4679.44475431295;29.0505542899364;0.891089108910891;58;58
92;34.5299999999988;1.42000000000007;36.3600000000006;NA;NA;-1778.45804435269;-1843.26816680297;6.27998359217872;11.0660659501586;30.9976291490391;17.3426592234666;3704.88036710372;3769.31989247654;129.620244900553;0.445544554455446;35;35
93;23.6199999999953;0.889999999999873;24.7699999999968;NA;NA;-1670.42712589285;-1682.181676047;5.45870527763793;5.29196519774119;30.1118953319375;30.5142188896597;3483.70466330857;3509.12238096402;23.5091003083035;0.97029702970297;33;33
94;36.4399999999951;1.24000000000001;38.1399999999994;NA;NA;-1890.56033329145;-1936.96180660092;5.30068193935558;7.16795501068594;44.3195261487312;33.4356227880122;3996.7159746067;4036.57344320583;92.8029466189328;0.237623762376238;42;42
95;23.8400000000038;0.860000000000127;25;NA;NA;-1629.2169940459;-1660.63180208134;5.1117481040293;6.45406218621908;33.6271598451371;27.7386396570094;3419.88441302592;3454.4421176126;62.8296160708687;0.118811881188119;37;37
96;25.7200000000012;1;26.9499999999971;NA;NA;-2020.7104875;-2043.02632532438;5.15788120218752;5.36148847257053;55.3922979429474;53.5141521113112;4317.84096605248;4353.1002727392;44.6316756487572;0.0891089108910891;54;54
97;24.5199999999968;1;25.6699999999983;NA;NA;-1719.40486918399;-1744.96893271764;5.12204502053524;5.93362655647825;35.5931905893025;31.7903524269888;3611.08690287073;3643.80863914194;51.1281270672903;0.099009900990099;40;40
98;28.6999999999971;0.830000000000155;29.8099999999977;NA;NA;-1890.40529781436;-1932.14135856858;5.27328091102055;6.48214705101547;52.0568206792154;44.1000128224433;4041.53239896374;4085.15357940163;83.4721215084523;0.0495049504950495;56;56
99;26.1299999999974;1;27.4699999999939;NA;NA;-1774.90073066804;-1805.92377712277;5.4111343135301;6.28252351392968;39.6961526949824;35.1853424401643;3745.55640032135;3785.35818676133;62.0460929094515;0.198019801980198;48;48
100;22.4300000000003;0.889999999999873;23.5999999999985;NA;NA;-1435.2961479735;-1457.96420829515;4.85291326624028;5.40301313544514;31.0096789429925;28.3639575211843;3020.29192716623;3052.85579299576;45.3361206433142;0.0099009900990099;39;39
101;24.5199999999968;1.01999999999998;25.8000000000029;NA;NA;-1717.09656370841;-1738.03375239438;5.12598163840195;5.28776857227595;41.9768917963098;40.4232365128181;3640.75327155291;3674.9824125683;41.8743773719366;0.128712871287129;47;47
102;26.25;0.960000000000036;27.4500000000044;NA;NA;-1967.34326452298;-1985.76500525526;5.08433235812243;5.29672961616463;49.0234320662084;47.3571998911201;4175.92133134574;4204.56560740174;36.8434814645502;0.207920792079208;47;47
103;26.9000000000015;0.690000000000055;27.989999999998;NA;NA;-1982.56237309648;-2002.39877338769;5.22215338452213;5.50770519103646;50.1083803450977;47.7783634835927;4213.24860670568;4241.38376079554;39.6728005824189;0.465346534653465;50;50
104;23.9700000000012;0.830000000000155;25.2799999999988;NA;NA;-1844.91249903004;-1864.23994896549;4.95285036260168;5.17977849507534;41.6836361251388;40.1584164230627;3891.05329736888;3922.34517915278;38.654899870895;0.0693069306930693;39;39
105;26.3799999999974;0.799999999999955;27.5299999999988;NA;NA;-1696.03380436193;-1737.70195728523;5.02869034330074;7.51406326915532;34.5888949736643;24.6863829112896;3559.0459522068;3594.57775138287;83.3363058466011;0.138613861386139;39;39
106;22.6199999999953;0.950000000000045;23.8600000000006;NA;NA;-1709.92147561302;-1723.49430472971;4.86703711934414;4.99166306102588;35.3913092341875;34.5527497692113;3586.63249003232;3609.8262473767;27.1456582333676;0.524752475247525;31;31
107;25.5599999999977;0.779999999999973;26.739999999998;NA;NA;-1622.07513426845;-1662.38541724771;6.77112946161135;9.53726286003405;26.2242936057487;19.0963639885231;3370.74838936823;3416.95878174782;80.6205659585253;0.485148514851485;39;39
108;25.9700000000012;0.829999999999927;27.0799999999945;NA;NA;-1748.29813238955;-1765.79366680325;5.21109835074487;5.32248054233264;42.9516157711103;41.9217307183404;3709.70693827379;3739.58808298595;34.9910688274085;0.544554455445545;51;51
109;25.010000000002;0.860000000000127;26.1299999999974;NA;NA;-1820.2773475755;-1837.41165791148;5.05314389024899;5.20228368385128;46.1179340787642;44.8488169444471;3864.89847919249;3892.99339442876;34.268620671955;0.663366336633663;42;42
110;25.3000000000029;0.970000000000027;26.75;NA;NA;-1850.96985406928;-1867.48634772502;5.02597884749964;5.13525849219326;45.4380550623646;44.1052224862602;3926.00987848197;3952.47022482197;33.0329873114797;0.356435643564356;48;48
111;28.1399999999994;0.939999999999827;29.2099999999991;NA;NA;-1869.41402423016;-1956.64950629067;6.71491657264129;12.2248926807708;37.4676806948074;21.2582559836904;3923.19923921735;4017.90676775723;174.470964121013;0.158415841584158;47;47
112;23.3000000000029;0.940000000000055;24.5299999999988;NA;NA;-1654.37849308705;-1682.76125618532;5.16964370212665;6.12201641121035;35.9939995437789;30.8896469458469;3482.51849037139;3514.64268755164;56.765526196526;0.435643564356436;39;39
113;27.0699999999997;0.829999999999927;28.1700000000055;NA;NA;-1856.05624603475;-1891.49027310386;5.58049253970381;6.52674495980049;44.9855395442325;39.169747487618;3935.75154000096;3977.70723226278;70.8680541382341;0.287128712871287;52;52
114;34.4300000000003;1.21000000000004;36.0900000000038;NA;NA;-2260.05969621004;-2338.15641205805;6.4384464361222;8.7761646076811;65.2176456751591;49.0625421174449;4858.79181232783;4931.09248832697;156.193431696009;0.277227722772277;81;81
115;26.7700000000041;1.1099999999999;28.2300000000032;NA;NA;-1903.14894824547;-1929.78673375303;5.23201708750546;5.76257975429626;48.1197088458788;43.9883234788381;4044.08829108734;4076.94803290855;53.2755710151237;0.544554455445545;49;49
116;29.5199999999968;0.949999999999818;30.6500000000015;NA;NA;-2024.67589298609;-2054.92695544447;5.30350025668217;5.88650218167053;56.9270952854329;52.4948060565221;4337.81843523328;4375.86082255041;60.5021249167571;0.118811881188119;63;63
117;36.3899999999994;1.32999999999993;38.1600000000035;NA;NA;-2126.66693708157;-2174.00083521399;5.44880491774318;6.75717651165377;56.7517102803351;45.8653682273427;4536.00723243246;4576.45148455762;94.6677962648373;0.366336633663366;53;53
118;25.5199999999968;0.920000000000073;26.75;NA;NA;-1777.48626376539;-1809.93022949321;5.34917335883802;6.2383855393717;45.1200020849752;39.2897033709957;3778.84196433271;3814.80202280139;64.8879314556443;0.118811881188119;51;51
119;29.1600000000035;1.13999999999987;30.75;NA;NA;-1925.66938637492;-1983.95571902723;5.66037332787751;8.00209519413802;48.9942903826369;35.703992625117;4097.15576359307;4147.04757738112;116.572665304609;0.0693069306930693;57;57
120;28.1100000000006;0.960000000000036;29.510000000002;NA;NA;-1983.45772976888;-2006.25518293433;5.51230525589058;5.92598623411728;53.0437875082756;49.5097875201427;4234.41021715994;4262.18349885449;45.5949063308913;0.445544554455446;60;60
121;24.9000000000015;0.930000000000064;26.1399999999994;NA;NA;-1799.31402685813;-1819.04804968179;5.36445771905217;5.85886560559932;35.1278055721232;32.2565881061844;3765.27387346814;3791.1209034982;39.4680456473052;0.851485148514851;33;33
122;27.0799999999945;0.840000000000146;28.1700000000055;NA;NA;-1753.264643429;-1803.05804875057;5.82747876300387;8.1664095151135;38.3107754411141;28.2606838678996;3695.84744002087;3745.77029179471;99.5868106431476;0.287128712871287;49;49
123;28.9199999999983;0.990000000000009;31.4699999999939;NA;NA;-1829.02164775369;-1847.68708883757;5.27184196445181;5.47828608135303;47.8309046539862;46.149740187726;3893.91340347719;3922.95390420558;37.330882167756;0.594059405940594;48;48
124;23.6599999999962;0.960000000000036;24.9700000000012;NA;NA;-1595.39169846307;-1611.58859951952;5.15184189776591;5.22915440803938;33.5647667985077;32.8350578867375;3352.38181765909;3381.26241771565;32.3938021128965;0.841584158415842;38;38
125;24.5699999999997;0.940000000000055;25.8600000000006;NA;NA;-1708.00653272215;-1725.42372782618;5.01579587880142;5.24082785567387;36.8453760749222;35.4115940714202;3591.8910158846;3619.88138203814;34.8343902080442;0.702970297029703;35;35
126;25.6099999999933;0.75;29.7099999999991;NA;NA;-1977.05893820623;-2007.26658647888;5.12515164586885;5.86506352317693;44.1258381985846;39.7692889955796;4168.77097640965;4207.99354710786;60.4152965452981;0.0198019801980198;42;42
127;29.2799999999988;0.990000000000009;30.6400000000067;NA;NA;-1952.4406845467;-1989.3904263767;5.3984534191011;6.50243813655329;48.0941038459703;41.0338138466389;4142.54523293603;4181.5552880194;73.8994836599863;0.168316831683168;49;49
128;33.5699999999997;0.990000000000009;35.4500000000044;NA;NA;-2172.80986489361;-2228.09570624094;5.39608691381178;6.81495086742363;65.9620110583851;53.2774862418175;4680.38840111091;4726.58391559784;110.571682694655;0.227722772277228;64;64
129;34.9000000000015;1.13999999999987;36.6399999999994;NA;NA;-2246.11035705632;-2325.68578886974;6.67605350038875;9.48287829692276;59.5672108866609;42.917952664273;4798.45348137717;4872.01114125231;159.150863626855;0.138613861386139;73;73
130;25.6899999999951;0.8599999999999;26.9200000000055;NA;NA;-1635.39710007049;-1654.51073450805;5.29941586916065;5.54741728121108;34.1505285898129;32.6710179428803;3434.75741850202;3465.88127383457;38.2272688751145;0.455445544554455;37;37
131;26.1399999999994;0.940000000000055;27.489999999998;NA;NA;-1925.92479614575;-1947.4553664307;5.13874248196167;5.30278264031292;50.2645631704624;48.5295121738665;4100.23909000858;4134.72622896832;43.0611405699133;0.108910891089109;49;49
132;23.75;0.770000000000209;24.75;NA;NA;-1616.68503675021;-1635.11253925286;4.92933533471635;5.08223662546751;36.8107268325847;35.7320433177386;3411.99479934606;3443.61547284821;36.855005005295;0.0396039603960396;41;41
133;29.9400000000023;0.779999999999973;30.8499999999985;NA;NA;-1989.41617666547;-2039.98011397357;5.73190286268869;7.51957196949552;49.545134790833;38.7865088559816;4229.09321247571;4275.87744707478;101.127874616202;0.267326732673267;61;61
134;23.1200000000026;0.889999999999873;24.5299999999988;NA;NA;-1600.93038918602;-1611.86095330255;4.88895760029564;4.97000613788639;34.3207037148893;33.6744246952724;3367.0986765545;3385.84827806223;21.8611282330644;0.97029702970297;38;38
135;23.0800000000017;0.990000000000009;24.2900000000009;NA;NA;-1682.99123176623;-1700.32783208312;4.92133825582633;5.09619150992294;32.7506656000346;31.4347783973011;3521.35116440765;3549.78181450264;34.6732006337656;0.336633663366337;33;33
136;20.0400000000009;0.700000000000045;21;NA;NA;-1501.92951962204;-1518.85214648405;4.94361807369694;5.32404249605952;25.3435194222301;23.9667619773721;3121.06725474812;3148.54530742933;33.8452537240159;0.425742574257426;26;26
137;24.2799999999988;0.950000000000045;25.4800000000032;NA;NA;-1813.05796140467;-1829.52248065057;4.99273227982515;5.21485873376046;40.4546393882368;38.9225584675585;3823.38618881335;3848.84429157732;32.9290384917949;0.495049504950495;43;43
138;19.8600000000006;0.700000000000045;20.7799999999988;NA;NA;-1590.24203966182;-1603.10318008906;4.77934673078544;4.99113821616664;28.661239955656;27.4732188406652;3314.0980373826;3334.28196038245;25.7222808544698;0.732673267326733;28;28
139;23.1300000000047;0.869999999999891;24.3299999999945;NA;NA;-1730.7093304364;-1748.53109819429;4.98102344585968;5.04745457764815;34.215529082435;33.4645620091004;3625.69395902895;3657.73195801831;35.6435355157801;0.336633663366337;37;37
140;31.8099999999977;1.07999999999993;33.2199999999939;NA;NA;-2125.41750289537;-2166.67601361399;5.8227094074849;6.6633793918301;64.1042635884143;56.6909872489737;4579.5021943104;4624.01081262727;82.5170214372465;0.396039603960396;71;71
141;28.4500000000044;1.1099999999999;29.9300000000003;NA;NA;-1956.30291635386;-1996.03430813961;5.28056804029158;6.37886356377756;54.548710449156;46.2256713506757;4185.31659387828;4223.16918521775;79.4627835715028;0.247524752475248;55;55
142;23.9700000000012;0.860000000000127;24.989999999998;NA;NA;-1758.03992741212;-1776.02455567659;5.0444053422608;5.20898855130054;37.038030770294;35.7328354042765;3693.39912130592;3723.11976579735;35.9692565289556;0.415841584158416;36;36
143;30.7700000000041;0.920000000000073;32.2999999999956;NA;NA;-2138.65229802274;-2176.75039048718;7.84819862350995;9.30156240031395;38.6052475015784;32.8157659689908;4471.3327856086;4518.43130395131;76.1961849288718;0.801980198019802;58;58
144;26.6600000000035;0.979999999999791;28;NA;NA;-1847.85830280724;-1861.84233953009;5.75606250326815;5.85869014210776;39.6529139554868;38.9258641372618;3891.25831998635;3915.64106883147;27.9680734457079;1;48;48
145;26.4100000000035;0.970000000000027;27.7699999999968;NA;NA;-1731.12992111184;-1794.16882878795;5.89534368037301;10.1664601421146;33.9114335488871;20.9694959286617;3625.52729881552;3689.29582737282;126.077815352213;0.257425742574257;38;38
146;27.9700000000012;0.959999999999809;29.3099999999977;NA;NA;-1907.1897775625;-1961.69383749652;6.19367559612964;8.80345201040645;39.5008171237396;28.4220667121533;4010.36859045468;4064.40788274066;109.008119868037;0.524752475247525;51;51
147;26.25;1.07999999999993;27.5900000000038;NA;NA;-1682.38458149235;-1705.59531430357;5.4581531558197;6.29827686045488;30.915428557905;27.4800605628549;3512.77652193023;3542.75119164295;46.4214656224376;0.613861386138614;36;36
148;24.3600000000006;0.860000000000127;25.4800000000032;NA;NA;-1887.7831143049;-1903.02989368259;4.97626681688185;5.01888496941206;46.0390804505816;45.2581450908727;4001.11460806773;4027.7823148921;30.4935587553709;0.623762376237624;45;45
149;24.760000000002;0.8900000000001;25.9100000000035;NA;NA;-1802.29524852189;-1819.10313634576;5.35128795118493;5.40931954106847;37.1881025975294;36.3868671758597;3785.49451680762;3815.21262899762;33.6157756477432;0.831683168316832;42;42
150;25.4400000000023;0.800000000000182;26.4599999999991;NA;NA;-1726.75159195511;-1747.09387549165;5.03437918245881;5.35354618085222;42.753904640217;40.3549997033166;3664.33691529309;3693.19168381713;40.6845670730991;0.128712871287129;48;48
151;23.3799999999974;0.920000000000073;24.5600000000049;NA;NA;-1700.90254781766;-1721.34425499391;4.97554751908484;5.34411535960653;33.5121159410631;31.3787097611314;3560.27049461291;3591.06588402307;40.8834143524969;0.0198019801980198;32;32
152;29.8499999999985;1.09999999999991;31.3600000000006;NA;NA;-2037.13179824982;-2073.64903028138;5.96911406914536;6.89588920227749;52.355953983743;45.8931187845638;4339.56690310315;4379.85224470909;73.0344640631147;0.465346534653465;63;63
153;26.3699999999953;0.710000000000036;27.3799999999974;NA;NA;-2057.83407103217;-2077.0904735576;5.08662283584054;5.30277969382241;53.2508352033562;51.4533789988056;4377.70517540037;4407.37304704139;38.512805050852;0.217821782178218;47;47
154;24.6100000000006;0.8900000000001;25.8600000000006;NA;NA;-1813.9968110631;-1832.93678530623;5.23210033733745;5.44719773032398;39.8870054747628;38.4478337417826;3822.49591652554;3853.35798535983;37.879948486267;0.267326732673267;43;43
155;24.5999999999985;1.11000000000013;25.9800000000032;NA;NA;-1853.93986164235;-1871.60953586833;5.09950259836898;5.24874168497126;46.9640954962319;45.7079307837309;3938.98092968168;3968.13893518591;35.3393484519574;0.554455445544555;47;47
156;26.6399999999994;1.06999999999994;27.9000000000015;NA;NA;-1860.71171743907;-1883.03967393592;5.26083331495978;5.60903607180808;50.4114028258445;47.8559556392619;3972.03637065891;4003.98825072033;44.6559129937032;0.633663366336634;52;52
157;26.5199999999968;1.1099999999999;27.8899999999994;NA;NA;-1954.6452185275;-1985.6595408374;5.07230319796744;5.73090031161428;48.94194303623;44.2070161888318;4148.51019208983;4187.39533299333;62.0286446198156;0.0099009900990099;44;44
158;28.1299999999974;1.08999999999992;29.5;NA;NA;-1867.8427205962;-1902.97110877513;5.23913014489736;6.16433959364705;51.125188980173;44.3984965600465;3993.50488955862;4029.8395980732;70.2567763578718;0.0297029702970297;60;60
159;20.0800000000017;0.800000000000182;21.0500000000029;NA;NA;-1446.57871768582;-1461.88552790781;4.69165734560996;4.92826845708085;22.6881420298475;21.2263557203946;2997.64019062295;3021.52203633636;30.6136204439913;0.316831683168317;25;25
160;26.4700000000012;0.829999999999927;27.7199999999939;NA;NA;-1921.1130950501;-1941.79621172713;5.28958446123576;5.62141249003869;43.818711539859;41.579389019563;4057.37838491687;4087.74942607534;41.3662333540638;0.683168316831683;46;46
161;27.3299999999945;1.24000000000001;28.8300000000017;NA;NA;-2039.65549725882;-2061.41765865458;5.28342485775718;5.48265311828208;54.7191568116101;52.8373831942213;4351.86045146261;4386.01188900886;43.5243227915066;0.0396039603960396;53;53
162;25.6399999999994;0.949999999999818;26.8099999999977;NA;NA;-1681.63131091205;-1729.74347910563;6.16022475341092;9.15432424622995;30.4400205167073;21.4270973820111;3510.97337864403;3563.46234052133;96.2243363871512;0.178217821782178;41;41
163;27.6599999999962;0.809999999999945;28.6999999999971;NA;NA;-2127.01100167333;-2145.23476999827;5.22644779586553;5.37896147053375;59.8840335638207;58.5132170464469;4552.29708246906;4581.91674896977;36.4475366498755;0.653465346534653;53;53
164;25.6600000000035;0.950000000000045;26.8800000000047;NA;NA;-1823.19850877305;-1846.32921570629;5.16834785042539;5.53958790334396;45.7315745384507;42.9096235770691;3873.74486962932;3905.97736592125;46.2614138664771;0.287128712871287;52;52
165;22.760000000002;0.900000000000091;23.9199999999983;NA;NA;-1715.67204195565;-1731.25400013218;4.89261234409996;4.9895851634857;37.4208268390869;36.5037275427171;3609.42652585815;3636.22604687309;31.1639163530676;0.673267326732673;34;34
166;34.0800000000017;1.07999999999993;35.5099999999948;NA;NA;-1820.86964317752;-1850.03446950588;5.75428130110083;6.75076585290899;34.9125889530768;30.0576522801915;3808.39125856304;3843.54632589845;58.3296526567274;0.574257425742574;35;35
167;25.4400000000023;0.909999999999854;26.7700000000041;NA;NA;-1922.75153756788;-1955.24577778733;5.02105183225181;6.02009145008277;44.9654379039255;38.4969283706337;4064.76949378227;4098.21537204801;64.9884804389017;0.207920792079208;43;43
168;27.9000000000015;1;29.1600000000035;NA;NA;-2013.67769320044;-2019.83513744264;8.96916087087055;8.28248632077426;30.761834807991;32.672063368604;4179.68011045793;4201.4539613286;12.314888484404;0.99009900990099;50;50
169;29.0499999999956;1.07000000000016;30.4799999999959;NA;NA;-1980.84321395;-2033.97714889182;7.19728027630884;10.0859735034899;36.1854468439175;26.433863332445;4141.22577255955;4199.10974599458;106.267869883635;0.514851485148515;51;51
170;25.2000000000044;0.929999999999836;26.4400000000023;NA;NA;-1752.06368042186;-1780.61585653152;5.22564314633692;5.91618636633312;38.1887136551148;34.1590949120331;3690.78718999904;3728.19546256148;57.1043522193081;0.227722772277228;44;44
171;35.3899999999994;1.57999999999993;37.25;NA;NA;-1844.20241867524;-1889.0113708831;6.78581308776354;9.67660947378387;30.7094867899519;21.6595330683684;3835.84695600039;3882.01430197726;89.6179044157238;0.326732673267327;37;37
172;25.7099999999991;1.05000000000018;27.1800000000076;NA;NA;-1849.30391090627;-1877.89570124547;5.15644650885479;5.92883104631956;40.0061165637545;35.669337614519;3892.2443070576;3928.43713169307;57.1835806783979;0.0594059405940594;40;40
173;23.0800000000017;0.769999999999982;24.0800000000017;NA;NA;-1636.47863062825;-1649.97321162442;4.93496840157893;5.16675903591758;31.00994786499;29.8503969356376;3420.98034189123;3442.43449616724;26.9891619923378;0.574257425742574;35;35
174;23.0499999999956;0.910000000000082;24.2799999999988;NA;NA;-1651.92462180131;-1675.27907715676;4.97648864440571;5.79363901671992;34.8917151501299;31.2259965536282;3471.83629081713;3500.89650640667;46.7089107108955;0.267326732673267;38;38
175;26.25;0.8599999999999;27.2599999999948;NA;NA;-1946.27963986189;-1967.3617487353;5.29281952216768;5.49558505701813;52.184210603189;50.2502086902111;4153.91910378831;4186.39705065217;42.1642177468289;0.386138613861386;56;56
176;25.2999999999956;1.07999999999993;26.6100000000006;NA;NA;-1839.2547475241;-1857.74068099059;5.1241514271745;5.27519064088401;44.4598159944646;43.1838091942541;3897.28762766086;3927.98051258039;36.9718669329955;0.376237623762376;47;47
177;22.5900000000038;0.920000000000073;23.7100000000064;NA;NA;-1477.61020168482;-1488.78214004395;4.91425385738298;5.06128993641066;26.9076884837528;25.8109947191267;3082.87010228967;3100.01127908272;22.3438767182579;0.841584158415842;33;33
178;24.1399999999994;1.02999999999997;25.3500000000058;NA;NA;-1654.03420363862;-1688.69879417455;5.02485788792793;6.94473349259323;34.0380570262564;26.2661841445773;3471.49162815373;3503.50656130635;69.3291810718497;0.158415841584158;37;37
179;23.6899999999951;0.930000000000064;24.7899999999936;NA;NA;-1733.08777740009;-1758.58442696154;5.22381874295005;5.70028983874629;41.5009567292356;38.4924326739091;3670.39371476718;3706.58265044364;50.9932991229125;0.108910891089109;47;47
180;25.4100000000035;0.940000000000055;26.6999999999971;NA;NA;-1716.85311862691;-1745.86971213871;5.03948256444378;5.82402647998124;38.7204621066146;34.3716713978522;3622.06452264442;3658.94272553665;58.0331870236055;0.0396039603960396;42;42
181;24.6400000000067;0.839999999999918;25.75;NA;NA;-1835.20023905813;-1854.79729759997;5.06713000344037;5.43228721814176;45.092041004386;42.4884454282318;3892.28966739814;3918.67199555539;39.1941170836917;0.405940594059406;47;47
182;30.9699999999939;1.09999999999991;32.320000000007;NA;NA;-2248.28945232525;-2301.73397198869;7.57695776024182;9.76702204311472;48.3660907375781;37.8680838634955;4742.04522190709;4795.65505163447;106.889039326871;0.554455445544555;64;64
183;26.6800000000003;1;28;NA;NA;-1802.24484529919;-1823.53121742709;5.24908309793272;5.52173841518028;51.1096515333005;48.8206762120099;3863.06872331216;3894.0608559471;42.5727442558136;0.297029702970297;62;62
184;24.1399999999994;0.849999999999909;25.1900000000023;NA;NA;-1861.40057218631;-1878.89363687293;5.07560981270222;5.05362998330241;44.2035155265264;43.6901267714002;3938.3521762962;3970.83485148424;34.986129373232;0.564356435643564;43;43
185;23.2300000000032;0.889999999999873;24.5400000000081;NA;NA;-1763.29513021627;-1782.66850535427;4.9637060124172;5.19892366138851;42.1942358012605;40.5206788170469;3730.28348636496;3760.95111838172;38.7467502759932;0.138613861386139;39;39
186;28.1699999999983;0.860000000000127;29.1999999999971;NA;NA;-1946.70192380278;-1964.5845599839;5.18444440879648;5.28309151479018;57.3116511619755;55.9425749680525;4184.71472415578;4213.52108366121;35.7652723622405;0.425742574257426;65;65
187;26.8300000000017;1.04999999999995;28.1499999999942;NA;NA;-1984.03374118848;-2009.61148234929;5.6070936352437;6.17677308592077;45.8501431115771;42.2820394933566;4191.6480176313;4225.4042409176;51.1554823216225;0.574257425742574;43;43
188;23.3099999999977;1.07999999999993;24.5699999999924;NA;NA;-1639.45765750646;-1658.94619761508;4.89870892056614;5.09637854125069;32.3148913658104;31.03035809988;3433.62259059563;3466.44997840891;38.9770802172497;0.178217821782178;36;36
189;30.0999999999985;1.07999999999993;31.6000000000058;NA;NA;-2089.28224342806;-2138.5001576837;5.97985219380459;7.49784866807746;54.8232447338526;44.7681116699778;4456.37029498141;4503.85375137065;98.4358285112858;0.336633663366337;63;63
190;24.1999999999971;1.13000000000011;25.6499999999942;NA;NA;-1621.55118074712;-1646.34181541687;5.46516674012438;6.5828285748139;30.124362797622;25.6928428585437;3387.73518796378;3416.03988263677;49.5812693395114;0.683168316831683;37;37
191;28.2000000000044;1.16999999999985;29.7200000000012;NA;NA;-2049.1787659169;-2077.76220678444;5.19505153019283;5.68330758899851;56.0724275790875;51.9985834549069;4378.17152232154;4415.00900812662;57.1668817350901;0.158415841584158;54;54
192;29.6899999999951;1.19000000000005;31.3399999999965;NA;NA;-2168.36293182517;-2200.14959941495;5.68927115394214;6.30630247777488;59.7821239771339;54.3598404240429;4641.05033143485;4677.02120877765;63.5733351795707;0.554455445544555;66;66
193;26.2099999999991;1.20000000000005;27.7899999999936;NA;NA;-1850.43400047331;-1883.91397399745;5.25758418732719;6.08566943061237;52.1350839006828;46.0522706283685;3964.21113127924;4000.44575924274;66.9599470482694;0.217821782178218;61;61
194;42.5600000000049;1.46000000000004;44.2899999999936;NA;NA;-2302.38833509408;-2331.9840141384;7.04573917244587;7.57468380678101;55.3526380025736;51.244601402296;4885.70092918293;4924.04328748583;59.1913580886549;0.821782178217822;64;64
195;29.5;0.909999999999854;30.8000000000029;NA;NA;-1981.67312035255;-2020.41395129999;6.33119422879305;7.48763070713169;44.1600159817889;37.4979143090435;4184.51762328;4228.63276106802;77.4816618948735;0.574257425742574;56;56
196;26.7200000000012;1.00999999999999;28;NA;NA;-1793.21908203457;-1838.82861594823;6.00654853615352;8.56366329979895;34.4152658260894;25.4184376771289;3753.85353334896;3801.30692711417;91.2190678273187;0.346534653465347;42;42
197;31.510000000002;1.11999999999989;33.1699999999983;NA;NA;-2080.18756697538;-2143.59303636897;5.52855731771246;7.50351141869725;63.3551160329709;48.2162306393934;4483.8337998772;4533.35336932222;126.810938787179;0.178217821782178;68;68
198;27.4100000000035;0.800000000000182;28.4700000000012;NA;NA;-1962.09749710873;-1982.57483612529;5.30050404266556;5.61476347485559;55.2157302966579;52.3860163549712;4202.17864336361;4228.88712374032;40.9546780331307;0.346534653465347;59;59
199;32.3000000000029;1.32999999999993;34.0500000000029;NA;NA;-2158.91947459664;-2202.58468252579;6.32391062934859;7.62012958076386;56.1040590636005;47.4087644551737;4605.48851140286;4648.2375238985;87.3304158583123;0.623762376237624;71;71
200;25.0999999999985;0.8599999999999;26.25;NA;NA;-1761.21864744816;-1775.83579392154;5.04476274864044;5.15153603076537;43.4408978229661;42.316724205313;3738.397381823;3762.04300960962;29.234292946775;0.574257425742574;52;52
201;23.2900000000009;0.870000000000118;24.3600000000006;NA;NA;-1671.04941276881;-1687.56095551281;4.85748445359253;4.88304018344431;32.8721461632831;32.0859000012986;3497.53806328003;3526.84330498961;33.0230854880047;0.267326732673267;32;32
202;25.8099999999977;0.980000000000018;27;NA;NA;-1809.78483469267;-1837.64439061018;5.57446278590999;6.48521209341088;39.2933076196693;33.9905708222889;3810.71460020222;3840.63819316451;55.7191118350192;0.633663366336634;42;42
203;29.3799999999974;0.920000000000073;30.4499999999971;NA;NA;-2123.36137337748;-2152.33097357435;5.34603453536999;5.79443254551584;62.4655879617831;58.280490089406;4561.73074479726;4598.56489606868;57.9392003937455;0.148514851485149;60;60
204;26.760000000002;1;27.9199999999983;NA;NA;-1894.47318165336;-1933.26229135203;5.31887926604168;6.4528075783944;47.1321213864426;39.6044908776943;4024.14622061077;4064.15987534575;77.5782193973359;0.0693069306930693;54;54
205;23.4300000000003;0.720000000000027;24.5899999999965;NA;NA;-1549.0445402017;-1571.74166619013;4.95169634438022;5.61987768085338;32.850976041721;29.23572403693;3255.36285694547;3283.44911980132;45.3942519768616;0.316831683168317;36;36
206;31.5800000000017;0.829999999999927;32.8300000000017;NA;NA;-1933.58905064637;-2010.6708879423;5.80040439705316;8.76903420846848;53.5371549957761;36.535305492599;4140.11472458481;4207.6016343489;154.163674591869;0.099009900990099;67;67
207;27.3199999999997;0.849999999999909;28.5599999999977;NA;NA;-2007.58445695293;-2030.75021036287;5.3793258727675;5.77477896698292;49.7339657845909;46.5408445914133;4262.41407025184;4292.87144083136;46.3315068198963;0.435643564356436;52;52
208;27.3300000000017;0.940000000000055;28.4700000000012;NA;NA;-1811.47859542137;-1841.05022815418;5.33062369808296;5.99181873313416;49.7813254418619;44.6862893259964;3873.15583156228;3906.69168100812;59.1432654656369;0.148514851485149;58;58
209;27.0699999999997;0.740000000000009;27.9900000000052;NA;NA;-1842.29578587781;-1888.0428371337;5.12068208014602;6.55808659811283;50.1214759151085;40.244223434832;3935.16882161639;3977.28259927741;91.4941025117873;0.0594059405940594;55;55
210;19.5400000000009;0.779999999999973;20.570000000007;NA;NA;-1412.71913831384;-1428.34349754999;4.76496311894556;4.78543962090366;22.1835100659898;21.6095358698377;2927.14432824096;2955.76151324336;31.2487184722968;0.465346534653465;24;24
211;33.1400000000067;1.30999999999995;34.8700000000099;NA;NA;-2223.58211994339;-2307.16735985778;9.15678311184064;13.8887890926857;39.9286862764124;26.9335380523436;4651.59831083895;4752.23389303343;167.170479828777;0.455445544554455;70;70
212;24.6699999999983;1.02999999999997;25.9099999999889;NA;NA;-1818.52749984944;-1832.4070657643;5.06115090694425;5.14487136323627;47.7136451165305;46.7634862998013;3873.79317271331;3896.83795371536;27.7591318297191;0.603960396039604;51;51
213;30.2799999999988;0.869999999999891;31.4199999999983;NA;NA;-2077.6115686746;-2137.91764299232;5.29623339347162;7.13305657113358;58.1224938998476;44.3721890688903;4446.83867947016;4498.46200246233;120.612148635431;0.0495049504950495;57;57
214;24.3700000000026;1;25.6100000000006;NA;NA;-1799.02827701936;-1813.93444458106;4.94117893078237;4.96296319322644;41.2698920752685;40.5750649449441;3796.75149576789;3823.21856805609;29.8123351233885;0.871287128712871;38;38
215;28.239999999998;0.950000000000045;29.4200000000128;NA;NA;-1867.02284830079;-1905.15435185784;6.50818586124207;7.78503121281386;38.8429722309301;32.6950574169515;3927.14786713378;3972.84741252903;76.2630071141039;0.712871287128713;52;52
216;32.9099999999962;1.42000000000007;34.5800000000017;NA;NA;-2015.30222820787;-2043.42789591579;5.52973707086304;6.2448178328191;45.9633286496424;41.273801822815;4253.64235013447;4287.13767077241;56.2513354158446;0.405940594059406;41;41
217;25.6700000000055;0.950000000000045;26.9199999999983;NA;NA;-1751.2430347725;-1771.69185346634;5.1016861908159;5.27579406640637;46.7134360040922;44.9542334556408;3735.1600060017;3767.29526971305;40.8976373876753;0.277227722772277;53;53
218;26.2999999999956;0.990000000000009;27.5900000000111;NA;NA;-1680.56316982678;-1713.00094623042;5.03331278593908;5.87613585903904;44.0547950231925;38.5302484618373;3580.13832696373;3617.54940239113;64.8755528072838;0.0099009900990099;52;52
219;26.9200000000055;1;28.1999999999971;NA;NA;-1705.97437053389;-1748.79246191662;5.7808941871898;7.68412901668398;37.7299334682735;29.2602894316955;3599.15128020351;3642.76409522154;85.63618276546;0.188118811881188;51;51
220;30.8199999999997;1.24000000000001;32.3999999999942;NA;NA;-2168.65440215509;-2193.21578285339;6.38528244672407;6.80379414097242;52.7895378003185;49.7339905173654;4605.63411369326;4639.22575464068;49.1227613965966;0.732673267326733;65;65
221;21.4300000000003;0.619999999999891;22.3000000000029;NA;NA;-1386.69935012713;-1395.82663893283;4.72299838900364;4.79637613988224;24.4654548202615;23.9750404492166;2887.88186484399;2903.84160716334;18.2545776113902;0.99009900990099;29;29
222;27.5699999999997;0.909999999999854;28.8999999999942;NA;NA;-1940.96354445757;-1974.4665214938;6.41484131733339;7.76923903580106;38.2553969415998;32.0006466709653;4067.56210291222;4104.2167667913;67.0059540724592;0.821782178217822;41;41
223;23.6299999999974;0.820000000000164;24.75;NA;NA;-1709.81690631435;-1726.97961109106;4.80238113477241;4.89455077664442;34.7021224436766;33.7562383403949;3584.77817814693;3614.60220798378;34.3254095534257;0.148514851485149;34;34
224;32.1200000000026;1.19000000000005;33.6499999999942;NA;NA;-2026.39446339362;-2081.43463403748;10.6362504391215;13.9809207303507;31.7665278100999;24.5828382119718;4215.20437038131;4288.5560474695;110.080341287726;0.584158415841584;69;69
225;25.1899999999951;0.940000000000055;26.4400000000023;NA;NA;-1848.65298697173;-1869.56414350268;5.02091099441156;5.31026755847362;42.8918799379323;41.0574914084011;3904.36708608243;3937.33386449374;41.8223130619044;0.128712871287129;39;39
226;42.0699999999997;1.16999999999985;43.8699999999953;NA;NA;-2291.67502155366;-2365.14474308102;6.79039393546076;9.25102151626238;60.1721576425947;43.6802620078665;4890.55815913163;4953.29845782946;146.939443054717;0.435643564356436;68;68
227;24.0699999999997;0.829999999999927;25.1399999999994;NA;NA;-1743.42251935228;-1763.70129839334;5.15177864660948;5.51239474979761;37.8500927214118;35.8978813310341;3669.56685702542;3700.70008905312;40.5575580821223;0.277227722772277;39;39
228;22.9500000000044;0.900000000000091;24.0300000000134;NA;NA;-1677.72016596681;-1694.61976908461;4.87320142396343;5.05328688142821;36.471625128412;35.2720051032196;3531.03389579468;3559.05750100452;33.7992062356011;0.099009900990099;38;38
229;23.239999999998;0.990000000000009;24.429999999993;NA;NA;-1713.2046923616;-1730.67715013305;5.11114133062597;5.52072114266489;32.9972408234103;31.027116254361;3584.38340269987;3609.8963631362;34.9449155429047;0.207920792079208;36;36
230;23.8400000000038;0.800000000000182;24.75;NA;NA;-1580.22367677701;-1605.77081171537;5.23564284555336;5.79475760920918;36.0866810326276;32.7379035575477;3336.41800300637;3371.18252101068;51.0942698767062;0.0792079207920792;43;43
231;25.5199999999968;1.25999999999999;27.1100000000006;NA;NA;-1915.0102934741;-1941.07225381121;5.13502908983196;5.68392857755755;47.9596164910477;44.1159811988488;4066.52541581915;4099.69509178639;52.1239206742111;0.128712871287129;48;48
232;24.0499999999956;0.830000000000155;25.0500000000029;NA;NA;-1812.89921674601;-1830.16446262023;4.9457780586951;5.19715769263555;34.8553414443616;33.3774631425676;3791.1516872215;3818.67114491629;34.5304917484309;0.435643564356436;33;33
233;24.4399999999951;0.880000000000109;25.6600000000035;NA;NA;-1548.9641212176;-1565.58733543312;5.06246959214454;5.09584010949402;33.440489014373;32.6833194407626;3259.36264110942;3288.95382350751;33.2464284310481;0.514851485148515;39;39
234;22.0600000000049;1.05000000000018;23.2899999999936;NA;NA;-1541.61558336479;-1556.39142007742;5.18027011814369;5.33851113603572;28.3750985954137;27.2212223850005;3216.95522810846;3241.06899925944;29.5516734252542;0.861386138613861;31;31
235;22.25;0.669999999999845;23.1000000000058;NA;NA;-1490.73972566062;-1504.18514435118;5.42290918844636;5.5582263851235;25.2214318492442;24.6006552553998;3099.05759317782;3123.05447279918;26.890837381115;0.97029702970297;28;28
236;25.8799999999974;1.17000000000007;27.3499999999913;NA;NA;-1776.29767441003;-1800.98294744861;5.6692625827552;6.38107198766013;38.3084682231586;34.38483387822;3740.69195706423;3770.79725066577;49.3705460771575;0.881188118811881;46;46
237;28.4599999999991;0.710000000000036;29.5099999999948;NA;NA;-1903.58751337053;-1959.83530562692;7.747258475666;11.2373815860849;31.5383457789284;22.2252588606002;3961.32900762928;4028.30383360634;112.49558451277;0.455445544554455;44;44
238;25.1100000000006;0.910000000000082;26.3600000000006;NA;NA;-2005.66812127169;-2021.04314690792;5.11438951888206;5.16981968768897;52.6426928908524;51.7442167695352;4271.47760697322;4297.78771052887;30.7500512724528;0.554455445544555;49;49
239;32.0400000000009;1.47000000000003;33.9500000000116;NA;NA;-1652.43604786366;-1694.49606347826;5.0453549560813;7.1531379704924;33.6051920955988;24.1695843924944;3464.79626566111;3504.01306510854;84.1200312292026;0.0198019801980198;34;34
240;24.4500000000044;1.02999999999997;25.7299999999959;NA;NA;-1737.11956080088;-1756.79184489913;5.11603663722879;5.29628732719373;40.6495619330923;39.0212602107056;3674.69563881474;3706.0105093535;39.3445681964868;0.118811881188119;48;48
241;26.1599999999962;0.960000000000036;27.3300000000017;NA;NA;-1789.81650412719;-1821.74490137125;5.10423077581125;6.05408147701503;43.7660030483698;37.8424065702623;3793.05058393533;3828.02195339907;63.8567944881115;0.217821782178218;43;43
242;20.8299999999945;0.720000000000027;21.6100000000006;NA;NA;-1464.19156369559;-1478.36195154974;4.63352887656868;4.76254199256483;24.2403379392824;23.4866154070645;3039.51923949618;3064.40437889914;28.3407757082987;0.207920792079208;24;24
243;29.2699999999968;0.990000000000009;31.0599999999977;NA;NA;-1646.76347068875;-1679.63442540451;5.24403083422824;6.83681904817191;33.7841678985191;26.5643696071873;3455.73119200053;3486.80946919424;65.7419094315242;0.366336633663366;37;37
244;25.489999999998;1.03999999999996;26.8099999999977;NA;NA;-1722.90084858706;-1738.64330787705;5.34636767189325;5.35804285216812;42.1740631610871;41.8080506507447;3655.05443057914;3684.72332498434;31.4849185799903;0.801980198019802;51;51
245;22.0900000000038;0.980000000000018;23.320000000007;NA;NA;-1530.0792744828;-1544.08099907645;4.79743933917265;4.84209733005008;30.2709891714218;29.6999758752081;3203.7636994443;3229.05826951756;28.0034491873066;0.683168316831683;33;33
246;24.5900000000038;1.1099999999999;26.0199999999895;NA;NA;-1562.12054409429;-1594.14811296421;5.89542001350117;7.36499402732838;29.0374202750039;23.6244050458998;3263.25749798686;3301.3978700138;64.0551377398342;0.594059405940594;36;36
247;27.4700000000012;1;28.6100000000006;NA;NA;-1862.17497858961;-1889.71591938399;6.69143831125324;7.87373563836873;33.3454088563226;28.8049000314504;3886.56093546072;3919.5552072813;55.0818815887469;0.891089108910891;42;42
248;23.6100000000006;1.02999999999997;24.8600000000006;NA;NA;-1631.71485024669;-1654.25236070659;4.88301931852195;5.19745371753722;35.0635957134225;32.7959083955415;3432.69966801447;3466.82739870817;45.0750209198086;0.0396039603960396;39;39
249;28.4199999999983;0.919999999999845;29.6699999999983;NA;NA;-2219.24355206799;-2239.01952683277;5.59809272812724;5.86079497153994;55.9899045691639;53.8561793469179;4716.83274761347;4745.77719344107;39.5519495295694;0.732673267326733;52;52
250;35.6500000000015;1.38000000000011;37.6399999999994;NA;NA;-2386.06230673829;-2456.37041315466;6.65234961185261;8.7236373615911;65.1530038796916;50.7014306366282;5109.23190346195;5175.07442357303;140.616212832753;0.504950495049505;78;78
