1;83.0199999999895;1.55000000000018;86.0800000000017;NA;NA;-3910.46914446758;-3934.43265467459;5.41501239003097;5.42640494309648;273.115294238711;271.518257339961;9267.98979547001;9307.45520754835;47.9270204140093;0.0495049504950495;100;100
2;87.9399999999878;2.25;91.3400000000111;NA;NA;-3898.25040452617;-3917.50409023012;5.40507592630488;5.41618957528961;274.488719188929;272.717904740613;9250.82915685258;9279.95419131603;38.5073714078999;0.445544554455446;100;100
3;88.3299999999872;1.78999999999996;91.0899999999965;NA;NA;-3930.45031281958;-3956.15434589668;5.39809231303575;5.40905739107432;282.055002306079;280.220547335978;9355.3175426792;9397.00608420717;51.4080661542048;0.0099009900990099;100;100
4;89.4699999999866;1.91999999999962;92.5699999999924;NA;NA;-3918.19150267361;-3941.49175966947;5.4010855266964;5.41262077331242;277.237184271426;275.550031109792;9305.27359342539;9342.9350345208;46.6005139917288;0.0297029702970297;100;100
5;85.8800000000047;1.76999999999998;88.7100000000064;NA;NA;-3864.2288712336;-3888.40293866085;5.39204495412373;5.40230113057503;275.373188400885;273.768535246007;9187.47228885332;9227.31846203005;48.348134854501;0.128712871287129;100;100
6;95.5200000000041;2.07000000000016;98.8899999999994;NA;NA;-3905.61622577617;-3921.41715021963;5.37006347789072;5.37379239119659;287.13447934989;285.842743826952;9332.56205002659;9357.31987415935;31.6018488869231;0.96039603960396;100;100
7;91.8800000000047;2.13999999999987;94.8999999999942;NA;NA;-3950.64177091455;-3970.42603528179;5.38341055481937;5.38846032736487;290.203883142359;288.820783875054;9438.87581572194;9471.1162455888;39.5685287344859;0.495049504950495;100;100
8;91.3899999999994;1.94000000000005;94.4100000000035;NA;NA;-3902.43068035193;-3921.85745028505;5.40609313804367;5.41431248157213;278.102083389908;276.585392024007;9278.3344588018;9309.15208646439;38.8535398662316;0.940594059405941;100;100
9;88.3699999999953;1.70000000000027;91.5;NA;NA;-3932.26753745661;-3953.09341803711;5.38528780508137;5.39340998993432;282.352482314641;280.8132502663;9360.52813544884;9394.02455671696;41.6517611609943;0.504950495049505;100;100
10;88.7699999999895;1.96000000000004;91.8499999999913;NA;NA;-3906.45505752155;-3922.01672922676;5.40407411085561;5.41138638764614;275.738328511298;274.215734680849;9273.85928961744;9296.91544769379;31.1233434104161;0.881188118811881;100;100
11;85.4800000000105;2.0300000000002;88.4199999999983;NA;NA;-3911.98404782803;-3936.32406585019;5.40628393200444;5.41856050816764;275.443706906127;273.816794442287;9283.35627146317;9323.41640894647;48.6800360443112;0.0495049504950495;100;100
12;88.0299999999988;1.80000000000018;90.8600000000006;NA;NA;-3923.18860871506;-3945.21354213827;5.40157810261109;5.40928008628827;278.344494110752;276.771622624449;9321.13468446014;9356.85097899533;44.0498668464224;0.138613861386139;100;100
13;94.7599999999948;1.5;97.2599999999948;NA;NA;-3891.36587358839;-3912.56184477278;5.38250273798649;5.38941063630433;281.555565694833;279.89692213694;9274.50249054597;9308.10641294705;42.3919423687794;0.168316831683168;100;100
14;93.6100000000006;1.65999999999985;96.4700000000012;NA;NA;-3929.77069229158;-3946.71296300311;5.38515409364762;5.38993169544224;284.971886382008;283.603237986722;9369.4128791789;9396.04588704053;33.8845414230791;0.633663366336634;100;100
15;88.1299999999901;1.55000000000018;91.0599999999977;NA;NA;-3866.22702257538;-3886.29712086215;5.39629806112156;5.40732943088389;275.244472663321;273.617098271087;9190.78661470919;9222.30446527848;40.1401965735377;0.683168316831683;100;100
16;93.2799999999988;1.88000000000011;96.5399999999936;NA;NA;-3947.7035979112;-3968.8065405312;5.40327598899026;5.41085847056719;280.95578740817;279.397728413928;9384.00012347929;9417.95091769198;42.2058852399859;0.762376237623762;100;100
17;79.6000000000058;1.65999999999985;81.9699999999866;NA;NA;-3860.30138082159;-3882.24385245278;5.44408962096427;5.45354780880039;262.561425709255;261.068291968107;9111.73652326414;9147.71037009521;43.8849432623792;0.475247524752475;100;100
18;87.9100000000035;1.62000000000035;90.7199999999866;NA;NA;-3893.96566641438;-3917.1523406982;5.40159974309321;5.41629598090529;273.181838765726;271.289274070311;9235.33541338674;9271.68135356134;46.3733485676348;0.376237623762376;100;100
19;88.1100000000006;1.65000000000009;90.929999999993;NA;NA;-3935.96308880959;-3955.93765142681;5.39414585751493;5.4023049843034;278.953658134728;277.33610557217;9349.91118897652;9381.29000737745;39.9491252344415;0.752475247524752;100;100
20;86.5099999999948;1.94000000000005;90.0600000000122;NA;NA;-3882.13389757866;-3902.89931667503;5.4167876462508;5.42971216533589;268.647171773168;266.934999526586;9187.64577083711;9220.10497708127;41.5308381927425;0.455445544554455;100;100
21;92.3999999999942;1.67000000000007;95.6600000000035;NA;NA;-3894.98969968673;-3913.43558429862;5.40170556153652;5.40873131819864;278.055344111874;276.682956677495;9263.20485794289;9292.82528298948;36.8917692237883;0.98019801980198;100;100
22;93.2799999999988;1.65000000000009;95.75;NA;NA;-3953.2343525963;-3972.06788218252;5.38454214851596;5.39231630614947;288.103157138586;286.401894632109;9432.93066601729;9461.58389650661;37.6670591724433;0.564356435643564;100;100
23;82.6699999999983;1.44000000000005;85.3600000000006;NA;NA;-3865.61782241618;-3885.51315251308;5.41807726509534;5.42923565774098;267.123233212084;265.724956901436;9146.53931036841;9178.92145890227;39.7906601938012;0.98019801980198;100;100
24;87.6399999999994;1.82000000000016;90.75;NA;NA;-3916.54981042508;-3938.78074185061;5.37976906438655;5.38887834168992;285.296085864885;283.487470612987;9344.68882719626;9379.56807244879;44.4618628510625;0.138613861386139;100;100
25;91.7700000000041;1.52999999999975;94.4799999999959;NA;NA;-3922.21429860951;-3945.47824683362;5.39287710124656;5.40356752715146;280.10761216104;278.456827014312;9328.52762323416;9366.30913607104;46.5278964482231;0.0396039603960396;100;100
26;95.5100000000093;1.98000000000002;98.9100000000035;NA;NA;-3935.16953120746;-3955.0151423047;5.38791462296243;5.39517818058481;287.06413244726;285.497964851959;9391.29594067328;9422.68910989865;39.6912221944813;0.851485148514851;100;100
27;96.4499999999971;2;99.4599999999919;NA;NA;-3931.33898777708;-3955.48697320123;5.37363230768752;5.38150991878547;289.544308780095;287.921097431316;9396.77561514888;9436.47129711837;48.2959708483058;0.0099009900990099;100;100
28;86.5699999999924;1.57000000000016;89.1199999999953;NA;NA;-3896.0438450462;-3917.8124362895;5.40162380966887;5.41312855336587;276.305732019846;274.654839379172;9256.04314852993;9290.83337786812;43.5371824865915;0.554455445544555;100;100
29;86.7800000000134;1.81999999999971;89.5199999999895;NA;NA;-3924.57209829954;-3945.49120865281;5.39905787369933;5.40777132175113;278.292412055282;276.73986792576;9323.62571637011;9357.23806555289;41.8382207065524;0.574257425742574;100;100
30;98.6900000000023;1.94000000000005;102.860000000001;NA;NA;-3947.15590746256;-3964.80717339202;5.3857998667279;5.39321561998956;289.349356781767;287.693153895649;9427.37653696146;9453.90398030633;35.3025318589171;0.712871287128713;100;100
31;86.3499999999913;1.61999999999989;89.5299999999988;NA;NA;-3887.33462037675;-3906.53024875051;5.39642975969823;5.40605613754237;275.394725230298;273.813094685881;9233.79789609692;9263.80917226349;38.3912567475136;0.762376237623762;100;100
32;98.5;1.88000000000011;101.639999999999;NA;NA;-3914.21132975124;-3936.35428057879;5.37727755967312;5.38603252111418;289.929487460804;288.080135428806;9364.56109799042;9399.04854565754;44.2859016551101;0.188118811881188;100;100
33;89.7200000000012;1.94999999999982;92.5999999999913;NA;NA;-3935.08912306893;-3954.24352798001;5.3869265346763;5.39434243975026;282.392475760965;280.836580750683;9366.38320464468;9396.44838891334;38.3088098221533;0.643564356435644;100;100
34;88.7399999999907;1.80999999999995;91.8400000000111;NA;NA;-3902.30383444886;-3925.49266943261;5.39766685231329;5.40949558784583;274.634998672764;272.981643646441;9259.71105182753;9297.32872214598;46.3776699674836;0.0792079207920792;100;100
35;94.1199999999953;1.89000000000033;96.9400000000023;NA;NA;-3904.29749996965;-3923.3487865067;5.37548359029352;5.38283465797574;285.548644557246;283.814236033297;9321.52234239121;9350.43546866219;38.1025730741048;0.603960396039604;100;100
36;95.4499999999971;2.03999999999996;99.1600000000035;NA;NA;-3964.50341461519;-3984.71934915318;5.38318735713547;5.3874928411263;292.587410618349;291.059626880246;9479.22778814291;9511.56497410697;40.4318690759774;0.772277227722772;100;100
37;89.0200000000041;1.80999999999995;92.25;NA;NA;-3907.06455333621;-3925.32524738895;5.3899953466584;5.399511558857;278.335532824655;276.829222370075;9288.83909396469;9317.37957122925;36.5213881054733;0.435643564356436;100;100
38;87.25;1.58999999999969;90.0899999999965;NA;NA;-3876.72324905538;-3899.295460786;5.39773710354391;5.40848230297464;274.325992850624;272.754673873935;9206.91267012675;9243.73174696542;45.1444234612472;0.485148514851485;100;100
39;79.5399999999936;1.5;82.0299999999988;NA;NA;-3864.33030120072;-3881.07418317812;5.43366214267567;5.44696814354641;263.121540017912;261.649275179414;9122.76202739121;9148.44926498404;33.487763954794;0.99009900990099;100;100
40;89.6600000000035;1.86999999999989;92.25;NA;NA;-3826.83241713849;-3846.90503511195;5.41594332682022;5.42474140980546;269.195488681671;267.570781334132;9079.94796695546;9111.48498774736;40.1452359469213;0.366336633663366;100;100
41;94.8000000000029;2.2800000000002;98.3300000000017;NA;NA;-3872.646338669;-3892.9874051218;5.38777211422481;5.39256337978755;279.313947824987;277.978993769158;9225.18661781822;9258.79574046627;40.6821329055956;0.97029702970297;100;100
42;90.3999999999942;1.71000000000004;93.1300000000047;NA;NA;-3901.77176585371;-3926.02813993882;5.39637787428773;5.40626376856241;280.460029280757;278.84442140313;9289.50977546823;9329.46252036287;48.512748170212;0.0099009900990099;100;100
43;90.3600000000006;1.55999999999995;92.6800000000076;NA;NA;-3928.70664594063;-3948.62890102196;5.39782575031659;5.40688498877953;281.574708134814;280.108240694456;9349.28545797264;9381.36015822857;39.8445101626585;0.920792079207921;100;100
44;91;1.67999999999984;94.2599999999948;NA;NA;-3930.52462571633;-3949.2078899151;5.39281290544002;5.3968054770358;283.336649893205;282.031093831544;9362.25674414137;9392.7060221844;37.366528397537;0.881188118811881;100;100
45;98.5499999999884;1.75;101.360000000001;NA;NA;-3905.19611543921;-3923.25342615102;5.36545387820127;5.36953139582739;289.02501137057;287.613535697928;9341.73846798985;9370.37464334465;36.1146214236178;0.663366336633663;100;100
46;93.7900000000081;1.84000000000015;96.3999999999942;NA;NA;-3936.25922330782;-3955.6283951618;5.39472820219983;5.40265733542379;281.486850497742;279.855382812982;9363.92511506274;9394.01942520357;38.7383437079534;0.178217821782178;100;100
47;80.1399999999994;1.72000000000025;82.7299999999959;NA;NA;-3903.36634524944;-3923.84573711951;5.42717615963315;5.43362669243661;268.578710358935;267.229798686644;9229.7479358787;9263.5597574796;40.958783740145;0.742574257425743;100;100
48;94.4699999999866;1.91000000000031;97.3600000000006;NA;NA;-3919.21556320205;-3938.25005976082;5.39165232664423;5.3999005328891;279.49553321529;278.030859500787;9319.28716391128;9349.59585085093;38.068993117532;0.762376237623762;100;100
49;84.9099999999889;1.73000000000002;87.6399999999994;NA;NA;-3871.82779515815;-3894.28190923582;5.42416627507093;5.44037784344398;264.555560662963;262.911467693802;9145.35491179372;9181.55221361835;44.9082281553565;0.277227722772277;100;100
50;82.929999999993;1.89000000000033;85.9700000000012;NA;NA;-3861.14638239713;-3884.04054105224;5.42442047126318;5.44042267933475;266.790327781841;264.961872601453;9135.83259170784;9171.93317318184;45.7883173102064;0.0792079207920792;100;100
51;88.4199999999983;1.65999999999985;91.4100000000035;NA;NA;-3907.67750379914;-3927.72829677995;5.39382589751324;5.39975431833437;278.805372672573;277.334641666063;9292.55435551626;9324.86354184457;40.10158596162;0.465346534653465;100;100
52;86.6200000000099;1.5;88.8499999999913;NA;NA;-3884.25095776693;-3901.6661226652;5.41436739887916;5.42322596123493;270.223241955793;268.924012053111;9200.23041123315;9228.17700867318;34.8303297965413;0.96039603960396;100;100
53;92.25;2.17000000000007;95.25;NA;NA;-3911.06415783465;-3930.23797136989;5.393939008717;5.40214790992166;280.734717227016;279.316898220513;9309.54994334615;9340.38551535185;38.347627070485;0.891089108910891;100;100
54;99.1100000000006;1.75999999999976;101.520000000004;NA;NA;-3932.31979518478;-3952.98871033628;5.38072815212453;5.38847926529338;288.661822626965;287.018863106982;9394.06153825341;9426.69444759917;41.3378303030131;0.158415841584158;100;100
55;96.3300000000017;1.9399999999996;99.3800000000047;NA;NA;-3926.92865606003;-3946.54936632754;5.38038961894252;5.38715004109936;285.681533352246;284.133994638703;9367.48874158235;9398.530810876;39.2414205350196;0.811881188118812;100;100
56;90.25;2.19000000000005;93.3000000000029;NA;NA;-3875.80160756998;-3895.97379343245;5.41312087448759;5.4217425905588;271.833302730201;270.420739757214;9191.8623238015;9224.72248859532;40.3443717249374;0.762376237623762;100;100
57;86.6199999999953;1.89000000000033;89.3799999999901;NA;NA;-3878.6885451777;-3897.55970583075;5.43756544653441;5.44662537083309;265.520931077289;264.08283005145;9164.1912506642;9194.31405633026;37.742321306112;0.871287128712871;100;100
58;90.6399999999994;2.01999999999998;93.7399999999907;NA;NA;-3898.75015803349;-3921.24718524724;5.39219674999372;5.40265551810928;278.646144552757;276.796893385009;9273.85602287252;9309.05215772282;44.9940544274868;0.138613861386139;100;100
59;98.4300000000076;1.69999999999982;101.290000000008;NA;NA;-3926.71614392441;-3947.35079189288;5.37835237904828;5.38293780188452;289.110193935787;287.829072997698;9385.22984922487;9419.71135984688;41.2692959369397;0.900990099009901;100;100
60;89.3999999999942;1.90999999999985;92.3399999999965;NA;NA;-3905.36436708877;-3928.62557554567;5.39193268552317;5.40610356476497;277.982483725735;276.032974750697;9283.56815529776;9319.76145495286;46.5224169137891;0.0693069306930693;100;100
61;90.3100000000122;1.92999999999984;93.140000000014;NA;NA;-3852.86525120078;-3873.30673476917;5.39949090856737;5.40972904168674;273.36049700699;271.616451827498;9154.0811710219;9185.72363329614;40.8829671367839;0.564356435643564;100;100
62;95.429999999993;2.00999999999976;98.4400000000023;NA;NA;-3923.02617848611;-3943.69397793627;5.38708928261825;5.3964823306979;283.196330884951;281.718844199749;9346.51639504263;9380.0238005799;41.3355989003185;0.782178217821782;100;100
63;84.9000000000087;1.76999999999998;87.6100000000006;NA;NA;-3864.9571975659;-3888.59905196402;5.42317951667176;5.4402675988573;266.974817178984;265.278412225203;9144.43170542221;9182.72732239113;47.283708796238;0.099009900990099;100;100
64;86.8999999999942;2.17000000000007;90.0300000000134;NA;NA;-3880.20312648915;-3901.34919910869;5.4064258471882;5.4189198042274;270.99831416724;269.146891483069;9196.24132723583;9228.72404751455;42.2921452390829;0.396039603960396;100;100
65;95.4500000000116;2.03999999999996;98.5;NA;NA;-3918.30161662053;-3938.070702598;5.38796421042253;5.39490354928805;281.951834295672;280.289433981832;9330.4735334199;9361.20378092186;39.538171954925;0.405940594059406;100;100
66;93.4400000000023;1.80000000000018;96.2100000000064;NA;NA;-3916.74317056682;-3938.47975790981;5.39119206032856;5.39788487568489;283.884250095309;282.225983352593;9337.59519350308;9372.28234470776;43.4731746859816;0.386138613861386;100;100
67;81.6599999999889;1.81999999999971;84.2900000000081;NA;NA;-3873.34675694578;-3891.46122354603;5.42284281780528;5.43588968484983;265.147029846132;263.440951290444;9151.52662681396;9178.71621437416;36.2289332005012;0.762376237623762;100;100
68;88.9200000000128;2.11999999999989;92.1199999999953;NA;NA;-3882.44672402859;-3903.42391560601;5.39958809673197;5.40748100199284;274.159357174951;272.605184823035;9217.47673137887;9251.19661617094;41.9543831548317;0.247524752475248;100;100
69;96.2600000000093;2.19000000000005;99.6100000000006;NA;NA;-3918.16584219053;-3938.07776255246;5.39482199016597;5.40162717432474;277.615492683078;276.162190571942;9307.22667048661;9339.35045539619;39.8238407238641;0.544554455445545;100;100
70;103.5;1.7800000000002;106.76999999999;NA;NA;-3930.0256587882;-3948.57494012144;5.391993963467;5.39847933913295;285.961779744905;284.411331527497;9375.16758136782;9404.05137731806;37.0985626664742;0.663366336633663;100;100
71;88.3899999999994;1.80999999999995;91.6600000000035;NA;NA;-3885.05250059333;-3908.18260187239;5.42888883971798;5.44498733503359;266.892447057204;265.019490771698;9184.18588843034;9220.52257417419;46.2602025581355;0.455445544554455;100;100
72;90.0500000000029;1.69999999999982;93.2599999999948;NA;NA;-3905.04195691424;-3925.74776964697;5.40489681381633;5.41195465970637;276.154688768156;274.860248961064;9273.23909718246;9307.79236973806;41.41162546547;0.366336633663366;100;100
73;97.75;1.78999999999996;101.470000000001;NA;NA;-3898.57299590705;-3918.82959158026;5.37592195412901;5.3817961336889;287.518881919132;286.005395423807;9320.51227709672;9353.00653666091;40.5131913464083;0.881188118811881;100;100
74;82.8399999999965;1.78999999999996;85.5600000000122;NA;NA;-3873.54546786972;-3895.1336307557;5.41081682776918;5.42447367356669;265.014504714059;263.504103702242;9151.22188845306;9186.39563031367;43.1763257719695;0.138613861386139;100;100
75;90.5899999999965;1.69000000000005;93.9400000000023;NA;NA;-3928.44675524332;-3953.49435714346;5.42038988963362;5.43615189953254;276.823209535245;274.786928763674;9323.59072903078;9362.89707105589;50.0952038002843;0.0297029702970297;100;100
76;93.5300000000134;2;96.8300000000017;NA;NA;-3930.15038766451;-3955.14871164183;5.41050989078963;5.42652283059478;281.152844823108;279.160944947609;9349.93777570968;9389.38070596154;49.9966479546438;0.0198019801980198;100;100
77;96.1599999999889;2.02999999999975;100.330000000002;NA;NA;-3913.25452811007;-3929.87972377356;5.41351904856658;5.41829501972838;273.964168584627;272.848400015106;9278.05816844397;9305.39686378201;33.2503913269811;0.900990099009901;100;100
78;93.8899999999994;2.26000000000022;98.0899999999965;NA;NA;-3877.89939046104;-3896.4237502872;5.4094097552533;5.42123439709002;270.33497451977;269.021231304394;9188.1192712055;9218.2073623646;37.0487196523136;0.98019801980198;100;100
79;93.4800000000105;2.01999999999998;97;NA;NA;-3891.70169494272;-3909.62817419106;5.41226121941365;5.42164220019908;273.764578371275;272.180225981763;9233.89500981567;9261.35356653225;35.8529584966736;0.801980198019802;100;100
80;93.1200000000099;1.80999999999995;96.5599999999977;NA;NA;-3837.00567110669;-3854.90741589004;5.42650517939047;5.43637195391491;263.928482605347;262.587268025989;9072.38820512796;9101.08551419658;35.803489566706;0.762376237623762;100;100
81;85.7700000000041;1.84000000000015;89.1599999999889;NA;NA;-3855.16691233718;-3874.10582008443;5.41207616728095;5.42377909109922;265.984603031673;264.59225142122;9119.60466615146;9150.10536092796;37.8778154945057;0.603960396039604;100;100
82;99.3800000000047;2.32000000000016;103.540000000008;NA;NA;-3906.3682517286;-3927.20525242343;5.38107400346013;5.38997555921537;278.506781534708;276.897941190493;9288.35382076394;9321.50367541784;41.6740013896606;0.613861386138614;100;100
83;88.7600000000093;2.05999999999995;92.4700000000012;NA;NA;-3846.79216110534;-3866.72567409555;5.42315908802922;5.435520437171;264.198871990289;262.709546201613;9093.39379389924;9125.36989918906;39.8670259804094;0.742574257425743;100;100
84;92.3500000000058;1.86999999999989;96.5;NA;NA;-3858.93090054948;-3877.38846151943;5.40767504676604;5.41824340041312;267.094161292838;265.718572459427;9133.01143438038;9162.63825011499;36.9151219399009;0.96039603960396;100;100
85;84.5599999999977;1.76000000000022;87.75;NA;NA;-3884.95833869469;-3909.35439496233;5.41172651588784;5.42218477509625;269.345174405109;267.677428004969;9196.99289253589;9236.9487553563;48.7921125352777;0.0297029702970297;100;100
86;107.020000000004;2.30999999999995;111.360000000001;NA;NA;-3955.35249300255;-3977.37628527004;5.36888010297843;5.37495913237016;294.087230839465;292.413858230893;9468.87246844186;9504.05399382414;44.0475845349756;0.158415841584158;100;100
87;95.5599999999977;2.01000000000022;99.4199999999983;NA;NA;-3869.59183503066;-3888.56559196021;5.39111874590589;5.3972424972127;277.460727010638;276.006680721494;9209.25865851684;9239.50217367039;37.947513859086;0.801980198019802;100;100
88;86.4700000000012;1.98000000000002;90.2900000000081;NA;NA;-3866.21134887786;-3885.29004478624;5.4124063442269;5.42171168391675;271.959198456474;270.480458325982;9173.34884193013;9203.6713992329;38.1573918167651;0.900990099009901;100;100
89;96.6100000000006;1.84000000000015;100.389999999999;NA;NA;-3906.37278096586;-3925.74976886768;5.40079579670084;5.40778916779142;274.911478087795;273.607046466693;9269.31382054768;9301.15650363975;38.7539758036328;0.663366336633663;100;100
90;104.51999999999;2.11999999999989;109.449999999997;NA;NA;-3918.28074439376;-3942.79570357374;5.38586161181612;5.39226034120843;286.565931534586;284.887139509051;9354.87874049822;9395.01388591448;49.0299183599682;0.0198019801980198;100;100
91;103.220000000001;2.10999999999967;106.760000000009;NA;NA;-3929.29903098305;-3946.76515117515;5.38064623538504;5.38782277264166;286.636749287526;285.123767316917;9377.29052860707;9404.20651034112;34.9322403841988;0.851485148514851;100;100
92;79.8500000000058;1.76000000000022;83.1900000000023;NA;NA;-3851.12413048465;-3866.92880134621;5.4642253790159;5.47547539374484;256.714586034332;255.304466453649;9062.40361040118;9086.54169106107;31.6093417231277;1;100;100
93;93.5800000000017;2;97.1199999999953;NA;NA;-3901.1319876958;-3923.1711479176;5.38710064196079;5.39791269489221;279.011343245761;277.306962534527;9280.55462077451;9315.60259129657;44.0783204436048;0.247524752475248;100;100
94;91.6699999999983;1.97000000000025;95.0599999999977;NA;NA;-3889.38013427293;-3907.45936816186;5.4008815342148;5.4139686202966;277.407223229268;275.705133573175;9248.55177698736;9275.69203358091;36.1584677778528;0.415841584158416;100;100
95;91.0900000000111;1.88000000000011;95.6000000000058;NA;NA;-3906.82923953613;-3926.01477158807;5.41727836911361;5.42724325085897;271.605741666766;270.045932592702;9252.71189699945;9282.81859759771;38.3710641038779;0.613861386138614;100;100
96;91.3099999999977;2.02999999999975;95.1699999999983;NA;NA;-3887.90697258748;-3906.5317507397;5.43338204010701;5.44497258768096;265.798123944773;264.226467360398;9184.09676126743;9213.01918219665;37.2495563044531;0.643564356435644;100;100
97;92.5899999999965;1.75;96.1600000000035;NA;NA;-3917.58647407163;-3936.05076644081;5.40313229142685;5.41259199498287;278.072806862636;276.495228176696;9308.49092990832;9337.06100209787;36.9285847383617;0.801980198019802;100;100
98;92.3000000000029;1.86000000000013;95.4499999999971;NA;NA;-3908.90006563323;-3931.73128666326;5.40170805786403;5.40992829450923;276.504459227284;274.896201858072;9282.80850951835;9319.94989362923;45.662442060061;0.178217821782178;100;100
99;87.75;2.11999999999989;91.6500000000087;NA;NA;-3892.38580396368;-3911.30981325709;5.41358508020788;5.42338803380008;270.383179893125;268.709022886037;9217.34750557759;9246.32530901942;37.8480185868148;0.752475247524752;100;100
100;95.8600000000006;1.79999999999973;99.75;NA;NA;-3889.2905420044;-3911.6896940925;5.41344151414549;5.42556854872998;271.668813442485;270.041747329785;9217.96867622062;9254.14626775538;44.7983041762;0.158415841584158;100;100
101;100.660000000003;2;104.699999999997;NA;NA;-3932.75071397312;-3954.63210194254;5.40056350541336;5.4109404632162;279.470200635738;277.776438329236;9346.22324540723;9381.01193110273;43.762775938837;0.128712871287129;100;100
102;95.7000000000116;1.88999999999987;99.5999999999913;NA;NA;-3884.59388391662;-3907.76237800271;5.40046245695256;5.41163760893034;272.009542127259;270.128919920849;9210.38064875287;9246.75350362892;46.336988172181;0.0891089108910891;100;100
103;105.389999999999;1.94000000000005;109.669999999998;NA;NA;-3925.20010468552;-3948.5511728743;5.3966204135594;5.40601033576348;280.804355901455;278.936984862214;9338.19080484605;9374.99901681662;46.7021363775621;0.227722772277228;100;100
104;98.6900000000023;2.15000000000009;103.020000000004;NA;NA;-3850.8889437366;-3873.61046236159;5.41036585648539;5.42013819785251;268.496733082521;266.912587087997;9124.35879122574;9161.40852024178;45.4430372499755;0.227722772277228;100;100
105;91.0200000000041;1.67999999999984;94.0800000000017;NA;NA;-3891.50504090174;-3908.09597844564;5.42336130453118;5.43254398488127;267.098417599798;265.638240679257;9198.18226634999;9223.62766070146;33.1818750877983;0.702970297029703;100;100
106;101.200000000012;1.94000000000005;105.550000000003;NA;NA;-3940.49883283157;-3960.7845022326;5.38816213136055;5.3941864256988;283.157811885803;281.619803394049;9381.25761785143;9413.68009955173;40.5713388020522;0.306930693069307;100;100
107;92.5500000000029;2.12000000000035;96.4799999999959;NA;NA;-3935.93210547248;-3955.93551808567;5.39369851566295;5.402216570289;281.032098210436;279.425939874871;9360.86145745074;9392.35834607437;40.0068252263709;0.514851485148515;100;100
108;92;2.36000000000013;95.8300000000017;NA;NA;-3897.50291577883;-3920.28925933959;5.40720980060055;5.41285332032422;273.434408876281;272.038903910251;9243.74810871865;9281.92696764357;45.5726871215384;0.0495049504950495;100;100
109;90.8300000000017;2.47000000000025;95.2800000000134;NA;NA;-3879.62652851204;-3896.75740348917;5.40399034168779;5.41336635696185;269.883703459904;268.3867367974;9189.18257001399;9215.51291550317;34.2617499542666;0.821782178217822;100;100
110;92.1899999999878;2.25;96.5800000000017;NA;NA;-3917.27260343958;-3937.06682895076;5.43647282253083;5.44855067384465;270.142370257209;268.453551640542;9265.84521865338;9296.48577267011;39.5884510223696;0.415841584158416;100;100
111;94.0300000000134;2.25;97.8099999999977;NA;NA;-3926.89250829166;-3945.56126101654;5.40023420557665;5.40871284739836;277.875783793009;276.398426733733;9326.05910759696;9355.56910648297;37.3375054497601;0.633663366336634;100;100
112;96.9400000000023;1.82999999999993;100.169999999998;NA;NA;-3890.43283464108;-3911.71531810197;5.37224799806231;5.38108028266336;282.103907852332;280.443324794989;9275.54170342724;9309.30837429769;42.5649669217646;0.217821782178218;100;100
113;110.529999999999;2.17000000000007;114.850000000006;NA;NA;-3949.42335338252;-3968.74639692748;5.36480830207415;5.3691200164903;297.200661856782;295.68712126282;9473.51013483039;9504.13700350635;38.64608708992;0.316831683168317;100;100
114;96.4700000000012;2.05000000000018;99.8199999999924;NA;NA;-3937.28294020292;-3953.1501992709;5.41259787361011;5.41715452657886;278.326865967913;276.940378121953;9349.22994794052;9373.61841344372;31.7345181359569;1;100;100
115;92.7599999999948;2.0300000000002;96.4199999999983;NA;NA;-3919.30985303868;-3939.76136194801;5.41318099329433;5.42593131074982;272.774932337815;271.010950779851;9283.86786724178;9315.4247509376;40.9030178186486;0.326732673267327;100;100
116;104.199999999997;2.27999999999975;107.660000000003;NA;NA;-3936.08040357063;-3956.8163156087;5.3872818337713;5.39404626932424;286.233438590765;284.723804789683;9388.71640571348;9422.18971080421;41.471824076134;0.524752475247525;100;100
117;96.6399999999994;1.98999999999978;100.220000000001;NA;NA;-3924.21774577223;-3942.33777145212;5.37953471679816;5.38659966280179;283.036284826034;281.511783989898;9348.05155480148;9376.21431690584;36.2400513597704;0.851485148514851;100;100
118;100.270000000004;2.03999999999996;104.020000000004;NA;NA;-3916.4762060046;-3940.42549426258;5.40184812674186;5.41380091488927;276.771630832331;274.994829060421;9299.37635021596;9337.86086704689;47.8985765159505;0.0198019801980198;100;100
119;100.369999999995;2.15000000000009;104.910000000003;NA;NA;-3887.63488110861;-3910.77085405412;5.38633835803391;5.39437318786717;279.538925655412;277.871201843711;9256.35570664348;9293.79152250036;46.271945891026;0.257425742574257;100;100
120;96.890000000014;2;100.400000000009;NA;NA;-3916.41808675355;-3936.38289790911;5.40292083707362;5.4107383333571;276.655036370934;275.178295540334;9298.6423572542;9330.74773797666;39.9296223111169;0.524752475247525;100;100
121;99.3600000000006;2.04999999999973;103.059999999998;NA;NA;-3924.84873628568;-3947.04302842232;5.39950272041364;5.40923307609669;280.81725376827;279.278257942104;9337.55640503811;9373.79090099858;44.3885842732916;0.138613861386139;100;100
122;105.349999999991;2.09999999999991;109.75;NA;NA;-3913.54785603178;-3935.43050655797;5.38649438567193;5.39234360205394;281.831891750442;280.353306830421;9320.33051857202;9356.26180746473;43.7653010523809;0.247524752475248;100;100
123;98.0100000000093;1.73000000000002;101.949999999997;NA;NA;-3873.81623902108;-3895.91059249603;5.41659503816339;5.43068769186181;268.31336148398;266.522146713697;9169.24182086961;9203.9401034949;44.1887069498971;0.198019801980198;100;100
124;99.0800000000017;2.26999999999998;103.109999999986;NA;NA;-3897.23951066993;-3918.37621478997;5.41358467315002;5.42333325785013;274.245970707683;272.579514218747;9247.52121064619;9280.96520353036;42.2734082400939;0.237623762376238;100;100
125;106.219999999987;2.20000000000027;110.799999999988;NA;NA;-3934.23222864455;-3952.78601086683;5.38862479194537;5.39485116318478;284.585689859115;283.089847189914;9376.2897601407;9405.47187539341;37.1075644445627;0.821782178217822;100;100
126;101.970000000001;2.09999999999991;106.399999999994;NA;NA;-3915.25860279637;-3935.00585112424;5.38962684157873;5.39528631665726;280.626852920468;279.372504769426;9317.36733394097;9350.21589600435;39.4944966557441;0.722772277227723;100;100
127;102.029999999999;2.23000000000002;107.720000000001;NA;NA;-3927.69930494559;-3947.05147804955;5.39666038814756;5.40351259058439;281.527890971721;279.935670385608;9347.02272379429;9377.29098001943;38.7043462079146;0.673267326732673;100;100
128;105.469999999987;1.78999999999996;110.380000000005;NA;NA;-3925.55356473546;-3946.28373236579;5.37605129823236;5.3796340330912;289.658634008135;288.348917870465;9385.81050040681;9420.33154390999;41.4603352606437;0.336633663366337;100;100
129;95.6800000000076;2.15999999999985;100.529999999999;NA;NA;-3895.02043132136;-3916.41914578747;5.40003855215493;5.40822053648207;274.408229021622;272.989295962673;9243.94274799168;9279.2222192557;42.7974289322146;0.267326732673267;100;100
130;106.87999999999;2.11999999999989;113.670000000013;NA;NA;-3898.20881301176;-3916.29125527905;5.39240109810938;5.40202378175047;279.801931443355;278.295830346131;9278.89705858354;9307.08214151891;36.1648845345644;0.930693069306931;100;100
131;97.0800000000017;2.0300000000002;102.410000000003;NA;NA;-3895.09776468998;-3917.86296592078;5.41498045095456;5.42502309298032;274.940079680942;273.329434097661;9246.91532831359;9283.91201930995;45.5304024616144;0.217821782178218;100;100
132;101.479999999996;2;107.440000000002;NA;NA;-3821.89972433392;-3842.12913394481;5.40786523325203;5.41493019604349;269.785617176387;268.351832508146;9073.20926939836;9106.07144241251;40.4588192217807;0.97029702970297;100;100
133;98.6199999999953;1.90000000000009;103.080000000002;NA;NA;-3911.77514161547;-3931.3985931966;5.39615733053287;5.40545416183686;281.27781450009;279.732954247894;9313.84941262144;9344.91115588061;39.2469031622732;0.811881188118812;100;100
134;90.6699999999983;1.82000000000016;93.6399999999994;NA;NA;-3878.60936453861;-3895.20089521445;5.40187537475794;5.40584430045593;274.106406381933;272.855544089811;9209.5214622927;9236.07705823885;33.1830613516631;0.97029702970297;100;100
135;91.3899999999994;2.03999999999996;95.0100000000093;NA;NA;-3864.99629024315;-3886.87054962634;5.4197887000063;5.42855489094789;267.357952100884;265.885471412293;9146.53986118713;9182.48670994924;43.748518766386;0.643564356435644;100;100
136;99.3499999999913;1.92000000000007;103.420000000013;NA;NA;-3904.06405751672;-3924.51716875031;5.40116164554555;5.40909590520516;276.29096749343;274.795470947268;9272.00534632424;9304.98795346927;40.9062224671734;0.643564356435644;100;100
137;104.820000000007;2.0300000000002;108.929999999993;NA;NA;-3933.57105961339;-3953.59635162946;5.38444880435952;5.39187248908362;285.512546755798;283.852172210613;9379.87820407038;9411.13159681479;40.0505840321393;0.435643564356436;100;100
138;84.4700000000012;1.82999999999993;87.5099999999948;NA;NA;-3888.3152608172;-3908.69577317829;5.41593283280002;5.42517741353623;267.98128561285;266.513729940076;9196.48042110683;9229.46587012159;40.7610247221928;0.425742574257426;100;100
139;95.8500000000058;1.82000000000016;100.049999999988;NA;NA;-3906.74875482129;-3924.80641135019;5.39808339155248;5.40398014089236;280.057952709219;278.623047339613;9297.33342412172;9325.84615314038;36.1153130577968;0.930693069306931;100;100
140;98.1900000000023;1.92000000000007;101.790000000008;NA;NA;-3888.77837001962;-3909.26909872445;5.39448830988151;5.40332023667188;275.18633394589;273.724682633036;9235.58127222144;9268.81843709637;40.9814574096608;0.277227722772277;100;100
141;91.0200000000041;1.88999999999987;94.5299999999988;NA;NA;-3821.40554596208;-3839.7812289813;5.40574231161415;5.4126790483618;266.24379039872;264.869709198759;9053.45519032928;9082.92623808291;36.7513660384266;0.97029702970297;100;100
142;99.8600000000006;2.25;103.25;NA;NA;-3924.81773869558;-3947.92552759766;5.41529550364455;5.42409768372919;277.403911651802;275.754499368262;9319.40944004425;9356.88590810193;46.2155778041624;0.673267326732673;100;100
143;96.640000000014;1.85999999999967;100.039999999994;NA;NA;-3901.1813976892;-3920.21408512351;5.39655595631212;5.4033866207363;280.099330302139;278.636146614247;9286.41794147669;9316.73090480132;38.0653748686354;0.861386138613861;100;100
144;99.7399999999907;1.7800000000002;102.860000000001;NA;NA;-3901.64825607086;-3926.12269081559;5.38366199685;5.39243570062805;283.093355494121;281.433224939888;9303.21495391059;9343.3679248538;48.9488694894508;0.0396039603960396;100;100
145;98.2599999999948;2.25;101.889999999999;NA;NA;-3919.115108543;-3939.57443385963;5.40310922789739;5.41268810881236;277.006495556023;275.454986343276;9305.89854313709;9338.59680556409;40.918650633258;0.683168316831683;100;100
146;93.609999999986;1.93000000000029;97.4300000000076;NA;NA;-3821.02174230732;-3839.44552712082;5.40981846138108;5.41736475399959;265.102559576829;263.70910346519;9046.64097993689;9076.10557684806;36.8475696269925;0.831683168316832;100;100
147;95.9300000000076;2.13999999999987;99.8600000000006;NA;NA;-3832.3978710592;-3854.11127423266;5.41641902377667;5.43495555856477;260.839064225446;258.990636095139;9046.80388597822;9080.43713346151;43.4268063469162;0.465346534653465;100;100
148;92.1999999999971;1.9699999999998;95.9600000000064;NA;NA;-3907.00937825287;-3926.52271069185;5.41123530181096;5.42214189003937;274.437586307361;272.885739762943;9268.07618607156;9298.88067545301;39.0266648779534;0.316831683168317;100;100
149;92.929999999993;1.90999999999985;96.5800000000017;NA;NA;-3921.55904228504;-3938.21641012994;5.41894106000414;5.42471880355999;274.143104953967;272.875876927504;9295.61525846709;9322.21581789691;33.3147356898016;0.95049504950495;100;100
150;98.1899999999878;2.24000000000024;102.25;NA;NA;-3897.8331374867;-3918.89522836213;5.42072464174078;5.42862766197845;271.071572673745;269.642493589368;9231.8894960482;9266.44196326812;42.1241817508489;0.485148514851485;100;100
151;95.3600000000006;2.11000000000013;99.0200000000041;NA;NA;-3856.20953285496;-3874.45795833651;5.40105183986309;5.40858234276631;273.867931078574;272.367981088488;9163.4582810841;9192.00792096579;36.4968509631062;0.742574257425743;100;100
152;94.0299999999988;1.98000000000002;97.7100000000064;NA;NA;-3856.46286597782;-3875.15492020806;5.38687694106631;5.3934118875908;273.45448827762;272.146225366161;9161.77439615745;9192.22691251415;37.3841084604946;0.594059405940594;100;100
153;98.5600000000122;1.87000000000035;102.419999999998;NA;NA;-3944.76630067093;-3963.93139460744;5.39627715697976;5.40574848072443;280.529721292422;278.924620653391;9375.86809549837;9405.69395078056;38.3301878730217;0.504950495049505;100;100
154;95.2800000000134;1.87999999999965;99.1900000000023;NA;NA;-3863.27790425455;-3882.4400112655;5.39392087265249;5.40236614275354;274.363504606301;272.964720398623;9180.22072971165;9211.13374107396;38.3242140219036;0.594059405940594;100;100
155;83.1999999999971;1.7800000000002;86.8099999999977;NA;NA;-3815.38006137159;-3836.46222328283;5.43236367956118;5.44405213554185;254.61832433274;253.242282196525;8979.8088123967;9014.68242827176;42.1643238224769;0.782178217821782;100;100
156;106.100000000006;1.77999999999975;109.289999999994;NA;NA;-3897.67816569161;-3919.4442064345;5.3852869429415;5.39011264238884;283.280761732866;281.804754008626;9296.26771088142;9331.97943500871;43.5320814857887;0.297029702970297;100;100
157;104.720000000001;2.23000000000002;108.419999999998;NA;NA;-3906.94375055536;-3926.64644255755;5.38973771952852;5.39829715314041;283.272599829492;281.926602929147;9314.75563625453;9347.02950150649;39.4053840043834;0.514851485148515;100;100
158;104.550000000003;2.12000000000035;108.139999999999;NA;NA;-3895.16619655961;-3916.98913141233;5.40085575834412;5.41039120949645;278.929987491734;277.279543854739;9268.1919898977;9303.09328541874;43.6458697054532;0.514851485148515;100;100
159;113.960000000006;2.09000000000015;117.359999999986;NA;NA;-3948.64071941543;-3965.43660028425;5.35793399797496;5.36240610192009;298.648529982389;297.089336771251;9479.61613173059;9504.94679299986;33.5917617376517;0.871287128712871;100;100
160;99.0499999999884;2;102;NA;NA;-3884.21158074029;-3906.50893894685;5.40935143000147;5.42170601612465;270.601272562955;268.990106762186;9202.15458331088;9238.2128319814;44.5947164131248;0.0693069306930693;100;100
161;113;1.93000000000029;116.959999999992;NA;NA;-3940.07573054738;-3958.7230538887;5.36761206209943;5.3722127727878;293.755154456842;292.128890311283;9436.55949746645;9465.23768058407;37.2946466826306;0.930693069306931;100;100
162;103.419999999998;1.98000000000002;107.160000000003;NA;NA;-3921.89018854938;-3941.79318445013;5.37542208368412;5.38517052845653;286.624499216849;284.960539371462;9362.40793897752;9393.39774343298;39.8059918015088;0.168316831683168;100;100
163;101.259999999995;2;104.430000000008;NA;NA;-3848.17585743887;-3871.88704821992;5.39585746914491;5.40677517399993;272.673372453227;271.153090506948;9141.06177954189;9180.42922486599;47.4223815621099;0.425742574257426;100;100
164;95.7200000000012;2.26999999999998;99.3300000000017;NA;NA;-3871.55900326333;-3890.86702645973;5.41178526830393;5.42488069241877;266.319000212137;264.673633908928;9154.16059039233;9184.05896392651;38.6160463928081;0.455445544554455;100;100
165;96.0799999999872;2.13999999999987;99.7299999999959;NA;NA;-3886.36586824066;-3905.77011185107;5.4011584416786;5.41012483297884;273.542101769052;271.942958346405;9222.04460476633;9252.38032261935;38.808487220831;0.594059405940594;100;100
166;111.190000000002;2.08999999999969;122.859999999986;NA;NA;-3936.74537695882;-3952.16531354982;5.39088912821532;5.39885117724734;285.300533209267;284.001796142797;9385.10352370572;9409.06227573386;30.8398731820034;0.98019801980198;100;100
167;94.5299999999988;1.91999999999962;98.4899999999907;NA;NA;-3849.87752321784;-3872.39188980339;5.41004108601422;5.42406405967716;267.021015188537;265.247110141857;9114.51712844239;9150.14714969806;45.0287331711152;0.207920792079208;100;100
168;101.950000000012;1.80000000000018;105.589999999997;NA;NA;-3932.61473999092;-3953.62936853268;5.41210486003619;5.42042609997393;277.617956445099;275.965189307564;9336.13751988048;9369.40989213635;42.0292570835363;0.376237623762376;100;100
169;103.790000000008;2.25;107.910000000003;NA;NA;-3903.64538798453;-3925.23343106188;5.38405913070376;5.39009001728347;283.915449989214;282.261693407159;9311.56493527821;9345.97889421417;43.1760861547145;0.584158415841584;100;100
170;104.770000000004;2.36000000000013;108.609999999986;NA;NA;-3916.03009428197;-3938.14419940656;5.39017719445018;5.39708886844644;283.499728316819;281.912502164929;9334.13172251659;9369.95030488057;44.2282102491845;0.128712871287129;100;100
171;99.0500000000029;2.17000000000007;102.899999999994;NA;NA;-3842.62678271883;-3863.03601274923;5.39512232534367;5.40016894563191;274.005923524336;272.741641294204;9137.02390858368;9171.14380014836;40.8184600608083;0.752475247524752;100;100
172;94.3800000000047;2.51999999999998;98.8899999999994;NA;NA;-3863.403356931;-3883.83759637905;5.41915405716135;5.43176769653071;267.475904533991;265.739610494359;9143.97894398758;9175.64798602007;40.8684788961073;0.504950495049505;100;100
173;95.1399999999994;1.9699999999998;98.640000000014;NA;NA;-3881.47182408932;-3904.19146946588;5.45204161264656;5.4670698628986;262.521932596912;260.816682421098;9153.86816275662;9190.2724968889;45.4392907531101;0.217821782178218;100;100
174;97.75;2.02999999999975;101.029999999999;NA;NA;-3907.10030049944;-3924.75244400847;5.41023514681191;5.41818959192854;275.122494142553;273.653955260189;9271.88688964237;9299.41039159656;35.3042870180725;0.821782178217822;100;100
175;92.6399999999994;1.72000000000025;95.1500000000087;NA;NA;-3867.85844284217;-3891.00173099823;5.45080366288879;5.46472757968292;262.398649294879;260.733026055745;9125.98820620214;9163.44978198023;46.2865763121108;0.217821782178218;100;100
176;100.079999999987;1.88999999999987;103.160000000003;NA;NA;-3884.59628171446;-3906.22225479945;5.40935564808102;5.4202324210224;277.144531433842;275.298372018346;9237.59224736867;9271.0626550461;43.2519461699776;0.207920792079208;100;100
177;95.1199999999953;1.80999999999995;98.0900000000111;NA;NA;-3893.9914326999;-3914.07276432657;5.41390052344297;5.42196547402421;271.050736326104;269.520389117082;9224.09568889204;9256.15008695096;40.1626632533307;0.356435643564356;100;100
178;101.639999999999;1.72000000000025;104.889999999999;NA;NA;-3915.78995857407;-3937.69525667347;5.39237631250971;5.40180866582328;283.153843898732;281.480476120142;9331.81884568163;9366.7634083185;43.8105961987931;0.277227722772277;100;100
179;107.010000000009;2.30999999999995;110.559999999998;NA;NA;-3901.42808397555;-3922.44665979738;5.39476241335962;5.40303151037145;284.395454794969;282.779597691769;9309.67354505862;9343.14937295054;42.0371516436635;0.227722772277228;100;100
180;100.060000000012;1.86000000000013;102.970000000001;NA;NA;-3893.49879650565;-3915.09282766877;5.39618880930738;5.40753665169836;279.953997477431;278.050823370403;9270.28271968052;9303.38716158393;43.1880623262396;0.0693069306930693;100;100
181;112.449999999997;2.42999999999984;116.360000000001;NA;NA;-3943.40493930067;-3962.39016961379;5.37239667695119;5.37744139068131;293.294908411806;291.748593760255;9440.77938535973;9470.55698021351;37.9704606262385;0.594059405940594;100;100
182;102.610000000001;2.07999999999993;106.599999999991;NA;NA;-3890.11647168532;-3915.46300509292;5.388075881219;5.40242709615525;279.763768739449;277.758732486343;9262.51017781379;9302.57992622859;50.6930668151908;0.0099009900990099;100;100
183;89.9700000000012;1.76999999999998;92.5899999999965;NA;NA;-3877.39105207204;-3896.47738396151;5.41126548429972;5.42375585690959;266.874499518947;265.218110566755;9168.76789963414;9198.16448906191;38.1726637789252;0.673267326732673;100;100
184;89.6999999999971;1.84999999999991;92.6699999999983;NA;NA;-3859.02986973762;-3874.29296933842;5.40974535488726;5.41752009007007;268.696081425991;267.351801605958;9141.69685401798;9165.10063210358;30.5261992015849;1;100;100
185;91.9400000000023;2.11000000000013;95.4799999999959;NA;NA;-3897.98835970354;-3918.54470076308;5.41570990603066;5.42467534457974;273.255407285693;271.748124052571;9243.77058933202;9276.89720652075;41.1126821190846;0.653465346534653;100;100
186;96.8300000000017;2.21000000000004;99.9499999999971;NA;NA;-3899.40856298847;-3920.16621719532;5.41767587419059;5.42533166254246;272.782132559403;271.475214508007;9244.10343620043;9278.69427800576;41.5153084136991;0.524752475247525;100;100
187;101.930000000008;2.38000000000011;105.710000000006;NA;NA;-3914.12326108956;-3931.94921061143;5.39952225723632;5.40377282243415;279.579353221423;278.283605899366;9309.54666468045;9338.33328318507;35.651899043738;0.99009900990099;100;100
188;106.669999999998;2.01999999999998;109.740000000005;NA;NA;-3950.64076615331;-3967.50590017076;5.38619223530276;5.39164534473063;286.078066742054;284.645505506846;9417.01392151454;9443.15402547829;33.7302680349012;0.653465346534653;100;100
189;94.7400000000052;1.80999999999995;97.9900000000052;NA;NA;-3862.0834047228;-3884.87363296294;5.45792267661154;5.47122628645266;262.556870134603;260.941410513319;9115.27643418627;9152.29767290013;45.5804564802647;0.099009900990099;100;100
190;94.7999999999884;1.84000000000015;98.070000000007;NA;NA;-3879.5660269664;-3897.52609655268;5.39798050195182;5.40690510649171;271.443479225691;269.901773610546;9197.32575395049;9225.07744748823;35.9201391725719;0.910891089108911;100;100
191;99.7099999999919;1.97000000000025;102.729999999996;NA;NA;-3894.16559375106;-3916.45299391923;5.40617952437491;5.41738564631715;275.353043053586;273.647611338382;9247.23899744477;9282.777879307;44.5748003363533;0.267326732673267;100;100
192;101.400000000009;2.2199999999998;105.050000000003;NA;NA;-3911.91628918488;-3935.49378169643;5.40374451936196;5.41434686464991;276.609772559516;274.871138031736;9289.39894007875;9327.34208758924;47.154985023104;0.0891089108910891;100;100
193;92.0200000000041;1.96000000000004;95.1600000000035;NA;NA;-3838.66144456214;-3861.33961148101;5.40875287069522;5.42020731003899;265.246350305087;263.640520502338;9082.68223335922;9119.53037126533;45.356333837738;0.366336633663366;100;100
194;107.220000000001;1.94999999999982;110.300000000003;NA;NA;-3932.18324465942;-3950.90938579326;5.38684446969241;5.39451606204551;286.598249802059;284.918511957013;9382.85497346737;9411.40747153938;37.452282267669;0.801980198019802;100;100
195;98.570000000007;1.88999999999987;102.110000000001;NA;NA;-3901.78839034221;-3921.77564834926;5.3969541561887;5.4041854377794;278.79504096496;277.389831233133;9280.72138793655;9313.25065682486;39.9745160140956;0.465346534653465;100;100
196;89.1199999999953;1.76999999999998;92.4000000000087;NA;NA;-3875.62058519573;-3898.97480723099;5.42289510316645;5.43288812367436;268.100424997335;266.574925280563;9171.72230813376;9210.34817056223;46.7084440705139;0.514851485148515;100;100
197;104.520000000004;1.82999999999993;107.5;NA;NA;-3908.52446614939;-3930.55634668233;5.39811358840283;5.40532879782575;280.218435944507;278.513919318838;9301.7351378905;9336.76782891702;44.0637610658741;0.772277227722772;100;100
198;100.139999999999;2.08000000000038;103.539999999994;NA;NA;-3939.34413777424;-3956.33693155491;5.3923618245261;5.40118370168216;282.022657764931;280.438843666602;9372.93382094444;9398.52785876324;33.985587561353;0.782178217821782;100;100
199;105.020000000004;2.45000000000027;109.030000000013;NA;NA;-3927.59879147305;-3941.63279201115;5.39247067898;5.39721009640585;281.359520972508;280.043825931759;9345.92961915837;9367.0266503511;28.068001076208;1;100;100
200;98.8399999999965;2.13000000000011;102.490000000005;NA;NA;-3853.29977373587;-3874.00815406775;5.40401499265789;5.41169046779385;267.320916839823;265.723339358187;9122.95060360572;9155.90289175411;41.4167606637511;0.118811881188119;100;100
201;110.119999999995;2.2199999999998;113.990000000005;NA;NA;-3884.74673285427;-3905.12802732832;5.38471740979241;5.39181233069989;281.586769814903;280.051512209518;9261.42953840901;9294.05784532437;40.7625889480987;0.297029702970297;100;100
202;96.3299999999872;1.76999999999998;99.4899999999907;NA;NA;-3905.22685174203;-3925.92168377439;5.41903593095843;5.42800126996132;270.784994071714;269.060178101235;9245.15854017482;9277.40958182907;41.389664064729;0.158415841584158;100;100
203;114.419999999998;1.85000000000036;119.12999999999;NA;NA;-3944.36464089563;-3966.07134446167;5.39071519370986;5.39827645035597;283.252276620637;281.80023437978;9389.48973812465;9425.20976463503;43.4134071320732;0.237623762376238;100;100
204;115.199999999997;2.17999999999984;120.169999999998;NA;NA;-3932.1957811936;-3955.15207630702;5.37125099635058;5.37821084352636;289.52181540129;287.902861650763;9398.37002492238;9435.70488437716;45.9125902268424;0.0891089108910891;100;100
205;116.539999999994;2.68000000000029;126.210000000006;NA;NA;-3911.98225687696;-3933.17151422617;5.38046874200532;5.38563318004118;287.252249494196;285.666238986537;9345.91809582901;9379.89342351118;42.3785146984201;0.465346534653465;100;100
206;96.179999999993;1.96000000000004;99.5800000000017;NA;NA;-3886.19029272145;-3906.95390323203;5.42095093820297;5.43235435687628;267.263257400916;265.757851037241;9188.42614357037;9221.97724391116;41.5272210211606;0.851485148514851;100;100
207;98.6399999999994;2.16999999999962;102.190000000002;NA;NA;-3900.38631983297;-3918.06061814512;5.41741641233709;5.42854852446441;271.730830136639;270.104248785815;9240.48881600542;9267.21926841052;35.3485966242852;0.702970297029703;100;100
208;101.320000000007;1.80000000000018;105.23000000001;NA;NA;-3911.63201152484;-3933.06397164895;5.39584615734013;5.40385688603717;280.598672185058;278.984766346492;9309.96484091809;9344.27777583387;42.8639202482263;0.396039603960396;100;100
209;97.7299999999959;1.92000000000007;101.289999999994;NA;NA;-3870.80237293064;-3892.05186363466;5.42249152830067;5.43400643599173;267.171162689122;265.572269130697;9157.16235697788;9191.18989287806;42.49898140805;0.455445544554455;100;100
210;97.2299999999959;1.83999999999969;100.700000000012;NA;NA;-3925.87845638176;-3947.23085701615;5.40754175536772;5.41619833106127;277.439408130437;275.835086317227;9321.71894702582;9355.92354217014;42.7048012687865;0.217821782178218;100;100
211;91.179999999993;1.86000000000013;94.1399999999994;NA;NA;-3894.65049824204;-3914.09677582857;5.42286313087553;5.43424165838652;271.406706781974;269.862588088767;9227.29986442463;9258.01118870946;38.8925551730681;0.792079207920792;100;100
212;105.619999999995;1.87999999999965;109.330000000002;NA;NA;-3922.1311155013;-3939.91707658434;5.38117299448241;5.39006798179324;281.571504584034;279.89732488994;9336.11742366525;9362.81901048339;35.5719221660775;0.663366336633663;100;100
213;96.8100000000122;2.02999999999975;100.190000000002;NA;NA;-3872.01428394124;-3891.55130798892;5.42691119607239;5.43738840199454;267.235341171392;265.80641424325;9159.92621696626;9191.42935670271;39.0740480953564;0.693069306930693;100;100
214;93.6699999999983;1.80999999999995;96.3199999999924;NA;NA;-3901.0226637373;-3919.39982180921;5.42161521960339;5.43468967757258;272.403625111043;270.659896572945;9245.32618511108;9272.84167405894;36.7543161438116;0.811881188118812;100;100
215;96.6200000000099;1.71000000000004;99.75;NA;NA;-3859.76299274007;-3881.36646721828;5.38590606005187;5.39552986190005;274.886416805546;273.468014645419;9175.96146146913;9211.6532656278;43.2069489564165;0.0693069306930693;100;100
216;100.850000000006;2.14000000000033;108.299999999988;NA;NA;-3897.45823814914;-3918.79488951656;5.4049452115801;5.4163528904823;275.625637737222;273.852506365885;9255.26857938729;9288.54726938419;42.6733027348264;0.247524752475248;100;100
217;95.4100000000035;1.87000000000035;99.7600000000093;NA;NA;-3794.17772287855;-3815.54997969937;5.42778736624242;5.43832575061976;258.644563693991;257.267814987628;8958.73642934022;8994.18649140155;42.7445136416291;0.267326732673267;100;100
218;92.2799999999988;1.80999999999995;95.8899999999994;NA;NA;-3820.44682731652;-3842.50289673734;5.43124659893703;5.44648591119665;259.638665626279;257.910731670691;9016.54170574812;9051.49870210462;44.1121388416377;0.178217821782178;100;100
219;95.359999999986;1.61999999999989;98.7000000000116;NA;NA;-3858.10766913376;-3877.63673587118;5.40119711081615;5.41475802345935;271.49912734356;269.898232580474;9154.70387967455;9185.27996462411;39.0581334748313;0.584158415841584;100;100
220;109.259999999995;2.19000000000005;113.850000000006;NA;NA;-3910.0991793692;-3928.90224161266;5.37960617621518;5.38450628446623;288.070645760888;286.787994738914;9346.48806396602;9377.29829626799;37.6061244869124;0.792079207920792;100;100
221;95.7700000000041;1.95000000000027;100.330000000002;NA;NA;-3907.95899884883;-3925.68240754129;5.39745441241233;5.4084236502438;277.55550631187;275.907306622567;9286.49515697088;9313.20928931842;35.4468173849127;0.732673267326733;100;100
222;103.779999999999;1.86999999999989;107.050000000003;NA;NA;-3908.76965173898;-3933.5285953534;5.38688675250223;5.39541134513417;279.052976287326;277.362235159925;9296.05053392801;9336.6103380792;49.5178872288388;0.0198019801980198;100;100
223;105.399999999994;2.25;110.589999999997;NA;NA;-3908.16105900579;-3928.36063984099;5.39927466281908;5.40653777575357;279.70378370733;278.218244915088;9298.28153271732;9330.8098384061;40.3991616704016;0.514851485148515;100;100
224;102.5;2.28999999999996;106.160000000003;NA;NA;-3904.75471232773;-3928.87908797108;5.40972623044051;5.42786161125628;277.961409004705;275.988564245398;9282.23718521524;9320.03317885221;48.2487512867074;0.0792079207920792;100;100
225;95.7200000000012;2.34000000000015;99.7500000000146;NA;NA;-3839.97526877059;-3857.44365733151;5.40063234566805;5.41025763853433;269.53025671864;268.001976400417;9108.00737752371;9134.84684049455;34.9367771218367;0.910891089108911;100;100
226;90.7200000000012;2.28999999999996;94;NA;NA;-3885.67125631306;-3905.33681350152;5.39914735856213;5.41304125567009;273.377856950233;271.526097564706;9219.78515973523;9249.30506520114;39.331114376916;0.415841584158416;100;100
227;98.2400000000052;1.8100000000004;101.459999999992;NA;NA;-3876.00135388424;-3895.88737137187;5.39492482547389;5.40366329981986;275.108307243825;273.560168393248;9209.61382972008;9241.18333373748;39.7720349752472;0.465346534653465;100;100
228;90.9599999999919;1.89000000000033;94.0499999999884;NA;NA;-3845.37388673289;-3869.87435162672;5.39665183187242;5.41017196741757;264.297094255022;262.631277876296;9091.07765788535;9131.25256382413;49.0009297876622;0.099009900990099;100;100
229;97.0800000000017;2.27999999999975;100.860000000015;NA;NA;-3905.42704503213;-3926.1062360154;5.39028149513297;5.39894481549043;277.144353920523;275.572628316617;9279.25283348209;9312.28371438602;41.3583819665491;0.227722772277228;100;100
230;93.2899999999936;2.17999999999984;97.4800000000105;NA;NA;-3867.24993457591;-3891.80713733025;5.41848155889324;5.43014802950852;267.688307476556;266.021613315629;9152.7974774767;9193.08120836783;49.1144055086934;0.099009900990099;100;100
231;103.130000000005;2;106.989999999991;NA;NA;-3869.24721640384;-3889.43181001733;5.40287894628788;5.40913208779951;273.910354997888;272.400881484357;9189.75842357033;9222.12994106623;40.3691872269883;0.356435643564356;100;100
232;110.199999999997;2.19000000000005;113.559999999998;NA;NA;-3866.4961851191;-3886.99735528526;5.40897900263454;5.42420453444159;271.744903444176;270.029174966732;9172.78311142739;9204.6949777714;41.0023403323303;0.435643564356436;100;100
233;114.240000000005;2.14999999999964;118.079999999987;NA;NA;-3887.68922110851;-3909.62479547567;5.39705573119514;5.40052229508647;280.167963301311;278.878932462136;9259.79722772676;9296.83868197986;43.8711487343207;0.782178217821782;100;100
234;96.1399999999994;2.05999999999995;100.369999999995;NA;NA;-3892.06986410645;-3912.98749249452;5.41336376550687;5.42195455020067;272.071059283438;270.67444504343;9225.65854654947;9260.09409784339;41.8352567761249;0.306930693069307;100;100
235;105.169999999998;2.11000000000013;109.26999999999;NA;NA;-3947.8927414167;-3963.91375772742;5.38873257643034;5.39465100458524;286.062923128832;284.641311660014;9411.43763637238;9435.9475202601;32.0420326214471;0.96039603960396;100;100
236;101.369999999995;2.05999999999995;105.110000000015;NA;NA;-3874.44739163517;-3897.31115824601;5.40830450352879;5.41861501447653;272.233679944276;270.609935427923;9191.27521747838;9228.39963693023;45.7275332216823;0.118811881188119;100;100
237;100.819999999992;2.30000000000018;104.430000000022;NA;NA;-3915.52910375442;-3937.6072849022;5.3935965261952;5.40579210820886;278.545042289155;276.837037979785;9306.87824243532;9341.98505583641;44.1563622955591;0.227722772277228;100;100
238;88.6600000000035;1.51999999999998;91.4800000000105;NA;NA;-3815.86046232428;-3834.55397540772;5.42143615680302;5.43597812241569;258.796610079174;257.218250920996;9002.9074982348;9031.93187666326;37.3870261668817;0.792079207920792;100;100
239;98.6199999999953;2.2199999999998;101.720000000001;NA;NA;-3899.74709160241;-3916.92903897849;5.39357067249975;5.3994889761878;277.289794286778;275.946238638274;9268.66351584098;9295.90882636776;34.3638947521704;0.96039603960396;100;100
240;104.559999999998;1.90999999999985;107.610000000015;NA;NA;-3900.99534834166;-3919.40719888863;5.40028365984793;5.40389582385564;278.469969377531;277.287589891504;9277.41297149839;9307.97205082767;36.823701093952;0.98019801980198;100;100
241;98.7599999999948;1.88999999999987;102.100000000006;NA;NA;-3879.69478882777;-3900.81997861109;5.4064048506802;5.41491841925541;272.772614334802;271.198589778427;9204.62545730432;9238.53615522855;42.2503795666444;0.326732673267327;100;100
242;102.389999999999;2.11999999999989;106.670000000013;NA;NA;-3859.56378355783;-3879.91244934495;5.41007167676349;5.42205359452447;264.923978490925;263.580721038525;9122.77888316914;9156.35921045557;40.6973315742262;0.831683168316832;100;100
243;96.3999999999942;2.08999999999969;99.7300000000105;NA;NA;-3889.72428857207;-3913.11087246176;5.41215760105758;5.42647468011146;270.065347958204;268.290466537373;9210.34050033393;9247.70978305776;46.7731677793772;0.0396039603960396;100;100
244;95.8399999999965;2.16999999999962;100.380000000005;NA;NA;-3850.82017265097;-3870.45213731056;5.39221341555606;5.4039471933809;273.629794605193;271.94500837018;9151.4178380636;9181.7552352149;39.2639293191924;0.356435643564356;100;100
245;97.390000000014;2.0300000000002;101.910000000003;NA;NA;-3849.15963208627;-3870.28282704919;5.40031966656137;5.40761837433266;273.558504888458;272.114382397747;9147.71904138998;9182.31401204386;42.2463899258373;0.782178217821782;100;100
246;104.37999999999;2.47000000000025;108.359999999986;NA;NA;-3922.31672303103;-3940.88726747277;5.38827215562529;5.39455913602299;281.694986869738;280.219589082976;9337.14288706351;9366.46685023084;37.1410888834916;0.554455445544555;100;100
247;99.4499999999971;2.01999999999998;102.790000000008;NA;NA;-3878.61537938002;-3900.14940727927;5.39621939184624;5.40511970115428;276.945942681459;275.519271160396;9224.57825646423;9260.08735376632;43.068055798497;0.514851485148515;100;100
248;87.9799999999959;1.7199999999998;90.9700000000012;NA;NA;-3839.88171093452;-3858.63632406484;5.41621316815317;5.42662197694893;262.753690327816;261.233588335409;9071.91586245749;9101.37110593285;37.5092262606531;0.683168316831683;100;100
249;95.3899999999994;2.34999999999991;99.1000000000058;NA;NA;-3860.09269711136;-3880.66348758409;5.40463183481101;5.41174367573002;271.578139262938;270.115245272715;9159.09256585434;9192.48327016599;41.1415809454729;0.95049504950495;100;100
250;92.5899999999965;1.85999999999967;95.8600000000151;NA;NA;-3886.77232105166;-3910.26171010548;5.40062200212861;5.41008161987444;276.549151536991;275.047767244183;9238.78981439589;9277.81378203108;46.9787781076438;0.148514851485149;100;100
