1;15.0400000000009;0.509999999999991;15.6899999999951;NA;NA;-608.028220911584;-620.597041153779;4.40997231491611;4.64879174357523;37.7187185021378;35.9571447483445;1370.48987181638;1388.41502238098;25.13764048439;0.752475247524752;36;36
2;15.25;0.589999999999918;16.1599999999962;NA;NA;-651.329485295768;-659.471508153472;4.25986539902965;4.30567979172621;44.2427424016382;43.6465690809647;1485.00004343299;1498.82703343734;16.2840457154073;0.98019801980198;38;38
3;15.2099999999991;0.440000000000055;15.8900000000067;NA;NA;-618.93912509818;-633.010288341277;4.29945092717727;4.57786448705991;38.571263724462;36.4326217226836;1394.1242247002;1413.6032570286;28.1423264861928;0.584158415841584;33;33
4;14.1599999999962;0.5;15.0499999999956;NA;NA;-570.100571408066;-578.122452069986;4.21166262226642;4.30164331925906;32.8723771769181;31.906326510833;1270.66133021953;1282.87113848728;16.0437613238391;0.415841584158416;28;28
5;14.1800000000003;0.5;15.0300000000061;NA;NA;-602.855172676991;-614.571249191297;4.1612804238214;4.26929911158522;40.4239063560718;39.2928431889676;1370.06446334248;1388.89797893162;23.4321530286124;0.168316831683168;34;34
6;12.8700000000026;0.480000000000018;13.4300000000003;NA;NA;-469.4852373261;-479.474349237874;3.9429413604014;3.97205414544422;25.6785634570784;24.9604829425599;1038.35504567449;1055.55405935982;19.9782238235483;0.207920792079208;23;23
7;14.3000000000029;0.440000000000055;14.9700000000012;NA;NA;-529.146949972653;-540.954710007383;4.30192677564923;4.54495219919431;27.950042745034;26.5733625162745;1168.71064236131;1186.88758233288;23.6155200694614;0.693069306930693;27;27
8;13.010000000002;0.590000000000146;13.7900000000009;NA;NA;-478.77556453085;-489.519696176084;3.98377594084638;4.16891360010282;24.1481095744387;23.1295117390178;1051.52620225614;1069.05047797879;21.4882632904685;0.178217821782178;24;24
9;14.9099999999962;0.619999999999891;15.6200000000026;NA;NA;-584.205827287569;-597.404739742369;4.38627404250057;4.57437692535135;35.6041336447988;34.0241144594649;1313.16970765371;1333.14354529886;26.3978249096003;0.425742574257426;34;34
10;12.9599999999991;0.579999999999927;13.5299999999988;NA;NA;-525.197085861763;-538.324212217901;3.99482786322499;4.08199584733336;33.5644800928109;32.252424742118;1182.35740143477;1203.45313355746;26.2542527122769;0.0297029702970297;26;26
11;16.0199999999968;0.529999999999973;16.739999999998;NA;NA;-669.569814261076;-678.7823944224;4.87872248722805;4.98623412227413;40.5548078936309;39.8232499965859;1505.74056576074;1521.1604540177;18.425160322648;0.910891089108911;37;37
12;15.5800000000017;0.670000000000073;16.5199999999968;NA;NA;-661.091906213628;-678.551042780064;4.7725167772456;5.22345220171662;40.9571763413178;37.5485354183454;1491.51576631081;1512.34147059166;34.9182731328724;0.663366336633663;39;39
13;15.4499999999971;0.600000000000136;16.4399999999951;NA;NA;-649.067168021623;-667.196267730995;4.32301243587647;4.73513905166406;43.4422276831177;40.1123417321207;1477.17618499674;1499.71066513894;36.258199418744;0.0495049504950495;38;38
14;13.4500000000044;0.669999999999845;14.3800000000047;NA;NA;-510.790450072348;-535.724258606782;4.13941986036562;5.92170778207933;27.0087857273016;20.4292059884168;1128.77032634769;1152.52564855115;49.8676170688666;0.108910891089109;28;28
15;13.5199999999968;0.509999999999991;14.1800000000003;NA;NA;-550.400398906628;-561.043928192931;4.17451688022144;4.29762575684618;31.344820358061;30.4174073226922;1226.27987437756;1243.85432812607;21.2870585726068;0.386138613861386;30;30
16;13.1999999999971;0.470000000000027;13.9099999999962;NA;NA;-512.551099702628;-526.261390941483;4.02529588985111;4.38920883222157;28.4093043702565;26.3932871752804;1136.79716825871;1156.29151027427;27.4205824777089;0.0792079207920792;26;26
17;13.8199999999997;0.6099999999999;14.5600000000049;NA;NA;-519.923009462191;-530.55100028392;4.18207872368223;4.35214858496112;30.8508308523341;29.9451685130648;1162.82461919179;1180.47041972436;21.2559816434571;0.168316831683168;29;29
18;14.5499999999956;0.559999999999945;15.4400000000023;NA;NA;-558.915000257859;-579.283232935065;4.14876391340757;4.90435258126982;33.2090181419277;28.8542672390842;1250.77180341824;1274.07540057579;40.7364653544121;0.0792079207920792;30;30
19;13.9000000000015;0.5;14.5599999999977;NA;NA;-571.166985537353;-583.185144734495;4.22108268764259;4.34171748122752;35.8219282795166;34.6207036594136;1287.44283068124;1306.61318168834;24.0363183942854;0.158415841584158;33;33
20;15.3700000000026;0.5;16.0900000000038;NA;NA;-668.943879991729;-679.199916833785;4.34517893462199;4.42237405763151;45.3010405184507;44.320155060776;1526.31159990934;1542.74380694255;20.512073684112;0.752475247524752;41;41
21;14.1100000000006;0.340000000000146;14.5599999999977;NA;NA;-551.770989211813;-560.35270352547;4.17613329980738;4.17141953978638;35.324102044554;34.8010845331064;1244.95085090657;1260.0205443134;17.1634286273134;0.554455445544555;30;30
22;13.1999999999971;0.420000000000073;13.8499999999985;NA;NA;-524.332263289294;-537.974484750889;4.12846324529435;4.48672988687832;29.5674061920186;27.5093318810942;1165.47066899472;1184.62468209584;27.2844429231884;0.217821782178218;27;27
23;13.3299999999945;0.580000000000155;14.239999999998;NA;NA;-518.871262452483;-527.917498387951;4.16837465293301;4.35927505622574;27.299142779774;26.2847894158355;1144.53739948791;1158.66169766348;18.0924718709359;0.752475247524752;25;25
24;12.4800000000032;0.470000000000027;13.2099999999991;NA;NA;-416.93847345307;-426.160165195952;3.71488941542738;3.81015306854705;18.2865035860135;17.7017263740319;901.333654272166;917.619865115418;18.4433834857645;0.277227722772277;16;16
25;14.7799999999988;0.5;15.4799999999959;NA;NA;-604.064021722516;-614.295586206407;4.67712682774763;4.67854539122245;35.4628825532333;35.0239228044055;1351.23684080746;1369.92856832047;20.4631289677814;0.633663366336634;32;32
26;15.4099999999962;0.579999999999927;16.25;NA;NA;-626.031504002137;-640.389927289997;4.28850061642411;4.59102366114872;40.2899694722349;37.9721974932046;1416.45652353852;1435.71625985005;28.71684657572;0.346534653465347;35;35
27;14.7799999999988;0.5;15.4399999999951;NA;NA;-535.635604614221;-549.409438449947;4.16150122593388;4.63072659692257;29.9170780641549;27.5304078455709;1191.0347709943;1209.02815914937;27.5476676714516;0.316831683168317;30;30
28;14.0999999999985;0.620000000000118;15.1399999999994;NA;NA;-554.487979823382;-565.13787111153;4.66113031640287;4.84962726989815;29.3795353267401;28.2919625424409;1226.08963312554;1243.05409717048;21.2997825762955;0.881188118811881;29;29
29;14.7200000000012;0.569999999999936;15.5;NA;NA;-558.892501798497;-571.799798687724;4.83956980039883;5.26253261382552;29.3681892955606;27.1902385847449;1235.35126274529;1252.44711955623;25.8145937784548;0.841584158415842;30;30
30;14.7099999999991;0.509999999999991;15.510000000002;NA;NA;-604.230187307083;-617.291371743897;4.34651392244469;4.52607685417178;37.4473859225034;35.7164889615563;1360.71265894451;1379.79760692072;26.1223688736275;0.910891089108911;34;34
31;17.2799999999988;0.620000000000118;18.2200000000012;NA;NA;-597.55592971807;-620.097504813069;5.73122939797867;7.02861373577471;26.7278130687286;22.0707022441331;1302.97069405433;1329.26029218914;45.083150189997;0.831683168316832;32;32
32;16.5800000000017;0.710000000000036;17.739999999998;NA;NA;-602.636425851713;-619.84314818036;5.57826407500308;6.38127123540017;30.3698703907267;26.4716772581911;1328.74961858306;1347.31392465381;34.4134446572943;0.712871287128713;34;34
33;14.3700000000026;0.490000000000009;15.3099999999977;NA;NA;-584.212024754172;-599.500042038837;4.31286668574655;5.01561851448065;34.0400103700702;30.0264383891089;1305.79091298744;1320.17036628731;30.5760345693302;0.633663366336634;32;32
34;13.3899999999994;0.610000000000127;14.1500000000015;NA;NA;-543.026511814665;-549.889539561286;4.10577689100217;4.12949513862655;33.0385351898304;32.7249231000568;1218.31235194259;1230.78296060364;13.7260554932425;0.99009900990099;30;30
35;15.1900000000023;0.480000000000018;16;NA;NA;-680.066246383968;-691.672038291794;4.26567834727787;4.39484056070124;46.0585309066673;44.8579110837592;1549.95711672055;1568.22049220416;23.2115838156515;0.544554455445545;38;38
36;14.0199999999968;0.6400000000001;14.8099999999977;NA;NA;-563.552947144617;-573.158231126443;4.20643826701821;4.30595718596519;31.5574044874418;30.5713344047533;1251.77353198816;1267.08862661327;19.210567963652;0.900990099009901;27;27
37;12.6900000000023;0.580000000000155;13.5999999999985;NA;NA;-522.842913668399;-532.697386006392;4.00902930451158;4.04430376873356;30.0806588081758;29.3850910663231;1163.9519490581;1180.92617639469;19.708944675986;0.128712871287129;26;26
38;14.9800000000032;0.6099999999999;15.8099999999977;NA;NA;-660.644702544454;-676.470121432514;4.85457394618066;5.17459565517798;40.0562210043274;37.5992636378129;1485.84212542383;1507.39967411102;31.6508377761206;0.613861386138614;37;37
39;11.5900000000038;0.480000000000018;12.2299999999959;NA;NA;-396.322683609495;-406.424020208236;3.69218496399565;3.75160997415925;17.3038138127586;16.5446123177583;855.91866919393;873.345238465839;20.2026731974825;0.0495049504950495;15;15
40;16.239999999998;0.509999999999991;16.9700000000012;NA;NA;-668.776616250731;-697.411251676547;4.34801487301128;5.2854249844313;44.7590927911872;38.3887728438062;1520.81238068105;1551.99936669651;57.2692708516327;0.0594059405940594;36;36
41;16;0.539999999999964;16.7300000000032;NA;NA;-659.575301627758;-684.533212920092;4.57497213584595;5.37843502422026;44.1609295454893;37.9780222074968;1502.28707415718;1526.56222655112;49.915822584667;0.603960396039604;40;40
42;13.2200000000012;0.420000000000073;14.0499999999956;NA;NA;-535.774135400356;-543.545762963456;4.00572155343439;4.04597550649572;31.2118791374088;30.6706396097067;1194.26193610821;1207.67723585046;15.5432551261997;0.603960396039604;26;26
43;13.8600000000006;0.650000000000091;14.8300000000017;NA;NA;-567.228052873756;-577.236117781101;4.19036886253323;4.36117998994678;35.4388438043413;34.2220205962074;1278.54212911917;1293.6109412907;20.0161298146897;0.356435643564356;34;34
44;12.7000000000044;0.449999999999818;13.4700000000012;NA;NA;-423.047839668813;-430.98814261196;3.82676247015218;3.83601193179378;20.0262242097714;19.4601100934022;922.204367763322;935.93348455987;15.880605886294;0.118811881188119;20;20
45;14.1800000000003;0.519999999999982;15;NA;NA;-623.872442122735;-634.216126416321;4.21399290237658;4.31621117292586;38.7342906355553;37.5655164108404;1404.05529531316;1420.026130397;20.687368587171;0.267326732673267;32;32
46;15.0199999999968;0.610000000000127;15.8700000000026;NA;NA;-628.582820320591;-639.756557303537;4.48340848452262;4.59596576358466;38.9091078454215;37.682216136452;1416.472934769;1433.79709133783;22.3474739658914;0.653465346534653;36;36
47;14.1900000000023;0.3900000000001;15.0699999999997;NA;NA;-569.303250209335;-579.586185991839;4.18405498973026;4.30794806294591;33.5541994250144;32.4457298708822;1273.48024556318;1289.59053652408;20.5658715650068;0.485148514851485;31;31
48;15.4699999999939;0.520000000000209;16.1900000000023;NA;NA;-604.792339488265;-641.028504711991;4.68715282501605;6.91201014778517;35.0494564559001;24.8805753041136;1351.5643796911;1382.84421106658;72.472330447451;0.247524752475248;33;33
49;16.6100000000006;0.579999999999927;17.5999999999985;NA;NA;-607.576306816927;-649.327979099043;4.33012556003297;6.67797956022948;36.1860136237509;24.6050168302236;1361.73632430617;1398.32691686267;83.5033445642318;0.0198019801980198;33;33
50;13.3700000000026;0.679999999999836;14.4199999999983;NA;NA;-436.581648105316;-454.629819173191;4.08859061305702;5.4580249920537;18.8374540586227;15.3666769293593;944.75412165348;967.659944580059;36.0963421357499;0.0693069306930693;20;20
51;14.2300000000032;0.529999999999973;14.989999999998;NA;NA;-609.977138078311;-619.908786968565;4.1364283485451;4.19478195092923;39.0314805337391;38.3198907027987;1378.06451480182;1395.04527683301;19.8632977805078;0.356435643564356;33;33
52;13.4100000000035;0.549999999999955;14.3799999999974;NA;NA;-593.97000580802;-603.722836819239;4.08577604932478;4.12313742302315;36.378801063697;35.7473088837942;1332.95438920715;1349.94277625777;19.5056620224377;0.237623762376238;29;29
53;12.9199999999983;0.470000000000027;13.8700000000026;NA;NA;-479.818521280324;-485.540426481162;3.9198536872779;3.96341136660619;25.6219131277674;25.226406149548;1058.80235798921;1068.71542499738;11.4438104016758;0.782178217821782;23;23
54;15.3799999999974;0.470000000000027;16;NA;NA;-674.986431943835;-689.120028033347;4.27961867156227;4.43330624269692;46.9350721901311;45.2410099422682;1544.01962661831;1565.28294558009;28.2671921790225;0.118811881188119;39;39
55;14.0200000000041;0.529999999999973;14.6900000000023;NA;NA;-585.631918250413;-595.953763831427;4.20953443001547;4.36199981702204;37.0452965874754;35.8543385410286;1321.88131994308;1337.68285514024;20.6436911620278;0.722772277227723;34;34
56;14.0800000000017;0.470000000000027;14.7099999999991;NA;NA;-587.688868834459;-596.581458362815;4.15613213552406;4.18920705037526;39.2266516065921;38.5032915890315;1334.86409877551;1349.70826573341;17.7851790567115;0.712871287128713;34;34
57;15.5400000000009;0.580000000000155;16.3700000000026;NA;NA;-627.036794132998;-642.364085708762;4.32216206603822;4.63017877789424;40.2903274952637;38.0388313454873;1419.03607155638;1440.4722536902;30.6545831515296;0.138613861386139;36;36
58;13.2200000000012;0.480000000000018;13.9000000000015;NA;NA;-392.624494419282;-403.832280588493;3.87308889215906;4.13693627416721;17.3205961270333;16.1047976507584;849.667607319501;867.561391977034;22.4155723384214;0.198019801980198;17;17
59;13.3799999999974;0.5;14.5499999999956;NA;NA;-532.822699618778;-541.173445472881;4.34652691418853;4.34100769267264;31.8096637073785;31.5960625846669;1192.98532915986;1208.83173631743;16.7014917082065;0.693069306930693;30;30
60;15.4799999999959;0.360000000000127;16.010000000002;NA;NA;-704.885008547321;-721.013588508767;4.44324102720169;4.77837006852048;48.1606532290925;45.5226600631076;1610.66832447434;1631.92130720294;32.2571599228927;0.198019801980198;42;42
61;15.6399999999994;0.630000000000109;16.9300000000003;NA;NA;-705.812411187878;-716.121893925849;4.31710883646971;4.41105778218143;49.2253856313918;48.1148568518628;1615.76371836572;1631.77729342957;20.6189654759419;0.722772277227723;40;40
62;14.5999999999985;0.589999999999918;15.4599999999991;NA;NA;-613.555297123509;-631.675547623257;4.33548863726108;4.82965437226937;39.5297893156821;36.0191859484699;1387.82944214911;1409.79665360199;36.2405009994964;0.188118811881188;34;34
63;13.8899999999994;0.479999999999791;14.8099999999977;NA;NA;-579.716776458179;-573.785068344506;5.44332708678905;4.43023937819432;25.6090447203252;30.3415117652681;1261.06784469437;1267.9861105535;-11.8634162273468;1;28;28
64;16.0899999999965;0.75;17.1100000000006;NA;NA;-534.790743706141;-544.419047669399;4.6194790468696;4.81417010815856;25.3775133720764;24.368966087322;1168.85890354441;1184.1700512909;19.2566079265152;0.801980198019802;25;25
65;14.0999999999985;0.470000000000027;14.9700000000012;NA;NA;-546.810691436146;-565.687573997092;4.12354965133215;4.84972880587283;31.0404437550904;27.4703932679386;1217.88198395541;1241.34418085969;37.7537651218906;0.0792079207920792;30;30
66;13.5600000000049;0.5;14.4300000000003;NA;NA;-542.80749068368;-550.446968146403;4.15640515602384;4.2262223130083;30.3689599665506;29.8381866811023;1204.41905140743;1217.62160902954;15.2789549254453;0.831683168316832;25;25
67;14.5999999999985;0.590000000000146;15.5;NA;NA;-534.969900036618;-550.298451187167;5.7146417738486;6.70924480647127;22.3204864060759;19.6156132511654;1158.52283207606;1178.4451385091;30.6571023010988;0.96039603960396;28;28
68;13.8199999999997;0.6400000000001;14.8899999999994;NA;NA;-582.807645220546;-591.837373870929;4.14870449190791;4.23926486311042;36.7013190837092;35.5780675584103;1313.13913071705;1326.68359011733;18.0594573007661;0.524752475247525;31;31
69;14.1100000000006;0.580000000000155;14.9000000000015;NA;NA;-577.93687692871;-592.03921174844;4.37739580826306;4.7106357421354;34.1293504640047;32.1003475062579;1293.60114509057;1313.61786856711;28.2046696394605;0.504950495049505;32;32
70;15.1700000000055;0.529999999999973;15.8899999999994;NA;NA;-624.99485618641;-639.700692759008;4.23716419819291;4.54959977200294;40.3731067688637;38.0746950656906;1414.72244962015;1434.75600744337;29.4116731451973;0.158415841584158;35;35
71;14.75;0.470000000000027;15.4800000000032;NA;NA;-651.200788054754;-660.685715075658;4.31171509708274;4.45442886391486;40.8808905497348;39.4943221874736;1468.00347674096;1481.35656575984;18.969854041809;0.722772277227723;33;33
72;15.6900000000023;0.740000000000009;16.5200000000041;NA;NA;-642.559825776753;-656.155186310618;4.39256189006791;4.64819328286666;42.8073322603267;40.6573413759754;1460.38761961681;1478.77553719837;27.1907210677302;0.673267326732673;36;36
73;13.7000000000044;0.509999999999991;14.4700000000012;NA;NA;-575.386524577527;-586.991930657785;4.10690603196413;4.22199442592388;35.3491865786441;34.2309240161109;1293.42303175069;1312.1211478488;23.2108121605154;0.207920792079208;32;32
74;13.7099999999991;0.5;14.3699999999953;NA;NA;-529.264411416701;-544.362986322164;4.06032468460535;4.76876700442983;30.5423308337945;26.6627549646604;1179.74178479441;1194.54211093758;30.1971498109256;0.405940594059406;28;28
75;14.1800000000003;0.639999999999873;15.0599999999977;NA;NA;-544.575502286244;-565.475097381844;4.18113575429516;5.13941604282228;34.0770527810496;28.7239544390302;1226.66735096175;1246.86436415171;41.799190191201;0.168316831683168;32;32
76;12.8100000000049;0.809999999999945;13.8899999999994;NA;NA;-521.418735200916;-530.932632121244;4.21255173246394;4.39766284102744;27.2195552646138;26.1168772038408;1150.86337500091;1165.51498437277;19.0277938406559;0.623762376237624;28;28
77;13.6200000000026;0.439999999999827;14.4400000000023;NA;NA;-545.031778459925;-561.608934115526;4.15500213480242;4.63413162843679;32.5162173030829;29.56455437482;1219.68077562829;1241.06907074639;33.154311311202;0.0594059405940594;29;29
78;14.1299999999974;0.490000000000009;14.8000000000029;NA;NA;-570.448378955664;-582.187522601616;4.10297985859877;4.18927629026058;37.0891376913492;35.928876693604;1290.56823152183;1309.36434003809;23.4782872919045;0.0099009900990099;32;32
79;14.1399999999994;0.579999999999927;15.0299999999988;NA;NA;-566.408992507949;-576.308427761618;4.24163066147043;4.43852767900948;33.4122183108164;32.2872324380053;1266.57323553938;1281.86858084365;19.7988705073378;0.415841584158416;30;30
80;14.4499999999971;0.349999999999909;15.1200000000026;NA;NA;-614.692565886546;-626.823806205948;4.18126384830309;4.31253201131296;39.2134544412088;38.0414886329585;1389.9385257304;1409.40257453508;24.2624806388033;0.118811881188119;36;36
81;14.5800000000017;0.400000000000091;15.3600000000006;NA;NA;-597.521584758956;-602.931092146179;5.18902109691794;4.93944732462081;30.6796106819937;31.746901632838;1317.85928949414;1332.95086609563;10.8190147744456;0.96039603960396;30;30
82;14.0599999999977;0.549999999999955;14.8099999999977;NA;NA;-598.960963008967;-609.490560821496;4.16353068761953;4.24548737283685;37.7265116898426;36.8494510883039;1351.3090702229;1368.80234323972;21.0591956250591;0.366336633663366;34;34
83;13.9700000000012;0.5;15.25;NA;NA;-583.028585831487;-593.984796075849;4.19029753657537;4.37043876166861;36.632509565405;35.1567647847711;1314.99635993177;1330.90874841813;21.9124204887237;0.663366336633663;34;34
84;14.5500000000029;0.470000000000027;15.3400000000038;NA;NA;-584.964196546975;-596.990757031432;4.96635368651899;5.2223225287399;30.9019095608637;29.556216838636;1294.14105040693;1312.78505357924;24.0531209689136;0.821782178217822;31;31
85;14.5;0.480000000000018;15.0999999999985;NA;NA;-632.430130012301;-643.807499710341;4.23867535780462;4.43382053229051;42.2083461272455;40.6016545930322;1437.67577247108;1453.85216312088;22.7547393960815;0.326732673267327;36;36
86;14.9099999999962;0.5;15.6699999999983;NA;NA;-664.250265225707;-674.539314103888;4.32078145977513;4.44034079883356;44.2758886770223;43.1767007819171;1510.38783145924;1526.45041692403;20.5780977563618;0.722772277227723;37;37
87;14.3700000000026;0.3900000000001;14.9800000000032;NA;NA;-594.350876458214;-604.165273815242;4.21098432490494;4.4343440434396;35.4987357725052;33.9418597166554;1331.39171493542;1344.76252382426;19.6287947140559;0.376237623762376;31;31
88;14.1900000000023;0.670000000000073;15.0799999999945;NA;NA;-570.738430834705;-586.873103725386;4.36321534564272;4.89193683099066;33.8273723313387;30.8626599668821;1277.98563432776;1298.29102257222;32.269345781363;0.465346534653465;32;32
89;17.1399999999994;0.649999999999864;18.0899999999965;NA;NA;-729.650926485578;-750.982424134407;4.47229060964858;5.07111802888144;50.7194634008582;45.3017120138589;1670.87403202714;1690.93731136425;42.6629952976577;0.623762376237624;42;42
90;15.1699999999983;0.590000000000146;16.0299999999988;NA;NA;-556.822179041756;-597.565303744487;4.97148788908318;8.43611393903557;27.3097577844557;17.0524689741566;1222.50741600405;1263.10572218144;81.4862494054614;0.297029702970297;29;29
91;13.7200000000012;0.349999999999909;14.3199999999997;NA;NA;-531.593267036132;-543.102691115039;4.13876606925474;4.29005190529779;31.0129620676918;29.8806910344313;1187.84557567574;1206.31317131103;23.0188481578136;0.118811881188119;31;31
92;14.1299999999974;0.470000000000027;14.6599999999962;NA;NA;-607.007966846726;-618.996548592183;4.23829733611623;4.4569527577979;37.7181846607324;35.9832338953619;1366.80622236357;1383.75537985012;23.9771634909132;0.207920792079208;33;33
93;14.489999999998;0.5;15.2300000000032;NA;NA;-617.785271836295;-633.135794488417;4.1279450366879;4.35482391990422;41.104666695247;39.1299048174903;1402.0789254133;1424.78052853677;30.7010453042442;0.0099009900990099;33;33
94;13.9800000000032;0.529999999999973;14.5599999999977;NA;NA;-566.186089580958;-576.892279102301;4.17707544718672;4.2410750362836;34.1922863827644;33.3308812349817;1269.81076504751;1287.7606583102;21.4123790426859;0.257425742574257;31;31
95;14.7000000000044;0.519999999999982;15.2700000000041;NA;NA;-613.897608709921;-629.22281903699;4.16168125868354;4.41150296814217;42.3608734861125;40.3747327424853;1400.02458926001;1422.59982768796;30.6504206541383;0.0297029702970297;34;34
96;13.9399999999951;0.430000000000064;14.5599999999977;NA;NA;-589.721500865048;-604.686547866161;4.1383039697975;4.49919003178557;36.4920723527505;33.9833973594769;1327.26650699949;1347.03436281741;29.9300940022254;0.0693069306930693;33;33
97;13.3799999999974;0.579999999999927;14.3300000000017;NA;NA;-566.069093755912;-576.038575751477;4.1334137134306;4.23650169593346;33.974959891938;33.2238526384035;1268.70321246498;1285.62304174196;19.9389639911299;0.475247524752475;31;31
98;15.1100000000006;0.449999999999818;15.8300000000017;NA;NA;-634.608609712118;-652.138069342736;4.52712916707541;4.93096531926059;39.897030294818;37.1717422949202;1433.11597731225;1456.97929342283;35.058919261237;0.138613861386139;37;37
99;13.8700000000026;0.400000000000091;14.4700000000012;NA;NA;-566.14349982555;-577.597819637593;4.14172662224779;4.47496456029453;33.3370587064725;31.4919690696363;1266.28793058949;1281.78008721855;22.9086396240859;0.425742574257426;31;31
100;14.6999999999971;0.580000000000155;15.7700000000041;NA;NA;-624.087815857516;-633.595658456769;4.18144312424999;4.2963994915392;39.5513628419523;38.5216953703615;1408.98219251282;1423.81149137786;19.0156851985064;0.792079207920792;34;34
101;13.1700000000055;0.650000000000091;14.0999999999985;NA;NA;-576.784769238472;-586.527870027798;4.21458548226263;4.39716505054475;33.5032746341671;32.3857079935419;1288.77043009656;1303.74674397299;19.4862015786507;0.277227722772277;32;32
102;15.1899999999951;0.670000000000073;16.239999999998;NA;NA;-613.741012109692;-625.534823859745;4.44055338649137;4.66162210822703;38.0284386246784;36.4165447189945;1383.18355511213;1400.17152956462;23.5876235001067;0.504950495049505;36;36
103;15.0500000000029;0.550000000000182;15.9599999999991;NA;NA;-627.678876562758;-638.97229942262;4.41046008213307;4.49820517747354;39.3841481007888;38.4457393573834;1416.61002573973;1435.35470272375;22.5868457197234;0.801980198019802;36;36
104;14.2999999999956;0.460000000000036;14.9700000000012;NA;NA;-616.856756303446;-630.38685038625;4.23681794792352;4.47685009070149;40.2579415890523;38.5282011091514;1397.97634607857;1417.97874486936;27.0601881656071;0.247524752475248;35;35
105;17.0999999999985;0.6099999999999;18.0500000000029;NA;NA;-542.25194314721;-552.283658108096;4.90020071795926;4.98740214672206;25.9399022602841;25.3714176953584;1186.97956163767;1204.79719128123;20.0634299217738;0.861386138613861;27;27
106;15.8199999999997;0.440000000000055;16.5900000000038;NA;NA;-637.570813749304;-648.620590410588;4.66555148135371;4.91550725070321;38.4715674992818;36.5036012533185;1432.65748068945;1446.69950211422;22.0995533225682;0.95049504950495;36;36
107;13.1300000000047;0.600000000000136;13.9199999999983;NA;NA;-605.347182174963;-613.233832085801;4.19433938854352;4.22768394695215;37.2576769788388;36.6444103029875;1361.04597034123;1374.34446128881;15.7732998216748;0.534653465346535;32;32
108;13.1900000000023;0.3900000000001;13.760000000002;NA;NA;-495.285737340181;-504.575736810551;4.55429791195653;4.48034221344272;26.3072077381215;26.0983838736873;1094.976557194;1112.72779950598;18.5799989407398;0.663366336633663;28;28
109;14.75;0.539999999999964;15.6100000000006;NA;NA;-615.405244440221;-628.601865807956;4.44739511473108;4.70049312214397;37.9583280419061;36.3745864267642;1386.22496288986;1406.13382175541;26.3932427354705;0.247524752475248;36;36
110;14.3000000000029;0.520000000000209;15.1600000000035;NA;NA;-566.690091707517;-590.083519357004;4.13923901957857;5.19268346695731;34.705660174043;28.5670502259141;1273.96722078642;1295.88755627686;46.7868552989735;0.0792079207920792;33;33
111;13.5999999999985;0.470000000000027;14.510000000002;NA;NA;-472.531543939792;-483.629957726724;4.19220424348537;4.51285215467226;25.7323910374039;24.0319489058539;1044.65598951931;1060.27154115557;22.1968275738641;0.742574257425743;23;23
112;14.1399999999994;0.430000000000064;14.75;NA;NA;-639.326680835801;-648.604650641366;4.22538569202897;4.27019301457882;42.6098962012534;41.8285806677677;1453.11295848005;1468.46992308527;18.5559396111291;0.851485148514851;36;36
113;15.5500000000029;0.5;16.0599999999977;NA;NA;-641.518708167486;-660.849191772552;4.25295768660347;4.7501923977651;45.8766802176487;42.3371144655369;1473.85555540488;1497.79415502587;38.6609672101315;0.0099009900990099;41;41
114;14.0299999999988;0.639999999999873;14.7700000000041;NA;NA;-565.772784840093;-580.501770240379;4.18992652527289;4.6824632355891;32.8413111000987;30.2389882314484;1263.01537371566;1282.05576780817;29.4579708005706;0.227722772277228;30;30
115;15.5;0.650000000000091;16.5;NA;NA;-642.500586942137;-654.779322531146;4.65411629422772;4.83178087737017;38.3427125786438;37.0563384812413;1441.44937671218;1460.75810824273;24.5574711780189;0.831683168316832;35;35
116;13.1800000000003;0.3900000000001;13.75;NA;NA;-543.830950307841;-555.606566096781;4.05413195680525;4.22407365020844;33.2701783365281;31.6866282463345;1220.84853901744;1238.06052855338;23.5512315778813;0.0495049504950495;30;30
117;14.510000000002;0.6099999999999;15.3399999999965;NA;NA;-649.913250531088;-662.096280649731;4.29091690234679;4.40028420462609;45.4416480154387;44.2427628937953;1487.69890178675;1507.10833223984;24.3660602372865;0.524752475247525;39;39
118;13.8300000000017;0.509999999999991;14.4400000000023;NA;NA;-535.25133892368;-549.830833911222;4.22272716462766;4.53910651633436;30.1205470743642;28.0220704239006;1191.0807634554;1211.83916573261;29.1589899750848;0.0495049504950495;30;30
119;14.6699999999983;0.569999999999936;15.8100000000049;NA;NA;-620.795207246052;-633.541702331838;4.25209912449592;4.44066484059784;38.9611051488932;37.4043402242816;1399.99712601076;1419.16067528549;25.4929901715714;0.128712871287129;34;34
120;13.5299999999988;0.460000000000036;14.2299999999959;NA;NA;-530.26353228772;-539.362316105531;4.08352951960562;4.21417654240875;31.240928906775;30.3566118840025;1185.59024456667;1200.24772863697;18.1975676356233;0.277227722772277;30;30
121;14.8000000000029;0.5;15.6599999999962;NA;NA;-544.178577050646;-553.771376686145;4.19799533091303;4.43628281231724;30.8776281463706;29.4026834383932;1211.96597437983;1225.24709891381;19.1855992709977;0.722772277227723;30;30
122;14.25;0.619999999999891;15.4099999999962;NA;NA;-582.601009667152;-591.092466155361;4.88620979532183;5.03685901310481;31.0806682610264;30.7201285660866;1290.62659669006;1306.15456865691;16.9829129764173;0.871287128712871;32;32
123;14.2099999999991;0.470000000000027;14.8000000000029;NA;NA;-634.016208922885;-643.438875653165;4.25318179619566;4.33234778655545;41.0248149928574;40.1194705150491;1434.82968935141;1449.99410459948;18.8453334605595;0.782178217821782;34;34
124;13.6899999999951;0.370000000000118;14.3299999999945;NA;NA;-532.343740422951;-544.07215450097;4.25438427151717;4.47698567473381;28.8620026187272;27.2396549110656;1179.23174547914;1196.2499828136;23.4568281560382;0.287128712871287;28;28
125;15.4100000000035;0.660000000000082;16.1699999999983;NA;NA;-564.344832886017;-585.493933467636;4.34498528277547;5.33553344828027;33.5943343026773;28.5418081767955;1264.25802440816;1286.16699363483;42.298201163238;0.237623762376238;32;32
126;15.5;0.509999999999991;16.2099999999991;NA;NA;-605.499609935579;-630.466651802981;6.39172975773423;7.90980615430528;24.7327608027194;20.074874691594;1310.80711474876;1341.94451779598;49.9340837348043;0.811881188118812;32;32
127;19.6699999999983;0.699999999999818;20.5800000000017;NA;NA;-694.191269746335;-707.781258471834;6.4321325390052;6.74249604942449;31.7820940713624;29.9091004423935;1519.36856828608;1538.82923067674;27.1799774509966;0.920792079207921;38;38
128;16.1299999999974;0.920000000000073;17.3299999999945;NA;NA;-678.671214321141;-685.543036446167;5.83499604536015;5.79646135537158;34.7700559630411;34.4737230152474;1501.09456291534;1513.61305832623;13.7436442500511;0.920792079207921;39;39
129;15.0999999999985;0.480000000000018;16.0499999999956;NA;NA;-683.066048069167;-693.974939832765;4.44015732376552;4.64808774546748;44.2152468886407;42.7533207630843;1548.35984957267;1564.15248267567;21.8177835271949;0.851485148514851;38;38
130;15.9399999999951;0.460000000000036;16.5999999999985;NA;NA;-644.301675492121;-656.738550675507;4.46091303799847;4.6589876445646;41.0842560189561;39.5881674779704;1457.92710698885;1476.63491069814;24.8737503667721;0.475247524752475;38;38
131;15.760000000002;0.579999999999927;16.4399999999951;NA;NA;-634.760028804982;-655.86478752044;5.24860413789224;6.18971255394892;33.8873922797221;29.7581488060468;1407.78939913901;1433.15053321233;42.209517430917;0.702970297029703;35;35
132;12.8899999999994;0.419999999999845;13.5800000000017;NA;NA;-515.948461877062;-526.498990140715;4.0694615957041;4.2771505745789;28.9572583856976;27.6257592191499;1145.74624689553;1161.61233687815;21.1010565273059;0.485148514851485;26;26
133;13.260000000002;0.600000000000136;14.1399999999994;NA;NA;-531.751912941511;-540.488548981999;4.20168008295888;4.34432556729974;31.354378501092;30.2734544593293;1189.5352177084;1202.66363053993;17.4732720809761;0.821782178217822;31;31
134;14.3400000000038;0.3599999999999;14.8600000000006;NA;NA;-568.632459582776;-581.518095970282;4.1670606825975;4.55063627515805;34.9825323732277;32.5018735253803;1278.97352120445;1294.69604468614;25.7712727750122;0.306930693069307;33;33
135;15.5;0.520000000000209;16.5299999999988;NA;NA;-679.632401625357;-694.526373805202;4.30431516179778;4.6595616229964;45.9075011280483;43.2209108907432;1549.06321120595;1567.74380845811;29.7879443596898;0.267326732673267;39;39
136;17.4000000000015;0.509999999999991;18.4199999999983;NA;NA;-717.975787899972;-753.654089466651;4.49828313150119;5.92360473778004;49.8923324245918;39.1900672153457;1644.66043993931;1671.24748616899;71.3566031333576;0.168316831683168;43;43
137;13.75;0.559999999999945;14.5899999999965;NA;NA;-574.933242369949;-586.818619468866;4.11330873319722;4.21104212606238;36.0811163104437;34.91707952166;1294.30582445618;1313.41672545737;23.7707541978341;0.128712871287129;30;30
138;12.6600000000035;0.6400000000001;13.989999999998;NA;NA;-517.034101222301;-527.452651348972;4.02282819324372;4.07493014164803;29.2690040925967;28.460294401821;1150.22772867784;1167.85531301313;20.8371002533418;0.0792079207920792;28;28
139;14.9800000000032;0.460000000000036;15.7300000000032;NA;NA;-636.427019780202;-649.294515908298;4.32021088745468;4.5885912308284;41.9741183581725;39.6057474379099;1445.8452547867;1461.81929482689;25.734992256193;0.495049504950495;38;38
140;13.0600000000049;0.440000000000055;14.0600000000049;NA;NA;-557.434945222619;-569.24433620253;4.15231487441457;4.32726554617847;33.8733840044506;32.634141819538;1250.47127199514;1269.12913973608;23.6187819598215;0.267326732673267;30;30
141;13.8099999999977;0.539999999999964;14.6100000000006;NA;NA;-584.81863531977;-596.4071359835;4.17323173975062;4.36834818381625;34.117041804175;32.8329850394276;1305.63574881422;1323.69420068192;23.1770013274609;0.455445544554455;29;29
142;14.5;0.569999999999936;15.2699999999968;NA;NA;-656.175729440254;-665.111054162627;4.64768830894169;4.71348919600733;39.4748223673609;38.722039285199;1472.25760385969;1487.07885033173;17.8706494447467;0.683168316831683;33;33
143;12.9700000000012;0.660000000000082;13.8299999999945;NA;NA;-469.829509413924;-477.854838595021;3.99556127410856;4.15570259532469;21.4293826441806;20.6795145692816;1021.10034245116;1034.30116376594;16.050658362195;0.306930693069307;20;20
144;15.1700000000055;0.620000000000118;16.0800000000017;NA;NA;-677.577287904995;-688.190391376609;4.26924559274942;4.36517122741119;49.0122187137992;47.8660363525959;1559.60512040056;1576.05011943079;21.2262069432288;0.227722772277228;42;42
145;15.9099999999962;0.590000000000146;16.7200000000012;NA;NA;-639.660271050091;-667.880449662134;4.37016313478554;5.52650820500244;40.0542153869068;32.8255270198943;1442.7521198768;1469.69755543873;56.4403572240874;0.188118811881188;35;35
146;14.1699999999983;0.470000000000027;14.8600000000006;NA;NA;-597.9512618247;-607.875617862497;4.19640097507404;4.26155764051814;40.0345493972294;39.2714869323977;1359.25385909221;1375.9890785837;19.8487120755938;0.871287128712871;35;35
147;13.5999999999985;0.539999999999964;14.25;NA;NA;-568.576083982251;-580.260061367779;4.26729709517677;4.39451632863965;34.5414118528743;33.4318889650787;1277.07386185155;1295.94731817743;23.3679547710547;0.287128712871287;33;33
148;13.2200000000012;0.460000000000036;13.8499999999985;NA;NA;-572.393485259809;-581.405142886848;4.05908727954325;4.11552314784509;35.5705180384239;34.8477016084172;1287.1822915133;1302.31203975609;18.0233152540786;0.237623762376238;30;30
149;15.7099999999991;0.419999999999845;16.3600000000006;NA;NA;-611.630824666448;-660.367583222716;4.84237281205699;8.31848248721161;35.1349700205051;21.9698429024771;1367.11632278019;1410.68727326606;97.4735171125358;0.188118811881188;36;36
150;18.1999999999971;0.700000000000045;19.2699999999968;NA;NA;-593.138633186027;-613.774523296866;5.02539949598963;5.97080377340113;30.1136117142709;24.9957570328426;1306.82758845903;1327.61165581204;41.2717802216785;0.712871287128713;30;30
151;15.4500000000044;0.490000000000009;16.4499999999971;NA;NA;-546.072251989336;-559.940591628903;4.4299485988031;4.7864807963516;29.2930854529035;27.1947984546599;1208.39960160188;1227.80883581844;27.7366792791331;0.504950495049505;28;28
152;14.75;0.5;15.4499999999971;NA;NA;-639.328054015699;-648.057062727742;4.34152534970468;4.4824208141728;39.3302756859822;38.2879833759173;1439.13382423829;1452.33901895463;17.4580174240864;0.891089108910891;35;35
153;14.7300000000032;0.519999999999982;15.3899999999994;NA;NA;-576.169076071791;-587.08764956267;4.38192441662447;4.46083146914892;35.7241649228623;34.7433270128298;1295.93424437264;1313.82883618775;21.8371469817575;0.376237623762376;31;31
154;14.75;0.419999999999845;15.3499999999985;NA;NA;-646.127976338575;-657.865086817634;4.2752455201708;4.32939805463213;44.1178107691039;43.0699860886728;1474.65512581207;1493.79725612541;23.4742209581168;0.257425742574257;39;39
155;15.5699999999997;0.529999999999973;16.4499999999971;NA;NA;-616.142903305121;-629.078181805066;4.21485812076499;4.46873543619907;40.7939733654125;38.9841649853741;1399.31038963035;1417.77096753077;25.8705569998906;0.0594059405940594;36;36
156;15.4500000000044;0.680000000000064;16.5500000000029;NA;NA;-628.62853903526;-641.55385911473;4.34792469641829;4.57063724695274;41.3713174876471;39.7015663305331;1428.3012429939;1447.24852088057;25.8506401589409;0.415841584158416;39;39
157;14.2799999999988;0.420000000000073;14.8799999999974;NA;NA;-539.404297054914;-549.886601593283;4.10523423262001;4.18538946618837;32.4975876013964;31.3547764890673;1208.35155048647;1224.76064818535;20.9646090767383;0.316831683168317;29;29
158;14.5299999999988;0.550000000000182;15.5800000000017;NA;NA;-601.199350854438;-612.307058321164;4.21050943338501;4.43806803111713;37.1680344769991;35.5461737795759;1352.96042062834;1368.6059392009;22.2154149334515;0.306930693069307;33;33
159;14.7700000000041;0.460000000000036;15.3600000000006;NA;NA;-624.187174811063;-634.036780563887;4.20068276797367;4.2319135394089;39.8599736951356;39.2312154178909;1410.43564973506;1427.57847762023;19.6992115056485;0.287128712871287;34;34
160;14.9599999999991;0.600000000000136;15.8399999999965;NA;NA;-642.503360482593;-651.969879703967;4.38622447883192;4.47834518645813;40.4656242263739;39.5795353503833;1450.68692947336;1465.99201474505;18.9330384427481;0.683168316831683;36;36
161;13.9400000000023;0.460000000000036;14.5699999999997;NA;NA;-528.825932622345;-538.337664877986;4.15882630977702;4.36782307521545;29.7898578057311;28.3224774340089;1175.87849701945;1189.07838761465;19.0234645112807;0.712871287128713;28;28
162;15.4000000000015;0.629999999999882;16.1899999999951;NA;NA;-620.057506552424;-633.42391411485;4.42842956344588;4.90794030327227;37.6613326472997;34.6532789172557;1393.23715461675;1407.7399290991;26.7328151248526;0.465346534653465;34;34
163;14.0200000000041;0.600000000000136;15.0900000000038;NA;NA;-613.080792117613;-624.24326785802;4.12802700164244;4.34609538762571;37.9964965295882;36.0884260205567;1379.49466183186;1394.11968436808;22.3249514808126;0.118811881188119;32;32
164;13.9599999999991;0.5;14.5800000000017;NA;NA;-569.989716801089;-580.924852347422;4.12101725648684;4.34954616166975;36.6275132690422;34.7474061028882;1288.35158820038;1302.60584809761;21.8702710926668;0.376237623762376;33;33
165;15.6399999999994;0.350000000000136;16.1500000000015;NA;NA;-636.315192135337;-646.829871929042;4.20814647822988;4.266886137956;45.6640814710244;44.8156141154507;1462.00046351584;1479.51120792069;21.02935958741;0.099009900990099;40;40
166;13.3600000000006;0.480000000000018;14.0899999999965;NA;NA;-530.264062317193;-538.618819387964;4.00704630308397;4.09024953568487;30.822266075967;30.0305621813263;1182.29159544669;1195.87348056091;16.7095141415421;0.396039603960396;27;27
167;13.9199999999983;0.599999999999909;14.8199999999997;NA;NA;-606.396094168988;-617.285791577776;4.15046827879849;4.24542061270581;38.0731540218879;37.1398801715836;1367.02040069525;1385.01925352018;21.7793948175758;0.148514851485149;33;33
168;13.7300000000032;0.480000000000018;14.3899999999994;NA;NA;-491.219873948906;-513.68383543497;4.36970064092385;5.88316767186032;24.5746672429929;19.1191284376725;1078.07481803738;1101.77190068369;44.9279229721269;0.554455445544555;24;24
169;15.010000000002;0.700000000000045;15.8600000000006;NA;NA;-640.40985091455;-659.84761058529;4.36400460875886;5.09922993484864;39.6162088326747;34.8609199472587;1441.2985805982;1460.91119086683;38.8755193414797;0.435643564356436;33;33
170;14.4200000000055;0.590000000000146;15.2200000000012;NA;NA;-587.555963853745;-595.907277213705;4.22240964430022;4.26654345066576;37.2668235488346;36.6551523196065;1326.07382523944;1340.29867036607;16.702626719921;0.940594059405941;33;33
171;13.8700000000026;0.589999999999918;14.9599999999991;NA;NA;-573.531892779601;-583.295441515989;4.0899700819979;4.14828659267935;34.9603257850788;34.2914726519684;1287.01639481927;1303.86595027582;19.5270974727753;0.732673267326733;30;30
172;14.6100000000006;0.529999999999973;15.5499999999956;NA;NA;-606.030990641601;-617.592145186806;4.4537140050949;4.5313609532381;38.7078648915759;37.6541644939478;1370.0001001675;1388.8230385968;23.1223090904098;0.653465346534653;35;35
173;13.6100000000006;0.6400000000001;14.5400000000009;NA;NA;-555.446136878456;-564.917321594591;4.05466612172744;4.15321506279473;32.314995269995;31.3701663637368;1239.14038663826;1254.33302554416;18.9423694322693;0.405940594059406;28;28
174;13.1999999999971;0.540000000000191;13.9199999999983;NA;NA;-453.638648543028;-463.596329537472;3.92350833250177;3.9438285552693;25.357005047021;24.6695717906908;1005.41733023941;1022.67209716031;19.9153619888868;0.108910891089109;23;23
175;14.7999999999956;0.6400000000001;15.7099999999991;NA;NA;-657.088986874059;-669.648438241265;4.39860672740229;4.54954719709741;42.0344482001998;40.7219177305684;1486.85733854324;1506.58430829233;25.1189027344117;0.356435643564356;37;37
176;16.7199999999939;0.700000000000045;17.8399999999965;NA;NA;-651.745691782689;-676.425126769483;4.72007875800499;5.81132480638008;37.7480434260961;31.5698821913368;1457.51318215799;1481.66355338553;49.3588699735878;0.396039603960396;35;35
177;12.7200000000012;0.680000000000064;13.6100000000006;NA;NA;-497.834276677783;-508.567420257016;4.03172546978624;4.07876434960068;26.8186004874243;26.0063306416292;1099.46544640669;1117.78797942511;21.4662871584642;0.148514851485149;23;23
178;13.6599999999962;0.349999999999909;14.4800000000032;NA;NA;-527.543684996847;-538.496984571239;4.09199371477199;4.16075964134093;31.3664304100173;30.4493945899486;1180.12127023684;1198.37235093016;21.9065991487826;0.237623762376238;29;29
179;14.3899999999994;0.619999999999891;15.3199999999997;NA;NA;-631.928637488899;-641.472526119872;4.24318054352996;4.27590632532774;43.6298260146852;43.1090393257334;1442.49281587172;1459.44831298568;19.0877772619463;0.871287128712871;36;36
180;13.3499999999985;0.5;14.0799999999945;NA;NA;-562.506518790895;-573.86132353704;4.02016615345166;4.13026700922415;33.6799171488738;32.650034993102;1258.06566903368;1276.70672543823;22.7096094922892;0.0198019801980198;27;27
181;14.5699999999997;0.340000000000146;15.1100000000006;NA;NA;-615.367515070739;-627.712219614765;4.13540987377097;4.21919442867901;42.1050434019753;40.9134575146272;1403.12758563648;1422.93823152625;24.6894090880519;0.0495049504950495;36;36
182;19.2900000000009;0.740000000000009;20.3799999999974;NA;NA;-643.027862936225;-670.324859287689;4.38272112319397;5.69260842970631;40.8538724482361;32.030445066553;1453.88523347495;1472.23219782798;54.5939927029294;0.366336633663366;37;37
183;12.6900000000023;0.549999999999955;13.6600000000035;NA;NA;-450.794283354434;-464.794628828786;4.02882706340667;4.50378034977904;24.0958974583178;21.9188134375293;995.360450605242;1014.88877523585;28.0006909487036;0.138613861386139;24;24
184;16.7900000000009;0.360000000000127;17.75;NA;NA;-749.494856194893;-758.321182531546;4.7080540042501;4.77292584088575;51.013340130134;50.3249666141347;1712.97434537327;1727.73949148847;17.6526526733044;0.871287128712871;44;44
185;14.3000000000029;0.5;15.0800000000017;NA;NA;-579.461585863525;-588.228285890243;4.28741777929272;4.39950686432085;34.7502697435306;33.6922911630235;1299.15625355709;1312.42023072691;17.5334000534349;0.792079207920792;32;32
186;15.0699999999997;0.519999999999982;15.7799999999988;NA;NA;-591.570361364617;-601.691565283051;4.40381179430573;4.64279553274185;33.0476380140308;31.6389055622315;1315.43649132072;1330.0394842508;20.2424078368697;0.821782178217822;30;30
187;14.6299999999974;0.630000000000109;15.7299999999959;NA;NA;-578.387662323879;-588.702094344968;4.61076897003408;4.79898536363896;34.0131014493313;32.7986832155324;1294.55691821474;1310.26636966648;20.6288640421767;0.752475247524752;33;33
188;17.6699999999983;0.579999999999927;18.6999999999971;NA;NA;-755.729211387491;-772.222873841714;4.58937089431755;4.85769788953462;55.6581475794116;53.0599035355617;1746.76208540424;1768.76492077232;32.9873249084467;0.475247524752475;47;47
189;15.1600000000035;0.5;15.8899999999994;NA;NA;-605.454129186615;-624.531034078458;4.20312238956614;4.97604624937378;39.123673218903;34.5786931105315;1370.54298297883;1390.15209620812;38.1538097836872;0.0891089108910891;35;35
190;14.7200000000012;0.629999999999882;15.5899999999965;NA;NA;-608.715023623144;-620.250870292966;4.16033523791595;4.30435718388093;39.5970581298878;38.1631187456203;1378.42239436267;1395.66402663216;23.0716933396427;0.267326732673267;34;34
191;14.25;0.449999999999818;15.0600000000049;NA;NA;-549.553761260135;-559.247984728646;4.19786148243881;4.35002224576749;30.4477427412468;29.3428311725656;1219.39143757819;1234.41492746722;19.3884469370214;0.316831683168317;27;27
192;14.5299999999988;0.419999999999845;15.0500000000029;NA;NA;-615.094166924543;-624.976094124144;4.12846751136158;4.16669645592657;40.5557023268057;39.8906293437444;1395.07830332936;1412.13812703528;19.7638543992023;0.148514851485149;34;34
193;14.0799999999945;0.509999999999991;14.8100000000049;NA;NA;-572.166898883317;-581.526156312463;4.21660850458867;4.31079648192452;33.4361144525798;32.5657328672605;1278.73289107172;1293.95283865293;18.7185148582917;0.900990099009901;31;31
194;17.3899999999994;0.660000000000082;18.4100000000035;NA;NA;-478.875181329399;-487.871677942636;5.38357544630147;5.36811079051518;17.5003509776103;17.2512674253092;1025.09357385224;1042.12806708698;17.9929932264751;0.96039603960396;22;22
195;13.6699999999983;0.529999999999973;14.3000000000029;NA;NA;-555.489354049115;-564.6084092539;4.09958378837106;4.22380710998513;30.8722845917681;30.0009188348721;1232.93977723357;1247.73555414809;18.2381104095693;0.772277227722772;27;27
196;14.6299999999974;0.470000000000027;15.2900000000009;NA;NA;-574.800052845521;-586.437130277766;4.15128857237741;4.17930966098832;37.0269770488767;36.0223049500556;1299.02073294764;1318.24058073232;23.2741548644883;0.198019801980198;32;32
197;13.5300000000061;0.620000000000118;14.3000000000029;NA;NA;-542.816510891191;-553.692640542229;4.19286999205182;4.29563014212795;29.8046691440194;28.9137156464155;1202.81405333252;1221.06341013943;21.7522593020756;0.366336633663366;26;26
198;14.0800000000017;0.569999999999936;14.8800000000047;NA;NA;-568.851035139452;-581.04593970814;4.27061342997368;4.43687476469963;34.9044268872898;33.6512021911654;1277.43090597781;1296.80382633417;24.3898091373756;0.108910891089109;30;30
199;19.2200000000012;0.789999999999964;20.1299999999974;NA;NA;-605.061697506654;-649.285254574928;4.27385286995686;6.90817181962737;36.2532066341476;23.2782287468917;1356.42150809412;1392.5087082146;88.447114136548;0.0198019801980198;32;32
200;13.9800000000032;0.410000000000082;14.6599999999962;NA;NA;-521.525398042515;-532.309937376491;4.03291900677624;4.18278957741003;30.8802274972546;29.7905554320104;1165.60476425927;1182.84927518833;21.5690786679506;0.0891089108910891;28;28
201;19.6399999999994;0.659999999999854;20.8600000000006;NA;NA;-610.483741449157;-645.760695517149;6.15464844288347;8.82397359788099;26.8612214591601;18.5121068862886;1330.17890650807;1366.78727386622;70.5539081359843;0.445544554455446;34;34
202;19.9200000000055;0.769999999999982;20.989999999998;NA;NA;-671.136832466669;-698.910174285068;4.31350165156396;5.19606972918681;46.0093899526382;38.6566985548367;1533.07574702234;1558.13063693827;55.5466836367968;0.0396039603960396;40;40
203;20.3600000000006;0.950000000000045;22.0599999999977;NA;NA;-608.236480641561;-626.675916089499;5.08859558061537;5.97238960721676;29.5548762853447;25.2809417972131;1335.27111234005;1354.97056722259;36.8788708958759;0.742574257425743;31;31
204;13.8199999999997;0.420000000000073;14.5699999999997;NA;NA;-570.536582824019;-581.730899413254;4.07364808053816;4.21972374435908;35.1060575227186;33.7013403243831;1281.0140909254;1297.80319404098;22.3886331784713;0.178217821782178;29;29
205;15.8799999999974;0.579999999999927;16.6299999999974;NA;NA;-588.627614254583;-610.026096459847;4.26573146148757;5.21143974858817;36.8500182417463;31.1397007008656;1327.07875601871;1346.65890920375;42.7969644105292;0.386138613861386;34;34
206;13.5800000000017;0.599999999999909;14.3899999999994;NA;NA;-468.138344903082;-476.53855411559;4.08931948458164;4.11709565030863;23.9785212877353;23.3498917000232;1028.54858910992;1042.92997404572;16.8004184250165;0.831683168316832;22;22
207;16.6300000000047;0.400000000000091;17.5299999999988;NA;NA;-625.46924384482;-638.066637416276;4.22492215521638;4.31507333701454;43.874610477275;42.6319497846002;1432.88758630897;1452.92902871646;25.1947871429131;0.0099009900990099;40;40
208;16.1200000000026;0.779999999999973;17;NA;NA;-619.635850668484;-649.7514149861;4.37559494254895;5.96180306864247;36.9162279716325;28.1182912434236;1388.81339267583;1413.40549720385;60.2311286352319;0.158415841584158;33;33
209;16.6999999999971;0.610000000000127;17.4700000000012;NA;NA;-508.606495524719;-541.350735840249;4.1407831360893;6.41986106749637;29.0832087189164;19.8042232715974;1133.14543762297;1161.64572018329;65.4884806310605;0.168316831683168;29;29
210;16.1200000000026;0.619999999999891;17.0599999999977;NA;NA;-669.817445216338;-690.76275539982;4.32980599558437;4.95469415631638;43.2866525271165;39.1199784725802;1517.45836576151;1542.2321055733;41.890620366963;0.0792079207920792;37;37
211;18.6299999999974;0.6099999999999;19.4399999999951;NA;NA;-517.698337316241;-528.571705897489;6.29949414516017;6.75251555169516;17.9323246761572;16.5820085648376;1105.54834130642;1122.01261077683;21.7467371624964;0.96039603960396;25;25
212;16.0800000000017;0.439999999999827;16.6300000000047;NA;NA;-629.584547517583;-668.796265331103;4.37358776922608;6.4046207531699;39.8141836473689;28.3917680963553;1421.04422355827;1453.02679776414;78.4234356270415;0.108910891089109;34;34
213;14.8400000000038;0.529999999999973;15.5299999999988;NA;NA;-574.449994029104;-587.214052172459;4.22133093637345;4.32522513354479;38.2818015906899;36.9043517043944;1304.54481070418;1324.47253896453;25.5281162867109;0.108910891089109;34;34
214;15.1400000000067;0.659999999999854;16.2900000000009;NA;NA;-611.969023552523;-628.376230976903;4.56021174975472;4.95847930143974;36.4155000199484;33.7568070457237;1372.52272330695;1394.48898189041;32.8144148487606;0.168316831683168;35;35
215;14.1299999999974;0.529999999999973;14.9599999999991;NA;NA;-552.22286250701;-561.959370510966;4.244677117943;4.28802181770201;33.4786102601322;32.8769001871161;1239.54708471035;1256.59192797227;19.4730160079125;0.752475247524752;32;32
216;15.5199999999968;0.559999999999945;16.3400000000038;NA;NA;-591.733841104939;-601.293702085319;4.34053319857328;4.52533980808022;36.0987679505871;34.6044114543579;1329.14256523494;1342.23188172359;19.1197219607593;0.663366336633663;32;32
217;16.7699999999968;0.470000000000255;17.3299999999945;NA;NA;-714.337596102784;-737.705671627959;5.5683438446648;6.48517109966962;39.0263794809852;33.7688796156297;1591.47060828085;1616.27551975738;46.7361510503495;0.732673267326733;42;42
218;13.8000000000029;0.449999999999818;14.7200000000012;NA;NA;-540.809547387538;-549.636537839586;4.06360822981445;4.10838386494545;32.4142159546605;31.6660690494148;1210.82971234157;1225.50140535715;17.6539809040974;0.376237623762376;29;29
219;14.489999999998;0.480000000000018;15.2900000000009;NA;NA;-557.475712262731;-571.29362295187;4.18766302443129;4.45483550972261;34.3917684547307;32.3557359211402;1253.19184429761;1272.64367268106;27.6358213782798;0.435643564356436;31;31
220;15.0599999999977;0.619999999999891;15.7199999999939;NA;NA;-683.235209231385;-694.14353264742;4.25506508996599;4.39712717409022;46.116203777304;44.8304203534189;1555.91781496718;1572.45240685604;21.8166468320687;0.247524752475248;37;37
221;15.9000000000015;0.640000000000327;16.6800000000003;NA;NA;-629.953247181515;-640.715247253184;4.24427760204526;4.33320663032183;40.8093985298131;39.8455861303247;1426.41941504859;1444.01081085534;21.5240001433378;0.613861386138614;35;35
222;13.5999999999985;0.389999999999873;14.25;NA;NA;-523.225177305698;-533.325182685827;4.13410788474199;4.40985546877933;27.9933626287913;26.5624422271098;1155.96103321452;1170.56325044446;20.2000107602582;0.366336633663366;25;25
223;14.3700000000026;0.559999999999945;15.2799999999988;NA;NA;-558.634798132143;-567.295179353556;4.08496711725335;4.13071726043759;35.5662286585604;34.874023919513;1260.79544198208;1275.32284470338;17.3207624428251;0.693069306930693;32;32
224;14.1600000000035;0.470000000000255;15.25;NA;NA;-519.733568250334;-528.588090309178;4.24784372989311;4.34185085041375;26.9225275479106;26.0974933193531;1145.31664399753;1159.78195601742;17.7090441176872;0.762376237623762;26;26
225;16.0600000000049;0.579999999999927;17.0299999999988;NA;NA;-630.244828639571;-643.416576937319;4.31500257939626;4.53375616451948;41.7081154080073;40.1419762465031;1432.92626804506;1452.79477227143;26.3434965954978;0.237623762376238;39;39
226;14.7200000000012;0.570000000000164;15.6399999999994;NA;NA;-596.562276350293;-607.777361753522;4.15670590482585;4.33746604115717;35.5452801305621;34.3885296428293;1336.00160342961;1353.78212461987;22.4301708064586;0.316831683168317;31;31
227;14.7300000000032;0.470000000000255;15.5299999999988;NA;NA;-606.829074999775;-616.08499892136;4.26618327869119;4.39396946909202;37.1050192486081;36.0913711249627;1363.96460438221;1378.37032700184;18.5118478431698;0.930693069306931;33;33
228;14.4100000000035;0.539999999999964;15.3099999999977;NA;NA;-553.959720320749;-570.813624786619;4.54506351334244;5.30343394005683;30.5058897168425;26.5256902159423;1230.04012366712;1247.81446250047;33.7078089317401;0.732673267326733;30;30
229;18.0400000000009;0.619999999999891;18.8000000000029;NA;NA;-601.164044411664;-620.457807236284;4.68552719560366;5.49217690248282;34.1173018389088;29.4060222228944;1340.00685839566;1359.58223637546;38.5875256492411;0.405940594059406;32;32
230;19.2300000000032;0.669999999999618;20.1100000000006;NA;NA;-640.1699216981;-654.781706053689;5.2072257120648;5.77650770446493;32.9442011575812;29.8542121174061;1413.79149410922;1430.49801509707;29.2235687111781;0.871287128712871;33;33
231;14.3700000000026;0.609999999999673;15.3199999999997;NA;NA;-606.638197175205;-619.128827032516;4.20879680910028;4.50355198468677;37.9583587092809;35.9419795137246;1367.03958939285;1383.85282187794;24.9812597146231;0.455445544554455;33;33
232;15.2099999999991;0.329999999999927;15.8600000000006;NA;NA;-574.520527013118;-593.950532083426;4.18637506965191;5.02110422919779;34.9698380986755;30.4589524870241;1290.1601936435;1310.81673670966;38.8600101406175;0.158415841584158;32;32
233;15.1999999999971;0.5300000000002;15.9699999999939;NA;NA;-622.141187451946;-633.247348449793;4.50812974974777;4.58051050238256;39.7388149300034;38.9054595693802;1407.53117710397;1426.32003856949;22.2123219956941;0.792079207920792;37;37
234;14.0900000000038;0.599999999999909;14.8700000000026;NA;NA;-549.694544151724;-562.216320191677;4.60162606997083;4.97975150848998;28.3020452155842;26.300404783587;1211.71105707537;1228.8107240974;25.0435520799069;0.861386138613861;28;28
235;21.1699999999983;0.920000000000073;22.6399999999994;NA;NA;-658.725211708395;-700.994556564412;4.89191170835886;7.34584783893609;38.5270493614449;25.7375376874044;1475.19343846829;1507.36746060423;84.5386897120329;0.207920792079208;36;36
236;14.4100000000035;0.449999999999818;15.2300000000032;NA;NA;-560.606573676947;-572.687266735643;4.15299104007803;4.30604042833145;36.0323864164854;34.5685451655945;1265.45741234889;1283.75877290862;24.1613861173914;0.306930693069307;30;30
237;13.2699999999968;0.699999999999818;14.25;NA;NA;-471.704878087024;-482.133280471403;4.08716021639015;4.13797080246546;24.7317903837175;23.9428443567575;1039.65628861482;1057.44282155126;20.8568047687567;0.306930693069307;24;24
238;15.3600000000006;0.519999999999982;15.9199999999983;NA;NA;-654.18739121443;-663.357100950927;4.44341853511491;4.44667788484771;43.594510472424;43.2630990547109;1486.86572932436;1503.84823626138;18.3394194729931;0.891089108910891;36;36
239;15.4799999999959;0.5;16.1999999999971;NA;NA;-699.199001317755;-710.632950657917;4.44552611587883;4.63108142535847;47.0340558480658;45.6688295489653;1592.85400002776;1610.07755362938;22.8678986803236;0.504950495049505;39;39
240;15.25;0.559999999999945;15.8899999999994;NA;NA;-596.294349044645;-625.162605269114;4.20903810569129;5.61331149622579;36.5304723810658;29.6370902574753;1339.42580659915;1369.45382712598;57.7365124489377;0.0099009900990099;31;31
241;15.9799999999959;0.590000000000146;17.0199999999895;NA;NA;-629.422165087777;-642.091268224144;4.39959409151393;4.56935616676862;40.9633668481065;39.5251055662204;1426.56246848041;1446.0119374946;25.3382062727335;0.346534653465347;36;36
242;16.1899999999951;0.609999999999673;17.1600000000035;NA;NA;-665.29505613952;-674.558814578271;4.45066009771818;4.59425995399392;44.150099655177;42.6554392602848;1513.12277948401;1525.47082336878;18.5275168775011;0.891089108910891;39;39
243;20.4000000000015;0.590000000000146;21.5500000000029;NA;NA;-699.356527891179;-740.565084603458;5.45745758524103;7.65695191965763;39.3531298791584;28.2245618027608;1562.87148497161;1598.86666804001;82.4171134245582;0.346534653465347;42;42
244;13.9200000000055;0.610000000000127;14.9600000000064;NA;NA;-616.927350474826;-627.51497225448;4.17139460403802;4.2683167291435;39.1650426632476;38.0896033437546;1393.09057454881;1409.8933341812;21.1752435593066;0.0594059405940594;34;34
245;16.1999999999971;0.409999999999854;16.8400000000111;NA;NA;-707.410794127422;-718.061340728945;4.38544665267907;4.51496844630676;48.2581946780504;46.7212935574867;1614.33862350231;1629.28560509614;21.3010932030452;0.346534653465347;39;39
246;13.8000000000029;0.570000000000164;14.4499999999971;NA;NA;-567.981056818049;-578.779377825518;4.17251949702385;4.30538955163132;33.4534465280693;32.4540647251874;1269.88240829033;1287.47834127812;21.5966420149373;0.346534653465347;30;30
247;14.4799999999959;0.570000000000164;15.1699999999983;NA;NA;-544.592339040771;-553.968128893854;4.69776122004526;4.85336994243901;30.0702055001068;28.8682938283129;1208.52392220403;1222.50549026484;18.7515797061665;0.99009900990099;28;28
248;14.7099999999991;0.539999999999964;15.5200000000041;NA;NA;-615.272831953605;-627.006159562609;4.31400974692598;4.44774246255059;39.1509340266088;37.9224674941001;1390.29161967217;1408.74581311271;23.4666552180083;0.693069306930693;35;35
249;14.3099999999977;0.450000000000273;14.9300000000076;NA;NA;-600.399823281083;-608.21498467016;4.23363577181982;4.25989967205244;37.7783994236016;37.3016336422027;1353.25260352847;1366.95896038261;15.6303227781532;0.762376237623762;32;32
250;15.9099999999962;0.389999999999873;16.4600000000064;NA;NA;-708.671867785361;-718.460595382372;4.33759572702532;4.38922842628225;48.8683296944268;47.9843317473894;1619.38329223409;1635.30597644601;19.5774551940224;0.514851485148515;39;39
