1;5.83000000000175;0.170000000000073;6.08999999999651;NA;NA;-151.017909490423;-156.327246732222;2.8518600061561;2.85327528531414;3.52011736938611;3.42508429868531;312.074810860965;322.422461362974;10.6186744835974;0.386138613861386;3;3
2;0;0;0;NA;NA;NA;NA;NA;NA;NA;NA;NA;NA;NA;NA;NA;NA
3;6.5;0.2199999999998;6.77999999999884;NA;NA;-176.896985940184;-183.498298931876;2.99158968539315;2.99908092118948;4.13377384311759;3.82739835423238;366.177651593769;378.462458637273;13.2026259833837;0.574257425742574;4;4
4;0.00999999999476131;0;0;NA;NA;NA;NA;NA;NA;NA;NA;NA;NA;NA;NA;NA;NA
5;6.86000000000058;0.2800000000002;7.20999999999185;NA;NA;-172.097678147577;-178.16842883863;3.27283850851034;3.27737172889532;5.95295191203564;5.81094100290936;363.694489398351;375.370828343388;12.1415013821057;0.217821782178218;7;7
6;3.20999999999185;0.110000000000127;3.33000000000175;NA;NA;-137.754095430019;-145.381998150264;2.64556858949246;2.64603055915463;2.01278594980189;1.78135943683093;280.840380236527;295.48310012064;15.2558054404899;0.0792079207920792;2;2
7;5.72000000000116;0.190000000000055;6.02999999999884;NA;NA;-185.39734878149;-190.946209818383;3.0120377975546;3.01191805096475;3.71389356438217;3.71275112679729;381.920528374344;393.014828010987;11.0977220737861;0.346534653465347;4;4
8;0.0200000000040745;0;0.0200000000040745;NA;NA;NA;NA;NA;NA;NA;NA;NA;NA;NA;NA;NA;NA
9;3.93999999998778;0.190000000000055;4.25;NA;NA;-163.927103423669;-171.366913509029;2.64918461761568;2.64610565941714;2.23209692910566;2.07699112196783;333.767385808987;348.236106083902;14.8796201707203;0.336633663366337;2;2
10;0;0.0199999999999818;0.0200000000040745;NA;NA;NA;NA;NA;NA;NA;NA;NA;NA;NA;NA;NA;NA
11;0;0;0;NA;NA;NA;NA;NA;NA;NA;NA;NA;NA;NA;NA;NA;NA
12;1.00999999999476;0.0399999999999636;1.11000000000058;NA;NA;NA;NA;NA;NA;NA;NA;NA;NA;NA;NA;NA;NA
13;0.0299999999988358;0;0.0299999999988358;NA;NA;NA;NA;NA;NA;NA;NA;NA;NA;NA;NA;NA;NA
14;2.40999999998894;0.129999999999654;2.72999999999593;NA;NA;-141.111242365449;-148.698356918676;2.64920875440402;2.64909107575042;2.20635223411204;1.96976526808913;288.067461910257;302.614934601322;15.1742291064537;0.128712871287129;2;2
15;5.20999999999185;0.329999999999927;5.52000000000407;NA;NA;-177.422644945876;-184.653817525313;2.91813415803029;3.06171914602072;2.58826851955438;2.47905778509195;362.226750202521;376.37763822476;14.4623451588741;0.237623762376238;3;3
16;2.52000000000407;0.169999999999618;2.72999999999593;NA;NA;-151.265958313798;-157.875366652749;2.64876296942415;2.64897052649643;2.29474479632307;1.93359729540644;308.611059730673;320.873139370579;13.2188166779016;0.267326732673267;2;2
17;0;0;0;NA;NA;NA;NA;NA;NA;NA;NA;NA;NA;NA;NA;NA;NA
18;7.22000000000116;0.329999999999927;7.61000000000058;NA;NA;-196.893619568206;-204.460930832592;3.12821716700742;3.06634678649494;4.21480980531496;4.0324065661306;406.413680897087;421.001872155433;15.1346225287712;0.0792079207920792;4;4
19;0;0;0;NA;NA;NA;NA;NA;NA;NA;NA;NA;NA;NA;NA;NA;NA
20;8.88000000000466;0.539999999999964;9.49000000000524;NA;NA;-214.289957415185;-222.020059682523;3.27648357307008;3.28350748027135;7.27634105875284;7.05477308097071;452.413862240903;467.148311964516;15.4602045346749;0.128712871287129;7;7
21;3.80000000000291;0.190000000000055;4.08000000000175;NA;NA;NA;NA;NA;NA;NA;NA;NA;NA;NA;NA;NA;NA
22;0;0;0;NA;NA;NA;NA;NA;NA;NA;NA;NA;NA;NA;NA;NA;NA
23;0;0;0;NA;NA;NA;NA;NA;NA;NA;NA;NA;NA;NA;NA;NA;NA
24;5.93000000000757;0.289999999999964;6.2899999999936;NA;NA;-157.112818209684;-164.223267330391;2.85087996521227;2.85144588227345;3.39078829526269;3.3306488967774;323.895795846262;337.945183064117;14.2208982414143;0.475247524752475;3;3
25;4.89999999999418;0.190000000000055;5.11000000000058;NA;NA;-143.089240839928;-151.192660735189;2.85188947226035;2.92464379070072;2.9433237338542;2.21067713781206;294.572520845055;308.689932228265;16.2068397905209;0.0297029702970297;3;3
26;3.48000000001048;0.0999999999999091;3.69000000000233;NA;NA;-119.593797282738;-126.553669716001;2.64924837266451;2.649212080536;2.48002073217481;2.46935460849356;245.757563022817;259.649051635176;13.9197448665261;0.198019801980198;2;2
27;0;0;0;NA;NA;NA;NA;NA;NA;NA;NA;NA;NA;NA;NA;NA;NA
28;3.97000000000116;0.080000000000382;4.11000000000058;NA;NA;NA;NA;NA;NA;NA;NA;NA;NA;NA;NA;NA;NA
29;4.27999999999884;0.0900000000001455;4.45000000001164;NA;NA;-156.61181907891;-165.391275381247;2.8518602124992;2.88076434760535;3.00173181869295;2.46858700748298;321.784250828358;337.822692417716;17.558912604674;0.108910891089109;3;3
30;0.0200000000040745;0;0;NA;NA;NA;NA;NA;NA;NA;NA;NA;NA;NA;NA;NA;NA
31;0;0;0;NA;NA;NA;NA;NA;NA;NA;NA;NA;NA;NA;NA;NA;NA
32;1.79999999998836;0.119999999999891;2.25;NA;NA;NA;NA;NA;NA;NA;NA;NA;NA;NA;NA;NA;NA
33;3.1299999999901;0.170000000000073;3.27999999999884;NA;NA;-107.374121027455;-114.44673223008;2.64914231522653;2.64924806917694;2.43563740973468;2.38526391596485;221.200632048215;235.212407075039;14.1452224052511;0.207920792079208;2;2
34;3.91999999999825;0.150000000000091;4.17999999999302;NA;NA;NA;NA;NA;NA;NA;NA;NA;NA;NA;NA;NA;NA
35;2.33000000000175;0.0799999999999272;2.41999999999825;NA;NA;-155.858766722068;-163.699613542647;2.65291523741756;2.64911891384618;2.04388257850937;1.74088181447427;317.132102724587;332.011099260662;15.6816936411577;0.0693069306930693;2;2
36;0;0;0;NA;NA;NA;NA;NA;NA;NA;NA;NA;NA;NA;NA;NA;NA
37;0.0199999999895226;0;0.00999999999476131;NA;NA;NA;NA;NA;NA;NA;NA;NA;NA;NA;NA;NA;NA
38;0.0100000000093132;0;0;NA;NA;NA;NA;NA;NA;NA;NA;NA;NA;NA;NA;NA;NA
39;9.09000000001106;0.449999999999818;9.76999999998952;NA;NA;-184.402522289416;-190.578541273126;3.19901211370136;3.21314074539896;6.60498075951424;6.29052899088453;389.930843225166;401.277118270644;12.3520379674197;0.425742574257426;6;6
40;0.119999999995343;0;0.119999999995343;NA;NA;-139.765980302748;-148.054493045431;0;0;41.9088647476326;20.7195145996449;376.030687837699;343.817431542078;16.577025485367;0.0198019801980198;1;1
41;1.40000000000873;0.0900000000001455;1.52999999999884;NA;NA;NA;NA;NA;NA;NA;NA;NA;NA;NA;NA;NA;NA
42;5.90000000000873;0.160000000000309;6.10000000000582;NA;NA;-176.278805164698;-183.957941134208;2.86805969161318;2.8615119845241;3.46010691210512;3.2247569837241;362.425458912247;377.112538452811;15.3582719390193;0.0495049504950495;3;3
43;3.54999999998836;0.170000000000073;3.91999999999825;NA;NA;-195.394000035277;-201.21857912152;2.64714467453264;2.64355573332925;2.33014096684341;2.2448980213308;396.960913246119;408.384249329313;11.6491581724865;0.643564356435644;2;2
44;4.65999999998894;0.25;4.97999999999593;NA;NA;-174.737885812922;-179.984858351337;2.85592158260085;2.85906027775617;3.00972234807823;2.9375941783361;358.059172417119;368.347415798697;10.4939450768305;0.504950495049505;3;3
45;0;0;0;NA;NA;NA;NA;NA;NA;NA;NA;NA;NA;NA;NA;NA;NA
46;0.00999999999476131;0;0;NA;NA;NA;NA;NA;NA;NA;NA;NA;NA;NA;NA;NA;NA
47;0;0;0;NA;NA;NA;NA;NA;NA;NA;NA;NA;NA;NA;NA;NA;NA
48;0;0;0;NA;NA;NA;NA;NA;NA;NA;NA;NA;NA;NA;NA;NA;NA
49;0;0;0;NA;NA;NA;NA;NA;NA;NA;NA;NA;NA;NA;NA;NA;NA
50;2.9600000000064;0.130000000000109;3.22999999999593;NA;NA;NA;NA;NA;NA;NA;NA;NA;NA;NA;NA;NA;NA
51;5.93999999998778;0.25;6.20000000001164;NA;NA;-138.944146626373;-146.337954590772;2.86455044128433;2.8566097045696;3.14481177586744;2.99177142506306;286.856954399388;301.20811589277;14.7876159287983;0.0891089108910891;3;3
52;0.35999999998603;0.0199999999999818;0.389999999999418;NA;NA;NA;NA;NA;NA;NA;NA;NA;NA;NA;NA;NA;NA
53;4.82000000000698;0.199999999999818;5.10999999998603;NA;NA;-144.379623197667;-149.860393887052;2.854404199926;2.854784429844;3.21518698428388;3.06217349610901;297.928609982184;308.453773534836;10.9615413787704;0.435643564356436;3;3
54;2.07999999998719;0.119999999999891;2.32000000000698;NA;NA;NA;NA;NA;NA;NA;NA;NA;NA;NA;NA;NA;NA
55;9.48000000001048;0.369999999999891;10.0299999999988;NA;NA;-222.411186127837;-228.54044741983;3.27564869417507;3.27805824704672;7.35283522188942;7.19271759794681;468.906879370142;480.640930245375;12.258522583985;0.554455445544555;7;7
56;7.61000000000058;0.389999999999873;8.08999999999651;NA;NA;-193.116962493422;-200.534618218232;3.21726004542874;3.22415621596862;5.7664275558098;5.6321639995474;404.677640705052;419.083514892336;14.8353114496192;0.267326732673267;6;6
57;0.0500000000029104;0;0.0500000000029104;NA;NA;NA;NA;NA;NA;NA;NA;NA;NA;NA;NA;NA;NA
58;0;0;0;NA;NA;NA;NA;NA;NA;NA;NA;NA;NA;NA;NA;NA;NA
59;8.80999999999767;0.329999999999927;9.25;NA;NA;-212.816233845239;-218.283325382415;3.34247693751145;3.34385398284054;7.76853129139962;7.05096719750814;451.5972753791;460.133139774761;10.9341830743516;0.643564356435644;8;8
60;0.0200000000040745;0;0.00999999999476131;NA;NA;NA;NA;NA;NA;NA;NA;NA;NA;NA;NA;NA;NA
61;0.729999999995925;0.0300000000002001;0.789999999993597;NA;NA;NA;NA;NA;NA;NA;NA;NA;NA;NA;NA;NA;NA
62;3;0.159999999999854;3.27000000000407;NA;NA;-135.597063085451;-143.029758723529;2.64907171114555;2.64718921317784;2.26973513196414;2.09661857222901;277.207014704477;291.613792743193;14.8653912761564;0.198019801980198;2;2
63;0;0;0;NA;NA;NA;NA;NA;NA;NA;NA;NA;NA;NA;NA;NA;NA
64;0;0;0;NA;NA;NA;NA;NA;NA;NA;NA;NA;NA;NA;NA;NA;NA
65;0;0;0;NA;NA;NA;NA;NA;NA;NA;NA;NA;NA;NA;NA;NA;NA
66;0;0;0.0200000000040745;NA;NA;NA;NA;NA;NA;NA;NA;NA;NA;NA;NA;NA;NA
67;9.00999999999476;0.390000000000327;9.66999999999825;NA;NA;-242.968787426112;-251.613308220027;3.40682179624739;3.41759958333719;7.410402776728;6.9969847486491;510.21064680491;526.14552103579;17.28904158783;0.366336633663366;7;7
68;0.629999999990105;0.0199999999999818;0.64000000001397;NA;NA;NA;NA;NA;NA;NA;NA;NA;NA;NA;NA;NA;NA
69;7.00999999999476;0.359999999999673;7.47000000000116;NA;NA;-189.443037189495;-196.984165256428;3.11029619157496;3.22249798003906;4.57343864839463;4.00993139520239;393.097138809965;406.428406574226;15.0822561338654;0.257425742574257;5;5
70;0.0100000000093132;0;0;NA;NA;NA;NA;NA;NA;NA;NA;NA;NA;NA;NA;NA;NA
71;0.0200000000040745;0;0.0100000000093132;NA;NA;NA;NA;NA;NA;NA;NA;NA;NA;NA;NA;NA;NA
72;0;0;0.0200000000040745;NA;NA;NA;NA;NA;NA;NA;NA;NA;NA;NA;NA;NA;NA
73;2.95000000001164;0.0899999999996908;3.08999999999651;NA;NA;-173.381681729921;-181.792823065155;2.65612869007034;2.62978357768507;2.29142784497587;1.82159669592772;352.833719432456;368.411344834749;16.8222826704664;0.0396039603960396;2;2
74;5.91999999999825;0.389999999999873;6.36999999999534;NA;NA;-163.53592619226;-170.607429786206;2.85230996127912;2.88894168500405;3.98983697205397;3.52183619100133;338.450433483489;351.258753344834;14.143007187892;0.227722772277228;3;3
75;0.0200000000040745;0;0.0299999999988358;NA;NA;NA;NA;NA;NA;NA;NA;NA;NA;NA;NA;NA;NA
76;8.81000000001222;0.350000000000364;9.29999999998836;NA;NA;-226.441172748005;-236.371340368844;3.50847873573107;4.06387809849458;6.59864706682425;5.75875654764786;474.937042280827;491.990206515284;19.8603352416785;0.0594059405940594;8;8
77;5.7100000000064;0.159999999999854;6.05000000000291;NA;NA;NA;NA;NA;NA;NA;NA;NA;NA;NA;NA;NA;NA
78;5.15999999998894;0.140000000000327;5.34000000001106;NA;NA;-185.199242367454;-192.404432167117;2.88495023490977;2.87397997749399;2.8116851306175;2.72503915615053;378.417104921043;392.580379625035;14.4103795993247;0.0495049504950495;3;3
79;3.69000000000233;0.159999999999854;3.94999999999709;NA;NA;-147.948174142705;-155.261362791;2.8518711498707;2.85175373000184;3.39547995243385;3.26558529356298;305.579887808279;319.83581966546;14.6263772965908;0.188118811881188;3;3
80;4.16999999999825;0.210000000000036;4.47000000000116;NA;NA;-176.531632087787;-183.984934042817;2.64697389473073;2.64126993733683;2.98010635614679;2.79813497327355;360.95803880604;375.382571647054;14.9066039100602;0.128712871287129;2;2
81;4.22999999999593;0.110000000000127;4.5;NA;NA;-154.984691916295;-163.601109595029;2.90226665879375;2.85059132354778;2.62047094111047;2.09590012326735;317.442681947216;333.17949838592;17.2328353574687;0.0594059405940594;3;3
82;6.83999999999651;0.2800000000002;7.36000000000058;NA;NA;-177.334431149181;-184.606899123456;2.99756874201323;2.99946111439114;4.31935004850904;4.21722582294839;367.608478639457;381.847477749584;14.5449359485506;0.108910891089109;4;4
83;4.94999999999709;0.2199999999998;5.25;NA;NA;-175.585343599963;-179.716727380245;2.85179755858622;2.85215563445227;3.55495018371653;3.39165525235176;361.309018478004;369.106086654709;8.26276756056399;0.673267326732673;3;3
84;0.0200000000040745;0;0.0200000000040745;NA;NA;NA;NA;NA;NA;NA;NA;NA;NA;NA;NA;NA;NA
85;8.61000000000058;0.269999999999982;9.11000000000058;NA;NA;-199.325391105388;-206.842579766202;3.27536385979262;3.30200292389486;6.12806574153678;5.59668117490155;418.723507696393;432.017313525606;15.0343773216271;0.207920792079208;7;7
86;0.0200000000040745;0;0.0200000000040745;NA;NA;NA;NA;NA;NA;NA;NA;NA;NA;NA;NA;NA;NA
87;1.55000000000291;0.0799999999999272;1.61999999999534;NA;NA;NA;NA;NA;NA;NA;NA;NA;NA;NA;NA;NA;NA
88;0.0200000000040745;0;0.0200000000040745;NA;NA;NA;NA;NA;NA;NA;NA;NA;NA;NA;NA;NA;NA
89;0.0599999999976717;0.0199999999999818;0.0899999999965075;NA;NA;NA;NA;NA;NA;NA;NA;NA;NA;NA;NA;NA;NA
90;0;0;0.0200000000040745;NA;NA;NA;NA;NA;NA;NA;NA;NA;NA;NA;NA;NA;NA
91;6;0.2199999999998;6.45000000001164;NA;NA;-167.819983007078;-175.936434171467;2.99712086259208;3.01851014475869;3.81615855893607;3.47134111193172;347.072155370161;362.272076944462;16.2329023287766;0.099009900990099;4;4
92;0.0100000000093132;0;0.00999999999476131;NA;NA;NA;NA;NA;NA;NA;NA;NA;NA;NA;NA;NA;NA
93;2.91999999999825;0.120000000000346;3.11000000000058;NA;NA;-182.01905538628;-189.44061321908;2.64923618308031;2.64912160199775;2.32730650012399;2.15836149629272;370.203514996003;384.599068537709;14.8431156656015;0.128712871287129;2;2
94;5.32999999998719;0.25;5.65999999998894;NA;NA;-171.4651159202;-178.929474832793;2.85187664003396;2.85427991535854;3.46771901862844;3.2899080823715;352.819789323142;367.241409697316;14.9287178251859;0.0396039603960396;3;3
95;0.160000000003492;0.0199999999999818;0.169999999998254;NA;NA;NA;NA;NA;NA;NA;NA;NA;NA;NA;NA;NA;NA
96;6.15000000000873;0.25;6.69000000000233;NA;NA;-179.351333063888;-186.578993757765;3.035386440172;3.02906552002631;3.94686365506631;3.85952853180982;370.526412958576;384.720101698976;14.4553213877546;0.099009900990099;4;4
97;0;0;0;NA;NA;NA;NA;NA;NA;NA;NA;NA;NA;NA;NA;NA;NA
98;8.69999999999709;0.190000000000055;9;NA;NA;-181.645274984516;-190.638882244274;3.28106857163444;3.49770790376063;6.33364274020604;5.75061809038636;383.548483504217;399.670914187656;17.9872145195158;0.148514851485149;6;6
99;3.2899999999936;0.110000000000127;3.42999999999302;NA;NA;NA;NA;NA;NA;NA;NA;NA;NA;NA;NA;NA;NA
100;6.29999999998836;0.200000000000273;6.63999999999942;NA;NA;-168.540125497823;-174.577828127336;2.85328975348818;2.85479127790879;3.5359416226625;3.37714871140542;347.164371925022;358.786917071883;12.0754052590249;0.247524752475248;3;3
101;0;0;0;NA;NA;NA;NA;NA;NA;NA;NA;NA;NA;NA;NA;NA;NA
102;6.42000000001281;0.320000000000164;6.78000000001339;NA;NA;-176.913196480524;-182.390179886221;2.99640077920423;2.99598001139061;4.29476207196876;4.14903925888146;366.69235030728;377.209770584516;10.9539668113945;0.396039603960396;4;4
103;1.17999999999302;0.0299999999997453;1.25;NA;NA;NA;NA;NA;NA;NA;NA;NA;NA;NA;NA;NA;NA
104;6.83000000000175;0.2199999999998;7.08000000000175;NA;NA;-209.789620362037;-218.166962526184;3.15396127081048;3.22872298086438;4.93048688150584;4.55141467205566;434.899762575558;450.476554292484;16.7546843282941;0.118811881188119;5;5
105;0;0;0;NA;NA;NA;NA;NA;NA;NA;NA;NA;NA;NA;NA;NA;NA
106;6.95000000001164;0.380000000000109;7.55999999999767;NA;NA;-174.220144543424;-180.63687010518;3.00329644012762;3.00195152316643;4.45461168504166;4.17338510121038;361.785113077878;373.776084648026;12.8334511235127;0.0396039603960396;4;4
107;3.44000000000233;0.240000000000236;3.75;NA;NA;-130.404171135613;-137.895408974531;2.6491379608539;2.64705343933526;2.70338991963539;2.51090885900531;267.970051151105;282.442613955805;14.9824756778345;0.0891089108910891;2;2
108;0.820000000006985;0.109999999999673;0.969999999986612;NA;NA;NA;NA;NA;NA;NA;NA;NA;NA;NA;NA;NA;NA
109;0;0;0;NA;NA;NA;NA;NA;NA;NA;NA;NA;NA;NA;NA;NA;NA
110;0;0;0;NA;NA;NA;NA;NA;NA;NA;NA;NA;NA;NA;NA;NA;NA
111;5.82999999998719;0.329999999999927;6.19000000000233;NA;NA;-188.489209786348;-194.93301869428;3.00230490897528;2.99451859231217;3.96887843731749;3.68613646422586;388.86811679718;400.908715359166;12.8876178158651;0.445544554455446;4;4
112;5.89999999999418;0.220000000000255;6.15000000000873;NA;NA;-185.216939022602;-189.80637845815;2.99894994054675;3.00396991792683;3.6584576348293;3.52233922215075;381.393637653292;390.164742202501;9.17887887109578;0.95049504950495;4;4
113;7.11000000000058;0.300000000000182;7.44999999999709;NA;NA;-191.665173135657;-199.703563894833;3.10764655560701;3.1336545386971;5.41826506220398;5.11561122418425;400.166543238799;415.302887260763;16.0767815183514;0.0792079207920792;5;5
114;5.40999999998894;0.2199999999998;5.75999999999476;NA;NA;-143.055894655549;-148.010193702297;2.99561638969023;2.995645407164;4.16384938609023;3.91787497640795;298.585567299226;307.757291915168;9.9085980934957;0.594059405940594;4;4
115;3.69000000000233;0.119999999999891;3.80999999999767;NA;NA;-160.661716785773;-167.901468722815;2.65143658791671;2.65026006920836;2.3087420776804;2.20180966340105;327.439657694073;341.635880634345;14.479503874083;0.168316831683168;2;2
116;2.9600000000064;0.150000000000091;3.16000000000349;NA;NA;-146.979862840278;-154.394338057328;2.6491665606523;2.65176534674144;2.22672875900842;2.05378306052379;299.858683507779;314.229473343003;14.8289504340993;0.267326732673267;2;2
117;5.1299999999901;0.210000000000036;5.47000000000116;NA;NA;-156.928277407139;-164.869695537697;2.85186305590369;2.86341836650237;3.18887839022644;2.87183302878372;322.950889152269;337.929546525252;15.8828362611168;0.099009900990099;3;3
118;0;0;0.0200000000040745;NA;NA;NA;NA;NA;NA;NA;NA;NA;NA;NA;NA;NA;NA
119;3.93999999998778;0.130000000000109;4.27999999999884;NA;NA;-170.286130881745;-177.879142009998;2.85232700856774;2.85074481943908;2.95758653321418;2.74238385979761;349.006976881204;363.579264519143;15.1860222565055;0.178217821782178;3;3
120;0.809999999997672;0.0500000000001819;0.910000000003492;NA;NA;NA;NA;NA;NA;NA;NA;NA;NA;NA;NA;NA;NA
121;0;0;0;NA;NA;NA;NA;NA;NA;NA;NA;NA;NA;NA;NA;NA;NA
122;0;0;0;NA;NA;NA;NA;NA;NA;NA;NA;NA;NA;NA;NA;NA;NA
123;0.0200000000040745;0;0;NA;NA;NA;NA;NA;NA;NA;NA;NA;NA;NA;NA;NA;NA
124;0.0599999999976717;0;0.0599999999976717;NA;NA;NA;NA;NA;NA;NA;NA;NA;NA;NA;NA;NA;NA
125;0.350000000005821;0.0300000000002001;0.389999999999418;NA;NA;NA;NA;NA;NA;NA;NA;NA;NA;NA;NA;NA;NA
126;4.5;0.399999999999636;4.94000000000233;NA;NA;-125.324184291465;-132.895512733813;2.98127230074791;3.43440159924331;1.89136327496152;1.674615619618;255.658890026019;270.227347977483;15.142656884696;0.099009900990099;2;2
127;2.89999999999418;0.110000000000127;3.00999999999476;NA;NA;-156.820411122637;-162.505907090067;2.65356441990336;2.65124728768475;2.16186224366599;2.11433603961876;319.367938380123;330.613025858849;11.3709919348607;0.415841584158416;2;2
128;6.17999999999302;0.199999999999818;6.38000000000466;NA;NA;-174.980590149024;-182.939049203795;3.11254425775894;3.11060511560016;4.77937059311086;4.4731102702608;364.812137894701;379.777412062938;15.9169181095418;0.0792079207920792;5;5
129;4.86000000000058;0.140000000000327;5.09999999999127;NA;NA;-175.260509860651;-182.473297430468;2.86067930856607;2.85080420269317;2.94852331802094;2.85421551456369;358.929887535024;373.086507076366;14.4255751396331;0.435643564356436;3;3
130;0.0200000000040745;0;0.0200000000040745;NA;NA;NA;NA;NA;NA;NA;NA;NA;NA;NA;NA;NA;NA
131;0.0199999999895226;0;0.00999999999476131;NA;NA;NA;NA;NA;NA;NA;NA;NA;NA;NA;NA;NA;NA
132;0.0299999999988358;0;0.0299999999988358;NA;NA;NA;NA;NA;NA;NA;NA;NA;NA;NA;NA;NA;NA
133;0.0199999999895226;0;0;NA;NA;NA;NA;NA;NA;NA;NA;NA;NA;NA;NA;NA;NA
134;5.68999999998778;0.25;6.00999999999476;NA;NA;-130.299237670201;-137.478121731989;3.02027979861849;3.05383734195546;3.57095511540089;3.49358362283393;271.29610082702;285.42208467326;14.357768123576;0.198019801980198;4;4
135;5.55999999999767;0.309999999999945;6.05000000000291;NA;NA;-186.935218811;-192.368755075082;2.85286399612659;2.85065930810269;3.51892617030993;3.39096625388897;383.906032331912;394.408177095705;10.8670725281636;0.653465346534653;3;3
136;0;0;0;NA;NA;NA;NA;NA;NA;NA;NA;NA;NA;NA;NA;NA;NA
137;0.0200000000040745;0;0.0200000000040745;NA;NA;NA;NA;NA;NA;NA;NA;NA;NA;NA;NA;NA;NA
138;5.45999999999185;0.269999999999982;5.89999999999418;NA;NA;-183.657344295755;-190.928361966988;2.84861865882862;2.84354532980908;3.12228821968701;3.02789979324746;376.219115005648;390.491964821846;14.5420353424657;0.287128712871287;3;3
139;0.0900000000110595;0;0.0899999999965075;NA;NA;NA;NA;NA;NA;NA;NA;NA;NA;NA;NA;NA;NA
140;4.09000000001106;0.210000000000036;4.36000000000058;NA;NA;-101.721175402414;-107.453175905164;2.65427479220685;2.66880200711923;2.31596239392759;2.250743100793;209.577702690838;220.868927439614;11.4640010055006;0.465346534653465;2;2
141;0;0;0;NA;NA;NA;NA;NA;NA;NA;NA;NA;NA;NA;NA;NA;NA
142;0;0;0.0200000000040745;NA;NA;NA;NA;NA;NA;NA;NA;NA;NA;NA;NA;NA;NA
143;4.08000000000175;0.119999999999891;4.32000000000698;NA;NA;-185.040531915964;-192.665905789173;2.64854770042684;2.64851184110484;2.29774935909582;2.08054105439895;376.168166498564;390.843494978516;15.2507477464187;0.099009900990099;2;2
144;7.6299999999901;0.230000000000018;8.00999999999476;NA;NA;-179.910436592927;-186.933063563922;3.10731918036862;3.1098621033041;5.68744131856109;5.25342526537198;377.49348262467;390.190116727163;14.0452539419901;0.138613861386139;5;5
145;2.95999999999185;0.0900000000001455;3.05999999999767;NA;NA;NA;NA;NA;NA;NA;NA;NA;NA;NA;NA;NA;NA
146;0.0200000000040745;0;0.0200000000040745;NA;NA;NA;NA;NA;NA;NA;NA;NA;NA;NA;NA;NA;NA
147;7.29999999998836;0.389999999999873;7.97000000000116;NA;NA;-187.795751773302;-192.619180013425;3.11731858060983;3.12026341147706;4.84213719765072;4.64969485031127;390.637496067699;399.686375662818;9.64685648024636;0.742574257425743;5;5
148;0;0;0;NA;NA;NA;NA;NA;NA;NA;NA;NA;NA;NA;NA;NA;NA
149;0;0;0.0199999999895226;NA;NA;NA;NA;NA;NA;NA;NA;NA;NA;NA;NA;NA;NA
150;0;0;0;NA;NA;NA;NA;NA;NA;NA;NA;NA;NA;NA;NA;NA;NA
151;6.4600000000064;0.289999999999964;6.83000000000175;NA;NA;-174.719684525512;-181.891955231794;2.99785582323001;3.00709438955929;3.78413131921711;3.70711960429049;360.775613371368;374.889448304085;14.3445414125641;0.198019801980198;4;4
152;0.0199999999895226;0;0.0200000000040745;NA;NA;NA;NA;NA;NA;NA;NA;NA;NA;NA;NA;NA;NA
153;1.32000000000698;0.0599999999999454;1.38999999999942;NA;NA;NA;NA;NA;NA;NA;NA;NA;NA;NA;NA;NA;NA
154;1.5399999999936;0.0600000000004002;1.73000000001048;NA;NA;NA;NA;NA;NA;NA;NA;NA;NA;NA;NA;NA;NA
155;7.75;0.409999999999854;8.19000000000233;NA;NA;-196.340574012118;-202.893703790081;3.20103142017267;3.2935569551633;5.51495949579735;5.07623637722131;410.320551997227;422.023571089329;13.1062595559259;0.415841584158416;6;6
156;9.92999999999302;0.309999999999945;10.4000000000087;NA;NA;-244.640487832752;-252.125599177802;3.45569633065782;3.50967555262672;9.15037244205469;8.52200553591519;520.885242436132;533.685162719721;14.9702226901008;0.148514851485149;10;10
157;5.55999999999767;0.25;6.02999999999884;NA;NA;-197.213902848549;-203.439803841478;2.9972022713476;2.99666413762633;3.82876913049985;3.61694369101255;405.897772949324;417.71500262975;12.4518019858581;0.287128712871287;4;4
158;0.419999999998254;0.0199999999999818;0.44999999999709;NA;NA;NA;NA;NA;NA;NA;NA;NA;NA;NA;NA;NA;NA
159;0.0200000000040745;0;0.00999999999476131;NA;NA;NA;NA;NA;NA;NA;NA;NA;NA;NA;NA;NA;NA
160;0.0499999999883585;0;0.0300000000133878;NA;NA;NA;NA;NA;NA;NA;NA;NA;NA;NA;NA;NA;NA
161;3.20999999999185;0.139999999999873;3.36999999999534;NA;NA;-158.379109525813;-165.876468660367;2.64954830796119;2.65149945316835;2.67629049061065;2.49452388870996;323.84813724379;338.361326941144;14.9947182691081;0.188118811881188;2;2
162;6.38999999999942;0.329999999999927;6.77999999999884;NA;NA;-195.207855795618;-201.576189688112;2.99733241279563;3.05046329491087;3.99002407452522;3.75284160216603;402.368755483549;414.394888081369;12.7366677849876;0.653465346534653;4;4
163;0;0;0;NA;NA;NA;NA;NA;NA;NA;NA;NA;NA;NA;NA;NA;NA
164;0;0;0;NA;NA;NA;NA;NA;NA;NA;NA;NA;NA;NA;NA;NA;NA
165;0.0200000000040745;0;0;NA;NA;NA;NA;NA;NA;NA;NA;NA;NA;NA;NA;NA;NA
166;3.2100000000064;0.0900000000001455;3.58999999999651;NA;NA;-159.436621339652;-166.170822758011;2.64912416306696;2.64834318173;2.50099226740298;2.08506591050203;325.498768061296;337.865315978028;13.4684028367188;0.425742574257426;2;2
167;4.74000000000524;0.230000000000018;5.04999999998836;NA;NA;-118.786419104128;-127.068287674097;2.85216714359161;2.85206637247269;3.38648024833446;2.95608499395121;247.230711553866;262.56700823924;16.5637371399369;0.0396039603960396;3;3
168;0;0;0.0200000000040745;NA;NA;NA;NA;NA;NA;NA;NA;NA;NA;NA;NA;NA;NA
169;0.25;0;0.25;NA;NA;NA;NA;NA;NA;NA;NA;NA;NA;NA;NA;NA;NA
170;3.38999999999942;0.159999999999854;3.65999999998894;NA;NA;-138.226007152708;-143.63831998629;2.64922123775893;2.65234826056644;2.31572874492033;2.18643201191689;282.586747218129;293.068845322337;10.8246256671628;0.495049504950495;2;2
171;0.460000000006403;0;0.469999999986612;NA;NA;NA;NA;NA;NA;NA;NA;NA;NA;NA;NA;NA;NA
172;2.94000000000233;0.110000000000127;3.06999999999243;NA;NA;-144.530730106935;-151.613387178359;2.64916535671297;2.64915730187534;2.47402750683001;2.42031006244249;295.615551666248;309.638559774853;14.1653141428476;0.138613861386139;2;2
173;8.11000000000058;0.260000000000218;8.5;NA;NA;-195.19693277122;-199.073655365397;3.11184557912851;3.10520839364657;5.03181038609059;4.72484031031855;406.029230330002;412.828826158922;7.75344518835328;0.940594059405941;5;5
174;0;0;0;NA;NA;NA;NA;NA;NA;NA;NA;NA;NA;NA;NA;NA;NA
175;0.0200000000040745;0;0;NA;NA;NA;NA;NA;NA;NA;NA;NA;NA;NA;NA;NA;NA
176;2.41999999999825;0.0799999999999272;2.56000000001222;NA;NA;NA;NA;NA;NA;NA;NA;NA;NA;NA;NA;NA;NA
177;0.00999999999476131;0;0;NA;NA;NA;NA;NA;NA;NA;NA;NA;NA;NA;NA;NA;NA
178;0.470000000001164;0.0300000000002001;0.5;NA;NA;NA;NA;NA;NA;NA;NA;NA;NA;NA;NA;NA;NA
179;0;0;0;NA;NA;NA;NA;NA;NA;NA;NA;NA;NA;NA;NA;NA;NA
180;2.47000000000116;0.129999999999654;2.58999999999651;NA;NA;-148.552150507683;-157.625061038699;2.65166408295835;2.6491597580715;2.02776888291643;1.34204210576393;302.476182559216;318.805404575202;18.1458210620323;0.0396039603960396;2;2
181;0.00999999999476131;0;0.0200000000040745;NA;NA;NA;NA;NA;NA;NA;NA;NA;NA;NA;NA;NA;NA
182;0;0;0;NA;NA;NA;NA;NA;NA;NA;NA;NA;NA;NA;NA;NA;NA
183;0;0;0;NA;NA;NA;NA;NA;NA;NA;NA;NA;NA;NA;NA;NA;NA
184;8.69999999999709;0.329999999999927;9.19999999999709;NA;NA;-215.127155645945;-221.740029028479;3.17728375723613;3.51158698636486;5.16352350582885;4.77695446614518;446.298948789748;458.323508012508;13.2257467650688;0.544554455445545;5;5
185;3.75999999999476;0.139999999999873;3.94999999999709;NA;NA;-186.575960208233;-193.538079756083;2.70292210957515;2.70006356582424;2.20628308402476;2.19495019555868;378.996714406271;392.890930882084;13.9242390956996;0.108910891089109;2;2
186;0;0;0;NA;NA;NA;NA;NA;NA;NA;NA;NA;NA;NA;NA;NA;NA
187;4.10000000000582;0.25;4.55999999999767;NA;NA;-169.509445352347;-177.590754431005;2.85199539450047;2.85045962801741;3.42376589546231;3.03917494692942;348.783098660626;363.848905261866;16.1626181573166;0.0198019801980198;3;3
188;0;0;0;NA;NA;NA;NA;NA;NA;NA;NA;NA;NA;NA;NA;NA;NA
189;9.59999999999127;0.360000000000127;10.0399999999936;NA;NA;-241.240713581944;-249.710212004185;3.40200877097087;3.41026797379425;8.98931423683;8.57954042786076;513.055859209133;528.601134447474;16.938996844481;0.0396039603960396;9;9
190;0.139999999999418;0;0.159999999988941;NA;NA;NA;NA;NA;NA;NA;NA;NA;NA;NA;NA;NA;NA
191;0.110000000000582;0;0.110000000000582;NA;NA;NA;NA;NA;NA;NA;NA;NA;NA;NA;NA;NA;NA
192;0;0;0;NA;NA;NA;NA;NA;NA;NA;NA;NA;NA;NA;NA;NA;NA
193;4.36000000000058;0.170000000000073;4.55000000000291;NA;NA;-151.264757902931;-156.952044887883;2.64982877671384;2.64937134120036;2.6590409440965;2.61598557841555;309.573737212096;320.834250686144;11.3745739699037;0.881188118811881;2;2
194;0;0;0;NA;NA;NA;NA;NA;NA;NA;NA;NA;NA;NA;NA;NA;NA
195;0.0199999999895226;0;0;NA;NA;NA;NA;NA;NA;NA;NA;NA;NA;NA;NA;NA;NA
196;0;0;0;NA;NA;NA;NA;NA;NA;NA;NA;NA;NA;NA;NA;NA;NA
197;3.15000000000873;0.160000000000309;3.38000000000466;NA;NA;-150.355464542787;-157.360121758432;2.64916779532082;2.64916664225881;2.26089282816821;2.23348334577905;306.700392953268;320.637095316283;14.0093144312906;0.326732673267327;2;2
198;5.31999999999243;0.269999999999982;5.83999999999651;NA;NA;-163.00095206345;-169.166368255764;2.8515815468482;2.85155982801408;3.51423596357747;3.31079573681696;336.024122877329;347.774765861939;12.3308323846284;0.495049504950495;3;3
199;1.31000000001222;0.0299999999997453;1.33999999999651;NA;NA;NA;NA;NA;NA;NA;NA;NA;NA;NA;NA;NA;NA
200;6.44000000000233;0.329999999999927;6.88000000000466;NA;NA;-174.652629651377;-182.694991621886;2.99582001633878;2.99725911187975;4.22388496689399;3.88679231656842;361.958887817857;377.033772427118;16.0847239410189;0.0297029702970297;4;4
201;0;0;0;NA;NA;NA;NA;NA;NA;NA;NA;NA;NA;NA;NA;NA;NA
202;7.38999999999942;0.320000000000164;7.94000000000233;NA;NA;-158.803495862552;-167.670846122303;2.99588562454317;3.0948100981265;4.79646390103586;4.24435618555353;331.975913432374;348.056647050126;17.7347005195006;0.0396039603960396;4;4
203;0.00999999999476131;0;0.0200000000040745;NA;NA;NA;NA;NA;NA;NA;NA;NA;NA;NA;NA;NA;NA
204;5.47000000000116;0.239999999999782;5.75;NA;NA;-162.699374046853;-168.552248583646;2.84948347061544;2.86021082710051;3.05818495072849;2.95683612123123;334.120358956818;345.537072191647;11.7057490735857;0.95049504950495;3;3
205;2.75;0.110000000000127;2.90999999998894;NA;NA;-152.454101616205;-159.741943208884;2.64942318217502;2.64913297704766;2.35304965464073;2.22982807513651;311.141805157177;325.391054825224;14.5756831853566;0.158415841584158;2;2
206;5.66999999999825;0.289999999999964;6.04000000000815;NA;NA;-135.872915904851;-142.820811536966;2.86333559314481;2.8701782424336;3.05437378882628;3.04864134215295;280.456573653581;294.336016603374;13.8957912642298;0.237623762376238;3;3
207;8;0.2800000000002;8.5;NA;NA;-168.645560090234;-175.533440234585;3.20315030644089;3.22878235277697;5.6246363555038;5.24947427065464;355.281321731633;367.857139287292;13.7757602887009;0.099009900990099;6;6
208;0.0299999999988358;0;0.0299999999988358;NA;NA;NA;NA;NA;NA;NA;NA;NA;NA;NA;NA;NA;NA
209;6.44999999999709;0.169999999999618;7.13999999999942;NA;NA;-189.747046254476;-196.128620784677;3.02389706502631;2.99339821427599;3.80675138627677;3.56702266503559;390.898100494218;402.9430864875;12.7631490604022;0.425742574257426;4;4
210;3.16999999999825;0.170000000000073;3.36999999999534;NA;NA;-145.612591265254;-152.698781033475;2.64916025372744;2.64801931834005;2.10944035760546;2.05517786058861;296.813424770706;310.842054342002;14.1723795364438;0.425742574257426;2;2
211;5.51999999998952;0.319999999999709;5.97000000000116;NA;NA;-164.216021475029;-172.503117439876;2.8550547039815;2.85301225630593;3.67407599793289;3.26822426527738;338.91010809384;354.326855023519;16.5741919296939;0.0198019801980198;3;3
212;0;0;0;NA;NA;NA;NA;NA;NA;NA;NA;NA;NA;NA;NA;NA;NA
213;8.13999999999942;0.309999999999945;8.63999999999942;NA;NA;-163.996712560881;-169.840390129519;3.10894290791073;3.10692241465372;5.44882880030003;5.35737485723414;344.924592916392;356.327772846062;11.6873551372757;0.633663366336634;5;5
214;0.0599999999976717;0;0.0400000000081491;NA;NA;NA;NA;NA;NA;NA;NA;NA;NA;NA;NA;NA;NA
215;0;0;0;NA;NA;NA;NA;NA;NA;NA;NA;NA;NA;NA;NA;NA;NA
216;0.0899999999965075;0;0.0900000000110595;NA;NA;NA;NA;NA;NA;NA;NA;NA;NA;NA;NA;NA;NA
217;0.0299999999988358;0;0.0500000000029104;NA;NA;NA;NA;NA;NA;NA;NA;NA;NA;NA;NA;NA;NA
218;5.52000000000407;0.2199999999998;5.77000000000407;NA;NA;-141.332120915305;-148.416960218756;2.85186238667686;2.84964488668294;3.40882563304954;3.36217718885252;292.385841783084;306.422484100745;14.1696786069017;0.188118811881188;3;3
219;0.0200000000040745;0;0;NA;NA;NA;NA;NA;NA;NA;NA;NA;NA;NA;NA;NA;NA
220;2.91000000000349;0.109999999999673;3.05000000000291;NA;NA;-123.497764089509;-129.121219177793;2.64915960434607;2.65015148101335;2.49131079017177;2.28239910954037;253.595405791536;264.288875775322;11.2469101765677;0.316831683168317;2;2
221;5.00999999999476;0.169999999999618;5.22000000000116;NA;NA;-143.599184258986;-151.086910815924;2.85187974541022;2.85675093717436;3.25227636575883;3.07538347282636;296.473506986848;310.944480809426;14.975453113877;0.118811881188119;3;3
222;0;0;0.00999999999476131;NA;NA;NA;NA;NA;NA;NA;NA;NA;NA;NA;NA;NA;NA
223;3.4600000000064;0.0999999999999091;3.58999999999651;NA;NA;-162.754491871033;-169.821650197781;2.64913189799659;2.64868327721815;2.37317009121741;2.32583252630097;331.7958878961;345.804799828453;14.1343166534961;0.168316831683168;2;2
224;0;0;0;NA;NA;NA;NA;NA;NA;NA;NA;NA;NA;NA;NA;NA;NA
225;6;0.289999999999964;6.49000000000524;NA;NA;-175.532181765416;-181.145358812412;2.85192487917396;2.85201693290013;3.72826876477446;3.70520384395267;361.696980551496;372.857555999906;11.2263540939914;0.544554455445545;3;3
226;7.60000000000582;0.269999999999982;7.94999999999709;NA;NA;-186.51188511197;-190.621115380927;3.10761318204338;3.10746375589946;5.23943473867719;5.09516864704607;389.304287003008;397.074468930234;8.21846053791529;0.722772277227723;5;5
227;8.63999999999942;0.260000000000218;9.08000000000175;NA;NA;-180.543246080056;-186.402425874353;3.11835327317842;3.12282076706087;5.02222999520423;4.93322164199951;376.692087760279;388.133871332547;11.7183595885953;0.851485148514851;5;5
228;4.63999999999942;0.279999999999745;4.93999999998778;NA;NA;-152.019230511973;-158.682704673927;2.85536318959931;2.96586751213211;2.92984554102699;2.41775492462135;312.394061849126;324.260583431388;13.3269483239072;0.277227722772277;3;3
229;0;0;0;NA;NA;NA;NA;NA;NA;NA;NA;NA;NA;NA;NA;NA;NA
230;0.0200000000040745;0;0;NA;NA;NA;NA;NA;NA;NA;NA;NA;NA;NA;NA;NA;NA
231;0;0;0.00999999999476131;NA;NA;NA;NA;NA;NA;NA;NA;NA;NA;NA;NA;NA;NA
232;7.44000000000233;0.309999999999945;7.85000000000582;NA;NA;-185.470250701279;-189.854928796487;3.01625777176615;3.13432348065974;3.99005962282433;3.75409394548561;382.893651788058;390.956117983419;8.76935619041564;0.742574257425743;4;4
233;0.0100000000093132;0;0.00999999999476131;NA;NA;NA;NA;NA;NA;NA;NA;NA;NA;NA;NA;NA;NA
234;0;0;0;NA;NA;NA;NA;NA;NA;NA;NA;NA;NA;NA;NA;NA;NA
235;8.05999999999767;0.269999999999982;8.5399999999936;NA;NA;-202.766968660059;-211.569218503893;3.27564390866036;3.27889332566468;6.58775033607372;6.06073808862701;427.112378159533;442.990628061912;17.604499687667;0.0099009900990099;7;7
236;4.69000000000233;0.179999999999836;5.04999999998836;NA;NA;-166.70760696349;-172.91053897099;2.84651912876834;2.85070781040602;3.23307063485604;3.0215674595566;342.635579740189;354.438259702885;12.405864015;0.455445544554455;3;3
237;0;0;0.0100000000093132;NA;NA;NA;NA;NA;NA;NA;NA;NA;NA;NA;NA;NA;NA
238;7.83999999999651;0.289999999999964;8.44999999999709;NA;NA;-211.304639912296;-219.260704946382;3.2241388286403;3.24681418617698;5.665699538809;5.38663745355673;440.730820523267;455.750380327042;15.9121300681731;0.0495049504950495;6;6
239;0.209999999991851;0.0300000000002001;0.25;NA;NA;NA;NA;NA;NA;NA;NA;NA;NA;NA;NA;NA;NA
240;6.75;0.279999999999745;7.13000000000466;NA;NA;-177.163350412011;-184.537197127514;3.01460126319321;3.05261860552926;4.18105087364183;4.04326754391808;366.852009863562;381.186941326958;14.7476934310072;0.108910891089109;4;4
241;0.759999999994761;0;0.769999999989523;NA;NA;NA;NA;NA;NA;NA;NA;NA;NA;NA;NA;NA;NA
242;5.11000000000058;0.179999999999836;5.36999999999534;NA;NA;-119.164519482871;-126.491129366699;2.85187905430101;2.93632940717257;2.92946906888772;2.41456910981153;246.683566133326;259.868347219593;14.6532197676574;0.0891089108910891;3;3
243;7.63999999999942;0.349999999999909;8.17999999999302;NA;NA;-208.028555294949;-215.559927994977;3.00849227180101;3.00561192735023;4.82320084253133;4.65266805205314;430.506129015701;445.058003831623;15.0627454000564;0.158415841584158;4;4
244;0.239999999990687;0.0199999999999818;0.259999999994761;NA;NA;NA;NA;NA;NA;NA;NA;NA;NA;NA;NA;NA;NA
245;5.44999999999709;0.140000000000327;5.61000000000058;NA;NA;-185.322332142031;-192.562697191107;2.99512161948951;2.99378417863604;3.67140059784838;3.57999330064861;381.643197544182;395.850095852074;14.4807300981516;0.376237623762376;4;4
246;0.779999999998836;0.0399999999999636;0.830000000001746;NA;NA;NA;NA;NA;NA;NA;NA;NA;NA;NA;NA;NA;NA
247;0;0;0.0100000000093132;NA;NA;NA;NA;NA;NA;NA;NA;NA;NA;NA;NA;NA;NA
248;0;0;0;NA;NA;NA;NA;NA;NA;NA;NA;NA;NA;NA;NA;NA;NA
249;0;0;0;NA;NA;NA;NA;NA;NA;NA;NA;NA;NA;NA;NA;NA;NA
250;0;0;0;NA;NA;NA;NA;NA;NA;NA;NA;NA;NA;NA;NA;NA;NA
