1;14.2999999999997;0.890000000000001;15.3099999999999;NA;NA;-678.46654291675;-692.048450955098;4.10819774452206;4.10990457546697;9.67996860510063;9.31176302765641;1396.56621265427;1422.22246822718;27.1638160766965;0.0198019801980198;9;9
2;12.8299999999999;0.650000000000006;13.6299999999997;NA;NA;-623.104745838996;-639.879193957892;5.03271171362211;5.83608038808381;7.84491285482188;6.94750903300983;1278.74253999808;1308.5698803132;33.548896237791;0.108910891089109;10;10
3;17.9400000000001;0.840000000000003;19.0299999999997;NA;NA;-780.52399108664;-797.787893021079;5.29067171749065;6.60683839368464;11.5377968344145;9.54422950446913;1610.40906480432;1636.40797506238;34.5278038688764;0.574257425742574;13;13
4;13.1200000000003;0.589999999999989;13.8600000000001;NA;NA;-738.564961650546;-752.404005752143;4.37937445661222;4.56030486820553;8.51307237004639;8.05084421574085;1512.43384571456;1538.19506228933;27.6780882031946;0.118811881188119;10;10
5;16.02;0.859999999999999;17.1500000000001;NA;NA;-763.130326971446;-777.085036878709;4.43903566596004;4.50457299057277;14.2892417679494;13.954025107071;1588.87649195934;1615.31698343751;27.9094198145256;0.237623762376238;16;16
6;10.3400000000001;0.329999999999998;10.7599999999998;NA;NA;-568.893199459537;-581.102218332709;4.09575621070626;4.10046760786147;7.34514806262003;7.08549802856835;1167.85996594798;1191.21490698932;24.4180377463429;0.0891089108910891;9;9
7;12.25;0.689999999999998;13.1099999999997;NA;NA;-627.078927736817;-636.138628292818;4.10399066553314;4.13689722763408;7.63809728619546;7.46688340789414;1285.43085756309;1302.84925006349;18.1194011120017;0.722772277227723;9;9
8;8.57999999999993;0.310000000000002;8.94999999999982;NA;NA;-595.865726277326;-608.620855134436;3.80491681789771;3.80683441578796;4.71678871701035;4.65127108090413;1209.65737803478;1234.91863916829;25.5102577142202;0.217821782178218;5;5
9;14.3299999999999;0.810000000000002;15.27;NA;NA;-753.645348482508;-768.98209072239;4.35598538107164;4.40346866127082;11.6986239476049;11.3768453899166;1557.33983126982;1586.63668048699;30.6734844797647;0.0099009900990099;13;13
10;11.02;0.5;11.6200000000003;NA;NA;-622.824269905727;-637.090844969126;4.03891619562544;4.0383740523711;6.77678660938212;6.36133296822218;1272.99594396549;1299.85255043127;28.5331501267985;0.0099009900990099;8;8
11;19.1299999999997;0.839999999999989;20.2200000000003;NA;NA;-945.440633461198;-962.609878424478;4.59070554158773;4.81154076138809;21.6366529837507;20.3331672474695;1989.61968669881;2018.00974634375;34.3384899265611;0.0594059405940594;23;23
12;16.3599999999997;0.780000000000001;17.2000000000003;NA;NA;-754.957010422211;-768.692393100897;4.45396067740699;4.53077595338301;14.5718178930486;14.1666417506822;1574.20982044185;1599.89281132644;27.4707653573723;0.376237623762376;17;17
13;15.3499999999999;0.769999999999996;16.2800000000002;NA;NA;-773.637930285421;-788.245366835731;4.52787373235086;4.57372270919182;14.6441486678192;14.0852717332159;1612.70521043087;1639.42304834615;29.21487310062;0.0693069306930693;19;19
14;13.9900000000002;0.38000000000001;14.6400000000003;NA;NA;-651.23225888446;-665.728861947848;4.41031018926634;4.87393771455831;10.8714506219866;9.95810928567878;1349.37766398131;1374.42956391612;28.9932061267748;0.0693069306930693;14;14
15;14.4400000000001;0.670000000000002;15.27;NA;NA;-713.1831139219;-727.554487815818;4.54935251726398;4.59893755623172;14.5224096120526;14.1381105657566;1490.85906030803;1517.89516748519;28.7427477878364;0.0891089108910891;18;18
16;11.29;0.579999999999998;12.1100000000001;NA;NA;-639.1288108016;-654.171181276155;4.11261981956504;4.17968926506755;7.60123399829299;7.34695680563296;1309.37969269029;1338.42333519833;30.0847409491103;0.0099009900990099;9;9
17;14.6100000000001;0.519999999999996;15.3599999999997;NA;NA;-787.555588646261;-803.360602118837;4.30526511250712;4.30509677515088;11.5271634220774;11.114595997795;1624.42676798498;1654.27174610728;31.6100269451533;0.0099009900990099;13;13
18;15.4200000000001;0.769999999999996;16.2800000000002;NA;NA;-815.741113787798;-828.292789723812;4.50176148280764;4.52865668724073;14.4969623159566;14.1757603756143;1696.25395591531;1719.92219301166;25.1033518720276;0.861386138613861;19;19
19;14.04;0.530000000000001;14.6899999999996;NA;NA;-725.197454516845;-738.978480675433;4.26465178577942;4.33164746756575;10.2853463108516;9.68582014179268;1493.53864457073;1518.58587651106;27.5620523171751;0.247524752475248;11;11
20;12.6100000000001;0.639999999999986;13.46;NA;NA;-667.198528680704;-680.500475111013;4.15268661753616;4.13571591813355;8.34185505123729;8.04140021776834;1368.55148622929;1393.9252134763;26.6038928606185;0.0792079207920792;9;9
21;14.8600000000001;0.560000000000002;15.5600000000004;NA;NA;-776.138456141809;-786.699364707153;4.49702560975994;4.50621498756903;13.4849781755;13.3241316906062;1612.16259664929;1632.57010770545;21.1218171306878;0.782178217821782;18;18
22;12.5900000000001;0.420000000000002;13.29;NA;NA;-667.204585029365;-681.45024135141;4.21424927077666;4.23311961273053;8.96583620280413;8.59153693002343;1372.01798305456;1398.93923005881;28.4913126440908;0.0099009900990099;11;11
23;12.5899999999997;0.459999999999994;13.1700000000001;NA;NA;-639.530731703751;-652.500130948293;4.04286403965567;4.05509682433982;8.27650201020047;8.15857561319922;1312.4608986415;1337.92381069279;25.9387984890857;0.128712871287129;8;8
24;17.2199999999998;0.689999999999998;18;NA;NA;-795.371453790634;-809.981742923167;4.50258433582861;4.52617559566613;15.4308478509177;14.9845897725567;1658.36129385959;1685.62635733934;29.2205782650674;0.0594059405940594;16;16
25;15.5500000000002;0.599999999999994;16.5600000000004;NA;NA;-741.699970560072;-754.390109202349;4.48941916173102;4.53934513924129;14.7993625421974;14.4561950668517;1548.69974483487;1572.5658509031;25.3802772845538;0.158415841584158;17;17
26;14.8699999999999;0.639999999999986;15.6199999999999;NA;NA;-759.62769802822;-771.624795673227;4.35359173697523;4.38220323160313;11.6696311708874;11.1657166641277;1569.61289961326;1591.43257231598;23.9941952900128;0.653465346534653;14;14
27;14.3099999999999;0.539999999999992;15.0299999999997;NA;NA;-692.703939193465;-707.436732374161;4.26171389684054;4.28397538427875;11.5357393076831;11.0787045347179;1434.2984825882;1461.82707075682;29.4655863613928;0.0198019801980198;12;12
28;15.54;0.610000000000014;16.4099999999999;NA;NA;-711.493870756753;-726.270533610117;4.77546312785308;4.86758629563864;11.7721643200183;11.2845210593401;1473.78770236365;1501.23672015572;29.5533257067291;0.217821782178218;14;14
29;13.0499999999997;0.710000000000008;13.9099999999999;NA;NA;-659.455014450096;-673.017346130856;4.19072959618892;4.17333180559787;8.99466908098132;8.77490130579342;1356.21114482717;1382.42442577034;27.1246633615208;0.148514851485149;10;10
30;9.55000000000018;0.449999999999989;10.0799999999999;NA;NA;-644.70951187446;-655.01824204907;3.90291849357803;3.905612389477;5.4445423924471;5.30729913856773;1310.60707030235;1330.69043315673;20.6174603492184;0.257425742574257;6;6
31;16.3599999999997;0.530000000000001;17.0600000000004;NA;NA;-776.809760551034;-792.869927707994;4.32396673904247;4.36722869166201;14.0699817681378;13.5999169199162;1614.33516382957;1644.42704566546;32.1203343139198;0.0297029702970297;14;14
32;11.2299999999996;0.449999999999989;11.8599999999997;NA;NA;-601.545269524519;-612.140095420569;4.17601712585886;4.28426752311644;7.63655034232077;7.25560452912915;1234.75950285821;1254.36936290791;21.1896517921011;0.158415841584158;10;10
33;14.8900000000003;0.52000000000001;15.54;NA;NA;-754.115926668158;-772.287486758842;4.54366909177695;4.83090018684256;17.3343834739252;16.3279629826213;1586.95168296166;1618.72439256419;36.3431201813687;0.0099009900990099;22;22
34;11.8500000000004;0.360000000000014;12.2700000000004;NA;NA;-619.843191469844;-636.099378882325;4.20609388596396;4.20128043005245;9.34174394141241;8.82744177257081;1278.87200857466;1309.22705042433;32.5123748249607;0.0099009900990099;11;11
35;16.5599999999995;0.639999999999986;17.4400000000005;NA;NA;-790.907984417342;-804.035310898158;4.58294167670028;4.78381757287285;16.1895770315309;15.2604668926507;1654.15021807716;1676.25365175563;26.2546529616318;0.415841584158416;19;19
36;15.1599999999999;0.669999999999987;15.9399999999996;NA;NA;-750.833303905487;-764.612657171756;4.45721901027933;4.48453188927661;12.2271342753011;11.4201167649954;1554.42988273728;1578.50609813102;27.5587065325371;0.465346534653465;14;14
37;5.71000000000004;0.319999999999993;6.10999999999967;NA;NA;-580.780759423618;-593.028020118451;3.55725310187298;3.56662488191293;2.60539673758958;2.52941451676554;1170.79775037583;1195.0229118736;24.4945213896676;0.0792079207920792;3;3
38;14.7699999999995;0.730000000000018;15.5899999999992;NA;NA;-749.667968055334;-764.473854229728;4.96178509712552;4.488556964876;7.61603877946681;7.67184228822345;1530.51862307305;1560.35887421447;29.6117723487887;0.207920792079208;9;9
39;11.3299999999999;0.52000000000001;11.9899999999998;NA;NA;-683.480680229406;-698.772810891949;3.97143707042556;3.97242437853507;7.15157397742228;6.81038013274127;1395.34372162188;1424.57389125234;30.5842613250873;0.0099009900990099;7;7
40;14.4300000000003;0.599999999999994;15.2199999999993;NA;NA;-630.492279758438;-642.414422895508;4.72292051573738;4.8795769911901;9.90759948622821;9.36497450637262;1302.9748049746;1324.51934587376;23.8442862741406;0.148514851485149;12;12
41;13.2299999999996;0.530000000000001;14.0500000000002;NA;NA;-670.508285309061;-681.385750758826;4.24256480883253;4.25164914028972;11.0494040732993;10.7939010799037;1387.84599583301;1408.51805762557;21.754930899529;0.287128712871287;12;12
42;10.1599999999999;0.469999999999999;10.9800000000005;NA;NA;-562.364535409559;-577.009927833835;4.20422598129535;4.20964824752329;9.47714695087858;9.30864574461473;1164.48266873764;1193.06664496148;29.2907848485504;0.0198019801980198;11;11
43;7.07999999999993;0.359999999999985;7.57999999999993;NA;NA;-631.655200765495;-644.83252156013;3.69005468354626;3.68891450018905;4.06588477018263;3.89157022051224;1278.30896032251;1304.02057655095;26.3546415892708;0.0198019801980198;4;4
44;6.6899999999996;0.409999999999997;7.1899999999996;NA;NA;-510.674547532958;-524.102668366139;3.72181921333444;3.69101866306241;3.08949663468373;2.86143028168181;1032.74587572516;1058.76080810775;26.8562416663606;0.0594059405940594;4;4
45;14.2600000000002;0.780000000000001;15.3099999999995;NA;NA;-676.05377034785;-689.834461312969;4.38568193102876;4.43563439673327;12.0110822672915;11.7266993380817;1404.35283435883;1430.67721954567;27.5613819302371;0.0891089108910891;15;15
46;12.75;0.710000000000008;13.5900000000001;NA;NA;-666.873516272816;-683.8222798153;4.24381195473816;4.26585001636846;10.3460846995194;9.68508267750295;1377.59565971946;1408.69173755417;33.8975270849678;0.0099009900990099;12;12
47;15.9200000000001;0.629999999999995;16.8199999999997;NA;NA;-852.824799862084;-867.661701670406;4.62892260477735;4.72586750965528;14.9041199265909;14.3703770463192;1771.83757645323;1799.14107162411;29.6738036166439;0.198019801980198;18;18
48;16.6099999999997;0.579999999999984;17.5799999999999;NA;NA;-793.873975882251;-809.85561610952;5.90867912042243;6.46507995816192;9.92227918144568;9.02283782978655;1629.80041249509;1657.95169356637;31.9632804545386;0.455445544554455;12;12
49;20.6799999999994;0.610000000000014;21.6700000000001;NA;NA;-1066.30044663481;-1081.85680145237;4.76714709140413;4.82667072884057;30.3170815202643;29.7120924918504;2274.97994196301;2303.25142289088;31.1127096351238;0.326732673267327;30;30
50;14.4100000000008;0.610000000000014;15.3099999999995;NA;NA;-721.025391768781;-738.386687867701;4.39315939695086;4.47788396509026;13.1174454714921;12.3653883905524;1499.10848870661;1530.55981507088;34.7225921978393;0.0099009900990099;15;15
51;9.30999999999949;0.420000000000016;9.8100000000004;NA;NA;-597.472198866069;-611.453298338067;4.64792034432363;4.61018614495084;4.33182897501957;4.03041028850236;1211.80219538866;1238.59138975271;27.9621989439956;0.0495049504950495;6;6
52;15.5300000000007;0.810000000000002;16.54;NA;NA;-845.017350581923;-861.176873791672;4.56193281863885;4.56921911623914;12.380925974362;11.8974721207514;1743.88872521908;1774.10486467379;32.3190464194965;0.0495049504950495;15;15
53;16.9800000000005;0.859999999999985;18.0299999999997;NA;NA;-809.399310235482;-825.637699380681;4.46137297354819;4.57791288334999;16.6535368187605;15.790265242866;1692.75561443276;1721.39867431123;32.4767782903978;0.0099009900990099;18;18
54;11.4800000000005;0.400000000000006;11.9899999999998;NA;NA;-547.430929384727;-560.696789246572;3.97701383726729;4.31629102462212;6.76359810840109;6.1922878264453;1121.70446500977;1145.96883284564;26.5317197236911;0.0891089108910891;7;7
55;12.2000000000007;0.579999999999984;12.8600000000006;NA;NA;-628.997375847075;-642.025717434746;4.10199423686065;4.10011976442131;8.92746573396754;8.79868133847467;1294.54687247644;1320.0762679624;26.0566831753406;0.108910891089109;9;9
56;16.0099999999993;0.530000000000001;16.8499999999995;NA;NA;-767.32830011807;-784.980154950021;4.4765623911397;4.61362934489196;12.4194633478673;11.5576177018458;1588.24982529661;1619.83444610933;35.3037096639025;0.0099009900990099;14;14
57;15.1000000000004;0.710000000000008;15.9100000000008;NA;NA;-811.231238018155;-825.716989541346;4.48207859725027;4.42672665156819;12.6141810634181;12.2510665246457;1677.33110313521;1704.72314603892;28.9715030463817;0.356435643564356;15;15
58;15.9800000000005;0.409999999999997;16.6799999999994;NA;NA;-789.793466548182;-804.531805604427;4.39481591676652;4.40357502579819;13.65389989515;13.1734228729175;1638.97808485058;1666.36480449253;29.4766781124904;0.0495049504950495;15;15
59;14.0699999999997;0.699999999999989;14.8900000000003;NA;NA;-702.051445350272;-716.863568973508;4.54111941170403;4.79412179548804;10.2125285636294;9.58253904646622;1447.79420140187;1474.72322311615;29.6242472464728;0.415841584158416;13;13
60;12.2700000000004;0.490000000000009;12.8399999999992;NA;NA;-680.215374907176;-695.361141465529;4.11075352447811;4.12060783211713;8.78126337765493;8.49212807907404;1396.38426777409;1425.49198135331;30.2915331167051;0.0099009900990099;9;9
61;14.5200000000004;0.609999999999985;15.4400000000005;NA;NA;-702.548623878915;-714.65562434424;4.42795905791106;4.56093647436598;11.541892868953;10.9488233932832;1455.30168137569;1476.93597398119;24.214000930649;0.099009900990099;15;15
62;11.0999999999995;0.469999999999999;11.6399999999994;NA;NA;-576.729760028448;-589.631681335519;4.08177869414393;4.08857117685374;6.64798652240408;6.55102521731268;1180.28715750782;1205.69971732814;25.8038426141422;0.108910891089109;8;8
63;14.5500000000002;0.610000000000014;15.4399999999996;NA;NA;-706.042544072875;-720.260337440836;4.29168544220048;4.27338018322277;10.2829797511873;9.92395118549254;1455.66626483636;1482.58022187573;28.4355867359227;0.0693069306930693;12;12
64;13.8199999999997;0.670000000000016;14.6500000000005;NA;NA;-658.112241571823;-673.070621376946;4.08965596367458;4.0771224520266;8.36872196020203;8.11936949331374;1349.99606765563;1378.90657709424;29.9167596102454;0.0198019801980198;8;8
65;6.46000000000004;0.299999999999983;6.80000000000018;NA;NA;-532.969704678579;-546.922130097438;3.54375245117814;3.54530250564028;3.11276284716369;3.0914340799438;1076.97427323613;1104.80351277464;27.904850837718;0.0198019801980198;3;3
66;15.2800000000007;0.549999999999983;16.1399999999994;NA;NA;-730.137132241491;-744.716703389679;4.33507044547142;4.4109569410445;11.1106269929769;10.5286422385167;1508.21951914648;1534.86724536521;29.1591422963766;0.0297029702970297;14;14
67;12.1499999999996;0.469999999999999;12.75;NA;NA;-634.885394399178;-649.152100374472;3.90694409946362;3.86757165769309;5.75716272267123;5.67378738220612;1291.65060494772;1319.86715298311;28.5334119505878;0.0396039603960396;5;5
68;17.0799999999999;0.890000000000015;18.21;NA;NA;-792.322331327064;-807.552076647851;4.56173514487419;4.56392438863131;14.3297394663653;14.0591997020876;1647.87233018162;1677.13810768494;30.4594906415748;0.0396039603960396;17;17
69;16.9399999999996;0.909999999999997;18.2200000000003;NA;NA;-789.259653543903;-803.189940225305;4.38849317185715;4.3950502605222;14.6403415826545;14.3467191579073;1642.20124084638;1668.78462790193;27.860573362804;0.0297029702970297;15;15
70;8.32999999999993;0.22999999999999;8.64000000000033;NA;NA;-546.560231364037;-560.815216008537;3.80070073970452;3.80193604757222;4.60114545942548;4.50249934388721;1110.6068916477;1138.74196118559;28.5099692889992;0.0099009900990099;5;5
71;15.5600000000004;0.569999999999993;16.3800000000001;NA;NA;-764.920240774502;-780.993971813718;4.33877006686715;4.52990991515233;12.699529179278;11.9451302943533;1584.64226375193;1613.5342977903;32.1474620784313;0.0495049504950495;14;14
72;12.6300000000001;0.75;13.6500000000005;NA;NA;-652.024737075225;-665.027945025475;4.11382168261889;4.20013594223916;7.06611526628641;6.52761983324378;1332.56445051382;1356.39779337966;26.0064159004999;0.0495049504950495;8;8
73;11.29;0.5;12.0599999999995;NA;NA;-565.557345598188;-578.680832369157;4.28593968681698;4.25561001740184;7.34342035028374;6.8513538941082;1161.56803765307;1185.77439938813;26.246973541937;0.237623762376238;10;10
74;16.3299999999999;0.699999999999989;17.2799999999997;NA;NA;-800.262915987641;-814.452211040972;4.29261549941162;4.32597288150712;11.8646314092206;11.5093246218988;1651.28518055651;1678.14369469545;28.378590106661;0.0297029702970297;13;13
75;17.8000000000002;0.689999999999998;19.5;NA;NA;-771.556129682393;-786.376338046736;4.41243301998732;4.68311118311222;14.6080601039962;13.7402492932774;1606.65377652351;1632.51942677895;29.6404167286869;0.0891089108910891;15;15
76;14.6799999999994;0.639999999999986;16.8299999999999;NA;NA;-649.484907741271;-666.796044036271;4.03917025546345;4.03823030140272;8.67941303080398;7.89053457336939;1333.99517922125;1365.43396983854;34.6222725900002;0.0099009900990099;8;8
77;12.1600000000008;0.590000000000003;12.9700000000003;NA;NA;-654.308560855853;-669.935806600874;4.07119443840829;4.21972078746318;7.25401911310418;6.83484958751867;1337.40605558863;1366.99699428578;31.2544914900425;0.0297029702970297;7;7
78;14.0100000000002;0.560000000000002;14.7799999999997;NA;NA;-775.423629552315;-788.813933904487;4.45735259609852;4.4949700965382;12.7815824446927;12.4634403025791;1606.44404159616;1631.84080917184;26.7806087043427;0.306930693069307;15;15
79;14.0299999999997;0.659999999999997;14.9399999999996;NA;NA;-720.745298807714;-735.294207373628;4.61267740576436;4.4987619920499;11.1650678739353;11.0935389189428;1489.25706861643;1518.04887007572;29.0978171318284;0.217821782178218;13;13
80;20.3899999999994;0.75;21.5300000000007;NA;NA;-1030.79004302312;-1060.66441785293;4.93170313724025;6.10964797764526;29.3543422106936;24.4167889949849;2199.91905414957;2236.39846900638;59.7487496596068;0.128712871287129;31;31
81;14.7300000000005;0.870000000000005;15.75;NA;NA;-756.796729022542;-772.838052075981;4.25908626886326;4.18034079558601;10.1322014692736;9.71596349819316;1555.07818203414;1585.45660646754;32.0826461068766;0.0099009900990099;9;9
82;15.79;0.579999999999984;16.5600000000004;NA;NA;-762.960365891497;-776.120738928287;4.45686283732646;4.47399755285652;13.8139993465433;13.6661078121699;1586.87277909399;1612.54097759074;26.3207460735814;0.178217821782178;17;17
83;12.8699999999999;0.730000000000018;13.71;NA;NA;-738.516449661691;-753.390483603739;4.25399833119622;4.24423981683304;8.8492452348742;8.64150174866014;1513.26475843056;1542.16225290154;29.7480678840946;0.0099009900990099;9;9
84;16.4699999999993;0.610000000000014;17.1399999999994;NA;NA;-866.261230494586;-881.247489677893;4.5977883739203;4.82263161789008;19.1830975374318;18.1898059263954;1818.7235975886;1844.23266235087;29.9725183666139;0.346534653465347;20;20
85;14.79;0.689999999999998;15.6300000000001;NA;NA;-733.93332639482;-748.008235600464;4.5788453025913;4.61877658797264;11.9068136937202;11.4361834521535;1518.80646591367;1544.94283075354;28.1498184112879;0.108910891089109;13;13
86;11.2000000000007;0.569999999999993;11.8199999999997;NA;NA;-576.076425061751;-590.039037326027;4.15421955710119;4.14012970953743;7.36153579806921;7.04426581694192;1182.29351418793;1208.9197260945;27.9252245285522;0.0198019801980198;9;9
87;18.1499999999996;0.889999999999986;19.4200000000001;NA;NA;-846.753641237946;-859.453049763265;4.55291923471163;4.58780958658428;18.6867817753678;18.2540322145602;1777.47817535589;1800.93238966801;25.3988170506373;0.217821782178218;20;20
88;10.3200000000006;0.469999999999999;10.9799999999996;NA;NA;-532.755199329582;-547.837956221227;3.90039217534804;3.96410112047002;5.54296156327192;5.27390992102841;1087.08145443961;1116.19992362112;30.1655137832904;0.0099009900990099;6;6
89;11.3999999999996;0.5;12.0600000000004;NA;NA;-646.67230070823;-660.535626108964;3.8415768521091;3.90495843049528;6.61683256662772;6.25510735887148;1318.49155088149;1344.8434826723;27.726650801467;0.0099009900990099;5;5
90;12.75;0.569999999999993;13.5799999999999;NA;NA;-573.523715216196;-588.043026127365;4.40006185115682;5.27502228360673;7.55695955402622;6.47481750545076;1177.98822668935;1202.59618609955;29.0386218223387;0.0495049504950495;9;9
91;11.3800000000001;0.319999999999993;11.7799999999997;NA;NA;-602.702660565738;-617.249375148814;3.96954541711659;3.97458580023982;7.09040576444789;6.61671379789959;1233.54492478161;1260.75841863323;29.0934291661524;0.0198019801980198;7;7
92;16.6999999999998;0.659999999999997;17.5199999999995;NA;NA;-840.238691210817;-854.45629244969;4.5416699591411;4.59069455123648;17.1838326340438;16.7774368648118;1756.29827638719;1782.94032298503;28.4352024777447;0.168316831683168;17;17
93;14.7200000000003;0.640000000000015;15.6400000000003;NA;NA;-768.487235276243;-783.489912452822;4.23225269695237;4.23084601732095;10.305684721559;9.79273503913324;1580.20351921232;1608.05721383779;30.0053543531583;0.326732673267327;11;11
94;14.2799999999997;0.469999999999999;14.9399999999996;NA;NA;-681.887884012687;-695.656682148114;4.15044971756436;4.15549711489787;10.1648295491444;9.8762813394179;1405.92956845726;1432.2705481406;27.537596270854;0.0198019801980198;10;10
95;13.8900000000003;0.5;14.6599999999999;NA;NA;-750.539671164534;-766.319225816216;4.1135353007453;4.16197581176438;9.0804696553999;8.68574793339162;1538.25791388508;1568.20089645235;31.5591093033634;0.0792079207920792;9;9
96;15.21;0.5;15.8299999999999;NA;NA;-771.947186005892;-785.188789871949;4.26710359300611;4.29003976207285;11.701170061459;11.5391239527867;1593.48610245125;1619.2825286993;26.4832077321137;0.247524752475248;12;12
97;8.6899999999996;0.360000000000014;9.22000000000025;NA;NA;-603.111130293638;-617.045820998026;3.54769735705321;3.54728624181264;4.34938753071997;4.33114880527419;1221.64100647796;1249.44573090434;27.869381408776;0.0297029702970297;3;3
98;16.3400000000001;0.5;16.9099999999999;NA;NA;-789.900874578984;-803.89093125446;4.78644541682728;4.87056352198673;13.6558804650614;13.1773598078758;1639.64218107579;1665.52540416171;27.9801133509534;0.148514851485149;16;16
99;16.0700000000006;0.419999999999987;16.5699999999997;NA;NA;-757.723368876832;-772.592637052331;4.31543888694311;4.32535887494088;11.887773038543;11.3799897131881;1566.30509101434;1593.87122521255;29.7385363509984;0.138613861386139;13;13
100;11.1700000000001;0.370000000000005;11.6199999999999;NA;NA;-688.313165663797;-699.559018656796;3.97036628266847;3.96959371376295;6.93802408593961;6.65287598233346;1404.16117973815;1425.52122205303;22.4917059859984;0.247524752475248;7;7
101;13.7799999999997;0.640000000000015;14.5200000000004;NA;NA;-714.165075518697;-727.910028508033;4.27941119516456;4.28800930210972;9.89321821172275;9.62547453492791;1470.25944598462;1496.61460456822;27.4899059786715;0.0594059405940594;12;12
102;16.0200000000004;0.730000000000018;17.0799999999999;NA;NA;-732.438226032016;-748.202635491347;4.49881376028806;4.57034127743567;14.0408218750773;13.6166912403355;1526.40370749333;1556.07397467398;31.5288189186615;0.0594059405940594;16;16
103;9.63000000000011;0.409999999999997;10.0299999999997;NA;NA;-606.491856403384;-616.64414226114;3.8932438532353;3.90642835120912;5.36181313872462;5.11646936361587;1233.84980920298;1253.19959813715;20.3045717155128;0.435643564356436;6;6
104;15.8600000000006;0.800000000000011;16.9200000000001;NA;NA;-735.389794820697;-749.515993094822;4.39856274284066;4.4063702278551;13.3007432329715;12.9550795953276;1528.17576736581;1554.93653512073;28.2523965482508;0.0198019801980198;14;14
105;15.1099999999997;0.789999999999992;16.1400000000003;NA;NA;-772.634710131138;-789.947152720687;4.31013827834709;4.46262119299468;11.1172662684034;10.4221878735605;1592.38645805514;1624.06547199142;34.6248851790979;0.0099009900990099;12;12
106;11.5599999999995;0.5;12.2600000000002;NA;NA;-661.383176585555;-676.675755010626;4.12082762324609;4.33019104500653;7.21493658265466;6.5358304726765;1351.88189096869;1379.72654699986;30.5851568501428;0.0099009900990099;8;8
107;13.7399999999998;0.580000000000013;14.4700000000003;NA;NA;-712.048299531231;-725.8688766386;4.20449432815799;4.23303582739427;9.89542172729582;9.61737244031891;1465.13315857043;1491.62123549088;27.6411542147384;0.178217821782178;10;10
108;13.1700000000001;0.859999999999985;14.1499999999996;NA;NA;-716.833167387534;-730.806744034841;4.24867040608688;4.30036608912984;9.71191254692204;9.36938549673787;1474.40469922286;1500.91506118146;27.9471532946156;0.0297029702970297;11;11
109;8.22999999999956;0.299999999999983;8.65999999999985;NA;NA;-608.901495699673;-623.182439466474;3.68964185582049;3.69332033374974;4.15523556352422;4.05018905748783;1233.13115449663;1261.30553813239;28.5618875336029;0.0396039603960396;4;4
110;16.3000000000002;0.569999999999993;17.1900000000005;NA;NA;-815.411912373187;-828.970658062599;4.58618772024453;4.656380467322;15.9518097732641;15.3619102186657;1702.09574134806;1726.57758997184;27.1174913788225;0.0495049504950495;19;19
111;12.3399999999992;0.530000000000001;13.1199999999999;NA;NA;-671.195954784696;-687.166588870386;4.03993654007365;4.05709923084979;7.30131133135369;6.82880439274455;1371.85600860957;1401.89049721704;31.9412681713798;0.0099009900990099;8;8
112;18.5299999999997;0.79000000000002;19.5;NA;NA;-846.59519432534;-861.619570181563;4.82979419505753;4.86967705817544;20.7978898495232;20.0344906684859;1789.7685245453;1816.27231711133;30.0487517124461;0.277227722772277;27;27
113;10.5;0.430000000000007;11.0500000000002;NA;NA;-652.557246122944;-667.684462384856;4.19833384220923;4.22374841441734;8.44821615939722;8.17264189600155;1340.55205484465;1369.65054154211;30.2544325238246;0.0099009900990099;11;11
114;11.5799999999999;0.609999999999985;12.3900000000003;NA;NA;-605.125086220175;-619.365999808719;3.95378003199611;3.98050919854076;5.96334822327195;5.86873106695941;1233.45720999492;1261.57082391033;28.4818271770891;0.0396039603960396;6;6
115;16.54;0.689999999999998;17.4100000000008;NA;NA;-782.930064867841;-797.908250949356;5.09803225045573;4.83567910403676;10.0776789115005;10.0410631904911;1608.13276700471;1637.93554793844;29.9563721630286;0.336633663366337;11;11
116;18.0899999999992;0.719999999999999;19.04;NA;NA;-788.179565505393;-800.725595929771;4.5208198764661;4.5263251031549;16.7010205311244;16.4326445609531;1650.52699625277;1674.42722138389;25.0920608487556;0.534653465346535;18;18
117;11.8500000000004;0.490000000000009;12.4900000000007;NA;NA;-646.420362975224;-661.366797839547;4.18721166893732;4.17603643562999;8.53462487216622;8.0176020382993;1328.23402712515;1355.98279032921;29.8928697286458;0.0396039603960396;10;10
118;11.79;0.450000000000017;12.3699999999999;NA;NA;-668.798449443179;-683.071564890877;3.9049722961676;3.90547538157014;6.4082095605904;6.31168200425321;1362.53516416321;1390.70574726124;28.5462308953968;0.0198019801980198;6;6
119;14.5099999999993;0.640000000000015;15.2399999999998;NA;NA;-737.386807611568;-752.292229074859;4.33814527026244;4.34367377679179;11.8855720666679;11.6654221489857;1526.06296009251;1554.92379867874;29.8108429265819;0.0594059405940594;14;14
120;15.8800000000001;0.919999999999987;17.0300000000007;NA;NA;-719.756098675369;-735.897103334928;4.30737632541376;4.30772460257346;12.8850589264291;12.3981150382976;1494.63714603039;1524.83590862193;32.2820093191181;0.0198019801980198;13;13
121;15.6500000000005;0.639999999999986;16.3900000000003;NA;NA;-735.994044445681;-751.418256560109;4.63194888240094;4.98175244365626;11.9776406111837;11.110825303514;1523.67473355454;1550.78262354543;30.8484242288566;0.0693069306930693;14;14
122;17.04;0.810000000000002;18.0500000000002;NA;NA;-833.258067586594;-847.695425166181;4.61796436978891;4.63682519666999;16.7717195519594;16.3621567804536;1740.99796898016;1768.05384939276;28.8747151591751;0.287128712871287;18;18
123;18.6000000000004;0.930000000000007;19.7400000000007;NA;NA;-895.937915996924;-914.904395201001;4.65071208980109;5.05544663900546;18.2278180452172;16.6401329478365;1874.22899530308;1904.98880277326;37.9329584081554;0.118811881188119;21;21
124;12.0100000000002;0.360000000000014;12.5599999999995;NA;NA;-693.56570815451;-707.001263573826;4.09463315597537;4.09431286963255;7.93070868315985;7.70496086387014;1419.60247028048;1445.54929176277;26.8711108386321;0.0198019801980198;9;9
125;13.75;0.489999999999981;14.4099999999999;NA;NA;-681.821648761006;-696.878733374414;4.23777605362609;4.23994762239251;10.9386427485733;10.6760170541011;1409.52740250161;1438.53994100398;30.1141692268172;0.0198019801980198;11;11
126;8.35999999999967;0.319999999999993;8.77999999999975;NA;NA;-618.521301153117;-629.683623071288;3.89433203483017;3.89888208273196;4.68213319604723;4.53740625971988;1255.26364807581;1277.02507082884;22.3246438363431;0.217821782178218;6;6
127;12.2800000000007;0.469999999999999;12.8599999999997;NA;NA;-723.761660966104;-737.532588587484;4.26409227372256;4.25134180816178;9.25869495732042;8.97355032079811;1485.9193597215;1512.27871307929;27.5418552427593;0.178217821782178;10;10
128;11.3100000000004;0.439999999999998;11.8599999999997;NA;NA;-528.268286764865;-541.884531937195;4.38459365074701;4.34485575849246;6.6395570622171;6.41197754802031;1083.33019428988;1109.64429819113;27.2324903446583;0.0693069306930693;8;8
129;10.5799999999999;0.580000000000013;11.2800000000007;NA;NA;-649.029451287641;-661.223381797088;4.11219250818827;4.20935207093024;7.21164445065921;6.82279546787663;1327.58585981652;1350.38163911723;24.3878610188922;0.0792079207920792;9;9
130;13.1599999999999;0.519999999999982;13.7800000000007;NA;NA;-624.058882337293;-636.922287563574;4.22791936020522;4.21464667655772;9.26596052563039;8.88131978393052;1286.98550313787;1311.09886879867;25.7268104525629;0.267326732673267;11;11
131;11.79;0.430000000000007;12.3299999999999;NA;NA;-570.621622108462;-583.342353848171;4.26377016214141;4.28805735762171;7.21548353859811;7.04339096024602;1170.78592000699;1195.52277717403;25.4414634794198;0.0297029702970297;9;9
132;19.4199999999992;0.670000000000016;20.3599999999997;NA;NA;-822.518493638086;-836.406613818122;4.68815063176798;4.67072165857375;17.130795478355;16.6056133572642;1721.57655513763;1747.00630711381;27.7762403600723;0.396039603960396;19;19
133;14.79;0.519999999999982;15.3600000000006;NA;NA;-747.910533142936;-763.265309898671;4.45247836134269;4.43825334427633;13.0346181070315;12.4813626053602;1552.93911000369;1581.22428317105;30.7095535114702;0.148514851485149;16;16
134;18.5799999999999;0.740000000000009;19.4299999999994;NA;NA;-854.312875717799;-868.662147386898;4.56960289218622;4.58589634449897;17.9288096865807;17.4599399616744;1789.19062214234;1815.78225323005;28.6985433381965;0.0198019801980198;20;20
135;10.4499999999998;0.329999999999984;10.9100000000008;NA;NA;-693.672245554844;-708.158621967907;3.97772167397275;4.00183613678789;6.520172045448;6.0487668793271;1413.22101541377;1440.32290852129;28.9727528261255;0.0099009900990099;7;7
136;12.8700000000008;0.490000000000009;13.6300000000001;NA;NA;-668.343820272031;-684.764145682739;4.20262401245982;4.20670250188625;9.25273673967774;8.74163981143755;1375.49990945807;1406.19667226256;32.8406508214161;0.0396039603960396;11;11
137;14.2200000000003;0.53000000000003;14.8599999999997;NA;NA;-675.607490348256;-691.705836096537;4.3515460464259;4.42018665247216;10.7610910849493;10.0242143677361;1397.65189670955;1426.66877289193;32.1966914965628;0.0198019801980198;14;14
138;16.75;0.670000000000016;17.5699999999997;NA;NA;-944.447380849454;-961.4912106832;4.62881077470215;4.73451399923812;21.6017634379703;20.9176422790091;1986.9938455228;2017.97473758258;34.0876596674927;0.0099009900990099;22;22
139;13.5799999999999;0.580000000000041;14.2600000000002;NA;NA;-738.777609582224;-753.480197375799;4.36840304988495;4.38133622549926;10.7904067334079;10.3239560155836;1523.28696558337;1550.71523645585;29.4051755871506;0.138613861386139;12;12
140;17.3299999999999;0.859999999999957;18.3400000000001;NA;NA;-781.809808799196;-794.920422997896;4.41996251064584;4.47257841068339;14.7925204671932;14.1784667074308;1628.44083627959;1651.97126474659;26.2212283973997;0.326732673267327;16;16
141;15.8199999999997;0.910000000000025;16.9800000000005;NA;NA;-799.716977203544;-814.051236767278;4.40045292198899;4.47934177146658;16.504182786079;16.0479707581856;1671.22314518441;1697.9072526794;28.6685191274678;0.376237623762376;15;15
142;7.86000000000058;0.42999999999995;8.40999999999985;NA;NA;-609.359112795382;-624.94372834274;3.68900355619527;3.68696944293424;4.16063171299858;3.73196686482152;1234.06629443298;1263.65423257655;31.1692310947171;0.0099009900990099;4;4
143;14.1500000000005;0.449999999999989;14.8000000000002;NA;NA;-727.324281998418;-739.318929789486;4.20328718773954;4.20931867120758;10.1970113944758;9.71525497051326;1497.42176283481;1519.39024442386;23.9892955821344;0.207920792079208;11;11
144;14.4199999999992;0.759999999999991;15.4299999999994;NA;NA;-658.923628777347;-672.819321570656;4.4081450222521;4.37138225492572;10.4133087300481;10.1232500464042;1361.98079264658;1388.54285569747;27.7913855866195;0.158415841584158;12;12
145;11.3299999999999;0.46999999999997;11.9200000000001;NA;NA;-692.463755426318;-705.20137564974;4.09541246946265;4.10739814362913;8.19093006806968;7.83856877813997;1418.46400083638;1442.49655275186;25.4752404468422;0.0099009900990099;9;9
146;19.9300000000003;0.839999999999975;20.9899999999998;NA;NA;-951.121741344671;-969.852933453517;4.87453413088573;5.02431834491547;23.6347764098066;22.4832070329349;2011.54913675728;2043.68576532741;37.4623842176914;0.118811881188119;26;26
147;9.78000000000065;0.449999999999989;10.2700000000004;NA;NA;-611.098402059431;-625.793208894981;3.69628829333095;3.69303929667906;4.34130888263997;4.15491728179025;1238.21136926;1266.9134067843;29.3896136710998;0.0099009900990099;4;4
148;15.1400000000003;0.520000000000039;15.7000000000007;NA;NA;-780.120448757756;-793.368152670256;4.28873405537774;4.30802621268553;12.4908248077176;12.2129369591292;1613.67923104766;1638.98577714687;26.4954078250003;0.0792079207920792;13;13
149;12.5900000000001;0.5;13.2699999999995;NA;NA;-644.110942476997;-659.974310815302;3.97394106594294;3.9815642864599;7.97556341500047;7.51181267564835;1319.87440257293;1349.76065755761;31.7267366766118;0.0099009900990099;7;7
150;18.4700000000003;0.689999999999998;19.4200000000001;NA;NA;-889.106197354231;-902.2245558424;4.48487671025483;4.52813571669038;16.1053853064199;15.5767161091986;1849.27481352958;1873.17886281769;26.2367169763388;0.207920792079208;17;17
151;16.8999999999996;0.939999999999998;17.9400000000005;NA;NA;-769.014225355578;-786.119225686041;4.5086067753946;4.54799871870919;16.3149876145058;15.6872177072636;1610.92302838895;1642.32818338597;34.2100006609253;0.0099009900990099;19;19
152;15.3899999999994;0.810000000000002;16.3400000000001;NA;NA;-713.544343318306;-729.579873604248;4.46738467610611;4.44377826094726;11.1554353335888;10.7486711954433;1474.81394763653;1505.14478704466;32.0710605718841;0.0297029702970297;13;13
153;15.5100000000002;0.79000000000002;16.3899999999994;NA;NA;-740.948360439253;-757.014255832246;4.59451984358972;4.78318486727394;11.5980735323108;11.0458832067113;1532.34552675109;1562.07542359639;32.1317907859852;0.0594059405940594;15;15
154;17.1500000000005;0.889999999999986;18.3300000000017;NA;NA;-908.236852840105;-923.56842577568;4.907856065847;4.8883685383393;16.8195290033395;16.5515864847207;1891.16785734768;1920.64109242406;30.6631458711497;0.495049504950495;18;18
155;15.6999999999998;0.739999999999952;16.5499999999993;NA;NA;-773.348279179401;-788.320164435122;4.24988416616145;4.26720497742149;11.6385355988522;11.3837083059479;1595.51648981658;1624.39134140197;29.9437705114426;0.0198019801980198;11;11
156;16.75;0.759999999999991;17.75;NA;NA;-819.198886984523;-835.194408766357;4.4944108688426;4.59182112917807;17.9563483426704;17.207854041058;1718.62587220619;1747.27267933527;31.9910435636673;0.0198019801980198;19;19
157;10.9799999999996;0.420000000000016;11.6400000000012;NA;NA;-597.69018720417;-611.273981562393;4.100188484018;4.17097030327418;6.92336021467195;6.54592099965859;1223.31926946407;1248.96371995122;27.1675887164465;0.0297029702970297;8;8
158;6.85999999999967;0.329999999999984;7.23999999999978;NA;NA;-473.570253433464;-486.19242621633;3.64755661148559;3.57327762833619;3.05544959461939;3.02404354102899;957.972193063774;983.105202962975;25.2443455657332;0.0099009900990099;3;3
159;10.2200000000003;0.420000000000016;10.7000000000007;NA;NA;-626.156551466674;-635.56060322724;3.79977341623768;3.80095192721982;4.9417120595967;4.80594120790346;1271.09383860742;1289.38595162827;18.8081035211333;0.346534653465347;5;5
160;15.1700000000001;0.699999999999989;16.0100000000002;NA;NA;-775.901375291606;-789.148798436181;4.48993908458914;4.64387517533485;10.843810838375;10.4313234322185;1598.19481750121;1622.92495730161;26.4948462891491;0.376237623762376;13;13
161;13.7300000000005;0.649999999999977;14.4500000000007;NA;NA;-632.084317716602;-643.483938060656;4.2999497522104;4.3817506896187;10.6114008525873;10.2490019357456;1309.56640433422;1330.8152274568;22.7992406881069;0.623762376237624;13;13
162;13.75;0.670000000000016;14.5199999999986;NA;NA;-627.631890047231;-642.430570105328;4.21497829225084;4.21187830741329;9.73716952812291;9.53271151708735;1295.64406380463;1324.3935314744;29.5973601161922;0.0099009900990099;10;10
163;16.9499999999998;0.620000000000005;17.7799999999988;NA;NA;-843.576224386987;-857.716689923525;4.690032425539;4.69785586336746;23.4089316133482;22.8034473421157;1795.41362022162;1820.89431941827;28.2809310730759;0.0297029702970297;26;26
164;18.9399999999996;0.730000000000018;19.8199999999997;NA;NA;-873.033163491027;-887.498976387363;4.59469390931904;4.5891052037961;19.9760642907183;19.5928038215561;1836.78269886316;1863.97384170875;28.9316257926712;0.287128712871287;22;22
165;15.04;0.729999999999961;15.9599999999991;NA;NA;-731.686479883435;-744.89570837397;4.66006966784502;4.86143557882041;12.6881205481413;12.1097592559742;1518.12551074949;1542.04818783821;26.4184569810702;0.564356435643564;14;14
166;16.1099999999997;0.720000000000027;16.9499999999989;NA;NA;-767.46075427238;-783.613504447591;4.56098118028558;4.59260165951894;17.4144593529082;16.9723081122931;1614.00498303582;1644.30256251717;32.3055003504237;0.148514851485149;22;22
167;15.0599999999995;0.590000000000032;15.7700000000004;NA;NA;-751.198987264523;-766.23241101938;4.30285536023351;4.29686188618136;11.3216002548881;10.7853040934487;1550.8341234505;1578.60658499386;30.0668475097136;0.0693069306930693;13;13
168;8.86999999999989;0.439999999999998;9.45999999999913;NA;NA;-625.249822933594;-638.299300649847;3.80528299024882;3.80424752072815;5.10018157294023;4.96757485191662;1269.88263719812;1295.47762725464;26.0989554325045;0.128712871287129;5;5
169;19.9700000000003;0.75;20.9400000000005;NA;NA;-840.192395069724;-867.319414660125;5.99391049805236;7.96980543793659;17.2383299006171;13.3236838081632;1760.74703168626;1796.75163854585;54.254039180802;0.455445544554455;28;28
170;12.8899999999994;0.439999999999998;13.4300000000003;NA;NA;-628.743480512725;-641.355865764823;4.24173501069183;4.25449810536988;9.5998937053754;9.28182390398682;1297.75544228908;1321.64601178742;25.2247705041959;0.0297029702970297;11;11
171;14.2000000000007;0.449999999999989;14.7700000000004;NA;NA;-627.879548516891;-639.483348834254;4.29829253914311;4.33333780373257;10.4514316497196;9.91646373773652;1300.05420413479;1320.99451146932;23.2076006347274;0.158415841584158;12;12
172;11.8400000000001;0.449999999999989;12.4600000000009;NA;NA;-733.436740548768;-748.288388893567;4.19503394934015;4.23554896833879;9.85827731804918;9.35353430549046;1508.2257989103;1535.81186022543;29.7032966895981;0.0099009900990099;11;11
173;14.6900000000005;0.670000000000016;15.4699999999993;NA;NA;-730.199739115199;-744.821598445413;4.24831372443112;4.26685922217306;8.99407241297746;8.83281606599353;1497.69811976035;1526.27310434745;29.2437186604266;0.0396039603960396;10;10
174;16.4699999999993;0.71999999999997;17.3299999999999;NA;NA;-811.769139114399;-825.767784672676;4.54803616767742;4.60295499217046;15.9529691769551;15.6321174422361;1694.38410863304;1720.95652345662;27.9972911165528;0.297029702970297;18;18
175;15.2199999999993;0.800000000000011;16.1700000000001;NA;NA;-775.820729543898;-791.894632126589;4.27973601474888;4.29694308820592;12.601036777371;12.1168650930471;1605.55130223474;1635.62772073415;32.1478051653837;0.0099009900990099;13;13
176;18.8999999999996;0.779999999999973;19.869999999999;NA;NA;-857.250334628415;-876.716630694468;5.09882749002653;5.43548762879574;18.3087651752165;16.8892425263394;1797.64541319373;1830.13159312796;38.9325921321058;0.544554455445545;22;22
177;19.5799999999999;0.779999999999973;20.5799999999999;NA;NA;-930.067621094816;-949.832057294031;5.0583062761858;5.72229255158095;20.6318154937022;18.499118325566;1955.9421867845;1985.56755847124;39.5288723984286;0.732673267326733;27;27
178;15.2399999999998;0.800000000000011;16.2299999999996;NA;NA;-696.74076532591;-710.488101656704;4.36978116181317;4.33619812338977;11.9583387801719;11.5916672465571;1445.08488287759;1470.99727219296;27.4946726615883;0.0495049504950495;14;14
179;10.8299999999999;0.57000000000005;11.5699999999997;NA;NA;-655.214345713536;-669.977819309739;4.05456874761952;4.09710032658199;7.18277457728019;6.56173292463279;1339.41444096215;1366.43520372669;29.5269471924062;0.0396039603960396;8;8
180;16.1900000000005;0.740000000000009;17.1200000000008;NA;NA;-779.015265439084;-791.243736955897;4.50032362437774;4.56428131155758;16.3103393653139;15.7839849635863;1630.90434040279;1653.00955735918;24.4569430336251;0.346534653465347;19;19
181;17.6200000000008;0.670000000000016;18.5;NA;NA;-836.759366455048;-851.270892714744;4.50639811884227;4.59589403808859;15.8760704702336;15.4213850506674;1744.02306245176;1771.02689423772;29.0230525193922;0.108910891089109;18;18
182;14.5;0.669999999999959;15.3799999999992;NA;NA;-652.321174833304;-665.731507272586;4.41527886345927;4.48693585175521;11.438067454168;11.1285638860487;1354.39516792089;1379.86956737171;26.8206648785635;0.0891089108910891;15;15
183;14.2399999999998;0.579999999999984;15.0500000000011;NA;NA;-734.062367474722;-749.050326208431;4.04850141469539;4.06296771594941;9.40756112899594;8.86533466103883;1506.08850614777;1533.87629416432;29.9759174674168;0.0198019801980198;8;8
184;12.6399999999994;0.680000000000007;13.3799999999992;NA;NA;-654.392737103284;-668.569147944385;4.23014617932664;4.27568996917881;9.74417277177936;9.07580271302544;1349.65915997146;1375.2083831958;28.3528216822015;0.0891089108910891;11;11
185;17.2400000000016;0.600000000000023;18.1999999999989;NA;NA;-838.053964742932;-852.715482873473;4.43928657948154;4.49639287547151;14.2333320223756;13.4682303250202;1738.01947040828;1764.01449991935;29.3230362610821;0.336633663366337;15;15
186;13.7199999999993;0.5;14.3299999999999;NA;NA;-748.184494816654;-762.278602965118;4.71657906764489;4.93439496248609;9.91963591385086;9.40967604036545;1537.97868711519;1564.02778497592;28.1882162969268;0.099009900990099;11;11
187;16.0399999999991;0.609999999999957;16.75;NA;NA;-791.08191751238;-806.288089184626;4.54624792151906;4.76957897795301;16.3171979089835;15.3902117859982;1655.06828819166;1681.33890225356;30.4123433444925;0.178217821782178;19;19
188;8.45999999999913;0.389999999999986;8.97000000000116;NA;NA;-622.596661266404;-636.200486723414;4.04028359242513;3.96088141181043;5.41285006559646;5.1685965334255;1266.6752321052;1292.91351711637;27.2076509140181;0.0495049504950495;7;7
189;12.630000000001;0.450000000000045;13.2099999999991;NA;NA;-676.103687506047;-689.222100760214;4.03722464483035;4.03745539451961;7.84821885346268;7.70163048707558;1383.87849367737;1409.52376971629;26.2368265083348;0.0495049504950495;8;8
190;15.0499999999993;0.629999999999995;15.8099999999995;NA;NA;-740.080007887783;-755.609880523808;4.57925807567258;4.64197760144471;13.6077556254779;13.2253576403083;1539.78956336454;1569.17363048054;31.0597452720515;0.0297029702970297;16;16
191;19.7000000000007;0.70999999999998;20.5900000000001;NA;NA;-1021.62199701134;-1034.78668529912;4.76272704601525;4.81042998889539;25.5581706161436;25.0299339072506;2162.84039125938;2186.69794744447;26.3293765755475;0.683168316831683;29;29
192;11.9199999999983;0.299999999999955;12.3600000000006;NA;NA;-652.055880772411;-664.997344160532;3.81062794683243;3.80397199948841;6.45003758015384;6.34150802464565;1328.62481479839;1354.09528029193;25.8829267762412;0.0495049504950495;5;5
193;17.8799999999992;0.829999999999984;18.8700000000008;NA;NA;-847.922575151627;-862.664201568909;4.75874114215878;5.07011564049567;14.3887482614619;13.4212598299324;1758.43271415769;1783.70762705285;29.4832528345626;0.613861386138614;15;15
194;10.6100000000006;0.600000000000023;11.2900000000009;NA;NA;-616.719599938573;-630.918232602301;4.03702272413768;4.0322095918444;6.78193577590936;6.41161053916348;1260.80738325092;1287.71021847434;28.3972653274559;0.108910891089109;8;8
195;14.8899999999994;0.589999999999975;15.75;NA;NA;-722.372529802556;-736.457709663574;4.68129158303443;4.93692397634273;13.4407464205928;12.5816424296984;1504.4343143675;1528.78946358149;28.1703597220351;0.336633663366337;18;18
196;20.9099999999999;0.729999999999961;21.9400000000005;NA;NA;-1107.38465122273;-1121.95333891981;4.8526590805454;4.92030280304578;28.3432918667962;27.7951028074139;2347.87878167209;2374.44167981234;29.137375394158;0.673267326732673;30;30
197;14.1599999999999;0.659999999999968;15.1100000000006;NA;NA;-670.792026284443;-683.761689430717;4.261839522263;4.27366487429487;10.5403095227772;10.1367726765094;1386.2558405915;1410.48490283376;25.9393262925491;0.198019801980198;12;12
198;13.3099999999995;0.680000000000007;14.1599999999999;NA;NA;-695.152712613414;-707.353523965798;4.13991478947336;4.13777130633086;9.04504318858903;8.78916257788559;1427.33894862109;1450.69290793885;24.4016227047669;0.198019801980198;9;9
199;13.4600000000009;0.689999999999998;14.2699999999986;NA;NA;-691.830315416299;-706.210318852899;4.45982780040305;5.01110178455555;9.64892408124989;8.74109912606533;1424.94072491907;1449.81686875754;28.7600068731992;0.336633663366337;13;13
200;18.6100000000006;0.800000000000011;19.5200000000004;NA;NA;-862.937530848915;-876.453050441215;4.6204851089703;4.69096753958711;19.2601060654576;18.6561727090954;1813.76815861341;1838.04316037844;27.0310391845983;0.465346534653465;23;23
201;14.6700000000001;0.700000000000045;15.5300000000007;NA;NA;-731.279515315236;-745.14618856132;4.4478150567824;4.45009641637688;13.6000958050334;12.9066743133534;1522.56726301467;1547.24099885339;27.7333464921687;0.099009900990099;17;17
202;16.4099999999999;0.75;17.3600000000006;NA;NA;-774.631457623454;-788.980109481366;4.33503179335856;4.31411728826314;11.1155171410099;10.7224803841654;1595.35924071838;1622.42661124838;28.6973037158252;0.0198019801980198;10;10
203;11.5199999999986;0.420000000000016;12.130000000001;NA;NA;-583.886551964052;-600.38369768009;4.04721107902265;4.05143779430184;7.23823982848899;6.63493125551117;1196.98268088003;1227.54234889458;32.9942914320761;0.0099009900990099;8;8
204;15.8700000000008;0.75;16.8299999999999;NA;NA;-753.200768517425;-763.936992672675;4.32914600460994;4.346526229828;14.057678677435;13.7427122510205;1567.06408871562;1587.17737470932;21.4724483105012;0.544554455445545;14;14
205;13.7399999999998;0.580000000000041;14.3999999999996;NA;NA;-662.574550736382;-677.295201180603;4.35906240561723;4.37643783270068;12.3192565541549;11.8618282232439;1378.73487851269;1406.18647714563;29.4413008884419;0.0594059405940594;15;15
206;18.4099999999999;0.889999999999986;19.5;NA;NA;-963.667846705936;-978.943093540718;5.07224378649043;5.29470527208339;19.2282691402222;18.381715323037;2014.65613794833;2041.36221613247;30.5504936695638;0.643564356435644;22;22
207;19.9399999999987;0.860000000000014;21.1400000000012;NA;NA;-946.419362242091;-959.276732716655;5.01280449753265;4.98949705647147;17.3606969681513;17.2357212009256;1971.27424041009;1996.42434165618;25.7147409491272;0.920792079207921;21;21
208;14.1100000000006;0.590000000000032;14.8799999999992;NA;NA;-674.584907023059;-686.856489875437;4.18479064269949;4.21905732931333;9.62201454926194;9.3537608814265;1389.0725472008;1412.50325828697;24.5431657047548;0.455445544554455;10;10
209;10.4000000000015;0.390000000000043;10.7999999999993;NA;NA;-627.212433672482;-642.809529048122;3.89680948476403;3.90934305769812;6.39498271339394;6.02309377215551;1279.31165886443;1309.05860214629;31.1941907512801;0.0099009900990099;6;6
210;13.6299999999992;0.409999999999968;14.1000000000004;NA;NA;-668.95322452884;-682.988387055316;4.1624034897734;4.21468242879899;8.99478872526459;8.61745461650242;1374.7342133633;1401.2596025599;28.0703250529521;0.0396039603960396;9;9
211;12.5900000000001;0.590000000000032;13.3400000000001;NA;NA;-605.733305443983;-617.78343638036;4.13332547679185;4.17391825761654;8.57226321445495;8.25888411303604;1246.56441016601;1269.38159001895;24.1002618727546;0.148514851485149;9;9
212;18.5900000000001;0.730000000000018;19.6999999999989;NA;NA;-835.18008259187;-848.689598251021;4.48711586502448;4.52463492855475;16.6836616895235;16.1766896824641;1744.90196084503;1769.65586569053;27.0190313183023;0.465346534653465;19;19
213;13.6099999999988;0.569999999999993;14.3500000000004;NA;NA;-700.812155267456;-713.075200461307;4.30737591025451;4.30771266988978;11.6029056153864;11.3500154676582;1451.26394200536;1474.70811600489;24.5260903877013;0.168316831683168;13;13
214;17.6399999999994;0.569999999999993;18.3599999999988;NA;NA;-815.489861751029;-828.488199773282;4.54781635548789;4.62296021863623;17.8584439021209;17.3576156466519;1711.66405683651;1735.39799408199;25.9966760445056;0.465346534653465;21;21
215;17.9200000000001;0.800000000000011;18.8299999999999;NA;NA;-893.086590085103;-904.710324298173;4.8595339120164;4.84317013093503;16.5319828178029;16.2000391129837;1860.86457095777;1882.61231988569;23.2474684261415;0.712871287128713;21;21
216;15.7199999999993;0.579999999999984;16.380000000001;NA;NA;-813.660373048804;-829.06324937449;4.28781179923382;4.33951912719037;12.4545520268993;11.7211161809141;1680.60389716668;1708.2718594827;30.8057526513724;0.0198019801980198;13;13
217;19.0900000000001;0.789999999999964;20.1200000000008;NA;NA;-936.766436582882;-951.10837248824;4.71374624258133;4.81007369154747;21.1393742327815;20.4426906893173;1969.53213039312;1995.05218562353;28.6838718107158;0.465346534653465;22;22
218;13.7999999999993;0.569999999999993;14.4700000000012;NA;NA;-768.413011713521;-782.332178849741;4.43605185740105;4.44717923977838;14.1185544542654;13.8016549850548;1597.75126996967;1624.22210034123;27.8383342724389;0.178217821782178;14;14
219;14.7199999999993;0.779999999999973;15.6100000000006;NA;NA;-683.958233788181;-699.157117017755;4.38356896566686;4.55446975312871;12.736825806816;12.0617686371517;1422.87919445923;1450.36391308297;30.3977664591482;0.0693069306930693;14;14
220;13.119999999999;0.700000000000045;14.1499999999996;NA;NA;-615.212668936639;-628.060691406679;4.30169193128515;4.48322175505556;9.49785886485705;9.10543724463196;1270.26581564126;1294.31577749475;25.6960449400792;0.178217821782178;11;11
221;16.0599999999995;0.710000000000036;16.9099999999999;NA;NA;-725.091432486982;-739.279234250057;4.32378184817084;4.33039852238129;12.9134380821689;12.5342038217131;1505.9077199099;1532.64682864542;28.3756035261513;0.0594059405940594;14;14
222;14.5300000000007;0.550000000000011;15.1700000000001;NA;NA;-732.221479417144;-745.926621939814;4.22435514945715;4.24996252541807;10.4190486352845;10.1447308043227;1508.14753282554;1534.4071423764;27.4102850453398;0.0594059405940594;11;11
223;12.6100000000006;0.389999999999986;13.1700000000001;NA;NA;-644.180912611663;-659.738389406178;4.09907307764868;4.12356418952975;9.06538716871169;8.38631591734118;1325.47864388198;1353.8132457856;31.1149535890304;0.0198019801980198;9;9
224;17.2200000000012;0.75;18.0500000000011;NA;NA;-769.466629609022;-788.903200768006;4.39295852502558;5.05064228969362;13.9575870757007;12.4625813067029;1599.64537652529;1632.01560647523;38.873142317969;0.0099009900990099;15;15
225;17.4399999999987;0.560000000000002;18.1200000000008;NA;NA;-762.921314204889;-777.052792596287;4.54958031032185;4.59360180630522;17.5682864095222;17.2048655266042;1604.3368846485;1630.9760944567;28.2629567827955;0.237623762376238;19;19
226;10.8100000000013;0.579999999999984;11.4300000000003;NA;NA;-619.547099233394;-633.40539609572;3.90243215025424;3.9097253691531;6.29169233103527;5.95919565634921;1263.57902389394;1290.00166956671;27.7165937246518;0.0396039603960396;6;6
227;15.8599999999988;0.699999999999989;16.9699999999993;NA;NA;-861.078494214613;-877.529413633044;4.57734612148934;4.53444901402803;14.9792566006846;14.4915507893608;1788.25054570429;1819.00046119586;32.9018388368618;0.0099009900990099;17;17
228;16.25;0.730000000000018;17.130000000001;NA;NA;-786.505084145162;-800.530129212481;4.46738129213;4.47782941296897;15.0940612494501;14.4783831414099;1639.61028258827;1664.94379222886;28.0500901346379;0.178217821782178;17;17
229;15.1700000000001;0.720000000000027;16.0599999999995;NA;NA;-772.12220336737;-787.433386163336;4.61631709841542;4.88174575276286;13.1592196913628;12.4747938535882;1601.48381962471;1629.12909888176;30.6223655919314;0.128712871287129;15;15
230;12.1000000000004;0.70999999999998;12.8899999999994;NA;NA;-680.876802638774;-694.862908488734;4.3133944779736;4.39283350802119;9.88129928013159;9.52522186564146;1403.63238558056;1430.09547511045;27.9722116999194;0.099009900990099;12;12
231;17.75;0.71999999999997;18.6099999999988;NA;NA;-935.840746425427;-953.605011698913;4.9466226720484;5.09125437224767;25.0934664466652;23.9608867448588;1990.33846393543;2020.51147784966;35.5285305469724;0.267326732673267;32;32
232;18.9200000000001;0.949999999999989;20.0699999999997;NA;NA;-974.474098569616;-998.321987103875;5.9949024149595;7.08670177768442;20.1590104833186;17.0792168142846;2043.27987141559;2076.56412300441;47.6957770685169;0.455445544554455;29;29
233;13.4099999999999;0.639999999999986;14.1900000000005;NA;NA;-705.096141071622;-719.19642865654;4.43747392303475;4.45916575611793;11.9061660259096;11.5773880908445;1462.36541878563;1489.12528028712;28.2005751698359;0.0594059405940594;16;16
234;14.6100000000006;0.46999999999997;15.1399999999994;NA;NA;-724.910112306811;-740.68615015826;4.35427294269427;4.35543651238305;12.6719878249228;12.2624592053074;1504.50315868591;1534.28801153344;31.5520757028967;0.0099009900990099;14;14
235;13.8600000000006;0.629999999999995;14.6000000000004;NA;NA;-727.858964185031;-739.879835460778;4.3526470276788;4.33983523956136;11.2313104883127;10.6690887244869;1504.18396380689;1525.79957274225;24.0417425514936;0.445544554455446;14;14
236;9.52999999999884;0.449999999999989;10.1299999999992;NA;NA;-665.698784985666;-680.018920908405;3.97247435046999;3.96873252840623;6.7549390983575;6.33591422380382;1358.20581130805;1385.18310443535;28.6402718454781;0.0099009900990099;7;7
237;9.02000000000044;0.419999999999959;9.59000000000015;NA;NA;-689.664152271719;-702.045128823844;3.89704272056224;3.90584068474815;5.13470246516897;5.03117821219972;1399.31057431526;1423.66965119352;24.7619531042506;0.287128712871287;6;6
238;15;0.629999999999995;15.7199999999993;NA;NA;-861.376220669883;-875.792172056808;4.59459484924021;4.61566090179456;17.9102856378679;17.5057427925983;1803.67099529896;1830.67517613048;28.8319027738496;0.128712871287129;21;21
239;13.9400000000005;0.800000000000011;14.8700000000008;NA;NA;-746.173204311353;-760.044925327604;4.38111292177171;4.49663067435266;10.8147656421628;10.1683912182387;1538.61421418034;1563.59233265863;27.743442032503;0.257425742574257;13;13
240;7.94000000000051;0.230000000000018;8.25;NA;NA;-555.695375384188;-569.592103817523;3.8004897802197;3.8057205165763;4.79996580828519;4.45956376471234;1129.63278672733;1156.13256222889;27.7934568666703;0.0396039603960396;5;5
241;15.4700000000012;0.449999999999989;16.1099999999988;NA;NA;-741.472837347582;-756.643519431365;4.67584776827972;4.58800945758025;15.5138203288587;14.7919419441349;1551.84128100825;1578.97684235319;30.3413641675647;0.0594059405940594;18;18
242;19.0300000000007;0.810000000000002;19.8999999999996;NA;NA;-963.365340841767;-979.009074965667;4.83209445983777;4.93191524489279;18.8737913434176;18.230173217178;2012.00234815031;2040.38195389215;31.2874682477991;0.356435643564356;21;21
243;8.5;0.480000000000018;9.07999999999993;NA;NA;-626.203491985733;-640.490799246814;3.81268687359871;3.80365546142483;4.52735116856419;4.42271752065963;1269.61296128764;1297.78992073395;28.5746145221626;0.0099009900990099;5;5
244;12.1499999999996;0.5;12.8000000000011;NA;NA;-598.611994068589;-613.720296755664;4.18326732274712;4.18086440943254;9.04343827687274;8.77636125740358;1234.72735112997;1263.83638147552;30.216605374151;0.0198019801980198;10;10
245;16.4400000000005;0.839999999999975;17.3799999999992;NA;NA;-839.75446791025;-853.315267509173;4.55382790648692;4.58209172891424;17.4437178493804;16.9419690636496;1757.89399861874;1782.76094027064;27.1215991978465;0.0891089108910891;20;20
246;0.219999999999345;0;0.219999999999345;NA;NA;NA;NA;NA;NA;NA;NA;NA;NA;NA;NA;NA;NA
247;15.9799999999996;0.859999999999957;17;NA;NA;-837.160919822945;-851.654712759173;4.57412989352543;4.56434608860947;19.3828361205108;18.9891650010683;1762.34421202261;1789.54403754595;28.9875858724552;0.356435643564356;22;22
248;14.8999999999996;0.849999999999966;15.8100000000013;NA;NA;-830.77480403368;-847.280108335611;4.38260231001341;4.47424456368958;15.128973455781;14.5219090059909;1727.35697191928;1757.72699745611;33.0106086038636;0.0396039603960396;15;15
249;13.1900000000005;0.78000000000003;13.9899999999998;NA;NA;-774.475078840724;-786.538494049255;4.25356613932122;4.25891069104498;12.5845986526796;12.2632577421149;1602.28602245348;1625.0509504512;24.1268304170621;0.297029702970297;12;12
250;14.1900000000005;0.75;15.0200000000004;NA;NA;-878.024145778786;-893.743984291891;4.56037053540828;4.5937341742171;17.9202243429976;17.2695416462291;1836.57458317804;1865.09035347242;31.4396770262099;0.0891089108910891;20;20
