1;154.290000000008;2.25;159.98000000001;NA;NA;-5617.36472631623;-5643.6130650049;5.74989969101713;5.77511502750843;351.037304254112;348.9538530417;13165.8031873279;13206.8386955786;52.4966773773449;0.267326732673267;150;150
2;166.069999999978;2.42000000000007;171.440000000002;NA;NA;-5614.11884955198;-5640.6026489535;5.68286158429053;5.70468399914984;362.426126598328;360.350843094333;13221.9619140518;13263.5132747;52.9675988030413;0.168316831683168;150;150
3;163.119999999995;2.17000000000007;168.609999999986;NA;NA;-5538.74647036893;-5562.58595063642;5.73616206093583;5.7572314504134;352.585384073165;350.649704761119;13017.082739799;13054.1134318081;47.6789605349659;0.504950495049505;150;150
4;158.369999999995;2.14999999999964;163.239999999991;NA;NA;-5679.59377665618;-5705.85800608934;5.69873058348465;5.71580604282945;367.15639896396;365.279383110059;13378.9332326816;13421.1361336339;52.5284588663199;0.118811881188119;150;150
5;169.75999999998;2.36999999999989;176;NA;NA;-5670.12001579187;-5697.01463069873;5.70986253535938;5.72992922154661;364.544337002692;362.587154350087;13345.6166277083;13388.6392980464;53.7892298137249;0.287128712871287;150;150
6;151.679999999993;2.41000000000076;157.149999999994;NA;NA;-5691.46951579242;-5715.61864867194;5.72518007439898;5.74729377682953;360.634804193269;358.672319774254;13366.8090925586;13404.3116335602;48.2982657590255;0.188118811881188;150;150
7;169.279999999999;3.06999999999971;177.359999999986;NA;NA;-5611.64050765059;-5636.9681709522;5.73022381393488;5.75294081924721;352.287076224206;350.360008334054;13161.2298079935;13201.2842379326;50.6553266032188;0.712871287128713;150;150
8;166.089999999997;2.82000000000062;173.010000000009;NA;NA;-5701.18208330171;-5725.28185227749;5.713997975352;5.73322895087776;363.843227186636;361.993458877383;13403.8839226301;13441.9077927709;48.1995379515556;0.693069306930693;150;150
9;166.839999999997;2.63000000000011;172.889999999985;NA;NA;-5670.17541243997;-5692.09504360353;5.7089876943732;5.72426600091713;361.924766756028;360.218957559483;13331.3170343071;13365.772555089;43.839262327112;0.97029702970297;150;150
10;172.889999999985;2.85999999999967;178.98000000001;NA;NA;-5647.2568388401;-5670.59321778267;5.70063304205509;5.71569354938737;365.406493130474;363.737896724693;13304.6330377031;13342.1267634627;46.6727578851478;0.801980198019802;150;150
11;175.149999999994;2.71000000000004;180.829999999987;NA;NA;-5609.59566822627;-5635.09161767547;5.65515842598416;5.67207740026836;373.781602780231;371.838691165443;13275.3825927493;13315.6864378634;50.9918988983936;0.554455445544555;150;150
12;180.140000000014;2.5;186.529999999999;NA;NA;-5678.21976378914;-5703.73117279999;5.68973205657021;5.70195240961197;372.265142252256;370.53417240105;13404.288658808;13445.7893252671;51.0228180216909;0.415841584158416;150;150
13;165.200000000012;2.30000000000018;170.649999999994;NA;NA;-5655.01210575943;-5679.39450001075;5.69394830690653;5.7187004761952;361.488928268965;359.381733587296;13298.5928516714;13335.7658570377;48.7647885026363;0.574257425742574;150;150
14;169.75;2.35999999999967;174.729999999981;NA;NA;-5642.00698447164;-5670.91023501885;5.71149265804744;5.74263235004031;362.093961923738;359.800546854547;13275.9109294344;13321.1012397445;57.8065010944229;0.0693069306930693;150;150
15;177.609999999986;2.19999999999982;182.630000000005;NA;NA;-5696.18374048104;-5724.2033838776;5.71595509194181;5.73984970454933;373.750884537508;371.628359434579;13448.3897546721;13492.7529249163;56.0392867931077;0.128712871287129;150;150
16;176.029999999999;2.64999999999964;182.279999999999;NA;NA;-5675.10199514717;-5700.02306915976;5.68314784010317;5.69725787745494;372.912218404944;371.060934520097;13401.6127197424;13441.2708626998;49.8421480251709;0.564356435643564;150;150
17;184.869999999995;2.55000000000018;190.889999999985;NA;NA;-5647.99211761617;-5676.019088756;5.68050498317767;5.70069568935628;375.163131479058;373.064514757595;13359.775349868;13404.2846967987;56.0539422796719;0.0396039603960396;150;150
18;159.229999999981;2.18000000000029;164.199999999983;NA;NA;-5596.10753056303;-5622.04818517;5.71971158436417;5.74350205413022;355.09407151025;353.067942570929;13145.6052750138;13186.340747787;51.8813092139444;0.277227722772277;150;150
19;188.970000000001;2.32999999999993;194.639999999985;NA;NA;-5706.45658247026;-5731.95498752236;5.65474232614759;5.66717455029988;384.20861451808;382.482428837581;13526.4639333298;13567.9649098334;50.9968101042105;0.603960396039604;150;150
20;189.220000000001;2.40000000000055;195.119999999995;NA;NA;-5815.53784470821;-5842.5997746488;5.6651975355709;5.68654425149148;391.758271252809;389.446593086518;13786.1574963869;13827.564699275;54.1238598811724;0.099009900990099;150;150
21;155.760000000009;2.85000000000036;161.160000000003;NA;NA;-5483.59189069591;-5511.19782566969;5.79757213271142;5.83482950130244;334.706978073551;332.418000270354;12808.4235765483;12851.0436653333;55.2118699475614;0.594059405940594;150;150
22;178.520000000019;2.78999999999996;183.850000000006;NA;NA;-5683.15778546124;-5707.59996951116;5.71328018141241;5.73620930070822;366.356103434657;364.256763143454;13381.6587846338;13418.9945769914;48.8843680998489;0.801980198019802;150;150
23;186.369999999995;2.69000000000051;192.5;NA;NA;-5714.25059860164;-5741.68659387493;5.66699903860382;5.68741632100889;381.16609210445;379.199951905764;13525.3148979107;13569.3710530734;54.8719905465859;0.217821782178218;150;150
24;163.669999999984;2.07999999999993;168.829999999987;NA;NA;-5724.20936258741;-5749.29862541375;5.70330278107488;5.72285900676146;368.40163945824;366.53479428055;13475.0145346663;13514.9234518024;50.1785256526891;0.366336633663366;150;150
25;167.49000000002;2.34000000000015;173.020000000019;NA;NA;-5752.5719123727;-5776.85216658099;5.67913403519434;5.70068585002072;375.281635576452;373.219616126869;13569.5868363367;13606.8040728239;48.5605084165836;0.326732673267327;150;150
26;172.690000000002;2.22000000000025;177.970000000001;NA;NA;-5803.68159011459;-5830.37666630168;5.67317279150483;5.69171748930434;385.577050345866;383.650998428825;13728.4417824203;13771.2366270492;53.3901523741642;0.257425742574257;150;150
27;154.419999999984;2.51999999999953;160;NA;NA;-5547.17998665528;-5575.01316796766;5.71437218369502;5.74132892503688;347.713990603573;345.568865067925;13007.1519937126;13051.0179136798;55.66636262475;0.0198019801980198;150;150
28;158.820000000007;2.09000000000015;164.360000000015;NA;NA;-5596.49713127666;-5622.22192119854;5.69676731176236;5.71380495954781;361.210535724942;359.45233262366;13180.0314514237;13221.8090682367;51.4495798437583;0.356435643564356;150;150
29;171.199999999983;2.40999999999985;176.699999999983;NA;NA;-5594.65818298258;-5620.45535183083;5.70653231511222;5.72655193176276;359.918051906857;357.938698517657;13169.2435368306;13209.9493527226;51.5943376965042;0.336633663366337;150;150
30;165.119999999995;2.67000000000007;171.660000000003;NA;NA;-5597.79771051677;-5625.57295845354;5.7229614820406;5.74858970302465;355.323848928092;353.231173993878;13150.2496519675;13194.2882385603;55.5504958735419;0.0792079207920792;150;150
31;180.359999999986;2.52000000000044;186.440000000002;NA;NA;-5717.83514530511;-5740.56634001489;5.68057019999476;5.69686810150728;376.904275123031;374.973346262967;13509.0395233504;13543.8797767176;45.4623894195611;0.861386138613861;150;150
32;156.220000000001;2.46000000000004;161.589999999997;NA;NA;-5641.89922657905;-5667.74054265487;5.73459421975606;5.76131245471517;353.905920758403;351.694808923283;13230.6525904467;13270.1717860133;51.6826321516292;0.376237623762376;150;150
33;171.020000000019;2.26000000000022;176.559999999998;NA;NA;-5664.1125705199;-5688.94724390465;5.67356695712787;5.68836270639916;367.386953913335;365.705176777755;13349.239114695;13389.6569214864;49.6693467695113;0.712871287128713;150;150
34;167.390000000014;2.26000000000022;173.089999999997;NA;NA;-5688.70213332632;-5711.43127169605;5.69173556421853;5.71234577467935;371.897480184624;369.93194220894;13423.2308704944;13457.8766247088;45.4582767394586;0.752475247524752;150;150
35;173.600000000006;2.15000000000055;179.809999999998;NA;NA;-5753.25847712916;-5778.42528469764;5.66098530075782;5.67608351400928;379.495730164432;377.616380077633;13594.1419105482;13634.1371270394;50.3336151369622;0.485148514851485;150;150
36;172.110000000015;2.15999999999985;177.360000000015;NA;NA;-5603.5951631441;-5630.29093131873;5.72336159442387;5.7434853404691;361.735483445956;359.613318172802;13197.1152787775;13238.8326780194;53.3915363492524;0.188118811881188;150;150
37;156.559999999998;2.60999999999967;162.970000000001;NA;NA;-5646.13707370445;-5671.13365642841;5.7336012633892;5.75142243690771;355.529190471559;353.810101610805;13248.0579724242;13288.5943442312;49.9931654479078;0.544554455445545;150;150
38;167.529999999999;2.11999999999989;173.360000000015;NA;NA;-5658.29650362426;-5684.19373384937;5.70050783617035;5.72366911347482;365.52699582278;363.50941482036;13327.3752585974;13368.0709052344;51.79446045021;0.663366336633663;150;150
39;182.220000000001;2.53999999999996;187.729999999981;NA;NA;-5836.9636641467;-5864.80752076795;5.66740046965063;5.68842004674437;391.163014843202;389.052775137074;13825.7346000391;13869.8137793137;55.6877132425088;0.0495049504950495;150;150
40;199.459999999992;2.07999999999993;204.799999999988;NA;NA;-5906.12520631427;-5929.75330557063;5.64958279384954;5.66287351402997;407.977538195479;406.032953294551;14056.5552167262;14093.1141566241;47.256198512714;0.742574257425743;150;150
41;155.970000000001;2.40999999999985;160.950000000012;NA;NA;-5614.82223967794;-5641.81260092206;5.72352863420235;5.75625834705521;351.789004133296;349.575150224169;13164.8533526121;13206.6555542293;53.9807224882225;0.257425742574257;150;150
42;178.73000000001;2.21999999999935;184.080000000016;NA;NA;-5717.3251045545;-5741.86496163712;5.68959342331721;5.71069528787315;375.250917534712;373.206423295114;13498.9242392192;13536.75708851;49.0797141652365;0.544554455445545;150;150
43;161.229999999981;2.5;166.399999999994;NA;NA;-5535.56955095971;-5560.2395477067;5.71396278149895;5.73250028181153;354.382186778907;352.543756788127;13020.6132023623;13059.8399007015;49.3399934939862;0.564356435643564;150;150
44;186.580000000016;2.60999999999967;192.429999999993;NA;NA;-5803.51785975112;-5828.25894592006;5.67025250634928;5.68580710690198;386.785222098809;384.973528112855;13734.760534819;13774.2764880993;49.4821723378664;0.346534653465347;150;150
45;159.109999999986;2.27999999999975;164.510000000009;NA;NA;-5600.1922574746;-5625.40621559259;5.68659897510473;5.70435788540159;363.123306228482;361.413656705615;13197.9439498462;13238.9669987101;50.427916235989;0.663366336633663;150;150
46;160.309999999998;2.01000000000022;165.690000000002;NA;NA;-5695.23586163774;-5719.51512508561;5.72960977796496;5.74455083200526;365.937172885347;364.352593892335;13403.5103791218;13443.3520578738;48.5585268957457;0.99009900990099;150;150
47;164.149999999994;2.25;169.799999999988;NA;NA;-5700.53932226573;-5725.846840739;5.74892255120344;5.77095544360697;360.678019366825;358.755671641662;13385.1864343323;13425.2265404779;50.615036946534;0.485148514851485;150;150
48;157.679999999993;2.17999999999938;162.839999999997;NA;NA;-5553.41097416608;-5579.21885932731;5.71087526664248;5.73149489428413;357.514319474908;355.739666418326;13073.5260670937;13115.3793823602;51.615770322458;0.504950495049505;150;150
49;154.029999999999;2.57000000000062;158.609999999986;NA;NA;-5498.36767070647;-5527.61760727859;5.79626099713714;5.84840051348987;332.426246916065;329.78135408001;12825.4287206166;12869.3789062351;58.499873144252;0.168316831683168;150;150
50;156.589999999997;2.17000000000007;161.040000000008;NA;NA;-5640.94105513179;-5664.49401072067;5.71414878793025;5.73391167453185;360.293375638134;358.419053951121;13263.8739557112;13300.6691297214;47.1059111777558;0.930693069306931;150;150
51;165.940000000002;2.38999999999942;170.720000000001;NA;NA;-5602.85443117706;-5630.56502573537;5.72729667432827;5.75343049496257;355.991757103816;353.928999272587;13164.0372895051;13208.111144818;55.4211891166142;0.366336633663366;150;150
52;156.529999999999;2.33999999999924;161.640000000014;NA;NA;-5603.84027676755;-5631.81532611851;5.70737029126726;5.73292138572805;360.521564693714;358.424776651159;13190.9276783688;13235.3432413757;55.9500987019219;0.0594059405940594;150;150
53;168.529999999999;1.98000000000047;172.74000000002;NA;NA;-5570.65585000334;-5598.36763860903;5.6944276135034;5.71477660859806;360.05536625676;358.010645409237;13121.9942439658;13166.1697097213;55.4235772113734;0.158415841584158;150;150
54;171.050000000017;2.19999999999982;175.899999999994;NA;NA;-5680.96128456379;-5705.33007882352;5.69183530172609;5.7112768636664;367.984510976462;365.929750467759;13386.2237340175;13423.6579824037;48.7375885194506;0.168316831683168;150;150
55;169.520000000019;2.53000000000065;175.619999999995;NA;NA;-5634.27840348929;-5656.80228107698;5.71547664078244;5.73656605567328;362.957949500246;361.016160747561;13265.2066062588;13299.5724845704;45.0477551753702;0.940594059405941;150;150
56;187.639999999985;2.36999999999989;194.169999999984;NA;NA;-5765.40086692668;-5790.84009410888;5.64170385161131;5.65512462292289;391.921062022975;390.013674052233;13686.7790609771;13727.1648788965;50.8784543643997;0.346534653465347;150;150
57;164.609999999986;2.39000000000033;170.309999999998;NA;NA;-5702.83168943443;-5729.02213157046;5.70978601903314;5.73522547360341;369.686528023036;367.413594533375;13439.3274244977;13479.2047881769;52.3808842720518;0.277227722772277;150;150
58;168.970000000001;2.30000000000018;175.25;NA;NA;-5748.15088094245;-5770.97978854591;5.69498721658227;5.71182914812053;378.875790777572;377.120005822598;13580.5164006599;13616.5155551797;45.6578152069142;0.900990099009901;150;150
59;174.5;2.60999999999967;180.890000000014;NA;NA;-5706.19876898985;-5731.70208369257;5.68291380845596;5.69956754427578;374.034266668821;372.017788934011;13469.9787109407;13509.8925956632;51.0066294054432;0.465346534653465;150;150
60;169.649999999994;2.1899999999996;175.299999999988;NA;NA;-5676.58521697794;-5700.25009901797;5.68084077493728;5.69842178006178;375.43994839378;373.517007988661;13418.4843322584;13455.2359051755;47.3297640800556;0.386138613861386;150;150
61;163.550000000017;2.30999999999949;169.109999999986;NA;NA;-5725.23358892039;-5749.87191388029;5.69391382684546;5.71273733745794;371.282978130566;369.431397699397;13492.9133752068;13532.0043887428;49.2766499197987;0.673267326732673;150;150
62;158.5;2.28000000000065;163.809999999998;NA;NA;-5682.07845413426;-5708.27562808006;5.73766084861366;5.76996475937075;357.371051994375;355.215635562135;13330.0729054677;13370.6101999658;52.3943478916044;0.613861386138614;150;150
63;173.479999999981;2.28000000000065;179.580000000016;NA;NA;-5672.57266539286;-5698.9540998382;5.71427106403003;5.73589483631432;366.860923843745;364.987000687252;13363.2655867684;13405.7199108278;52.7628688906916;0.544554455445545;150;150
64;167.799999999988;2.69999999999982;174.390000000014;NA;NA;-5736.42183213702;-5760.4720845635;5.72732127053999;5.75076786947363;368.156440497888;366.214714046298;13498.0906220441;13535.5095927547;48.100504852966;0.603960396039604;150;150
65;187.309999999998;2.48999999999978;193.859999999986;NA;NA;-5740.46544798458;-5767.29255902602;5.66770960475053;5.68238377005564;383.803955022565;381.861496438371;13592.2556122728;13635.2242727154;53.6542220828942;0.455445544554455;150;150
66;171.399999999994;2.69999999999982;177.709999999992;NA;NA;-5728.26597322497;-5754.00430274468;5.66719631720159;5.68441884502035;379.04715857832;377.064527409374;13541.6892880517;13582.2593940566;51.4766590394247;0.346534653465347;150;150
67;161.570000000007;2.51999999999953;167.610000000015;NA;NA;-5724.27620619659;-5746.91970147551;5.6953141605981;5.71273638059891;370.030517341896;368.220359559293;13484.1087604372;13519.4379826688;45.2869905578355;0.752475247524752;150;150
68;165.760000000009;2.48999999999978;172.470000000001;NA;NA;-5660.999085785;-5685.17139170135;5.70080252112343;5.72163430000458;370.175437438863;368.222824294397;13358.3517323019;13395.9549217513;48.3446118326901;0.702970297029703;150;150
69;158.610000000015;2.55999999999949;165.570000000007;NA;NA;-5664.42736758646;-5689.795208164;5.71012612941705;5.73038298250049;362.544144736982;360.54058595933;13323.2281737931;13362.9421780934;50.7356811550726;0.188118811881188;150;150
70;160.919999999984;2.5;167.330000000016;NA;NA;-5508.23765748316;-5535.46244091952;5.72747991619081;5.75728969316794;348.824653339962;346.712926849017;12935.3771465262;12978.2100005536;54.4495668727286;0.485148514851485;150;150
71;171.109999999986;2.19999999999982;177.809999999998;NA;NA;-5704.72750713322;-5731.56698119599;5.67366611179918;5.68709827537427;379.831715669094;377.908835833145;13498.9282435901;13542.0293337467;53.6789481255291;0.445544554455446;150;150
72;172;2.41000000000076;178.190000000002;NA;NA;-5756.91546081775;-5784.86969473044;5.68090253131977;5.70052754808275;380.747507205404;378.678306976139;13608.3419659172;13652.8676599857;55.9084678253785;0.0297029702970297;150;150
73;174.720000000001;2.39000000000033;181.359999999986;NA;NA;-5655.04995155925;-5678.82300801706;5.69017955745691;5.70420306166088;367.011894343021;365.319376977993;13329.0506553542;13367.2861457533;47.546112915612;0.801980198019802;150;150
74;158.279999999999;2.67000000000007;165.059999999998;NA;NA;-5668.01159567795;-5694.07260555062;5.71190705688623;5.73498483490535;361.421725409308;359.4049382902;13324.2221452226;13365.2497183466;52.1220197453549;0.396039603960396;150;150
75;166.080000000016;2.77999999999975;172.610000000015;NA;NA;-5638.29554032875;-5666.11419522607;5.70544745599281;5.72667061006353;362.396958625494;360.334625764162;13270.1548411307;13314.4471549023;55.6373097946471;0.247524752475248;150;150
76;169.919999999984;2.60000000000036;176.079999999987;NA;NA;-5716.35520993625;-5743.34731656996;5.66815780164823;5.68890200220181;377.980423879287;375.856924794783;13511.9996006428;13554.30233944;53.9842132674203;0.0495049504950495;150;150
77;170.279999999999;2.8100000000004;177.330000000016;NA;NA;-5721.05070842658;-5744.32051340212;5.70743533843808;5.7280563236744;365.696989630422;363.771861891883;13453.818812624;13489.7681987819;46.5396099510654;0.792079207920792;150;150
78;172.76999999999;2.73999999999978;179.5;NA;NA;-5700.74748746715;-5724.35283022721;5.70779469142231;5.72755593467425;366.748076358358;364.861289390036;13418.9944512664;13455.8258274843;47.2106855201328;0.811881188118812;150;150
79;167.779999999999;2.39000000000033;174.609999999986;NA;NA;-5691.82329738576;-5715.28394063249;5.71797662644654;5.74221572027607;362.602045928728;360.476657893323;13378.3385507379;13413.567971548;46.9212864934598;0.584158415841584;150;150
80;153.919999999984;2.63000000000011;160.470000000001;NA;NA;-5476.56989875353;-5505.62716441463;5.77557129116755;5.81767658972404;336.945541377876;334.514814455695;12806.6940411511;12851.437022331;58.1145313222005;0.128712871287129;150;150
81;172;2.61999999999989;178.729999999981;NA;NA;-5573.87790806274;-5600.62091246526;5.6940587943092;5.71219943092306;364.420567849365;362.512859741928;13152.451551959;13195.4431632311;53.4860088050573;0.099009900990099;150;150
82;159.429999999993;2.63000000000011;165.660000000003;NA;NA;-5569.73908847091;-5594.71606517016;5.73702819537384;5.75747126290834;356.534754173782;354.670678574357;13100.7936580814;13140.4932385517;49.9539533985098;0.891089108910891;150;150
83;162.720000000001;2.52999999999975;168.949999999983;NA;NA;-5660.14194081139;-5686.02267353938;5.67814375533766;5.69699892316558;370.628410755558;368.822526016708;13359.1292711825;13400.9564745392;51.7614654559675;0.148514851485149;150;150
84;167;2.64000000000033;173.109999999986;NA;NA;-5653.44185027563;-5677.19869216434;5.70476659865953;5.72723784360575;363.885296232985;361.926234558612;13308.634880502;13345.3716682111;47.5136837774189;0.940594059405941;150;150
85;152.899999999994;2.53000000000065;159.260000000009;NA;NA;-5561.62840013883;-5588.62773550862;5.70997855196339;5.7344906628794;354.249610945536;352.277239451177;13072.0015944429;13115.1501511301;53.9986707395819;0.336633663366337;150;150
86;173.720000000001;2.96999999999935;180.300000000017;NA;NA;-5603.09981564902;-5627.76330815711;5.7144313901447;5.73855350417628;360.931510589887;358.881156460724;13191.7018889713;13229.7497735681;49.3269850161778;0.603960396039604;150;150
87;151.74000000002;2.28999999999996;157.260000000009;NA;NA;-5518.52921231786;-5545.34825441094;5.74981665201946;5.77453895410828;342.020001773606;340.04826826107;12918.5275282368;12961.3190079403;53.6380841861555;0.405940594059406;150;150
88;178.080000000016;2.63999999999942;184.360000000015;NA;NA;-5752.83142804327;-5782.22654863975;5.7275869022032;5.75771056873917;370.693698432557;368.274285703329;13544.8673964167;13590.3483274076;58.7902411929572;0.198019801980198;150;150
89;152.410000000003;2.52999999999975;158.299999999988;NA;NA;-5642.7007908825;-5668.58727934719;5.73470741381485;5.76019728980716;355.766917216935;353.736650848863;13242.4931534741;13283.0975337606;51.7729769293928;0.544554455445545;150;150
90;164.360000000015;2.75;169.960000000021;NA;NA;-5639.9264028666;-5665.22961740759;5.70712083160516;5.72919915241787;363.429071926122;361.491176418035;13279.0942729969;13319.040242148;50.6064290819922;0.594059405940594;150;150
91;178.029999999999;2.55000000000018;183.940000000002;NA;NA;-5741.25542739312;-5768.70220495764;5.68360123262958;5.70771532125316;375.08036385894;373.054409810387;13545.8466606119;13589.595341383;54.8935551290451;0.128712871287129;150;150
92;163.25;2.19999999999982;168.579999999958;NA;NA;-5636.4340054106;-5664.26737754303;5.73177050158655;5.75678810713509;357.007045610551;354.917181186273;13236.7815907315;13280.9518864711;55.6667442648559;0.217821782178218;150;150
93;176.339999999997;2.27000000000044;182.859999999986;NA;NA;-5742.48226636241;-5768.77727635645;5.69902258217557;5.71739918294181;372.823510684633;370.96297794584;13535.8852765751;13578.2404130882;52.5900199880834;0.425742574257426;150;150
94;150.220000000001;2.30999999999949;155.23000000004;NA;NA;-5638.1334880185;-5665.45026353614;5.72232968244781;5.74660628383216;354.877679124593;352.855375441061;13228.4668046088;13271.9755621264;54.6335510352728;0.158415841584158;150;150
95;180.839999999997;2.90999999999985;187.200000000012;NA;NA;-5681.4418414471;-5706.80553540313;5.70074079632455;5.71610263360782;372.03887813385;370.322821800379;13409.4881239133;13450.7754002684;50.7273879120676;0.732673267326733;150;150
96;158.660000000003;2.64000000000033;164.190000000002;NA;NA;-5614.4854784905;-5638.4118133099;5.69884775729309;5.71656636007548;362.526923464174;360.773012473676;13223.2496605197;13261.4539782435;47.8526696387962;0.732673267326733;150;150
97;193.040000000008;2.60000000000036;199.450000000012;NA;NA;-5746.26057197472;-5770.92555332966;5.66246466656322;5.67474026582299;387.27997239837;385.465535666575;13622.9676053623;13662.3162610328;49.329962709875;0.475247524752475;150;150
98;168.359999999986;2.46000000000004;173.820000000007;NA;NA;-5558.13475071615;-5584.46319613857;5.70334090783755;5.72013088781065;361.836441169751;359.992813495714;13106.7498274001;13149.2648303751;52.6568908448371;0.316831683168317;150;150
99;174.630000000005;2.30000000000018;180;NA;NA;-5637.89280158961;-5665.42955645157;5.72074576432117;5.74513409036717;362.481169486142;360.255251821414;13269.8126118007;13312.6412373318;55.0735097239249;0.158415841584158;150;150
100;206.149999999994;2.85000000000036;212.609999999986;NA;NA;-5794.551368514;-5821.03981437058;5.6322243264499;5.64555623004278;400.440979786912;398.585371271169;13791.9485570906;13834.7176537256;52.9768917131732;0.0792079207920792;150;150
101;165.410000000003;2.69999999999982;170.719999999972;NA;NA;-5716.78756491794;-5742.88715073898;5.70058344574422;5.7211681479291;372.512230990388;370.471313129387;13482.7835085489;13523.7554891537;52.1991716420835;0.306930693069307;150;150
102;183.360000000015;2.75;188.979999999981;NA;NA;-5790.50226667848;-5814.98958151598;5.69235338712237;5.71119355810779;379.955773731023;377.927777840974;13671.1602122723;13708.9787353174;48.9746296749981;0.742574257425743;150;150
103;174.350000000006;2.31999999999971;179.47000000003;NA;NA;-5805.45287086549;-5832.14670421062;5.66512629194017;5.68614176478579;386.658960018488;384.577525286235;13737.9359830408;13779.8735733624;53.3876666902524;0.0594059405940594;150;150
104;147.01999999999;2.42000000000007;151.869999999995;NA;NA;-5401.4046237928;-5430.13532854357;5.77004115442636;5.80498870947655;329.339277207761;327.046906523204;12614.5210523205;12659.3720162498;57.4614095015331;0.128712871287129;150;150
105;173.809999999998;2.25;179.5;NA;NA;-5596.93230836584;-5623.94839834547;5.67967164766891;5.70415456780109;362.859157401716;360.852265174689;13189.9709557461;13232.9631213793;54.0321799592584;0.237623762376238;150;150
106;161.25;2.52000000000044;166.400000000023;NA;NA;-5541.01044906572;-5566.34176381462;5.7161636027548;5.73970011365937;350.006070802807;347.985809127311;13007.4217661315;13046.9708352997;50.6626294977996;0.455445544554455;150;150
107;176.770000000019;2.77999999999975;182.799999999988;NA;NA;-5720.80773786949;-5745.27783108939;5.67945348140084;5.69555342695533;377.857636152937;375.902820864308;13520.229195097;13558.4158450485;48.940186439806;0.554455445544555;150;150
108;167.76999999999;2.56999999999971;173.709999999963;NA;NA;-5694.3292608625;-5720.80728935567;5.71130700117012;5.73354018439358;366.66470708327;364.588567643044;13405.699379513;13447.2344897966;52.9560569863406;0.277227722772277;150;150
109;168.440000000002;2.15999999999985;173.049999999988;NA;NA;-5741.65847322577;-5771.34791660948;5.67183188154542;5.69458450286295;377.524768236162;375.227615124319;13560.0995427824;13606.8416756063;59.3788867674248;0.0099009900990099;150;150
110;165.5;2.47000000000025;170.559999999998;NA;NA;-5647.32596252576;-5672.04223394786;5.71893293979957;5.73701411610217;360.878009691399;358.962884406559;13279.8598716114;13318.7572146595;49.4325428442025;0.346534653465347;150;150
111;161.850000000006;2.75;167.639999999956;NA;NA;-5576.59737748176;-5599.40284298757;5.73347256363917;5.75196687069297;350.667380206107;349.092658812208;13082.2335190041;13119.1818290168;45.6109310116353;0.99009900990099;150;150
112;160.820000000007;2.76000000000022;166.199999999953;NA;NA;-5598.79281459585;-5625.54467677208;5.71493268851728;5.73610041782558;354.843388222426;352.859736334237;13149.5968217989;13192.1883780893;53.5037243524439;0.594059405940594;150;150
113;171.080000000016;2.36999999999989;175.580000000016;NA;NA;-5700.06073594685;-5724.03291921299;5.68538990911185;5.70704231518678;368.958148543469;367.015467080965;13429.7786656443;13467.0362444715;47.9443665322888;0.673267326732673;150;150
114;180.01999999999;2.54999999999927;184.859999999986;NA;NA;-5693.38936006853;-5717.46288699691;5.69911041015706;5.71636508367547;370.511396643689;368.714933630629;13424.980409226;13463.2450303674;48.1470538567701;0.673267326732673;150;150
115;172.410000000003;2.74000000000069;177.820000000007;NA;NA;-5698.98997687132;-5725.80981628567;5.70937382972434;5.7308915674614;370.933299159249;368.780303841679;13438.5025496313;13480.2984937392;53.6396788287057;0.207920792079208;150;150
116;170.029999999999;2.73000000000047;175.080000000016;NA;NA;-5684.27636684656;-5710.97460276865;5.6695092526847;5.68715391101235;375.903191808166;373.997490466646;13436.4149571435;13479.3280707742;53.3964718441784;0.247524752475248;150;150
117;165.639999999985;2.53999999999996;171.169999999984;NA;NA;-5627.89910659504;-5650.68531139754;5.75320588170622;5.77538873778157;354.454257402556;352.586753229947;13205.6687777315;13240.9679536561;45.5724096050053;0.782178217821782;150;150
118;161.75;2.25;166.579999999958;NA;NA;-5602.45255999704;-5627.2249849596;5.68262212889696;5.69493028603335;365.326847528956;363.655376205184;13214.5863455871;13254.9363483193;49.5448499251233;0.940594059405941;150;150
119;166.130000000005;2.45000000000073;171.910000000033;NA;NA;-5678.59601935184;-5702.81309614491;5.68851370578171;5.70960766929639;369.558796744822;367.612402172629;13390.1534281946;13427.8803680739;48.4341535861367;0.247524752475248;150;150
120;171.929999999993;2.31999999999971;176.590000000026;NA;NA;-5694.49478334759;-5721.51170504153;5.69007900292626;5.71298188429344;369.395543965004;367.408934988257;13421.0528944946;13464.1583027287;54.0338433878769;0.267326732673267;150;150
121;149.859999999986;2.71000000000004;155.419999999984;NA;NA;-5591.19307759777;-5615.83974312738;5.70236202718167;5.72580906754066;352.684666453478;350.844940479751;13122.522111587;13161.6950182245;49.2933310592052;0.396039603960396;150;150
122;177.809999999998;2.38000000000011;182.889999999956;NA;NA;-5619.71764850292;-5642.46074253921;5.67528412602087;5.69367046888236;369.879976133013;368.087946300633;13274.1635103447;13309.7916528501;45.486188072573;0.861386138613861;150;150
123;179.529999999999;2.94000000000051;185.030000000028;NA;NA;-5721.13965408994;-5748.87718455616;5.66215133001736;5.6793773753357;380.964261105896;378.962042961187;13537.9827264887;13582.4434854552;55.4750609324419;0.0396039603960396;150;150
124;184.75;2.5;189.770000000019;NA;NA;-5704.92924229167;-5730.35094431637;5.68478835275019;5.69699693548946;376.757235979543;375.035513934043;13482.4188476549;13523.7909727826;50.8434040493976;0.752475247524752;150;150
125;189.809999999998;2.82999999999993;195.599999999977;NA;NA;-5742.10872746616;-5772.28695230675;5.67135883825498;5.69466134882296;382.899525383863;380.570192734082;13590.5668586438;13638.1095331369;60.3564496811905;0.0099009900990099;150;150
126;163.890000000014;2.67000000000007;168.330000000016;NA;NA;-5644.64453932331;-5672.99155164914;5.71334296187154;5.7427012684237;355.160397222347;352.944980974007;13243.0441535876;13287.5510628623;56.6940246516697;0.0198019801980198;150;150
127;159.700000000012;2.27000000000044;164.610000000044;NA;NA;-5658.64648688542;-5686.07155763654;5.73872063619914;5.76778838546982;356.157799584316;354.05013293539;13276.534808896;13319.7905709465;54.8501415022529;0.188118811881188;150;150
128;154.859999999986;2.3100000000004;159.559999999998;NA;NA;-5559.81169190893;-5583.28093333347;5.76157096293162;5.79265275707104;347.368766751997;345.392518151283;13030.5163105786;13066.5833512196;46.9384828490929;0.930693069306931;150;150
129;159.130000000005;2.51000000000022;164.440000000002;NA;NA;-5713.85996737693;-5738.54402906054;5.72995251101426;5.74852683077245;365.768447117936;363.925477075675;13439.8304217307;13479.0602748933;49.3681233672141;0.762376237623762;150;150
130;171.489999999991;2.27000000000044;176.160000000033;NA;NA;-5577.95777886478;-5603.83043302783;5.69824866616438;5.71787263817473;362.483413875905;360.498384735725;13149.9549128512;13190.7804767833;51.7453083261007;0.277227722772277;150;150
131;174.329999999987;3.03999999999996;180.400000000023;NA;NA;-5630.06821953448;-5657.34645454633;5.69112764503805;5.7180732783561;366.721758022707;364.489903353713;13277.4911369228;13319.7700629969;54.5564700237101;0.0792079207920792;150;150
132;179.239999999991;2.51000000000022;184.959999999963;NA;NA;-5648.36489877023;-5673.60276713376;5.68344627781936;5.70168672182805;370.101440248823;368.048345172068;13332.676296036;13371.8578542541;50.4757367270686;0.188118811881188;150;150
133;155.920000000013;2.5;161.950000000012;NA;NA;-5566.38926231929;-5590.70107246036;5.7302289503142;5.74528655591714;352.100704253486;350.526481557621;13069.7020758162;13109.6658184622;48.6236202821492;0.702970297029703;150;150
134;182.690000000002;2.27999999999975;187.469999999972;NA;NA;-5649.33754193526;-5676.15667555748;5.70356943017459;5.72006704361513;369.172369952734;367.21405014795;13329.5107202875;13372.3761725253;53.6382672444415;0.722772277227723;150;150
135;168.470000000001;2.36999999999989;173.890000000014;NA;NA;-5688.08118032472;-5711.75458590712;5.71934651987187;5.73854847991048;365.940633788089;364.030242116684;13389.2200550945;13426.057706307;47.3468111647999;0.762376237623762;150;150
136;164.669999999984;2.82999999999993;170.5;NA;NA;-5537.61686909608;-5564.59461710268;5.67587231539602;5.69441402914034;363.939560488925;362.000328816738;13077.2834285237;13120.5711143006;53.9554960131991;0.326732673267327;150;150
137;164.540000000008;2.92999999999938;171.059999999998;NA;NA;-5756.37071104991;-5780.20970488244;5.71398394835864;5.73442277437474;370.244908712051;368.139174414341;13549.4771477736;13585.5713859474;47.6779876650544;0.603960396039604;150;150
138;167.889999999985;2.60000000000036;174.100000000035;NA;NA;-5665.8537276888;-5692.75392011656;5.72178857623683;5.75272025400764;364.866585083174;362.565529932299;13338.8567542798;13379.9989198803;53.8003848555218;0.277227722772277;150;150
139;190.779999999999;2.52000000000044;197.339999999967;NA;NA;-5791.50334266876;-5817.37192858446;5.68121363706247;5.69331706689699;384.642823437875;382.842439999751;13698.9460586706;13740.7792313327;51.7371718314062;0.633663366336634;150;150
140;168.5;2.52999999999975;174.020000000019;NA;NA;-5616.39344215004;-5642.53875182441;5.72781995117449;5.74964115697331;359.847341751173;357.985730302091;13212.3250750692;13254.3748769038;52.2906193487452;0.405940594059406;150;150
141;164.410000000003;2.44000000000051;170.01999999996;NA;NA;-5617.18566611137;-5639.95983929352;5.7354303183584;5.76235350449663;355.450720747616;353.283305878329;13189.7234913694;13223.3487803391;45.5483463643013;0.633663366336634;150;150
142;168.049999999988;3.06999999999971;173.97000000003;NA;NA;-5637.30091562185;-5665.17638725159;5.76053922978055;5.79475774350197;353.905321277016;351.532338213779;13221.4526707553;13264.1497157232;55.7509432594961;0.386138613861386;150;150
143;187.710000000021;2.84000000000015;193.409999999974;NA;NA;-5806.86516635036;-5831.6083191737;5.66264373125659;5.67792264804227;387.404485491073;385.505820546335;13744.8617468523;13783.9034018555;49.4863056466893;0.306930693069307;150;150
144;152.709999999992;2.19999999999982;157.919999999984;NA;NA;-5621.66509904715;-5646.81183327843;5.71956587041426;5.74239544075523;356.501768299411;354.411677375788;13204.4642222923;13243.2599962454;50.2934684625434;0.584158415841584;150;150
145;175.419999999984;2.67000000000007;180.090000000026;NA;NA;-5771.90278922378;-5795.4907656046;5.67304822765326;5.69024137537705;384.541953753576;382.463671630109;13659.1900626119;13694.9332816632;47.1759527616305;0.732673267326733;150;150
146;177.540000000008;2.57999999999993;182.650000000023;NA;NA;-5768.77868834347;-5790.41193510651;5.67861520573012;5.69296031927076;378.522310248303;376.730976723973;13619.8275014245;13653.2397798088;43.2664935260837;0.97029702970297;150;150
147;170.220000000001;2.5;174.580000000016;NA;NA;-5660.80906675657;-5685.03804430496;5.68282520980242;5.69898773143655;367.605262479894;365.815879255769;13343.8330334911;13382.4475021449;48.4579550967774;0.514851485148515;150;150
148;159.199999999983;2.30999999999949;163.989999999991;NA;NA;-5667.43545225193;-5692.60511990115;5.70461546584575;5.72876132319617;362.688036151321;360.583496764305;13330.0358969774;13368.798056048;50.3393352984458;0.653465346534653;150;150
149;159.279999999999;2.11999999999989;164.300000000047;NA;NA;-5676.1438658181;-5700.78044111983;5.71400773329926;5.73661490165038;363.783923991704;361.741063554615;13353.4812578271;13391.5165311853;49.2731506034488;0.732673267326733;150;150
150;197.75;2.64000000000033;204.010000000009;NA;NA;-5836.92270339653;-5863.0176147858;5.64819910486586;5.66201450100163;396.960428604569;394.979779150232;13857.5445410504;13898.8387123054;52.1898227785459;0.227722772277228;150;150
151;168.239999999991;2.69999999999982;173.369999999995;NA;NA;-5684.42156241848;-5710.46785339282;5.70132480058449;5.7227072586127;368.911401210516;366.922951132429;13398.2431591753;13439.3971779798;52.0925819486729;0.435643564356436;150;150
152;163.169999999984;2.1299999999992;167.830000000016;NA;NA;-5692.9028105948;-5721.44854313125;5.67658432677116;5.70031771436856;371.397840092575;369.143356696718;13428.8836799427;13473.5731193098;57.0914650729064;0.0297029702970297;150;150
153;155.709999999992;2.54999999999927;160.490000000049;NA;NA;-5462.65184010084;-5488.7579336979;5.71256839408659;5.73408451464423;345.135871912678;343.274945896104;12823.9133409839;12865.8884812623;52.2121871941035;0.435643564356436;150;150
154;170.130000000005;2.31999999999971;174.369999999995;NA;NA;-5721.66341169841;-5746.37933074117;5.70253202069049;5.7246752543805;370.055628421199;368.046403863645;13479.0213087416;13517.4003022343;49.4318380855202;0.326732673267327;150;150
155;180.029999999999;2.5600000000004;185.030000000028;NA;NA;-5725.88859108901;-5750.03667597023;5.68106396955605;5.69698339956297;377.801782754119;375.868603605451;13530.0836492009;13567.745303961;48.2961697624396;0.841584158415842;150;150
156;163.98000000001;2.86999999999989;169.509999999951;NA;NA;-5481.34154648165;-5507.00708860949;5.73923352932774;5.76565434232929;344.543360347866;342.541610673119;12858.0333180489;12898.3526774153;51.3310842556893;0.732673267326733;150;150
157;180.880000000005;2.53999999999996;185.75;NA;NA;-5706.78317650579;-5733.2295161395;5.68968784523092;5.72178703085213;367.813364880646;365.46815966646;13436.9260346847;13476.9176229948;52.8926792674265;0.138613861386139;150;150
158;181.390000000014;2.30999999999949;185.809999999998;NA;NA;-5644.92356726272;-5667.92678271276;5.68931837302878;5.7065745996875;365.376982358034;363.581501544242;13299.8041543159;13335.9335556279;46.0064309000718;0.782178217821782;150;150
159;176.510000000009;2.44999999999982;181.5;NA;NA;-5578.4657220503;-5601.5170628528;5.68687736837479;5.69850685170016;361.754865132492;360.162884484388;13146.9630162151;13184.3081328023;46.102681604998;0.96039603960396;150;150
160;162.25;2.27999999999975;166.75;NA;NA;-5605.4770102849;-5629.19653870893;5.74508434728351;5.76752454604033;348.640378742874;346.895583732281;13128.842148372;13166.6830007656;47.4390568480721;0.96039603960396;150;150
161;155.079999999987;2.63999999999942;159.849999999977;NA;NA;-5561.7812955328;-5589.93743072169;5.74031080042509;5.77392682438984;346.865808819039;344.719282084694;13031.6887211292;13076.1928407854;56.3122703777808;0.0594059405940594;150;150
162;155.360000000015;2.52999999999975;159.619999999995;NA;NA;-5602.78653519727;-5628.13262679126;5.71196570443226;5.7337363219742;356.207867188416;354.29163127168;13165.0903299092;13205.2412036596;50.6921831879663;0.336633663366337;150;150
163;166.609999999986;2.46999999999935;171.150000000023;NA;NA;-5590.39975689138;-5613.04710034;5.72704974783521;5.7485629089585;354.706841844157;352.919342103977;13132.0595579466;13167.52111954;45.2946868972249;0.881188118811881;150;150
164;172.110000000015;2.76000000000022;176.679999999993;NA;NA;-5654.87241303573;-5678.16006120515;5.71622915958166;5.73608182835778;361.440673945386;359.587457095631;13298.0480167811;13334.4286747157;46.5752963388386;0.96039603960396;150;150
165;191.770000000019;2.72000000000025;197.409999999974;NA;NA;-5784.58065484026;-5808.62718552068;5.68612908542317;5.72175701017231;382.040883868111;379.317559587333;13670.7872835499;13703.8992020922;48.0930613608416;0.574257425742574;150;150
166;167.369999999966;2.57000000000062;172.760000000009;NA;NA;-5601.18247472545;-5627.01440785775;5.7033095076259;5.72444517710977;359.600213477492;357.738233417449;13180.5436752498;13221.9646962529;51.6638662645928;0.257425742574257;150;150
167;177.010000000009;2.61000000000058;182.389999999956;NA;NA;-5740.34237766205;-5764.92126019834;5.69934853249843;5.72243476411423;370.670718218459;368.636981355337;13519.7628803493;13557.7329574125;49.1577650725776;0.782178217821782;150;150
168;169.5;2.55999999999949;174.369999999995;NA;NA;-5581.96024992558;-5608.68190430904;5.68984512044984;5.71118406129711;361.989202593276;359.867174267917;13155.2411740357;13197.0110990519;53.4433087669204;0.148514851485149;150;150
169;166;2.5600000000004;171.630000000005;NA;NA;-5604.0705754832;-5631.01389019109;5.70225599267835;5.72843386516422;356.91958217175;354.768018918858;13171.5735901337;13213.6243626879;53.886629415787;0.0297029702970297;150;150
170;188.330000000016;2.92000000000007;193.729999999981;NA;NA;-5742.1428765861;-5766.7841985296;5.68234248166305;5.69838522048873;380.566572746967;378.595813678665;13577.8014679657;13616.2428678365;49.2826438869997;0.683168316831683;150;150
171;165;2.73000000000047;170.200000000012;NA;NA;-5577.98219465037;-5604.60334909992;5.71245182587637;5.73237185012316;355.436454477952;353.549067875437;13111.2380689858;13154.097769965;53.242308899109;0.178217821782178;150;150
172;161.809999999998;2.47999999999956;166.570000000007;NA;NA;-5665.38753324158;-5689.44762866435;5.70172460261709;5.72114012087786;365.812856689889;363.852808323351;13343.1298527323;13380.4677196667;48.1201908455478;0.554455445544555;150;150
173;164.289999999979;2.60000000000036;169.809999999998;NA;NA;-5680.44088254254;-5707.43187980738;5.6844945119517;5.70470219705186;370.895623624669;368.916685313944;13401.1971059772;13444.2928620698;53.981994529684;0.128712871287129;150;150
174;163.869999999995;2.30000000000018;168.25;NA;NA;-5490.68709648935;-5517.29585508135;5.72141592654815;5.74500298972407;348.664401660861;346.70862412747;12899.394472052;12941.8531593912;53.2175171840117;0.435643564356436;150;150
175;165.72000000003;2.47999999999956;170.890000000014;NA;NA;-5598.95398614702;-5624.70825801487;5.74273681585519;5.76601612202325;354.179510023867;352.15279989418;13146.2671377897;13186.6266479274;51.5085437356938;0.386138613861386;150;150
176;168.289999999979;2.97999999999956;173.919999999984;NA;NA;-5638.74894363679;-5667.99986105441;5.71111352234017;5.73621502469045;363.219969159406;360.95459265233;13275.589069779;13321.6289553599;58.5018348352405;0.0198019801980198;150;150
177;174.989999999991;2.47000000000025;180.320000000007;NA;NA;-5721.86993125487;-5745.40462786529;5.66860380531306;5.68397042616655;380.606655841061;378.741109917267;13537.4760764048;13574.2830083697;47.0693932208524;0.633663366336634;150;150
178;170.059999999998;2.52999999999975;175.570000000007;NA;NA;-5659.50943282159;-5683.75221001842;5.69685239414611;5.71012248594799;371.457984747686;369.71973208888;13362.4277831465;13401.3511228894;48.4855543936646;0.485148514851485;150;150
179;180;2.85000000000036;185.459999999963;NA;NA;-5730.05778463563;-5755.94107614629;5.73177215175274;5.75359395104183;370.8894533644;368.871476631336;13500.3969672537;13541.0625595278;51.7665830213264;0.613861386138614;150;150
180;191.700000000012;2.91000000000076;199.160000000033;NA;NA;-5673.893476923;-5701.08573628738;5.69471828262498;5.71025905075296;370.299099966744;368.319073294735;13384.8207883171;13428.313081479;54.3845187287661;0.128712871287129;150;150
181;158.549999999988;2.11000000000058;163.609999999986;NA;NA;-5587.74150802005;-5612.52470332503;5.74409007269395;5.76121284376246;351.579360940902;349.912267508912;13109.5386316294;13149.9342580477;49.5663906099653;0.881188118811881;150;150
182;166.409999999974;2.32999999999993;171.02999999997;NA;NA;-5700.18172360446;-5726.0193426472;5.73334892845637;5.76491454953958;360.060970861342;357.838447661627;13381.0768223776;13420.5258493918;51.6752380854687;0.188118811881188;150;150
183;171.789999999979;2.41999999999916;176.98000000004;NA;NA;-5623.10695742113;-5649.29883580699;5.69703809682218;5.71395486809077;364.661644832129;362.812030859588;13252.2358271927;13294.4447651676;52.3837567717201;0.277227722772277;150;150
184;172.990000000049;2.86999999999989;179.049999999988;NA;NA;-5658.49761037241;-5681.17219948521;5.71816236828904;5.73545719307789;363.321027884129;361.590148144358;13315.6423323399;13351.4698547104;45.3491782255915;0.881188118811881;150;150
185;166.739999999991;2.17000000000007;171.660000000033;NA;NA;-5667.0503878043;-5692.80651875591;5.67843085810818;5.69998312369304;370.968928991365;368.965211009049;13374.8193729824;13415.3090822381;51.5122619032172;0.574257425742574;150;150
186;165.02999999997;2.09999999999945;169.549999999988;NA;NA;-5617.59099823849;-5643.03287944806;5.71667030964327;5.73682573887394;358.433759071042;356.636091220859;13206.9439983559;13247.9387001905;50.8837624191328;0.782178217821782;150;150
187;163.339999999967;2.57999999999993;168.590000000026;NA;NA;-5642.50903844709;-5665.99138016333;5.73084557864816;5.74957351914436;358.242407692555;356.476424706074;13255.7274452876;13292.9773681525;46.9646834324831;0.653465346534653;150;150
188;177.25;2.51999999999953;182.780000000028;NA;NA;-5783.41603749593;-5809.03909084733;5.67449320678413;5.69014239015382;387.185310397741;385.252775130516;13696.7577960137;13737.3729297381;51.2461067027962;0.376237623762376;150;150
189;162.330000000016;2.50999999999931;167.570000000007;NA;NA;-5664.70699154149;-5691.79867826846;5.72771206033153;5.75464973406335;359.004183768728;356.972842676273;13304.3139196998;13347.3227843983;54.1833734539305;0.534653465346535;150;150
190;183.339999999967;2.67000000000007;188.659999999974;NA;NA;-5778.09936523009;-5801.22578235242;5.65538054029649;5.67018741937239;387.090747551234;385.098613896588;13685.6042565427;13720.8982641046;46.2528342446676;0.633663366336634;150;150
191;151.140000000014;2.89000000000033;156.590000000026;NA;NA;-5496.47495844847;-5524.34120134706;5.76403757654307;5.80627521683883;336.170001406014;333.741349379341;12842.2378764403;12884.610226199;55.7324857971853;0.099009900990099;150;150
192;162.419999999984;2.35999999999967;167.300000000047;NA;NA;-5512.61507175596;-5533.93438603833;5.71377589915809;5.73204097051248;346.954696596905;345.108045765677;12933.8452496789;12966.3253598351;42.6386285647404;0.95049504950495;150;150
193;162;2.32000000000062;166.280000000028;NA;NA;-5682.30036150447;-5709.93535077985;5.69285889032202;5.71469624902608;367.301699259417;365.289501347783;13385.145706557;13429.3464839457;55.2699785507575;0.099009900990099;150;150
194;158.890000000014;2.25;163.25;NA;NA;-5590.49295557875;-5616.91662467224;5.73598754528424;5.76651776429819;350.21290713218;348.087114981426;13107.5245961308;13148.6778455757;52.8473381869735;0.366336633663366;150;150
195;160.320000000007;2.22999999999956;165.320000000007;NA;NA;-5740.94136720926;-5768.90550607296;5.71821814469944;5.7418797398852;368.422039735847;366.359783868143;13508.5907668555;13553.1744721056;55.9282777274002;0.0594059405940594;150;150
196;172.910000000033;2.03000000000065;177.410000000033;NA;NA;-5740.80285071337;-5766.24856232165;5.67449038194268;5.69264716640349;380.405430411543;378.487125341151;13574.2349641888;13614.5736954502;50.8914232165644;0.336633663366337;150;150
197;177.190000000002;2.75;182.890000000014;NA;NA;-5632.85490372078;-5656.12256381638;5.70992280169668;5.72560388239542;365.848094995038;364.147037171947;13278.2584413665;13315.436157555;46.5353201911912;0.851485148514851;150;150
198;170.329999999958;2.89000000000033;175.609999999986;NA;NA;-5654.77978597788;-5677.64005694161;5.71366435437655;5.72515619815541;361.048262681815;359.489288206537;13295.7040887151;13332.8486342291;45.7205419274687;0.881188118811881;150;150
199;167.559999999998;2.52000000000044;172.669999999984;NA;NA;-5634.03319547398;-5662.80387715292;5.71263622012526;5.74076267120385;361.943565949277;359.716808076399;13259.1360156757;13304.4278728138;57.5413633578828;0.0396039603960396;150;150
200;169.119999999995;2.4399999999996;174.600000000035;NA;NA;-5748.91161625463;-5774.00107080083;5.68287026845252;5.70280417812163;376.310162440975;374.396577785581;13567.924221727;13607.5764061027;50.1789090924103;0.554455445544555;150;150
201;175.859999999986;2.52000000000044;181.039999999979;NA;NA;-5721.85811089842;-5748.62694303486;5.70998305593055;5.73028438178484;369.263849852757;367.289432667435;13475.0550937106;13517.7313904829;53.5376642728788;0.227722772277228;150;150
202;158.559999999998;2.10999999999967;163;NA;NA;-5609.53807945838;-5636.65374235817;5.70041125258374;5.72527855211114;359.566337557384;357.383214137148;13197.068531588;13239.29038647;54.2313257995884;0.267326732673267;150;150
203;156.5;2.24000000000069;160.5;NA;NA;-5624.03433170134;-5651.37002751911;5.72751572868372;5.76014691761562;358.49244971205;356.271241880656;13220.1535254276;13262.6059418986;54.6713916355238;0.376237623762376;150;150
204;176.859999999986;2.84000000000015;182.97000000003;NA;NA;-5751.37524693106;-5776.83219895381;5.66945559312374;5.6899375222682;379.208723035503;377.123036926311;13588.7966096082;13628.2370502483;50.9139040455048;0.277227722772277;150;150
205;173.159999999974;2.31999999999971;178.419999999984;NA;NA;-5751.55680838709;-5778.99926159744;5.68402029075177;5.70522778844359;380.635693947605;378.462711967267;13597.009570743;13639.9407948133;54.8849064206988;0.207920792079208;150;150
206;177.820000000007;2.36000000000058;183.200000000012;NA;NA;-5746.53431061558;-5772.4255063128;5.68999017380253;5.70396576638199;378.585516241274;376.789085717307;13575.6864452913;13617.5865826945;51.782391394454;0.386138613861386;150;150
207;165.789999999979;2.82999999999993;171.139999999956;NA;NA;-5659.61523662907;-5687.8506590094;5.71647474056069;5.73885099817166;361.409896981533;359.270003835568;13307.3643583532;13352.0635440932;56.4708447606608;0.118811881188119;150;150
208;175.839999999967;2.55000000000018;181.200000000012;NA;NA;-5758.15147808273;-5781.62366611981;5.67466950262022;5.69857543909659;380.400962701684;378.251949847366;13608.9076418325;13644.0301909151;46.944376074156;0.574257425742574;150;150
209;189.449999999953;2.67000000000007;195.479999999981;NA;NA;-5699.03918100523;-5724.63797659654;5.64897402498763;5.65903678302545;388.346298815923;386.606304895009;13534.3907382779;13576.0165360401;51.1975911826175;0.376237623762376;150;150
210;180.070000000007;2.61000000000058;185.599999999977;NA;NA;-5736.05116483902;-5759.84781900308;5.70207239906308;5.72191549448834;374.78425330682;372.877649062811;13533.8092165744;13570.9141997774;47.5933083281197;0.564356435643564;150;150
211;180.5;2.06999999999971;185.069999999949;NA;NA;-5710.24425216076;-5736.28301150142;5.68139825343915;5.70013289502368;372.169972540856;370.34384287716;13467.8141022179;13509.8459904577;52.0775186813134;0.366336633663366;150;150
212;162.070000000007;2.61999999999989;167.299999999988;NA;NA;-5615.43859328507;-5642.90291493306;5.72591771736071;5.75042203718469;355.205316530421;353.172148835636;13184.8793648673;13228.6234511773;54.9286432959634;0.267326732673267;150;150
213;161.119999999995;2.5;165.75;NA;NA;-5489.75427343745;-5515.64360345854;5.73646086070366;5.75798049588867;347.90472768237;346.113839878546;12893.3498214691;12935.2767183003;51.7786600421914;0.346534653465347;150;150
214;174.200000000012;2.52999999999975;179.190000000002;NA;NA;-5674.05090546515;-5699.13892362675;5.6958067667975;5.71375980576747;367.385627640879;365.48935367586;13369.1084886945;13408.853027273;50.1760363232042;0.465346534653465;150;150
215;159.450000000012;2.57999999999993;164.359999999986;NA;NA;-5685.02455256498;-5712.8724294292;5.71461059543473;5.74388023068265;365.579420632571;363.285334752214;13381.1197479745;13424.195620753;55.6957537284488;0.0396039603960396;150;150
216;167.919999999984;2.81999999999971;172.75;NA;NA;-5705.83499655028;-5730.32188747189;5.70310470497634;5.72239213690517;366.456549362535;364.590910402047;13427.5657648755;13466.2765736632;48.9737818432313;0.534653465346535;150;150
217;162.700000000012;2.60999999999967;166.889999999956;NA;NA;-5486.92863259713;-5509.6398926373;5.73032599793202;5.74863506583246;346.427268454476;344.707511078566;12879.5709628202;12915.5330117243;45.4225200803412;0.96039603960396;150;150
218;180.770000000019;2.8100000000004;186.039999999979;NA;NA;-5711.70961268528;-5735.63037837078;5.68982484327051;5.70453169315404;372.451639386721;370.73269816515;13472.294286647;13510.6798365476;47.8415313710029;0.772277227722772;150;150
219;167.100000000035;2.84999999999945;172.530000000028;NA;NA;-5567.48319540687;-5590.6279506958;5.76187682915348;5.78886331090861;347.178499371182;345.29820070741;13044.8126472143;13080.7585409772;46.2895105778571;0.97029702970297;150;150
220;157.050000000047;2.48000000000047;162.630000000005;NA;NA;-5629.83112012956;-5657.19117071209;5.73448512704464;5.7693308664391;351.80038844201;349.486212635893;13194.9337391658;13236.9234436964;54.7201011650595;0.198019801980198;150;150
221;183.890000000014;2.60000000000036;189.099999999977;NA;NA;-5756.47248612018;-5782.54593672356;5.66622201894723;5.68424996352591;383.680124828281;381.666190107287;13623.5884924636;13664.6566382333;52.1469012067464;0.099009900990099;150;150
222;165.380000000005;2.92000000000007;171.5;NA;NA;-5642.90890807215;-5670.76994608117;5.75593489472619;5.79775140795982;351.602612828349;349.171053658984;13220.0013415272;13262.3472891697;55.7220760180535;0.346534653465347;150;150
223;182.080000000016;2.77999999999975;188.140000000014;NA;NA;-5778.93950178543;-5800.52649127591;5.68633364013601;5.70049171258203;382.734667939218;381.096511573259;13663.3215182496;13697.4839172836;43.1739789809617;1;150;150
224;173.169999999984;2.77000000000044;178.050000000047;NA;NA;-5612.25412346514;-5641.8785191372;5.73438327977979;5.77280124340582;359.048583747203;356.557071225695;13199.6524300451;13245.1952866306;59.2487913441219;0.0891089108910891;150;150
225;162.610000000044;2.55999999999949;167.299999999988;NA;NA;-5653.28402675422;-5675.08234214084;5.70435393864941;5.72723521775725;363.924245279673;362.103628253662;13308.5334941094;13342.1148197362;43.5966307732469;0.97029702970297;150;150
226;167.030000000028;1.97999999999956;170.670000000042;NA;NA;-5716.30037788933;-5740.28967057139;5.70298002873454;5.72288560865535;373.490951158967;371.563448835309;13487.1931229973;13524.5684218569;47.978585364117;0.762376237623762;150;150
227;164.910000000033;2.30999999999949;169.099999999977;NA;NA;-5706.49756129767;-5730.38155576636;5.69874999954801;5.72822859603551;368.154443429732;365.875052091501;13438.2310943938;13473.460037791;47.7679889373758;0.366336633663366;150;150
228;177.280000000028;2.22000000000025;181.910000000033;NA;NA;-5737.81505068806;-5762.29674730502;5.66243164667782;5.67668154579949;378.782245288535;376.987432353767;13559.3301417461;13598.4201794277;48.9633932339093;0.138613861386139;150;150
229;166.099999999977;2.30000000000018;171.399999999965;NA;NA;-5682.48587184085;-5708.85598661704;5.68245709052896;5.69922078054577;370.917844232024;369.04255764688;13405.4093212442;13447.8335056763;52.7402295523807;0.0891089108910891;150;150
230;171.829999999958;2.82999999999993;177.869999999995;NA;NA;-5547.51991254858;-5573.91593064862;5.72921694890172;5.74848890743014;355.565251940258;353.671127077331;13051.022026052;13093.3943868253;52.7920362000841;0.633663366336634;150;150
231;167.539999999979;2.71000000000004;173.190000000002;NA;NA;-5692.42767776119;-5719.58240561239;5.6989729059979;5.71657582878489;372.743487263036;370.788987570397;13435.3358865356;13478.893541859;54.3094557023996;0.485148514851485;150;150
232;170.590000000026;2.63999999999942;176.5;NA;NA;-5704.99345452401;-5730.19709199143;5.73320218379118;5.75556720664614;363.233614407979;361.292029882526;13408.153154747;13447.8796762823;50.4072749348543;0.801980198019802;150;150
233;176.409999999974;2.67999999999938;183.690000000002;NA;NA;-5739.93011167121;-5768.18626848367;5.68020856050072;5.70090427750618;381.546714080322;379.387071450857;13578.76774454;13623.3997562495;56.5123136249113;0.267326732673267;150;150
234;177.390000000014;2.1899999999996;182.369999999995;NA;NA;-5700.23469239912;-5727.05128875411;5.6881857574063;5.70829572109781;376.849971355093;374.753350812947;13473.5398898001;13515.6394682432;53.6331927099782;0.386138613861386;150;150
235;196.349999999977;2.86000000000058;202.609999999986;NA;NA;-5688.76227498233;-5717.76143306188;5.69550974929196;5.71715078054143;374.439346626294;372.22222082165;13437.3340879936;13483.135884421;57.9983161590917;0.0297029702970297;150;150
236;195.25;2.56999999999971;201.449999999953;NA;NA;-5725.47683667357;-5751.9959460739;5.69656753203626;5.71501598967635;372.737049475407;370.645526903159;13501.3987897693;13542.93143849;53.0382188006606;0.257425742574257;150;150
237;172;2.5600000000004;178.780000000028;NA;NA;-5467.85495355498;-5494.51946775274;5.70912508143043;5.7342343415026;350.610937450853;348.480590242003;12864.4381767362;12906.0480587876;53.3290283955193;0.188118811881188;150;150
238;183.859999999986;2.57999999999993;190.890000000014;NA;NA;-5742.45769333157;-5766.59897105824;5.68761288907668;5.70565118769531;371.788628128037;369.850272292004;13530.1431899076;13567.7627531431;48.2825554533356;0.425742574257426;150;150
239;165.440000000002;2.8100000000004;172.440000000002;NA;NA;-5696.50495894328;-5722.95098498768;5.69593970751222;5.71600912401037;366.768884074136;364.874453244739;13410.6238585019;13453.0945520271;52.8920520888005;0.168316831683168;150;150
240;188.539999999979;3.06999999999971;196.359999999986;NA;NA;-5756.01373180669;-5778.7228569162;5.67553887164341;5.6909912726786;383.371247843274;381.587095585266;13620.9718361228;13656.5753757045;45.4182502190215;0.792079207920792;150;150
241;168.969999999972;2.88000000000011;178.550000000047;NA;NA;-5544.48096151911;-5569.96937860782;5.71573133053209;5.73567079201185;355.736664354354;353.800397092536;13045.88707224;13086.2124035505;50.9768341774216;0.366336633663366;150;150
242;181.450000000012;2.25999999999931;187.940000000002;NA;NA;-5672.15166668285;-5698.3093993958;5.66110649902399;5.67718731090418;375.697842991515;373.853294124635;13411.0359227246;13453.2044327528;52.3154654258833;0.217821782178218;150;150
243;160.919999999984;2.65999999999985;166.72000000003;NA;NA;-5638.36603630466;-5664.00415604402;5.70386348091856;5.72155674664374;365.735647234679;363.966224866269;13288.662125791;13330.2046844905;51.2762394787369;0.584158415841584;150;150
244;164.320000000007;3.10000000000036;170.760000000009;NA;NA;-5563.05374238396;-5587.98147318442;5.69899178099789;5.72006634728527;357.167292277543;355.279920513953;13090.902589593;13130.3755249036;49.8554616009133;0.564356435643564;150;150
245;187.169999999984;2.59000000000015;192.839999999967;NA;NA;-5703.53791867834;-5728.35111613392;5.66538465957;5.67869058476104;380.621648055231;378.972890668476;13500.8945241704;13541.45102239;49.6263949111672;0.435643564356436;150;150
246;177.22000000003;3.14000000000033;184;NA;NA;-5739.07520945884;-5763.46593143009;5.68443926101824;5.69946797177074;374.461516347643;372.664826103528;13538.0819136904;13576.9796749082;48.7814439424928;0.574257425742574;150;150
247;177.76999999996;2.23999999999978;183.159999999974;NA;NA;-5747.68570633002;-5773.64364396409;5.68256365158195;5.69690815873142;373.160006346184;371.349932495609;13548.1432359426;13590.1018045988;51.9158752681324;0.693069306930693;150;150
248;168.270000000019;2.47000000000025;173.510000000009;NA;NA;-5623.88253513808;-5651.83339727115;5.7048954364632;5.72920610497378;362.783806523106;360.668579369739;13243.4569003458;13287.7226544479;55.9017242661448;0.138613861386139;150;150
249;164.559999999998;2.38000000000011;170.309999999998;NA;NA;-5692.16666417367;-5715.2379066539;5.72691795261866;5.74730432191596;360.184686726841;358.395332443719;13365.7272706681;13402.0264283915;46.1424849604555;0.891089108910891;150;150
250;155.97000000003;2.14000000000033;160.649999999965;NA;NA;-5640.29180528969;-5664.07323755312;5.72657358728793;5.74191747897322;356.455944184004;354.749521950455;13241.465554031;13279.6413046654;47.5628645268589;0.762376237623762;150;150
