1;11.2700000000004;0.480000000000018;11.8899999999994;NA;NA;-257.026609550763;-275.297620834261;3.29671358439077;9.76276308634088;6.8100348687199;2.37786187720672;536.359761856241;558.38402376013;36.5420225669953;0.0099009900990099;7;7
2;11.869999999999;0.659999999999968;12.6999999999971;NA;NA;-289.889950403854;-307.813468852055;3.40264887256452;4.69313758079788;9.57430892823025;6.20336346862217;612.344015265629;636.725801291087;35.8470368964036;0.0198019801980198;9;9
3;12.6599999999999;0.490000000000009;13.3100000000013;NA;NA;-290.55053375688;-312.082761899562;3.36201214126385;6.04327833877902;8.49251723193213;4.26408703487937;609.485657656757;638.4174068997;43.0644562853647;0.0297029702970297;8;8
4;12.6900000000023;0.480000000000018;13.3400000000001;NA;NA;-264.658626678166;-286.147864063974;3.28083792929091;7.43775148888761;7.29142885087284;3.2395017640486;553.200621435993;582.906846278847;42.9784747716159;0.0099009900990099;7;7
5;9.59000000000015;0.360000000000014;10.1500000000015;NA;NA;-260.847808252557;-274.812191195261;3.10772256139668;4.14398506639981;6.28235324351346;3.45487979726334;541.216798177259;560.359744374096;27.9287658854075;0.0198019801980198;5;5
6;16.9500000000007;0.700000000000045;17.8899999999994;NA;NA;-284.634834389599;-323.234744784065;3.51139526862769;14.5337346506143;10.6670999611105;2.60350220639778;606.620868420735;655.58573775488;77.1998207889335;0.0099009900990099;11;11
7;10.8199999999997;0.360000000000014;11.2700000000004;NA;NA;-268.728866081768;-287.793993759069;3.35721800029201;4.0832000769392;8.15817400774829;5.05252323168107;564.724844987811;592.475065542542;38.1302553546016;0.0099009900990099;8;8
8;12.6000000000022;0.560000000000059;13.4599999999991;NA;NA;-313.401696627068;-333.647652161285;3.49672057349045;6.60073822835671;9.23512196763249;5.01924432811744;658.213865909779;684.366744989285;40.4919110684326;0.0198019801980198;9;9
9;13.1900000000023;0.649999999999977;13.9799999999996;NA;NA;-321.552397491788;-354.423112492409;3.5071823080855;8.79011238369121;11.6584425263882;5.07337210132825;683.927213063473;726.61080344601;65.741430001243;0.0198019801980198;11;11
10;11.380000000001;0.360000000000014;11.9500000000007;NA;NA;-266.833273382611;-291.13033084528;3.40273691879336;9.44739930111848;8.66912796583861;3.3540916894705;563.151962103927;593.668589562641;48.5941149253372;0.0198019801980198;9;9
11;10.8899999999994;0.450000000000045;11.510000000002;NA;NA;-263.571793518844;-282.846063109049;3.31852585680228;12.6152958498308;6.19215237508108;2.49305425331087;547.426230865681;573.858225564628;38.5485391804089;0.0594059405940594;7;7
12;11.2299999999996;0.379999999999995;11.7700000000004;NA;NA;-253.46638129058;-273.143636365118;3.2275002041196;7.37070125220239;5.96299488920907;2.41048270423934;526.005192001501;553.997116877303;39.3545101490765;0.0198019801980198;6;6
13;10.2900000000009;0.450000000000045;10.9700000000012;NA;NA;-263.796118823784;-277.584679174258;3.28309767989204;4.32893079102517;7.07077417807942;4.62230819606485;550.752842483342;570.309914511391;27.5771207009483;0.0099009900990099;7;7
14;16.3100000000013;0.5;17.0799999999981;NA;NA;-318.817190930503;-347.584223503134;3.54377654144245;6.43477642477826;12.296602881034;6.56494697750151;680.691339309298;718.15582371472;57.5340651452607;0.0198019801980198;11;11
15;11.0600000000013;0.580000000000041;11.8099999999977;NA;NA;-247.497420399745;-266.714906782255;3.28228166126336;4.99022033766874;7.73346058543412;4.19621758577521;520.326101581026;547.174692818379;38.4349727650205;0.0099009900990099;7;7
16;7.5;0.259999999999991;7.79999999999927;NA;NA;-234.958533003784;-244.650378776045;3.10669244577273;5.45922842180994;4.29820885779917;2.61191912536136;483.272907795762;497.416784426537;19.3836915445219;0.178217821782178;5;5
17;12.2199999999975;0.399999999999977;12.7799999999988;NA;NA;-266.106888857185;-287.850596611057;3.38449644165784;6.09040288576873;8.13331579723978;4.2957833677364;559.397806795898;590.05901516186;43.4874155077445;0.0198019801980198;8;8
18;14.7900000000009;0.700000000000045;15.6699999999983;NA;NA;-269.479700660019;-287.788834755298;3.24442444282167;6.93116781994532;6.18277041902018;2.9029796734039;558.734775042449;584.86274789124;36.6182681905592;0.0099009900990099;6;6
19;13.6399999999994;0.639999999999986;14.4300000000003;NA;NA;-288.882947048024;-312.140791572089;3.40548590866235;9.62627019428063;7.55725448946467;2.90264390529809;602.519984732473;633.789309847994;46.5156890481297;0.0099009900990099;7;7
20;17.8899999999994;0.780000000000086;18.9799999999996;NA;NA;-351.351283471112;-396.202676625936;3.64105873532705;12.906886908831;14.0165769770054;3.77566277209431;753.472203247921;806.081233323494;89.7027863096481;0.0297029702970297;14;14
21;14.5999999999985;0.639999999999986;15.5400000000009;NA;NA;-296.009445519611;-320.387894754037;3.51545686169358;8.27411337196958;9.44370753835904;4.51781995422789;624.138804391872;656.141786907216;48.7568984688527;0.0297029702970297;9;9
22;10.1500000000015;0.519999999999982;10.8300000000017;NA;NA;-249.647076523506;-271.882162857874;3.27827643461048;7.52939449764651;6.72910804809191;2.65052613405009;521.335616750131;552.446230532895;44.4701726687354;0.0198019801980198;7;7
23;11.4099999999999;0.5;12.1700000000019;NA;NA;-293.925282854746;-315.650217129628;3.34242324414405;6.77953215934146;8.22275049455952;3.96632463251979;615.333512904302;644.557104336396;43.4498685497632;0.0297029702970297;8;8
24;9.57999999999811;0.279999999999973;9.93999999999869;NA;NA;-260.387952621162;-281.730816280651;3.3099388839557;9.09218787703842;6.54413538534765;2.56256543127547;542.211483558731;571.855418563347;42.6857273189772;0.0198019801980198;7;7
25;10.4700000000012;0.269999999999982;10.7700000000004;NA;NA;-256.083834885764;-275.317641118776;3.48694798688567;6.18182593666256;6.52744194250405;3.61168249115958;533.984377251794;562.706629806061;38.4676124660244;0.0099009900990099;8;8
26;11.7200000000012;0.529999999999973;12.4300000000003;NA;NA;-249.022241928034;-267.927125801083;3.22155451906468;5.00724089707552;6.33617839460691;3.19823767883698;518.310527592669;546.083702328258;37.8097677460979;0.0099009900990099;6;6
27;11.6899999999987;0.310000000000059;12.2200000000012;NA;NA;-269.380735739484;-294.625747709607;3.41195755366945;5.91040323843575;8.74903129547103;4.66637943317459;568.518653813205;605.122772929169;50.4900239402448;0.0198019801980198;9;9
28;19.3900000000031;0.719999999999914;20.260000000002;NA;NA;-317.100818306121;-354.261657843824;4.43629168622884;18.9238819518291;8.52430675357966;2.17534262330198;663.643549100593;716.036682932502;74.3216790754057;0.0099009900990099;10;10
29;10.880000000001;0.469999999999914;11.4399999999987;NA;NA;-261.373772842985;-281.729481396438;3.44267869675608;7.39276238862122;6.16677431276666;2.44845205592528;542.471756425152;571.290250575837;40.7114171069044;0.0099009900990099;6;6
30;15.869999999999;0.6099999999999;16.7999999999993;NA;NA;-272.511616363294;-302.315876082751;3.49792459126546;8.89687675632429;9.96042521198702;3.50695397376826;579.425322646093;616.744342078224;59.6085194389133;0.0099009900990099;10;10
31;11.3899999999994;0.5;12.0499999999993;NA;NA;-275.844211873419;-295.643244138546;3.20891302205962;7.19672684229408;7.13979495473487;3.52537127139056;574.524806785892;602.562264292895;39.5980645302539;0.0198019801980198;6;6
32;12.4300000000003;0.6099999999999;13.1699999999983;NA;NA;-277.343629943652;-303.816525568004;3.41900169411821;10.7667865892557;8.30697390323718;3.00799299066469;582.45170747481;617.686683747077;52.945791248703;0.0099009900990099;8;8
33;12.6399999999994;0.470000000000027;13.2299999999996;NA;NA;-275.384584883934;-304.352993548885;3.46026925077211;11.8525417519504;9.0877797493107;3.42874691094641;582.157249036633;620.548459384963;57.9368173299021;0.0099009900990099;10;10
34;10.75;0.310000000000059;11.25;NA;NA;-277.686648111648;-296.531637135254;3.50418702321882;8.21325395628167;7.73573855022847;3.69278286256514;581.684069925557;605.623157673712;37.6899780472119;0.0495049504950495;9;9
35;13.5400000000009;0.620000000000005;14.3899999999994;NA;NA;-309.528830498804;-346.941972212384;3.40339105593419;19.8833967061341;9.36798418096457;1.90629124514188;650.920024265357;700.367617216431;74.8262834271607;0.0198019801980198;9;9
36;16.9000000000015;0.440000000000055;17.6299999999974;NA;NA;-306.123764936906;-332.70348161151;3.48422133341697;10.2963809100607;9.83157577700856;3.59456882792097;646.204589610985;677.822164121388;53.1594333492078;0.0297029702970297;10;10
37;5.38999999999942;0.189999999999941;5.61999999999898;NA;NA;-209.562491209105;-221.259303442543;2.85629314817941;2.42406679336216;3.21286763740892;1.5239116271138;428.287731480032;446.864637100915;23.3936244668762;0.0198019801980198;3;3
38;17.5800000000017;0.670000000000073;18.5499999999993;NA;NA;-327.883126401402;-370.520432906505;3.69557476105354;12.5048337771476;13.9028009732258;4.6411460525709;706.123779479903;757.851624781994;85.2746130102062;0.0099009900990099;14;14
39;11.6099999999969;0.529999999999973;12.3600000000006;NA;NA;-261.577047837747;-280.888024439634;3.35224607453218;5.18356416782838;7.95672473609621;4.32179257985883;549.747903417861;576.220801561204;38.6219532037728;0.0099009900990099;8;8
40;13.1500000000015;0.509999999999991;13.8300000000017;NA;NA;-267.292574800566;-283.452566703197;3.37173288705523;8.83027112114791;6.22662659110505;2.42119315349849;554.980715108456;574.835848834008;32.3199838052624;0.0198019801980198;7;7
41;9.84000000000015;0.440000000000055;10.4500000000007;NA;NA;-253.28048677479;-283.377576561036;3.41040370275294;12.8806014431741;7.89312407240383;2.51700639712903;533.407046477775;575.315988689614;60.194179572491;0.0099009900990099;9;9
42;13.4200000000019;0.419999999999959;14.0499999999993;NA;NA;-303.967610154602;-329.876811232242;3.48460383585478;6.90455762834071;11.0812866304572;6.00647151470359;646.208628418932;680.499240121358;51.8184021552787;0.0198019801980198;10;10
43;11.0099999999984;0.400000000000091;11.5299999999988;NA;NA;-260.037946325904;-279.017823485009;3.275774441088;5.0116031405974;7.04613368365973;3.31347155611179;543.155786558363;568.889056146003;37.95975431821;0.0396039603960396;7;7
44;12.6299999999974;0.360000000000014;13.119999999999;NA;NA;-304.701149498068;-331.014860394866;3.46238145325476;7.45859429128149;9.47574661530935;4.54011790854726;642.130368348236;677.710732514715;52.6274217935953;0.0396039603960396;10;10
45;15.8300000000017;0.799999999999955;16.8899999999994;NA;NA;-280.754304707021;-303.687645454983;3.44516289345056;8.94072812356985;8.3122798811258;2.95711206601162;589.78031398137;617.433012726166;45.8666814959241;0.0198019801980198;9;9
46;15.75;0.560000000000059;16.7099999999991;NA;NA;-280.876146350401;-307.647408510689;3.56374507554371;7.65746378005995;10.7876392451323;4.81284269015771;599.994888263113;632.356529257238;53.5425243205757;0.0099009900990099;12;12
47;13.489999999998;0.480000000000018;14.2200000000012;NA;NA;-262.069614306209;-287.620678415037;3.34184268259821;12.1588370147187;7.59566422316423;2.67388431882416;549.0191318744;583.999772319689;51.1021282176553;0.0099009900990099;7;7
48;8.12000000000262;0.209999999999923;8.40999999999985;NA;NA;-226.944965400107;-240.569956821569;3.19837515576346;4.24039724750216;5.59806302039934;3.78958940456187;471.795138473694;493.260782064706;27.2499828429249;0.0396039603960396;6;6
49;12.869999999999;0.5;13.5;NA;NA;-260.029174875017;-284.581591627167;3.34379127381175;7.55857397276893;7.95044442159406;3.25555879121523;546.631166760413;580.044256492269;49.1048335043006;0.0099009900990099;8;8
50;11.6700000000019;0.559999999999945;12.4099999999999;NA;NA;-288.850428411035;-312.49518487166;3.35264528229307;10.0372217160448;7.53481804809236;2.9583995925558;602.884523367132;634.878246049084;47.2895129212494;0.0099009900990099;8;8
51;11.6900000000023;0.389999999999986;12.2700000000004;NA;NA;-278.571389800848;-296.338358342495;3.40386823689903;4.24350849305279;9.53786357946463;6.81570930473752;589.582936234822;615.858289326433;35.5339370832925;0.0198019801980198;9;9
52;8.72000000000116;0.420000000000073;9.20000000000073;NA;NA;-241.831721745894;-259.440060945836;3.10819020944168;4.10862844111564;5.63966877937326;3.22536350253382;501.187609126144;528.902306963272;35.2166783998832;0.0198019801980198;5;5
53;15.1800000000003;0.689999999999941;16.1100000000006;NA;NA;-278.717937949119;-301.005982500834;3.34530553599233;7.44225013794772;7.79014350630179;2.89089244796401;583.472918219459;611.674211782212;44.5760891034301;0.0099009900990099;8;8
54;12.5900000000001;0.540000000000077;13.369999999999;NA;NA;-284.71681633934;-308.23793788841;3.43328929133212;7.2656632358338;8.84875055595998;4.50865060495691;599.529979900593;631.81068640923;47.0422430981401;0.0198019801980198;9;9
55;10.2700000000004;0.230000000000018;10.5600000000013;NA;NA;-271.054610686974;-286.554412453193;3.19930110532104;4.64859319627658;6.43079831120762;3.38829825492835;562.677903585787;583.946177700221;30.9996035324391;0.0198019801980198;6;6
56;16.7900000000009;0.590000000000032;17.6399999999994;NA;NA;-322.783009280255;-355.654466047713;3.59867788011434;8.63898989731098;12.6095902537976;5.32711774492888;690.772153317333;730.406967622012;65.7429135349162;0.0297029702970297;13;13
57;11.7700000000004;0.529999999999973;12.5200000000004;NA;NA;-273.875361594739;-297.200308200286;3.36629572002164;9.47057950738237;7.86609864465998;3.15910856365046;573.516445261749;604.74840339437;46.6498932110943;0.0099009900990099;7;7
58;16.4900000000016;0.530000000000086;17.1800000000003;NA;NA;-305.498462817556;-345.173446954797;3.61080534354145;14.0048314355108;11.9188530209132;3.45571005970268;653.726726125488;702.73582102738;79.3499682744832;0.0099009900990099;13;13
59;12.2299999999996;0.480000000000018;12.9399999999987;NA;NA;-248.937302585829;-266.792886831559;3.20283434166819;4.17769822511561;7.01312239560664;4.16624183596203;520.305830485716;546.911351638752;35.7111684914609;0.0099009900990099;6;6
60;10.8900000000031;0.439999999999941;11.5599999999977;NA;NA;-245.464068364419;-264.69539379739;3.57573471937918;6.26471124190643;5.65452046023983;2.92543556070171;509.013921537905;538.747690341119;38.4626508659425;0.0099009900990099;6;6
61;12.5400000000009;0.580000000000041;13.5;NA;NA;-315.536310331824;-338.269747426275;3.47695585997514;7.14083294473601;10.4830259301979;5.40147722558403;667.279709518164;695.195536262214;45.4668741889003;0.0099009900990099;10;10
62;16;0.689999999999941;16.9799999999996;NA;NA;-309.374044408751;-337.727513995771;3.51216869700623;6.95397721512973;11.0990278391109;5.71958934838663;657.611698060595;695.482357293606;56.7069391740401;0.0099009900990099;11;11
63;17.0099999999984;0.530000000000086;17.9399999999987;NA;NA;-289.996559767595;-333.899872059863;3.53003523052344;16.4001305751715;11.2326281382391;2.66736402329315;619.324534598338;677.139606548492;87.8066245845348;0.0198019801980198;11;11
64;10.7799999999988;0.549999999999955;11.5800000000017;NA;NA;-276.284243302143;-293.040442174143;3.20984942712991;7.10818738958278;6.44964681939672;2.8679004290602;573.19745510662;595.253762999718;33.5123977440014;0.0297029702970297;6;6
65;14.8300000000017;0.620000000000005;15.630000000001;NA;NA;-288.48297266287;-312.230944794;3.42279317255643;8.84773935338048;9.26108620799736;3.8920578213075;608.464727487728;637.699546459108;47.4959442622596;0.0198019801980198;9;9
66;10.6100000000006;0.330000000000041;11.0299999999988;NA;NA;-272.074341606084;-286.611127207561;3.2064522131192;4.3675392345147;6.21806304474291;3.53604112665654;564.036939156628;584.532157587708;29.0735712029527;0.0198019801980198;6;6
67;14.4300000000003;0.550000000000068;15.2400000000016;NA;NA;-289.731165624474;-320.009823180837;3.42918576439836;20.3525503169861;7.52456554820117;1.76580548680153;604.611730803503;645.921508394601;60.5573151127275;0.0099009900990099;8;8
68;11.8499999999985;0.42999999999995;12.2999999999993;NA;NA;-311.321036710177;-336.876293399348;3.46646921667118;6.91380214480303;10.1902164685508;4.96117849102114;657.837834222655;690.887890254358;51.1105133783423;0.0099009900990099;10;10
69;13.4300000000003;0.450000000000045;14.1599999999999;NA;NA;-318.234451390216;-341.684628280981;3.51138356542803;8.30720939846587;9.26522677253647;4.10829909805706;668.46986235491;697.558818953083;46.9003537815306;0.0396039603960396;10;10
70;10.7400000000016;0.67999999999995;11.5900000000001;NA;NA;-259.509984250466;-277.583202865601;3.27747115186607;6.97264430470963;6.61912883100091;2.99590944176419;540.701190860875;564.979627445957;36.1464372302701;0.0099009900990099;7;7
71;12.1899999999987;0.410000000000082;12.6900000000023;NA;NA;-266.64271551068;-286.813766456461;3.30358092259733;5.88415002184229;7.04430129778731;3.73515109929573;556.359322874387;585.862170370428;40.3421018915627;0.0099009900990099;7;7
72;9.64999999999782;0.399999999999977;10.2800000000025;NA;NA;-256.097938154007;-274.520473725439;3.19821356315292;8.62436203996523;5.86618434308918;2.50687265975717;530.958660601651;557.059091480405;36.845071142864;0.0099009900990099;6;6
73;20.0600000000013;0.730000000000018;21.3400000000001;NA;NA;-338.813788463716;-379.830456024942;4.30802015565197;10.6737851345385;13.1249425722992;4.86732049202297;725.167611988913;777.29090056767;82.0333351224523;0.0099009900990099;14;14
74;11.9900000000016;0.600000000000023;12.9599999999991;NA;NA;-274.997425538989;-291.973648206281;3.39223681296824;4.93127637233743;8.15637185919981;5.10347075825024;577.255940570593;601.004656653766;33.9524453345823;0.0099009900990099;8;8
75;9.91999999999825;0.360000000000014;10.4199999999983;NA;NA;-240.807162108213;-261.069689917685;3.20402434657941;5.69933113467839;6.5665553975726;3.08062685531381;502.617220694102;531.992656479076;40.5250556189443;0.0198019801980198;6;6
76;11.4699999999975;0.5;12.130000000001;NA;NA;-263.667890351467;-285.26104850069;3.35404736979745;5.00440545759483;8.01283983091896;4.88076330233814;554.117142255776;586.835100806771;43.1863162984474;0.0198019801980198;8;8
77;9.39999999999782;0.259999999999991;9.79000000000087;NA;NA;-263.034762771397;-276.500576184221;3.23865796251108;5.25343202999272;5.7200488997892;3.49086716217616;544.364900760968;564.166568204515;26.9316268256481;0.0198019801980198;6;6
78;9.31999999999971;0.379999999999995;9.77000000000044;NA;NA;-258.07566192893;-270.884562167256;3.19843506333306;4.81000482995915;5.89324945234141;3.21983485159734;535.000674951494;552.067652858053;25.6178004766532;0.0198019801980198;6;6
79;14.8600000000006;0.700000000000045;15.8199999999997;NA;NA;-308.404425556279;-331.363831809185;3.48292239088046;6.27871835036413;9.84280447199371;5.28013626805398;650.80469338826;680.964608208067;45.918812505811;0.0099009900990099;10;10
80;11.8899999999994;0.289999999999964;12.3300000000017;NA;NA;-277.489662211721;-296.477907882746;3.33370631229571;5.42785700110125;7.29388393374976;4.3131034669409;578.870734225681;607.083559418133;37.9764913420489;0.0099009900990099;7;7
81;17.1100000000006;0.690000000000055;17.9799999999996;NA;NA;-296.456899498304;-334.63812529537;3.54262741840167;14.549337982677;10.8487758514941;2.95736979276026;630.901142714466;679.631577713009;76.3624515941317;0.0198019801980198;11;11
82;10.3600000000006;0.419999999999959;10.8899999999994;NA;NA;-246.89905165723;-260.707627391687;3.28168822433997;3.81657614216131;6.94899697971503;4.65910097450506;516.559822045504;536.676327169904;27.6171514689127;0.0297029702970297;7;7
83;13.1699999999983;0.470000000000027;13.9900000000016;NA;NA;-261.409518407548;-280.191896445826;3.35705862313388;5.11847960881101;7.52419993911376;4.26044782730436;547.967214392255;574.623512647409;37.5647560765556;0.0099009900990099;8;8
84;10.9699999999975;0.329999999999927;11.3900000000031;NA;NA;-287.017849845035;-319.616730350228;3.45759852115285;13.739612415601;9.11054848448402;2.94602052304655;605.502419384128;649.408655110489;65.1977610103875;0.0099009900990099;10;10
85;14.3300000000017;0.5;15.0900000000001;NA;NA;-247.154722809398;-271.484808114459;3.27834963130503;9.10837169496696;7.29627228153554;2.78288214230107;518.20867855014;552.085058467503;48.660170610122;0.0099009900990099;7;7
86;8.36999999999898;0.329999999999927;8.83000000000175;NA;NA;-236.261437616935;-249.045979883008;2.99681082792699;3.31098096944088;4.8661987765481;3.18521633029502;487.100703958304;507.634015124931;25.5690845321452;0.0198019801980198;4;4
87;7.79999999999927;0.360000000000014;8.48999999999796;NA;NA;-249.300422723036;-262.718792097446;3.00123422297606;3.76426702882767;4.24368389236802;2.62238188757102;511.3137862412;533.293538249072;26.83673874882;0.0099009900990099;4;4
88;10.0200000000004;0.450000000000045;10.6699999999983;NA;NA;-222.983943694244;-237.210698712435;3.10759190185311;5.11494486687667;5.64784359371951;3.42353208489711;463.517454656563;485.059352534876;28.4535100363835;0.0099009900990099;5;5
89;14.25;0.419999999999959;14.8899999999994;NA;NA;-275.765076748797;-305.971426433735;3.53396467077398;8.78703151756289;10.4882015240952;3.8868752505216;588.254934406686;625.55287377224;60.4126993698753;0.0198019801980198;11;11
90;10.9199999999983;0.450000000000045;11.5300000000025;NA;NA;-263.622567091371;-284.090143392062;3.28422852689524;7.48419118669186;7.32446910412405;3.38807702331654;551.236726939072;579.278069164654;40.9351526013814;0.0198019801980198;7;7
91;9.79000000000087;0.360000000000014;10.3899999999994;NA;NA;-236.382814707834;-252.207804445561;3.10868286122404;7.8760124600795;4.73408690976953;1.35166989287421;487.475876839713;508.615658222447;31.6499794754538;0.0198019801980198;5;5
92;16.1699999999983;0.670000000000073;17;NA;NA;-315.750542043929;-348.264172655416;3.52194566774374;10.8908791287046;10.7612814595807;3.82063949661753;668.669233493373;709.724366636756;65.0272612229752;0.0198019801980198;10;10
93;14.1000000000022;0.809999999999945;15.130000000001;NA;NA;-266.607761002449;-288.702435258506;3.27508822371198;8.29029511313054;7.36099761214328;2.63255005968417;557.326765356504;586.02789398052;44.1893485121147;0.0198019801980198;7;7
94;9.88000000000102;0.529999999999973;10.5900000000001;NA;NA;-252.591423779603;-268.921677690168;3.22806715361353;5.52032082235402;6.36257896037155;3.4447240209892;525.533332576834;548.861184002286;32.6605078211292;0.0198019801980198;6;6
95;10.1900000000023;0.469999999999914;10.75;NA;NA;-269.607178244367;-296.218557840612;3.35680454650869;10.878380102811;6.9529700778981;2.46115951964446;562.453309151155;600.663063575562;53.2227591924894;0.0198019801980198;8;8
96;5.79999999999927;0.25;6.20999999999913;NA;NA;-248.41164776478;-256.502277381501;2.85244123342212;2.95144122939296;3.21393502666547;1.93394026203771;505.98908866945;518.519942049822;16.1812592334404;0.0099009900990099;3;3
97;9.15999999999985;0.419999999999959;9.79000000000087;NA;NA;-256.791224036293;-275.710600090758;3.13339609315828;6.63480940477371;5.45524177143964;2.343229506938;530.533542918406;558.702326716656;37.8387521089302;0.0297029702970297;5;5
98;15.2200000000012;0.700000000000045;16.2900000000009;NA;NA;-289.957450633284;-316.639821400252;3.45432180645154;10.7006661324219;8.78421635321721;2.96530642893564;609.791754927085;643.365235262427;53.3647415339366;0.0099009900990099;9;9
99;14.3199999999997;0.709999999999923;15.1499999999978;NA;NA;-310.73602054175;-342.793930006175;3.59775939252937;10.4509686583763;11.1192273577542;4.4314088246728;661.335135776446;701.47472552175;64.1158189288499;0.0099009900990099;13;13
100;10.9000000000015;0.349999999999909;11.4099999999999;NA;NA;-291.294334566014;-322.696397737909;3.41585488561583;13.3574125807896;9.18386030618055;2.94499891438501;613.824790758959;655.409318072421;62.8041263437901;0.0099009900990099;9;9
101;10.7400000000016;0.420000000000073;11.3400000000001;NA;NA;-273.188842564505;-294.392116140569;3.27910061960859;8.26218111430881;7.44581476273281;3.05448721179262;570.766750464268;598.789327834546;42.406547152128;0.0198019801980198;7;7
102;12.1200000000026;0.549999999999955;12.9500000000007;NA;NA;-295.843400761031;-312.560996417939;3.33539102009943;4.77321718478998;8.32540489568532;5.37356836520143;618.956999668762;642.723331859019;33.435191313815;0.0198019801980198;7;7
103;10.0099999999984;0.3599999999999;10.5;NA;NA;-282.00221531886;-297.527233778529;3.1985329893072;6.09077360837126;5.66410114689976;2.89909396524161;582.120858936093;604.327117636814;31.0500369193389;0.0099009900990099;6;6
104;11.0099999999984;0.3900000000001;11.5599999999977;NA;NA;-286.853064305921;-307.567505088794;3.47714708025021;6.1260604738117;6.97695797092315;3.79465017711342;597.025256149782;627.817891715752;41.428881565745;0.0198019801980198;8;8
105;13.7700000000004;0.649999999999977;14.4599999999991;NA;NA;-318.595797355273;-356.221802011368;3.55347374950913;9.02434914729521;12.9982925379201;5.55274987357378;683.271041124421;732.128315649477;75.2520093121883;0.0198019801980198;12;12
106;12.6700000000019;0.669999999999959;13.5699999999997;NA;NA;-283.171106517825;-307.571131564037;3.47401656615628;8.88540218748317;9.63695744335967;4.87562389404904;599.627084861998;631.982071474298;48.800050092423;0.0099009900990099;10;10
107;17.4200000000019;0.790000000000077;18.4400000000023;NA;NA;-335.069421803989;-373.450677766823;3.77195488870416;11.6634075820667;12.298973446017;4.13999225038891;713.739176974694;761.577787111034;76.762511925668;0.0198019801980198;12;12
108;11.3199999999997;0.439999999999941;11.8600000000006;NA;NA;-264.552537548052;-281.768690185326;3.70776642075094;9.0074768812948;5.99712306102148;2.88831709171337;548.74889257205;572.998179021099;34.4323052745486;0.0099009900990099;7;7
109;9.94999999999709;0.3900000000001;10.5099999999984;NA;NA;-282.789661819631;-299.397862907994;3.2756320917771;4.38177816474778;7.16820244156921;4.24069423416795;589.059058665549;612.686290118183;33.2164021767262;0.0198019801980198;7;7
110;11.3400000000001;0.419999999999959;11.9799999999996;NA;NA;-279.941400996368;-307.663357696759;3.34449760319033;9.56323582051041;8.51227976102289;3.09226773316401;588.333444552598;625.662019970617;55.4439134007825;0.0396039603960396;8;8
111;14.0499999999993;0.480000000000018;14.7200000000012;NA;NA;-315.795871284963;-357.75262098886;3.83305785249431;16.0065392865161;11.5322328580252;3.25162010371268;672.473951095655;727.032360165758;83.9134994077941;0.0099009900990099;12;12
112;12;0.580000000000041;12.7299999999996;NA;NA;-268.867865684679;-293.715661114419;3.41212029736501;12.0558849279482;7.89540426759161;2.87711264927328;564.124587350269;597.047512707416;49.6955908594806;0.0099009900990099;8;8
113;11;0.549999999999955;11.9399999999987;NA;NA;-270.32015884367;-287.116262389781;3.19863336224245;5.46363023752884;6.88022440071108;3.68979783216083;562.646473439066;586.034213366713;33.5922070922219;0.0099009900990099;6;6
114;13.0300000000025;0.57000000000005;13.8100000000013;NA;NA;-329.306063666266;-371.431371183621;3.50869154139509;14.7190684805842;11.6908980810801;3.37927165965553;699.548189599435;754.695372685037;84.2506150347089;0.0198019801980198;11;11
115;14.3899999999994;0.5;15.1100000000006;NA;NA;-273.896846372699;-303.804785888919;3.4265923227106;10.8891540048921;8.83453628469005;2.58989962866984;577.841694425086;616.418331613637;59.8158790324389;0.0198019801980198;9;9
116;17.9000000000015;0.5;18.7200000000012;NA;NA;-321.400168702396;-358.04535331332;3.57397743029801;12.2937673928097;11.5460614451931;3.3638175250753;683.229249450722;727.869223786397;73.2903692218463;0.0099009900990099;11;11
117;11.3199999999997;0.389999999999986;11.8300000000017;NA;NA;-280.595677237429;-308.734134767066;3.46025325598105;10.6902995652241;9.03068990095014;3.34681198599633;592.382252392927;629.027748616146;56.276915059275;0.0198019801980198;10;10
118;11.619999999999;0.319999999999936;12.1399999999994;NA;NA;-258.99543821259;-283.246182951223;3.27871035865684;8.76024453307568;7.28786868767593;2.95481549639643;541.862583047286;576.170982748508;48.5014894772665;0.0099009900990099;7;7
119;10.2200000000012;0.409999999999968;10.8600000000006;NA;NA;-260.29310022441;-275.177248496873;3.10700543469088;4.4530091663807;5.55786547748909;3.17945037040023;537.856178351993;560.234016003957;29.7682965449261;0.0396039603960396;5;5
120;12.380000000001;0.480000000000018;13.1699999999983;NA;NA;-278.883427999206;-302.649069863293;3.29395002085239;9.82887080029692;7.62956692211299;3.02254746566254;582.757808912588;615.198615358605;47.5312837281739;0.0198019801980198;7;7
121;9;0.419999999999959;9.47000000000116;NA;NA;-252.52410723325;-268.523570571293;3.10834632114198;3.96315664949327;6.05733268371547;3.431444092159;523.870188842028;547.709681264793;31.9989266760856;0.0198019801980198;5;5
122;8.11000000000058;0.309999999999945;8.54999999999927;NA;NA;-266.578537844123;-280.552594238255;3.15196655057377;5.77706885198195;4.61220497485947;2.59711934469281;547.488598882419;569.175227932559;27.9481127882641;0.0495049504950495;5;5
123;12.5199999999968;0.529999999999973;13.1899999999987;NA;NA;-274.07576740286;-295.933496993353;3.40349956077937;6.66844419722653;9.15987879469956;4.54917339804377;579.306090578594;607.339630636859;43.7154591809856;0.0198019801980198;9;9
124;11.5;0.419999999999959;12.130000000001;NA;NA;-286.619640052957;-316.171025985115;3.35471248520968;13.9649392114101;7.8659430610057;2.24083908647567;599.529667723297;639.831621588867;59.1027718643174;0.0099009900990099;8;8
125;12.3799999999974;0.470000000000027;12.9900000000016;NA;NA;-304.51040240084;-323.981213892344;3.36475156150242;5.71774061219672;9.06312277076331;5.19662355609584;639.312533183049;665.331133168365;38.9416229830086;0.0099009900990099;8;8
126;11.8499999999985;0.449999999999932;12.4700000000012;NA;NA;-294.880328342065;-320.104145086495;3.56842403223302;7.48757990679593;10.0990577128788;5.02505011031127;625.122837801806;657.803667601086;50.4476334888604;0.0099009900990099;11;11
127;14.3199999999997;0.550000000000068;14.9700000000012;NA;NA;-286.105900363579;-313.915936031959;4.175939057097;16.6253673673555;6.88031196302144;1.73895227575757;595.613099760806;633.74639199106;55.6200713367601;0.0198019801980198;9;9
128;10.7700000000004;0.549999999999955;11.5599999999977;NA;NA;-268.293082678284;-288.671599443774;3.59707308393254;9.39319272468248;6.50610501360334;2.69786427727709;557.89717366274;586.180161694291;40.7570335309797;0.0099009900990099;7;7
129;13.0799999999981;0.560000000000059;13.8100000000013;NA;NA;-295.894637139373;-318.55676137;3.45086294099395;7.90401955561636;8.59145042112698;3.51266735784387;620.504529400118;648.853931447821;45.3242484612543;0.0396039603960396;8;8
130;12.4699999999975;0.42999999999995;13.1599999999999;NA;NA;-310.505694064069;-342.232271552655;3.48079780070419;8.68002574768399;11.4660965970286;4.64410738098507;660.61388277686;700.504721743889;63.4531549771704;0.0198019801980198;10;10
131;10.0400000000009;0.280000000000086;10.3899999999994;NA;NA;-249.748321315647;-270.537783324703;3.19737035375129;8.3609088333427;6.78087409211616;2.92844325038723;521.185029915366;550.442089385416;41.5789240181126;0.0099009900990099;6;6
132;11.6399999999994;0.360000000000014;12.2000000000007;NA;NA;-281.945946424446;-308.935622662736;3.54559216482392;6.70442970782236;10.7910212565094;5.74119876260909;602.146477771465;638.224015503653;53.9793524765799;0.0198019801980198;12;12
133;11.5200000000004;0.449999999999932;12.0800000000017;NA;NA;-283.648318181613;-309.364140777628;3.4116136457706;11.1154601709818;8.51409571107256;3.01496365392642;596.254756402946;628.982768040798;51.4316451920315;0.0297029702970297;9;9
134;12.3199999999997;0.450000000000045;12.8100000000013;NA;NA;-307.077369351198;-339.083637793029;3.46739615983905;8.67608027153339;11.4263844307921;5.23332640831842;653.620072388137;696.242544647906;64.0125368836616;0.0099009900990099;10;10
135;10.9599999999991;0.440000000000055;11.5;NA;NA;-291.983004041833;-316.995397517264;3.4233851978113;6.96088515576165;8.28131866114047;4.12322667965051;612.132407430646;648.014702821354;50.0247869508622;0.0198019801980198;9;9
136;6.14000000000306;0.159999999999968;6.45999999999913;NA;NA;-226.429460647859;-242.055561301527;3.03026866933826;3.68659499614434;3.83854988401414;1.90946391015093;464.358189066907;489.83136526388;31.2522013073353;0.0396039603960396;4;4
137;8.5;0.270000000000095;8.86000000000058;NA;NA;-250.693977047824;-268.611925941337;3.21011462517856;3.45546520365935;5.53785340396674;2.98354845775966;519.100583428685;546.766626686282;35.8358977870257;0.0099009900990099;6;6
138;12.7599999999984;0.399999999999977;13.4599999999991;NA;NA;-323.201522849534;-363.081359536403;3.49604908210504;14.7317387659589;11.286805996754;3.33335699154859;685.386292552531;737.675726250358;79.7596733737378;0.0099009900990099;10;10
139;9.52999999999884;0.409999999999968;10.0900000000001;NA;NA;-275.191734866264;-293.211008637197;3.27632017778268;5.50547710831732;7.02166243341505;3.85647757741404;573.383207075957;599.054064484361;36.0385475418661;0.0198019801980198;7;7
140;12.6100000000006;0.389999999999986;13.2200000000012;NA;NA;-277.766267010797;-308.288548651999;3.35953853551054;14.94948807827;8.73575556617645;2.4625669279833;584.730101075445;624.80774918748;61.0445632824046;0.0099009900990099;8;8
141;11.3100000000013;0.520000000000095;11.8600000000006;NA;NA;-277.112896619429;-296.398134028314;3.40158394169736;6.80500918438041;8.09993544425262;4.18647638744793;581.775272463483;607.035300584006;38.5704748177693;0.0099009900990099;9;9
142;13.7200000000012;0.469999999999914;14.3799999999974;NA;NA;-298.530782383986;-330.541914919082;3.52367422558147;10.2154616610432;10.6879124929501;4.28225872867613;634.485640170927;676.078298932353;64.0222650701921;0.0099009900990099;11;11
143;15.1100000000006;0.550000000000068;16.1800000000003;NA;NA;-311.281827820589;-348.990219373081;3.51624207426934;10.4248558325657;11.9039527022156;3.72957424313703;664.245735637135;711.039665025209;75.4167831049843;0.0099009900990099;11;11
144;11;0.25;11.4400000000023;NA;NA;-276.488150467379;-296.007826984604;3.28498391305171;4.14639585130543;7.61713392441449;4.44765988196293;577.92652906557;606.584142564053;39.0393530344503;0.0198019801980198;7;7
145;11.25;0.419999999999959;11.7700000000004;NA;NA;-291.386755873637;-308.69658691078;3.2927430576926;5.44107358786492;7.4781690946062;3.96456211900885;607.268554996175;630.379256289008;34.6196620742858;0.0099009900990099;7;7
146;10.1100000000006;0.399999999999977;10.7000000000007;NA;NA;-290.602804563991;-313.787110491977;3.28112322251768;8.70381242743873;6.99103508078059;2.84855243723502;604.105025347632;636.90476891141;46.3686118559727;0.0198019801980198;7;7
147;10.130000000001;0.330000000000041;10.6299999999974;NA;NA;-274.635469761802;-289.776005931798;3.34598274208706;6.66426872232897;5.73651817073645;2.98576034656295;567.618991125638;589.101861315745;30.281072339993;0.0495049504950495;6;6
148;10.2299999999996;0.370000000000005;10.7199999999975;NA;NA;-276.985762668106;-297.688585704437;3.40444798012121;7.01987823978586;8.63141221432213;4.57324424729097;583.328661959612;610.931677768461;41.4056460726608;0.0396039603960396;9;9
149;9.63999999999942;0.439999999999941;10.5;NA;NA;-257.207932300838;-275.433365667685;3.20469667501244;10.9210941540198;5.70082371150884;2.01932597810331;532.649748731332;557.32547445181;36.4508667336944;0.0396039603960396;6;6
150;13.619999999999;0.590000000000032;14.4099999999999;NA;NA;-264.541404824013;-289.217927236663;3.41853964458828;15.3695756032744;6.32229916313293;1.48107980740605;549.791754507956;583.28719087379;49.3530448253002;0.0297029702970297;7;7
151;9.36000000000058;0.230000000000018;9.87000000000262;NA;NA;-262.875818609018;-282.246266487322;3.28439625218378;6.49931229778323;6.36199572519285;2.85956444080431;546.590609761506;573.859151162115;38.740895756608;0.0297029702970297;7;7
152;9.57999999999811;0.419999999999959;10.0499999999993;NA;NA;-274.346071922719;-293.735446551274;3.20193674858739;7.92308335923537;6.08511166035739;2.67175916990961;568.155159463158;596.016420835343;38.7787492571101;0.0297029702970297;6;6
153;13.7999999999993;0.5;14.5;NA;NA;-280.831051676853;-305.893015802056;3.41003580671863;12.9539190513369;7.34440249381059;2.2181526061489;586.209342875126;619.199776066522;50.1239282504058;0.0099009900990099;8;8
154;16.3299999999981;0.799999999999955;17.489999999998;NA;NA;-329.964600763797;-364.837579900798;3.66816720102756;13.1350684420873;10.8294185255489;2.96054160590716;698.319906244053;740.170393532292;69.745958274002;0.0099009900990099;12;12
155;11.5499999999993;0.480000000000018;12.3600000000006;NA;NA;-263.367897946623;-285.543803810869;3.42141839853459;6.21975069256704;7.04687838617056;3.24465895481111;549.818129102788;581.715618358131;44.3518117284927;0.0297029702970297;7;7
156;18.7599999999984;0.810000000000059;20.0800000000017;NA;NA;-320.848791327895;-355.788602557086;3.60084363620454;9.55766922383011;13.1625963392329;5.00618885330851;688.886277283026;729.524691381826;69.879622458383;0.0297029702970297;13;13
157;12.2799999999988;0.449999999999932;12.7799999999988;NA;NA;-283.807013241647;-312.009462839709;3.50271208090541;8.01724241466234;10.6200355607114;4.88492527721557;604.800428586445;641.123651418228;56.4048991961238;0.0099009900990099;11;11
158;10.3899999999994;0.389999999999986;10.9000000000015;NA;NA;-211.057088330092;-229.263761424588;3.21203124150562;5.7868089555314;6.08351895530842;3.02834031423213;441.572098066825;468.213562830275;36.4133461889914;0.0198019801980198;6;6
159;16.9599999999991;0.760000000000105;17.8899999999994;NA;NA;-311.316049233221;-347.911156503563;3.59531070839568;10.5114197915065;12.0065765559388;3.83983120568688;665.195873624559;709.434662149492;73.1902145406854;0.0099009900990099;12;12
160;12.9300000000003;0.529999999999973;13.6100000000006;NA;NA;-276.563727709846;-297.4230438343;3.29779850045103;6.15662822789786;7.76116812267147;4.11962182835025;578.549473352392;608.340074442361;41.718632248908;0.0198019801980198;7;7
161;14.7799999999988;0.5;15.5699999999997;NA;NA;-314.906837292051;-347.658117929875;3.54917245365714;13.4719183628869;10.290756527534;3.3714262507532;665.847095375479;707.121395221497;65.5025612756474;0.0297029702970297;11;11
162;11.7999999999993;0.430000000000064;12.5299999999988;NA;NA;-254.602114233134;-277.450528436598;3.48813589066846;6.09562664365704;8.63225287259826;4.32875864294041;539.018973641367;569.852059556801;45.6968284069289;0.0099009900990099;10;10
163;13.5800000000017;0.360000000000014;14.369999999999;NA;NA;-255.410178118913;-272.791871295365;3.35700935169643;6.28431802901739;7.0659063170227;3.32625462597187;534.436776354513;556.701102931721;34.7633863529041;0.0099009900990099;8;8
164;16.8100000000013;0.579999999999927;17.5299999999988;NA;NA;-292.899293396736;-317.622084285365;3.36391795849519;7.53736296907709;8.96707627950091;3.98861873323987;615.769298423895;648.575352351435;49.4455817772563;0.0198019801980198;8;8
165;14.5;0.549999999999955;15.380000000001;NA;NA;-296.52404842862;-331.641962191946;3.50873204536624;13.8813533210038;9.68832330296856;2.35662728903488;626.972077995528;671.535731967429;70.2358275266515;0.0099009900990099;11;11
166;10.5699999999997;0.529999999999973;11.3199999999997;NA;NA;-280.175805009517;-295.98715042394;3.3328373946376;4.93002785623156;7.55424766379762;4.50908097202249;585.09585167721;606.743976690348;31.6226908288462;0.0099009900990099;7;7
167;14.9399999999987;0.5;15.7599999999984;NA;NA;-265.500941826607;-284.497511073118;3.34291465281159;7.18383170133274;7.88270722959982;3.53651501434324;557.348302249591;580.815137016211;37.993138493022;0.0099009900990099;8;8
168;5.51000000000204;0.160000000000082;5.75;NA;NA;-232.988148517912;-242.592705731484;2.85187067958671;3.10968865357418;3.05769930406471;1.97202603297749;474.696522887471;490.809415226199;19.2091144271434;0.108910891089109;3;3
169;11.6399999999994;0.439999999999941;12.1900000000023;NA;NA;-253.534339761485;-267.917484702405;3.34526418896408;4.24641964309492;8.17922385022197;5.63529160250954;534.406147359178;554.669837572292;28.7662898818395;0.0594059405940594;8;8
170;12.25;0.480000000000018;12.9399999999987;NA;NA;-294.410442474723;-321.879835214246;3.40174758446963;7.42644564243195;9.77060946653035;4.27133306282024;622.052656284253;658.287317257963;54.9387854790449;0.0099009900990099;9;9
171;11.1400000000031;0.410000000000082;11.7599999999984;NA;NA;-274.653410017512;-289.013430711094;3.34678550212261;5.3948821266371;8.06542173156937;4.76762165381201;576.263926382742;593.961711232266;28.7200413871648;0.0198019801980198;8;8
172;10.3899999999994;0.419999999999959;10.8499999999985;NA;NA;-255.238586454417;-274.108061180133;3.52610734754939;9.80446709709125;6.18172588696434;2.76218585101323;530.249205732203;557.050876652049;37.7389494514333;0.0099009900990099;6;6
173;13.1899999999987;0.5;13.9099999999999;NA;NA;-320.108463845048;-340.762766633345;3.45614481445108;5.64178514974481;9.9115385137322;5.84836863435682;674.45016893563;701.725082920396;41.3086055765937;0.0099009900990099;10;10
174;10.1700000000019;0.440000000000055;10.7200000000012;NA;NA;-263.867528815815;-281.062082782006;3.19789095144868;3.62341549948006;6.94651163022264;4.0424776058076;549.953230755468;575.05388800258;34.3891079323815;0.0099009900990099;6;6
175;11.5599999999977;0.419999999999959;12.1399999999994;NA;NA;-273.24016167125;-294.848919770915;3.39193769122724;10.032560700514;8.01520232814548;3.48197501753563;573.269581083676;601.335665060663;43.2175161993306;0.0099009900990099;8;8
176;15.8000000000029;0.730000000000018;16.7200000000012;NA;NA;-329.747810665567;-372.888667001401;3.61656966814127;19.7951616496851;10.7199374953662;2.2300588004819;697.031833328208;753.58595788116;86.2817126716679;0.0396039603960396;11;11
177;12.1699999999983;0.57000000000005;12.8400000000001;NA;NA;-288.78051423888;-318.238235878274;3.40151900514917;9.96645089940962;9.24133351350052;3.39812282235152;608.992627826945;648.034158202496;58.9154432787874;0.0099009900990099;9;9
178;15.4300000000003;0.779999999999973;16.5400000000009;NA;NA;-307.06361770954;-347.901271221628;3.52519642776849;13.1658079998279;11.892980090552;3.70921813950292;655.77089445617;708.790491159185;81.6753070241762;0.0297029702970297;11;11
179;9.36000000000058;0.319999999999936;9.86999999999898;NA;NA;-256.714818885267;-279.546823725525;3.28891443201099;8.13343115487779;6.09793889850024;2.33137503681325;533.403681571665;566.730160029688;45.6640096805145;0.0099009900990099;7;7
180;11.0299999999988;0.310000000000059;11.5;NA;NA;-264.862970866898;-278.962626484806;3.20634933031438;5.69118645616454;6.33805057017498;3.27956455402186;549.997973558101;568.41482484552;28.1993112358159;0.0396039603960396;6;6
181;9.54000000000087;0.230000000000018;9.90000000000146;NA;NA;-270.620681584655;-285.73581130032;3.27462724355777;6.17735403998618;6.6496468476707;3.88428207325362;563.02254851869;584.194744553567;30.2302594313297;0.0198019801980198;7;7
182;11.6700000000019;0.389999999999986;12.3199999999997;NA;NA;-287.718126415183;-311.903589592818;3.4145819311885;7.82020647208502;9.38823962688446;4.52844564673921;607.367508867743;639.209316662324;48.3709263552685;0.0198019801980198;9;9
183;8.77999999999884;0.300000000000068;9.11999999999898;NA;NA;-247.241610831889;-255.37177775042;3.2137178337657;3.45892403584289;5.88435305625047;4.50624980701891;513.304117947424;525.156637013006;16.260333837061;0.0594059405940594;6;6
184;0.25;0.00999999999999091;0.329999999998108;NA;NA;NA;NA;NA;NA;NA;NA;NA;NA;NA;NA;NA;NA
185;6.38999999999942;0.309999999999945;6.84000000000015;NA;NA;-223.639320174873;-232.498906452393;3.28075375343232;3.02734509093401;3.29407999020796;1.72693300424029;456.672998208878;469.922838007032;17.7191725550408;0.0693069306930693;3;3
186;13.4900000000016;0.480000000000018;14.25;NA;NA;-330.964913224922;-358.727550110155;3.70047622877036;7.37830787582435;12.4901678929088;6.57485245029913;707.170635412003;741.269963736055;55.5252737704657;0.0198019801980198;14;14
187;6.93000000000029;0.370000000000005;7.34999999999854;NA;NA;-227.372686910471;-237.845562152454;3.11662975954986;2.88308256161704;3.97539185126904;2.43091659685277;466.654583489812;482.973499608418;20.9457504839662;0.0297029702970297;4;4
188;12.5;0.610000000000014;13.2800000000025;NA;NA;-285.021458195626;-315.540382319537;3.40843832263175;12.1178669775605;8.91310852082177;3.0243447339265;600.358157754742;641.367158029349;61.0378482478217;0.0099009900990099;9;9
189;12.1899999999987;0.450000000000045;12.869999999999;NA;NA;-296.052827398518;-319.595136408114;3.37523549910869;10.1995346373142;8.26663836369572;2.97466425683553;619.735288674211;649.132510604786;47.0846180191912;0.0198019801980198;8;8
190;10.7400000000016;0.370000000000005;11.25;NA;NA;-263.628895012587;-278.258299330495;3.22408296073914;3.78279327053733;6.66882924136596;4.20617799556401;548.587805795007;569.969911038461;29.258808635816;0.0198019801980198;6;6
191;12.2099999999991;0.439999999999941;12.7099999999991;NA;NA;-294.13388368656;-323.212041853564;3.49873519291697;11.0676086342143;9.78386210241382;3.61816608800937;622.060029916511;658.920786654468;58.1563163340084;0.0198019801980198;10;10
192;12.5200000000004;0.470000000000027;13.1499999999978;NA;NA;-244.774317096167;-264.35744967357;3.27594475346699;5.92137845358112;6.99689706346381;3.29537156333844;512.467251571724;539.509021269764;39.1662651548069;0.0198019801980198;7;7
193;14.7000000000007;0.529999999999973;15.5;NA;NA;-296.714658134827;-331.17001034736;3.54904583370878;12.3473021103032;10.7334731673727;3.210799345251;631.479891005362;673.722427725764;68.9107044250643;0.0198019801980198;12;12
194;9.11000000000058;0.42999999999995;9.58000000000175;NA;NA;-256.91901270428;-271.758618577343;3.11111279536318;6.10447636863673;5.12386235121843;2.35772524730234;529.759423640101;550.843406362555;29.6792117461259;0.0099009900990099;5;5
195;9.2599999999984;0.360000000000014;9.75;NA;NA;-265.125971712356;-280.735437174978;3.10763667830641;5.09008490016875;5.43148565622572;2.66973509496398;547.129220797534;569.766553020858;31.2189309252432;0.0099009900990099;5;5
196;10.4400000000023;0.430000000000064;11.1000000000022;NA;NA;-288.610620836459;-303.412411195774;3.28445255981337;5.43469046928532;6.97528101045103;3.99101029217703;600.069054802401;619.897536912567;29.6035807186306;0.0099009900990099;7;7
197;10.4399999999987;0.419999999999959;11;NA;NA;-267.02233791426;-284.743483329698;3.28594699411181;6.83356946668714;6.79197744985297;3.21849543558005;556.292070782415;580.029277737624;35.4422908308757;0.0198019801980198;7;7
198;10.869999999999;0.400000000000091;11.4200000000019;NA;NA;-290.178042037548;-308.932291626038;3.46220342163856;4.96162186974161;9.09654657676547;6.08731408012372;611.774442893175;638.889421237975;37.5084991769809;0.0198019801980198;10;10
199;12.4300000000003;0.399999999999977;12.9500000000007;NA;NA;-250.531076232268;-271.816666011098;3.21492184105358;12.106656446041;5.6980355598902;1.49606952642168;519.287118789306;548.418457782112;42.5711795576598;0.0297029702970297;6;6
200;9.36000000000058;0.310000000000059;9.79000000000087;NA;NA;-241.135027450304;-258.926877029301;3.19847637004639;6.59131761454496;6.17910250435377;2.63517674503801;502.033696926968;526.282274192137;35.5836991579941;0.0099009900990099;6;6
201;13.6100000000006;0.590000000000032;14.3999999999978;NA;NA;-301.859420613988;-327.532915406441;3.39522627866575;8.30814388729976;7.96133429437762;3.2759005905161;630.328055524018;666.014892565901;51.3469895849054;0.0099009900990099;8;8
202;9.93999999999869;0.360000000000014;10.4399999999987;NA;NA;-258.900871349045;-274.490776242096;3.12893133241772;3.50107497716883;5.31739244442262;3.13290245258285;534.324497771889;558.716432960886;31.1798097861024;0.0099009900990099;5;5
203;11.8899999999994;0.379999999999995;12.5;NA;NA;-272.981778752225;-295.846887819166;3.31135010216033;8.61397108526855;6.73103146686946;2.97776036878098;568.011321443033;601.447549335528;45.7302181338817;0.0099009900990099;7;7
204;11.3299999999981;0.450000000000045;11.9699999999975;NA;NA;-250.441635618608;-265.742768808252;3.19924356606692;5.57651155302361;5.92998084594381;2.80835518860857;519.850106401357;540.467962910699;30.6022663792873;0.0099009900990099;6;6
205;12.0599999999977;0.389999999999986;12.5799999999981;NA;NA;-280.719641915728;-299.098860386223;3.34908586599653;4.6212760063049;9.63271576952745;6.58260326329214;593.634766232593;620.198794258639;36.7584369409898;0.0099009900990099;8;8
206;15.4300000000003;0.659999999999968;16.3100000000013;NA;NA;-276.41201989872;-306.218171960384;3.28821607090122;14.0811411931357;7.80970021882948;2.17512113241211;578.405026560518;619.561040559209;59.6123041233286;0.0198019801980198;7;7
207;13.0300000000025;0.449999999999932;13.6699999999983;NA;NA;-327.403510524056;-359.46264607842;3.55743838708024;10.2370394451446;11.6183060460231;4.395260032482;695.994362332044;734.506657828596;64.1182711087282;0.0099009900990099;12;12
208;12.8899999999994;0.480000000000018;13.5099999999984;NA;NA;-289.357330160114;-319.902520542904;3.46403322731706;14.4502113619624;9.15249560119021;2.72412384113966;610.326260222719;649.213831507924;61.0903807655794;0.0099009900990099;10;10
209;10.0299999999988;0.42999999999995;10.7800000000025;NA;NA;-247.11007056579;-260.825011681492;3.16077869508566;4.56467511366346;5.78907103548572;3.60342032908075;512.208545001315;532.846945942545;27.4298822314041;0.0099009900990099;5;5
210;14.630000000001;0.620000000000005;15.5299999999988;NA;NA;-336.241296517113;-364.725231134745;3.78003388869798;6.21285350512695;13.3455088970973;7.89518439743217;720.327040114406;757.755170243073;56.9678692352626;0.0099009900990099;13;13
211;11.8600000000006;0.580000000000041;12.5900000000001;NA;NA;-259.215548562427;-285.778486320875;3.47819007500865;9.72230112982805;8.55267577317843;3.85110258954523;547.970992735652;584.858209763167;53.1258755168973;0.0198019801980198;10;10
212;12;0.409999999999968;12.6900000000023;NA;NA;-296.014466578334;-315.95360439518;3.40696951587121;4.26330620128329;9.30246801262877;5.92593401666175;623.668463004217;652.062480051733;39.8782756336921;0.0396039603960396;9;9
213;8.86000000000058;0.290000000000077;9.33000000000175;NA;NA;-240.123596042359;-253.54971226953;3.10741219751405;3.62529126594085;5.21696451239858;2.85587379949812;496.457887038684;515.973492760277;26.8522324543434;0.0297029702970297;5;5
214;8.9900000000016;0.349999999999909;9.5;NA;NA;-253.667526441346;-272.817912854515;3.19939699717053;10.9067050211124;5.9291870231954;2.3038841275046;526.299349032693;553.004718057738;38.3007728263377;0.0198019801980198;6;6
215;0.120000000002619;0;0.119999999998981;NA;NA;-209.718238530668;-217.71979844702;0;0;32.6900818165435;2.01407245585385;494.708172140864;440.0771701071;16.0031198327055;0.0495049504950495;1;1
216;10.1099999999969;0.5;10.8400000000001;NA;NA;-227.050847272251;-248.162775111142;3.27772729884301;6.99145236023348;6.94512211303423;3.16734453491063;476.850720994089;506.700314470763;42.2238556777812;0.0198019801980198;7;7
217;12.7700000000004;0.410000000000082;13.3299999999981;NA;NA;-317.157893010245;-354.010136455718;3.5144357005719;12.9406230799647;11.3218394430265;3.65148016725777;673.959577387182;720.80605022782;73.7044868909468;0.0198019801980198;11;11
218;12.989999999998;0.610000000000014;13.75;NA;NA;-295.907934857322;-319.683545992478;3.50720585495412;6.27953567238434;9.48632965332666;4.87850592874683;624.58049158511;656.216854526379;47.5512222703113;0.0099009900990099;10;10
219;11.0399999999972;0.5;11.739999999998;NA;NA;-276.567378048659;-303.187675547998;3.43891912954652;15.7581471865709;6.967765808688;2.14193325498671;575.957952881559;613.391339508855;53.2405949986776;0.0099009900990099;7;7
220;14.1800000000003;0.490000000000009;14.8600000000006;NA;NA;-266.156452540587;-290.794227577673;3.32573493731115;7.48825506085936;7.46607259928475;3.01514493462687;556.768325773764;591.464683499617;49.2755500741732;0.0198019801980198;7;7
221;18.4000000000015;0.879999999999995;19.6399999999994;NA;NA;-304.862305782621;-342.688316838862;3.61635390137067;10.5932021209902;12.9254930678125;4.57145058880521;655.545981060784;701.582601640516;75.6520221124816;0.0099009900990099;12;12
222;9.41999999999825;0.339999999999918;9.9800000000032;NA;NA;-256.809895431187;-270.419701556934;3.19927262461107;4.46748340364806;6.34703613289575;3.82779374607808;533.920562692999;553.082466778037;27.2196122514944;0.0495049504950495;6;6
223;17.369999999999;0.470000000000027;18.0099999999984;NA;NA;-318.330480036089;-358.395129055542;3.52399095379908;14.6628719828025;11.8662886940039;3.01581018540615;678.211158310662;727.350216180922;80.129298038906;0.0198019801980198;11;11
224;12.9700000000012;0.450000000000045;13.5799999999981;NA;NA;-316.62230460955;-352.632020501306;3.80433181616159;13.6281935055694;11.4062532840853;3.85223955437848;673.680215315344;718.920378217791;72.0194317835111;0.0099009900990099;12;12
225;7.59000000000015;0.279999999999973;7.97999999999956;NA;NA;-239.315118557392;-255.235764655048;3.10976565323986;3.42110481598816;5.0836341659366;2.694836268963;494.426634143306;518.845204960606;31.8412921953129;0.0297029702970297;5;5
226;14.2000000000007;0.600000000000023;14.9099999999999;NA;NA;-307.827649467701;-339.122702570314;3.47513815820704;11.3222502228641;10.7541882978601;3.92520167271791;652.798949428257;691.802571428522;62.590106205227;0.0099009900990099;10;10
227;16.6800000000003;0.549999999999955;17.489999999998;NA;NA;-316.056590520798;-347.138656820571;3.52192067337135;8.55080986116054;11.9546379748985;5.12084205993528;673.972737178751;712.208109716058;62.1641325995446;0.0198019801980198;11;11
228;16.3999999999978;0.580000000000041;17.25;NA;NA;-307.709120019637;-341.915829083927;3.69411746423065;11.5022630901096;10.8523773306145;3.77661535673119;653.890334601719;697.219904697052;68.4134181285802;0.0099009900990099;12;12
229;12.8400000000001;0.710000000000036;13.8599999999969;NA;NA;-285.114814786217;-314.953008667312;3.47315427500309;10.3591262253747;9.63262392401032;3.69796886087304;603.499533953199;642.678349294728;59.6763877621918;0.0297029702970297;10;10
230;16.2799999999988;0.629999999999995;16.9599999999991;NA;NA;-310.570293494945;-340.274195254292;3.50552115429607;6.66727311002631;11.3949797919776;5.52971042582275;661.040481682274;699.910852548669;59.4078035186938;0.0198019801980198;11;11
231;16.2599999999984;0.690000000000055;17.1999999999971;NA;NA;-322.065078264614;-355.917434509037;3.55355775407126;9.10294715520756;12.4049465580664;4.86683739958445;688.106168649422;729.087994573215;67.7047124888452;0.0099009900990099;12;12
232;11.6800000000003;0.540000000000077;12.4199999999983;NA;NA;-276.816334096186;-301.347942962661;3.50299488501662;8.9327806317344;8.65848366795989;4.14963159199882;583.081880173001;616.80960203089;49.0632177329497;0.0099009900990099;9;9
233;14.5699999999997;0.509999999999991;15.25;NA;NA;-292.256049139866;-322.650612981517;4.08451720383734;11.4803237347489;10.0471538536535;4.24989290317307;619.213738315391;659.979836031535;60.7891276833026;0.0099009900990099;10;10
234;9.63999999999942;0.330000000000041;10.1399999999994;NA;NA;-264.236647172686;-282.674129203742;3.23565703540767;5.49755920904441;6.1728610451642;3.44024889293639;548.216973284042;576.351773489759;36.8749640621122;0.0198019801980198;6;6
235;14.1100000000006;0.730000000000018;15;NA;NA;-276.127038191383;-313.302424707621;3.43180998779249;20.5544939143913;8.83540712014626;1.83882144335819;582.305039945726;632.859044093737;74.3507730324768;0.0198019801980198;9;9
236;11.4700000000012;0.460000000000036;12.0299999999988;NA;NA;-269.104997596407;-294.868472052294;3.45890442966718;10.2110235700769;8.90400572990871;3.72662501492151;568.963341485247;602.608250914393;51.5269489117728;0.0099009900990099;10;10
237;12.2000000000007;0.379999999999995;12.8100000000013;NA;NA;-306.97088916297;-341.384255865314;3.62671410347191;13.2582658323195;10.0712790457351;3.38261615441223;649.206691531433;694.612852906277;68.826733404689;0.0198019801980198;11;11
238;8.86000000000058;0.360000000000014;9.44000000000233;NA;NA;-244.566162141069;-263.176193298072;3.19880096244805;6.66492922532692;5.99838044438591;2.71726670925411;508.317933156119;535.043468592923;37.2200623140053;0.0099009900990099;6;6
239;11.2799999999988;0.599999999999909;12;NA;NA;-277.660443592794;-297.39353296242;3.35356199481615;7.30899461394312;8.07688713084673;4.34352967018174;582.316314404543;609.304470611225;39.4661787392508;0.0198019801980198;8;8
240;13.2299999999996;0.519999999999982;14.0900000000001;NA;NA;-305.040104364494;-330.432855665677;3.35724725808289;6.49124470100068;9.3132427452307;5.0523398434694;641.207914567681;677.752176416264;50.7855026023666;0.0198019801980198;8;8
241;10.010000000002;0.67999999999995;10.869999999999;NA;NA;-236.819702135239;-256.135705258475;3.24768017084612;6.96000251793396;5.60064965805146;2.61473035734903;491.552885213511;520.634533598609;38.632006246471;0.0297029702970297;6;6
242;7.04999999999927;0.269999999999982;7.54999999999927;NA;NA;-242.350036980881;-252.108501347163;3.01807839488924;3.12383710167858;3.79004504180924;2.17785948990185;496.054034211732;510.74128665549;19.5169287325646;0.099009900990099;4;4
243;11.619999999999;0.420000000000073;12.3000000000029;NA;NA;-290.561456306899;-308.248146517376;3.36387284675492;5.17124185624333;8.09151984337334;5.00912743750858;608.167246833634;633.238329041828;35.3733804209526;0.0099009900990099;8;8
244;10.9599999999991;0.490000000000009;11.5400000000009;NA;NA;-276.845940693834;-294.998671861007;3.27592639400602;5.86091043177799;7.67760179103405;4.15673121967527;578.840174444436;603.612883797651;36.3054623343462;0.0099009900990099;7;7
245;10.6699999999983;0.610000000000014;11.5299999999988;NA;NA;-272.786506497442;-291.546700797705;3.35819477654281;4.16987511976594;7.82858313256412;5.03414151191177;571.738532304365;599.919042290043;37.5203886005257;0.0198019801980198;8;8
246;10.4599999999991;0.440000000000055;11.0699999999997;NA;NA;-294.68011158157;-313.831969896578;3.27832477983396;5.41806380406232;7.67757074363008;3.95705350478121;614.508414522889;640.6254274931;38.3037166300173;0.0099009900990099;7;7
247;8.21999999999753;0.360000000000014;8.68999999999869;NA;NA;-249.210502022987;-265.613902657316;3.19786644885293;3.33246779515895;6.01407510510304;3.82163022111537;517.65681174024;543.451155160994;32.8068012686579;0.0099009900990099;6;6
248;9.90000000000146;0.389999999999986;10.4799999999996;NA;NA;-252.799257103329;-276.044200415685;3.20017346552074;9.53214044548259;6.45408834303681;2.79318386931551;526.241688766137;561.022301194417;46.4898866247104;0.0099009900990099;6;6
249;9.92000000000189;0.460000000000036;10.5600000000013;NA;NA;-236.269572719319;-252.326362639175;3.10854640615798;4.80947015320844;6.9239241071517;3.95534050921883;494.05388285322;516.943170858654;32.1135798397127;0.0099009900990099;5;5
250;14.4300000000003;0.689999999999941;15.3899999999994;NA;NA;-266.902775833453;-285.297214514046;3.41226327612278;6.8292172870046;8.55387465635125;4.01336337172002;562.898967751154;584.244670019644;36.7888773611853;0.0099009900990099;9;9
