1;11.5399999999936;0.490000000000236;12.2200000000012;NA;NA;-518.006854986048;-548.001328464076;3.45988823204864;7.44878039762118;10.5711917728877;5.19187921811131;1072.52531285925;1113.93477246652;59.9889469560544;0.0099009900990099;10;10
2;12.9400000000023;0.350000000000364;13.4700000000012;NA;NA;-546.312955021523;-583.425686263227;3.72093351262346;11.4669065259995;11.1753354606554;4.01164887871162;1132.24290358386;1181.07282192056;74.2254624834068;0.0198019801980198;12;12
3;11.5399999999936;0.569999999999709;12.4199999999983;NA;NA;-538.9278477612;-571.325582318563;3.5661998149769;12.5159916613761;10.0056597434786;3.49309111591462;1113.32614370935;1155.03430684023;64.7954691147268;0.0099009900990099;12;12
4;11.5299999999988;0.409999999999854;11.9899999999907;NA;NA;-493.539778572956;-528.516643142256;3.50117642781807;13.6703850003912;10.5350956746811;3.55523250348972;1023.9685394581;1069.48204925608;69.9537291386005;0.0297029702970297;11;11
5;12.2299999999959;0.440000000000055;12.8399999999965;NA;NA;-547.335114031352;-579.693418127128;3.66610148476453;9.98100719999411;11.3448797641631;4.68566935822925;1135.34230012026;1176.18524097405;64.7166081915518;0.0198019801980198;13;13
6;15.1499999999942;0.610000000000127;16;NA;NA;-584.054704867807;-626.957584286557;3.7113733329943;9.30946671226097;16.0370755224825;7.29237889170393;1226.75074356578;1280.58055556371;85.8057588375002;0.0198019801980198;15;15
7;16.1999999999971;0.800000000000182;17.3799999999901;NA;NA;-545.434841977894;-589.006646506642;3.63346811887527;11.8032787716115;13.6064778053091;4.02333653941008;1140.15389440962;1192.58627564495;87.1436090574966;0.0099009900990099;14;14
8;11.25;0.519999999999982;11.8500000000058;NA;NA;-466.674087689313;-488.28196589833;3.42350286250059;5.62865606175522;9.19257650067924;5.13963008129297;964.613942503466;994.044828171865;43.2157564180335;0.0297029702970297;9;9
9;15.1600000000035;0.590000000000146;15.9499999999971;NA;NA;-560.670219426458;-600.51193894862;3.66761526146307;10.6661921412068;12.897686734877;4.49804361088285;1167.06323382994;1216.96961530316;79.6834390443253;0.0198019801980198;12;12
10;13.6399999999994;0.489999999999782;14.3300000000017;NA;NA;-577.836123858282;-619.060632193661;3.71235835206739;9.55936086211507;14.7355372917299;6.52558289002669;1209.55436358487;1261.98277730182;82.4490166707594;0.0099009900990099;15;15
11;15.0600000000122;0.589999999999691;15.8699999999953;NA;NA;-515.455685191493;-547.314728890586;3.59649164551584;13.876802873921;9.06040110346225;2.4248181488758;1062.20488715905;1103.00448296541;63.7180873981858;0.0099009900990099;10;10
12;14.6599999999889;0.450000000000273;15.4400000000023;NA;NA;-562.175565033106;-604.596740964398;3.70956870619596;9.10002922328738;15.5450734637426;6.6758943491502;1181.6950321793;1233.82005143121;84.8423518625841;0.0099009900990099;16;16
13;13.0299999999988;0.599999999999909;13.7299999999959;NA;NA;-542.976698572742;-586.487829708743;3.6370209280211;12.9863771211888;13.365209412615;4.38654685349447;1134.36370603482;1188.86423112477;87.0222622720021;0.0099009900990099;14;14
14;12.4600000000064;0.350000000000364;12.9799999999959;NA;NA;-568.136774556099;-614.51529872911;3.68384279728326;14.4975877342179;14.4605249890301;4.45978178188118;1189.1500521911;1245.33828098283;92.7570483460213;0.0099009900990099;15;15
15;11.1700000000128;0.380000000000109;11.6500000000087;NA;NA;-532.896394155791;-557.85061084159;3.59159237656594;6.1417557881524;10.1604090854732;5.98769801797667;1101.36979326839;1136.66734226685;49.9084333715998;0.0099009900990099;11;11
16;10.5900000000111;0.279999999999745;11.0400000000081;NA;NA;-491.199003215186;-514.526191931066;3.59168901866735;7.14302578375994;8.75384833580888;4.43732438438157;1012.63272745692;1044.37835933252;46.6543774317598;0.0198019801980198;10;10
17;12.3600000000006;0.589999999999691;13.0500000000029;NA;NA;-532.704584343772;-579.338384444144;3.84114372440365;19.0053396055151;11.7913306523302;3.0716163924956;1107.68179386432;1169.68869725119;93.2676002007438;0.0099009900990099;13;13
18;13.25;0.440000000000055;13.8600000000006;NA;NA;-565.254464463194;-597.995784518255;3.69656260331844;7.16559383419995;13.4484398250621;6.96376299549467;1179.22070783771;1221.21511078856;65.482640110122;0.0099009900990099;14;14
19;18.1200000000099;0.619999999999891;19.0599999999977;NA;NA;-578.3459484267;-636.05857105096;3.75103295660365;18.6660325960257;15.3182695048466;3.44184209528387;1213.19914650241;1284.81368269152;115.425245248519;0.0099009900990099;16;16
20;16.9700000000012;0.569999999999709;17.7700000000041;NA;NA;-535.316982808241;-580.088210043283;3.69533550931276;16.4003999640898;12.9363207565919;2.95304580736029;1117.49079100427;1170.87268793282;89.542454470085;0.0099009900990099;14;14
21;17.9799999999959;0.779999999999745;19.0599999999977;NA;NA;-557.121340009309;-607.809938610689;3.68250318102393;14.0113235796946;14.3080804920288;4.07502957115134;1166.06817521653;1230.38009789449;101.377197202759;0.0396039603960396;14;14
22;17.1999999999971;0.690000000000055;18.1199999999953;NA;NA;-555.925120672031;-604.303037723067;3.73151868360331;14.5391591871317;14.3734869501343;3.79937562011093;1164.40848024271;1222.49891106774;96.755834102072;0.0099009900990099;15;15
23;15.6899999999878;0.420000000000073;16.3600000000006;NA;NA;-521.78034103189;-554.607032106221;3.65296751489819;9.27212576812826;11.1295414353808;4.28719873662847;1083.01533402568;1124.41234843891;65.6533821486619;0.0099009900990099;12;12
24;13.1899999999878;0.639999999999873;14.0100000000093;NA;NA;-528.361005103801;-582.301782778845;3.77242372357683;14.1489795499752;15.5099679319608;4.75903693527546;1114.84981779876;1182.43934603812;107.881555350088;0.0099009900990099;18;18
25;12.2000000000116;0.359999999999673;12.8300000000017;NA;NA;-508.635900919336;-548.215563262849;3.66182444357671;15.8737365454676;11.6575242722241;3.36173419630792;1059.496680887;1108.60771020822;79.1593246870266;0.0198019801980198;14;14
26;16.5599999999977;0.590000000000146;17.4700000000012;NA;NA;-534.555725313945;-570.155442338906;3.7328779344028;8.19552443024601;13.354033292332;5.92512409202738;1117.94194488957;1161.97675383074;71.199434049922;0.0198019801980198;15;15
27;17.929999999993;0.660000000000309;18.8300000000017;NA;NA;-568.872898782863;-626.383363283784;3.76124021213958;15.9785490059294;15.4367631502072;3.54423252080861;1195.15807995257;1265.94840697228;115.020929001842;0.0099009900990099;17;17
28;16.2200000000012;0.579999999999927;17.0600000000122;NA;NA;-595.111472651111;-659.338166490778;3.83917865852351;15.7052009596353;19.0214167291608;5.55005994328637;1262.02507633857;1339.62672468905;128.453387679335;0.0099009900990099;19;19
29;17.4600000000064;0.670000000000073;18.5600000000122;NA;NA;-595.041274985919;-633.963589508146;3.61359589558773;10.4345426518009;14.6135938243751;5.26019486446706;1242.47315731193;1286.78529201633;77.8446290444551;0.0099009900990099;13;13
30;13.8099999999977;0.519999999999982;14.5999999999913;NA;NA;-495.932714713493;-527.425099795283;3.6674585940612;9.34525845789852;12.1783454795961;5.11256440623638;1035.97678213589;1073.36848946404;62.9847701635784;0.0099009900990099;14;14
31;18.1000000000058;0.760000000000218;19.0699999999924;NA;NA;-569.948023160955;-626.369677946069;3.71950475943019;16.5204029579751;15.1475841312039;3.31981085082209;1195.77365820297;1264.98573793128;112.843309570227;0.0198019801980198;16;16
32;11.1699999999983;0.639999999999873;12.1500000000087;NA;NA;-526.30576077959;-558.718563373522;3.4630633914017;11.4080050717458;9.52439841718181;3.17062568463104;1085.50762828189;1128.38807990239;64.8256051878639;0.0099009900990099;10;10
33;11.5899999999965;0.430000000000291;12.2699999999895;NA;NA;-478.48223237368;-508.004236969261;3.46327698095918;10.946717167567;9.87279333982228;3.38701137948518;991.063884903089;1027.70679680683;59.0440091911607;0.0099009900990099;10;10
34;11.6600000000035;0.410000000000309;12.25;NA;NA;-539.711145426636;-571.142774416065;3.55282330330718;9.35029920105642;11.2479546188915;4.46551399042775;1119.2967220999;1158.11596748381;62.8632579788593;0.0099009900990099;12;12
35;15.8699999999953;0.699999999999818;16.8300000000017;NA;NA;-527.964278789941;-568.516851039907;3.6975928034538;9.65954182972602;15.2828455910463;6.41136043847446;1112.30513268109;1160.68443787422;81.1051444999316;0.0099009900990099;16;16
36;12.6999999999971;0.769999999999982;13.6399999999994;NA;NA;-525.22049847263;-561.994627584577;3.59036063769447;8.41554393479877;13.4964333251272;5.91549023923257;1098.82651712094;1145.19664125586;73.5482582238938;0.0198019801980198;13;13
37;12.1100000000006;0.579999999999927;12.8800000000047;NA;NA;-516.593646832148;-555.391353781756;3.45470237302466;16.6031342164203;9.70992599813322;2.35485388913743;1066.72418995036;1118.91608475547;77.5954138992163;0.0099009900990099;10;10
38;17.6299999999901;0.820000000000164;18.7799999999988;NA;NA;-599.393236766514;-658.908227196737;3.83166353771004;16.4953617810225;16.6123285390443;3.7867302262286;1261.04567620802;1332.00825201391;119.029980860445;0.0198019801980198;18;18
39;13.6300000000047;0.5;14.3099999999977;NA;NA;-540.346647248986;-569.900084671422;3.52047252329881;8.8670976331212;11.3947313397917;5.08580441332217;1120.5923192269;1157.60827995138;59.1068748448706;0.0099009900990099;11;11
40;15.6999999999971;0.609999999999673;16.6300000000047;NA;NA;-534.693953219874;-579.975044874316;3.5580693701246;17.4021776775838;12.0358740113904;2.79070949500517;1112.05554220299;1169.84326212159;90.5621833088844;0.0297029702970297;12;12
41;19.3600000000006;0.75;20.5;NA;NA;-599.305559780067;-652.288374850966;3.84423967269155;13.4105235045299;17.6002095264301;5.35827900593759;1264.57267392339;1324.65835221995;105.965630141798;0.0198019801980198;18;18
42;12.5799999999872;0.510000000000218;13.25;NA;NA;-522.819255200919;-555.306165172866;3.63011424930278;11.6316232781062;10.9923993019052;3.86765988076606;1085.04691893383;1124.47812219498;64.9738199438937;0.0099009900990099;13;13
43;16.5399999999936;0.570000000000164;17.5999999999913;NA;NA;-556.937187396306;-594.891679241198;3.61253332532842;9.45675770027212;13.8566690443518;5.60652724118174;1163.55136155362;1209.88309375384;75.9089836897851;0.0198019801980198;13;13
44;16.9900000000052;0.690000000000055;17.8899999999994;NA;NA;-589.893054838221;-643.184778932038;3.77271257763755;13.5974185932654;16.8331983777181;5.28859423348431;1242.39200246184;1306.03885398579;106.583448187634;0.0198019801980198;17;17
45;13.7400000000052;0.420000000000073;14.3199999999924;NA;NA;-598.584721561657;-640.151731468537;3.71996088131713;10.8284338885518;13.7919242064952;5.78479170627922;1247.60113376539;1301.45619125779;83.1340198137607;0.0099009900990099;15;15
46;12.9799999999959;0.510000000000218;13.6900000000023;NA;NA;-549.154397389881;-576.862114713788;3.61173066847998;6.66711189929056;11.6024610646794;6.7951151092798;1139.4399649961;1177.81317354394;55.4154346478144;0.0198019801980198;12;12
47;11.429999999993;0.529999999999745;12.1900000000023;NA;NA;-528.371858005549;-556.587040943071;3.54150631490806;8.60842708557385;9.09739976821472;4.02840949205484;1087.68576828268;1126.87549770278;56.4303658750439;0.0099009900990099;9;9
48;12.859999999986;0.460000000000036;13.5699999999924;NA;NA;-559.587382539466;-592.425965310874;3.72917509854369;7.569908864399;13.372766025893;6.67629879157311;1168.07375764511;1209.26455283817;65.6771655428172;0.0099009900990099;15;15
49;17.5100000000093;0.739999999999782;19.070000000007;NA;NA;-616.109165560659;-670.037446088268;3.79946269586024;13.023226067993;17.3894496890838;5.33359869624531;1297.39000588411;1360.06399854631;107.856561055217;0.0198019801980198;18;18
50;12.2199999999866;0.519999999999982;12.9100000000035;NA;NA;-532.447838956227;-561.198529389024;3.64144851134821;7.32581804585409;12.5555629633762;6.84381232854058;1110.37335525904;1147.18612556907;57.5013808655933;0.0396039603960396;14;14
51;12.6100000000006;0.489999999999782;13.3100000000122;NA;NA;-577.99956179066;-606.81066596838;3.59838195474664;6.70468561558996;12.5296936832381;6.77993355433378;1200.91882435713;1237.92779897737;57.6222083554403;0.0099009900990099;13;13
52;12.9700000000012;0.470000000000255;13.8000000000029;NA;NA;-578.029080137854;-622.574341658338;3.74502180341155;10.9623495844259;15.3069740969528;6.04740528526383;1212.52374252661;1267.45683242419;89.0905230409671;0.0099009900990099;16;16
53;12.6200000000099;0.590000000000146;13.3699999999953;NA;NA;-548.994085871695;-580.887598093212;3.65840000988476;7.25414678580122;13.1610241593416;6.86470393234209;1145.6588984177;1186.639934743;63.7870244430337;0.0297029702970297;14;14
54;11.3099999999977;0.490000000000236;12.0800000000017;NA;NA;-500.339260647168;-524.03883948499;3.47564828089364;6.54201230328554;8.271846408445;4.23929863372416;1028.81270364025;1062.49637038309;47.3991576756437;0.0099009900990099;9;9
55;14.070000000007;0.619999999999891;14.8899999999994;NA;NA;-533.538002291256;-569.128929665434;3.8373137934921;9.41395255456504;12.2160955572003;4.62856357019585;1111.32409236687;1155.02304311733;71.1818547483558;0.0198019801980198;14;14
56;13.1000000000058;0.5300000000002;13.8600000000006;NA;NA;-561.189231382276;-610.199292838399;3.75392273594792;12.5320556604817;15.7365556003012;5.12987780186983;1180.90573076301;1239.47758495308;98.0201229122472;0.0099009900990099;17;17
57;13.5999999999913;0.589999999999691;14.6499999999942;NA;NA;-593.927470448653;-640.443294242458;3.71135847670536;11.7827229430115;15.9032520231701;5.66054154816978;1246.00693435575;1301.58498241094;93.0316475876102;0.0396039603960396;15;15
58;13.1900000000023;0.5;13.8399999999965;NA;NA;-557.478184722356;-590.565621861438;3.63514813436337;9.65161348784047;12.187831645977;5.05456646431335;1158.65047438326;1199.2521666176;66.1748742781635;0.0099009900990099;13;13
59;12.7300000000105;0.519999999999982;13.5800000000017;NA;NA;-539.225630003256;-571.901295199509;3.61421392910165;9.49499004476163;12.1025983716301;5.17596885432226;1121.83979856198;1162.35874811835;65.3513303925067;0.0099009900990099;13;13
60;15.8700000000099;0.5300000000002;16.6700000000128;NA;NA;-545.740094601998;-582.04342091505;3.5157820090057;10.1642105623981;10.9807881473038;3.60361219894906;1129.92977829631;1176.70500788876;72.6066526261045;0.0198019801980198;11;11
61;11.5299999999988;0.369999999999891;12.3099999999977;NA;NA;-531.080772303917;-564.756763422512;3.52804133167206;9.91173511772744;10.1570102730306;3.56211567789366;1097.72664851163;1141.98639147705;67.3519822371895;0.0198019801980198;11;11
62;17.6199999999953;0.599999999999909;18.4700000000012;NA;NA;-551.348386281812;-598.899889165437;4.18945526463031;17.19884771907;13.7795135599997;3.87699575379695;1153.52773702279;1212.10154831074;95.1030057672504;0.0099009900990099;16;16
63;13.1999999999971;0.490000000000236;13.75;NA;NA;-546.766843502192;-597.165163554737;3.76106658902701;17.6499821881962;13.3929800402122;3.45141765352484;1142.50659434137;1206.95081608353;100.796640105089;0.0198019801980198;15;15
64;14.0099999999948;0.440000000000055;14.7200000000012;NA;NA;-564.089116570423;-611.069585688556;3.91375628624812;14.542593600577;14.8067431902731;5.06159429102003;1182.79852387779;1240.81078256232;93.960938236266;0.0198019801980198;16;16
65;12.6300000000047;0.579999999999927;13.4000000000087;NA;NA;-511.467771820171;-545.866264503026;3.58827895324778;8.1714462594656;13.2308342382895;6.09403760249249;1070.36887521439;1113.58001806213;68.7969853657085;0.0099009900990099;13;13
66;11.9799999999959;0.470000000000255;12.6600000000035;NA;NA;-517.800244616476;-549.417792110532;3.58858692900241;8.73730995438906;12.1861068829915;5.4764527199539;1079.2884107931;1118.46899455912;63.2350949881127;0.0099009900990099;13;13
67;12.6499999999942;0.519999999999982;13.4499999999971;NA;NA;-576.099995555927;-620.131608663987;3.61951195117454;13.3273936063514;13.0798836235324;4.07332133526832;1199.5768175351;1255.0172505764;88.0632262161198;0.0099009900990099;14;14
68;17.1100000000006;0.809999999999945;18.25;NA;NA;-586.306450359751;-636.372297640496;3.64931979365088;14.7798926728011;13.7881014310416;3.41107260652695;1222.55497260684;1285.09988829795;100.131694561488;0.0198019801980198;14;14
69;17.0399999999936;0.670000000000073;17.929999999993;NA;NA;-584.931635734328;-622.412290972673;3.75100358243391;9.30517811827624;14.098803162466;6.3774414230253;1221.41709882932;1268.14439926152;74.9613104766893;0.0099009900990099;15;15
70;17.75;0.659999999999854;18.7700000000041;NA;NA;-588.555893006895;-640.285037827343;3.78886100753849;13.5000745834085;15.5593729011891;4.55603207006741;1234.9800775768;1297.51483261086;103.458289640896;0.0198019801980198;17;17
71;16.6300000000047;0.5300000000002;17.4000000000087;NA;NA;-531.323423227407;-570.288009989139;3.62207694849067;12.001174799924;11.9215134280004;3.70291899759127;1105.38618466362;1153.8512059145;77.9291735234624;0.0297029702970297;13;13
72;13.8699999999953;0.389999999999873;14.3500000000058;NA;NA;-600.353227300846;-662.941334319824;4.07585470071039;17.6652168598606;16.84569795462;4.5167313496595;1264.72770810968;1343.04828585201;125.176214037956;0.0198019801980198;20;20
73;14.7799999999988;0.7199999999998;15.6999999999971;NA;NA;-503.834390886345;-538.264657060496;3.63249590881629;8.59744917816432;13.2125161052189;5.95193084999287;1055.03644174478;1097.86734197539;68.8605323483029;0.0099009900990099;13;13
74;10.8500000000058;0.450000000000273;11.5;NA;NA;-490.312840246498;-521.183140954191;3.75111834572492;9.79885522830004;10.3000117352353;4.44127734362677;1017.1396177991;1058.11078071603;61.7406014153856;0.0099009900990099;12;12
75;11.7400000000052;0.420000000000073;12.3099999999977;NA;NA;-469.297607455897;-492.996288685825;3.51930041667282;6.74787683748498;10.3990541724126;5.3598082770631;975.007843451231;1004.76012147706;47.397362459855;0.0198019801980198;11;11
76;15.7399999999907;0.669999999999618;16.6300000000047;NA;NA;-521.886517078008;-549.116696406493;3.50306238620742;9.02964423471988;10.1245981638567;4.14276149141418;1078.74215736299;1112.54198409393;54.4603586569704;0.0396039603960396;10;10
77;12.75;0.580000000000382;13.4700000000012;NA;NA;-500.237202907459;-535.196124312728;3.67991949166481;7.8955979146093;13.5047798856511;6.74520250481;1049.39025483482;1094.82413941729;69.9178428105367;0.0099009900990099;14;14
78;15.9100000000035;0.720000000000255;16.75;NA;NA;-536.258769960808;-584.812607334576;3.91187917429545;13.0313544118971;16.4357863853076;5.07355247586391;1134.55942168714;1188.77688380499;97.1076747475365;0.0099009900990099;19;19
79;12.7200000000012;0.339999999999691;13.3000000000029;NA;NA;-509.96113436644;-544.424111950398;3.57023670849618;11.3461994511163;10.7283569532405;3.690390072685;1057.95470629293;1101.93079848546;68.9259551679161;0.0099009900990099;12;12
80;12.9900000000052;0.360000000000127;13.4700000000012;NA;NA;-580.590322728828;-614.025133560078;3.65398898222938;10.0217870174705;12.0412462171064;5.00757403387669;1204.34923287204;1246.00271934294;66.8696216624994;0.0099009900990099;13;13
81;11.4499999999971;0.4699999999998;12.0800000000017;NA;NA;-542.207977614811;-579.228927319912;3.62863511374691;10.0387534591797;12.6820840410882;5.21113559001974;1130.35190631245;1177.3331805542;74.0418994102008;0.0099009900990099;14;14
82;14.2299999999959;0.619999999999891;15.0599999999977;NA;NA;-612.541831523569;-664.218574446488;3.78706879365441;9.78254116189149;17.6545106706872;7.36624622456945;1291.72599083001;1356.24328889787;103.353485845839;0.0099009900990099;19;19
83;15.8700000000099;0.5300000000002;16.8699999999953;NA;NA;-538.135977641328;-577.821277344562;3.70884038003414;11.0617502140418;12.1477198477041;4.10336495340034;1120.27237846895;1170.50540934012;79.3705994064685;0.0198019801980198;14;14
84;16.1100000000006;0.7800000000002;17.0299999999988;NA;NA;-540.709435357707;-580.033158721514;3.74037998110069;9.81143726242035;13.2071452507996;4.97493918832834;1129.25665322962;1178.0861131213;78.6474467276141;0.0099009900990099;14;14
85;12.820000000007;0.639999999999873;13.7799999999988;NA;NA;-548.511182640109;-586.134748959328;3.6515046379923;8.63879454825793;12.9001411611505;5.60896939652336;1143.27014240663;1192.37798846297;75.2471326384389;0.0099009900990099;13;13
86;15.1399999999994;0.660000000000309;16.0600000000122;NA;NA;-494.846503987414;-524.949858146614;3.57593596972275;8.02367953102985;11.4983169185826;4.94983570452934;1030.45498319226;1067.44707402802;60.2067083184;0.0099009900990099;12;12
87;11.7799999999988;0.429999999999836;12.3600000000006;NA;NA;-510.650479665457;-536.217158268452;3.54885521341061;5.89630422432448;11.4498248066465;6.59626499210033;1061.89102814856;1095.81832934847;51.1333572059896;0.0099009900990099;12;12
88;19.2200000000012;0.559999999999945;20.070000000007;NA;NA;-581.883635777701;-632.635863815767;3.79894946979701;13.7976553237449;15.2622664024227;4.16529768659719;1219.5754304591;1280.5025976115;101.504456076133;0.0198019801980198;15;15
89;12.8399999999965;0.599999999999909;13.820000000007;NA;NA;-558.001140144535;-608.730208626746;3.94414900420987;15.7306454135836;13.2315893223597;3.78912916733003;1164.38504468201;1231.31578559141;101.458136964421;0.0099009900990099;15;15
90;14.8800000000047;0.5;15.5800000000017;NA;NA;-492.006091340053;-528.111698387305;3.72170233255191;9.70734474902549;11.6290760622271;4.15174158483326;1025.70311545312;1071.10763851299;72.2112140945046;0.0099009900990099;13;13
91;11;0.539999999999964;11.6399999999994;NA;NA;-525.587589430858;-565.342975813179;3.62268478052062;13.1285019821622;11.7484844460299;3.68321122514321;1093.729526007;1144.02696167784;79.5107727646425;0.0198019801980198;14;14
92;17.0600000000122;0.75;18.0800000000017;NA;NA;-516.893679960252;-569.269823646061;3.65524233238036;15.896030768339;14.9688527355855;4.08314649285135;1088.00624735258;1153.329268379;104.752287371619;0.0099009900990099;14;14
93;15.5599999999977;0.730000000000018;16.5;NA;NA;-538.527905995373;-579.239552929446;3.6195394106911;17.8116465683417;10.4725282851597;2.20342714451986;1113.72571254073;1166.19447812226;81.4232938681464;0.0099009900990099;11;11
94;11.820000000007;0.420000000000073;12.3800000000047;NA;NA;-522.938276013449;-552.769812062708;4.44632089433902;11.5459802146812;9.57775687096099;4.05265581358211;1080.21338288834;1120.06863745134;59.6630720985181;0.0099009900990099;13;13
95;12.6500000000087;0.550000000000182;13.4199999999983;NA;NA;-543.392981040703;-578.041225549248;3.88769362836298;9.65794132943857;12.0375979112597;5.04834913643586;1129.94147010126;1174.18108450115;69.2964890170888;0.0099009900990099;13;13
96;18.3099999999977;0.610000000000127;19.1100000000006;NA;NA;-564.849507943414;-619.084719649837;3.71750970450242;14.0052067000675;15.2094202993259;3.97535698858106;1185.804733938;1252.83405201762;108.470423412845;0.0099009900990099;16;16
97;12.8399999999965;0.5300000000002;13.5699999999924;NA;NA;-557.291216614745;-600.045638612035;3.72122589503463;11.8919791432145;14.5069927565282;5.05268597943661;1168.09698075003;1218.7300267217;85.5088439945807;0.0198019801980198;16;16
98;12.4499999999971;0.590000000000146;13.2899999999936;NA;NA;-552.257907017796;-588.219622840645;3.63735713901945;8.53917682582808;13.271515673029;6.07894729222462;1152.58675354175;1198.45788430141;71.9234316456977;0.0198019801980198;14;14
99;9.30000000000291;0.279999999999745;9.65999999998894;NA;NA;-437.225016483364;-455.999433125475;3.1980522234894;5.50032027147019;6.38434576518892;3.53016765788779;894.870138343973;923.289983340263;37.5488332842211;0.0099009900990099;6;6
100;18.0599999999977;0.710000000000036;18.9700000000012;NA;NA;-554.701151877268;-601.203508331213;3.68861118365787;13.5208980439975;14.1409059652276;4.00586410310672;1160.62227379897;1216.91671214217;93.0047129078907;0.0099009900990099;14;14
101;17.8300000000017;0.579999999999927;18.7199999999866;NA;NA;-555.045455225932;-594.043244006962;3.64697622036495;10.2037327467308;14.3230129648496;5.67556183892907;1161.97049276502;1208.64401863396;77.9955775620601;0.0297029702970297;14;14
102;15.3299999999872;0.370000000000346;15.9700000000012;NA;NA;-512.367481888021;-548.763941891585;3.56770309988558;13.4682901898452;10.8036336413784;2.94301944350827;1063.03426008752;1107.961000775;72.7929200071276;0.0099009900990099;12;12
103;13.4400000000023;0.690000000000055;14.6100000000006;NA;NA;-563.230476318985;-606.60800233432;3.74926363579648;13.4833084981479;14.5656945595375;5.01425088967994;1180.19204403355;1231.71297175335;86.7550520306706;0.0099009900990099;16;16
104;16.5900000000111;0.630000000000109;17.7699999999895;NA;NA;-534.890663796369;-566.765426825094;3.52282873098536;9.95618967473646;10.2701864484713;3.30494250894478;1105.74272157903;1145.10321801402;63.7495260574501;0.0099009900990099;11;11
105;14.2900000000081;0.599999999999909;15.3699999999953;NA;NA;-540.082072045939;-581.370035466264;3.72471914782184;11.200730462281;13.5978090944923;5.35577463824935;1129.88603143668;1182.32405106908;82.5759268406498;0.0198019801980198;15;15
106;10.7300000000105;0.390000000000327;11.25;NA;NA;-538.930307645135;-571.308902220921;3.52908645674258;12.2101517563477;9.5709026052592;3.19194299141921;1111.37344401242;1153.79449729665;64.7571891515711;0.0198019801980198;11;11
107;14.5899999999965;0.5;15.2799999999988;NA;NA;-527.933781070771;-559.710349980932;3.62597472915597;6.46400113486059;14.7959075157441;8.32915470834365;1109.46002231348;1149.58984582181;63.5531378203223;0.0099009900990099;14;14
108;18.0299999999988;0.890000000000327;19.1900000000023;NA;NA;-558.207754736492;-606.487926859974;3.69991453794706;16.9836067601728;13.0450436308988;3.12995184479713;1163.66614147959;1224.31289535824;96.5603442469637;0.0198019801980198;14;14
109;11.4700000000012;0.589999999999691;12.1900000000023;NA;NA;-497.591392534548;-529.539734031496;3.58593345942963;8.58334570603698;12.08243817359;5.36332648781331;1038.49904810959;1078.30731409708;63.8966829938967;0.0099009900990099;13;13
110;12.6699999999983;0.5300000000002;13.7100000000064;NA;NA;-552.811611198022;-594.918741795486;3.70927301355728;11.1619139526989;14.1356568905374;5.11128134449126;1157.31180947444;1208.52744705732;84.2142611949289;0.0099009900990099;15;15
111;8.88999999999942;0.269999999999982;9.27000000000407;NA;NA;-464.010409819952;-480.981652022457;3.23063787029604;8.26149173543341;5.65489544394056;2.46189869982211;946.107803821148;969.837600445429;33.9424844050105;0.0495049504950495;6;6
112;11.9499999999971;0.659999999999854;12.8199999999924;NA;NA;-567.481945602515;-593.772753893423;3.55787696771171;5.29766201036174;12.2474479160751;7.14729708403956;1178.3815645886;1212.88295053383;52.5816165818171;0.0099009900990099;12;12
113;11.9600000000064;0.529999999999745;12.6699999999983;NA;NA;-568.290046485863;-604.703860334783;3.56561836872626;10.0167101445504;12.0070695069735;4.32589346523437;1179.1456156602;1224.74317919551;72.8276276978418;0.0099009900990099;12;12
114;11.4700000000012;0.460000000000036;12.070000000007;NA;NA;-503.221071006632;-529.947665319874;3.4429102141063;7.99076179577978;9.37245106587099;4.30800086426638;1038.31969803826;1074.54769189949;53.4531886264825;0.0099009900990099;9;9
115;11.8699999999953;0.440000000000055;12.5899999999965;NA;NA;-529.187937186421;-561.858518810313;3.69136271527227;9.84120016110501;12.230337702421;5.05844037800453;1102.67554882734;1142.03928410682;65.3411632477846;0.0297029702970297;14;14
116;9.77999999999884;0.470000000000255;10.3899999999994;NA;NA;-465.203361045748;-486.732535105191;3.29917859164157;5.69658680768602;7.434446104395;3.58140489191457;954.758548929717;985.196105790006;43.0583481188854;0.0099009900990099;7;7
117;16.4700000000012;0.529999999999745;17.2299999999959;NA;NA;-562.81368040732;-608.896245136687;3.77745401577392;16.3963038050696;12.9423201709353;3.61969933095907;1172.50591676366;1230.90345301915;92.1651294587355;0.0198019801980198;14;14
118;17.6900000000023;0.630000000000109;18.5599999999977;NA;NA;-552.39925736417;-589.513410884124;3.63651463309838;10.4728256864487;13.6223737849345;4.85905301767874;1154.14030222867;1196.62686455347;74.2283070399069;0.0297029702970297;14;14
119;17.6900000000023;0.659999999999854;18.6100000000006;NA;NA;-588.238113514917;-650.87985913468;3.82488609514999;21.200835558283;15.5729812032406;3.03158091886114;1234.84019392994;1313.12138923616;125.283491239527;0.0099009900990099;18;18
120;17.4700000000012;0.590000000000146;18.2799999999988;NA;NA;-524.495398767522;-561.48189123547;3.62495983057537;11.2570696073271;12.2669447620509;3.93558201658503;1092.96852772344;1137.07307923692;73.9729849358962;0.0297029702970297;13;13
121;13.7799999999988;0.559999999999945;14.6900000000023;NA;NA;-565.238998221814;-608.142632866669;3.64930405143907;11.704421985674;13.8637927574598;5.022025246905;1180.69423092573;1234.47561247218;85.8072692897108;0.0198019801980198;14;14
122;19.3600000000006;0.7800000000002;20.5500000000029;NA;NA;-611.353878134874;-681.224670071403;3.80366556084302;15.2637664120378;20.3483566038636;5.00891751619866;1299.51882602593;1381.3570249367;139.741583873059;0.0495049504950495;19;19
123;15.8500000000058;0.359999999999673;16.5299999999988;NA;NA;-548.210681405187;-575.608836877387;3.85995339801996;8.1198177757343;10.3537121088918;4.9575532832996;1132.67522463037;1168.57670883396;54.7963109444004;0.0297029702970297;11;11
124;16.0599999999977;0.7800000000002;17.2700000000041;NA;NA;-575.914413575635;-621.192201740745;3.82750942481592;12.6272560856976;14.5048412653981;4.80939498096523;1205.33543808038;1260.12568181349;90.5555763302202;0.0099009900990099;16;16
125;12.5400000000081;0.619999999999891;13.2699999999895;NA;NA;-575.019108043332;-609.591332883065;3.68033601866817;8.27770120055891;13.5444070169433;6.51136447539033;1199.097599084;1242.7675686145;69.1444496794657;0.0198019801980198;14;14
126;16.1100000000006;0.559999999999945;16.8899999999994;NA;NA;-542.641894771688;-586.58477874813;3.68930444972676;13.8660868204563;13.8582784475002;3.82487415165268;1135.48005056751;1187.02368678282;87.8857679528828;0.0099009900990099;14;14
127;14.0299999999988;0.539999999999964;14.7599999999948;NA;NA;-565.416084094093;-606.958088741729;3.69825353940985;10.7714913740169;14.5229205137495;5.6436692694656;1183.93682737881;1234.55287606318;83.0840092952717;0.0198019801980198;15;15
128;12.9099999999889;0.429999999999836;13.5799999999872;NA;NA;-524.49687921439;-549.29476626976;3.5149299771896;7.53759610421835;11.2011636538337;5.39430064293781;1088.21499956997;1117.47785279295;49.5957741107402;0.0099009900990099;11;11
129;10.7200000000012;0.489999999999782;11.4400000000023;NA;NA;-517.549373175831;-542.884869534413;3.54886777290001;6.6967515212607;10.2912183129077;5.56982534650316;1071.58151063779;1105.51498390311;50.6709927171648;0.0198019801980198;12;12
130;14.5100000000093;0.619999999999891;15.3399999999965;NA;NA;-544.856944893905;-587.0668126792;3.59788915647746;14.2058544638199;11.4654803537612;3.38983302903443;1130.81832216758;1186.28637938365;84.4197355705892;0.0198019801980198;13;13
131;9.46999999998661;0.400000000000091;10.1100000000006;NA;NA;-444.405966022626;-459.623111521867;3.12446535437889;5.47185140089219;4.51331656804524;2.2310837431519;902.836178892511;926.17887859296;30.434290998482;0.0099009900990099;5;5
132;17.1900000000023;0.670000000000073;18.0999999999913;NA;NA;-556.026201952824;-605.672820893431;3.78436242735242;14.3849813038391;14.7787344428277;4.16873334550699;1166.5693737496;1226.72359657478;99.2932378812136;0.0198019801980198;16;16
133;13.320000000007;0.4699999999998;13.9199999999983;NA;NA;-551.509801899336;-596.718176027306;3.6997889891377;13.866795534371;13.6103538149836;4.39108244110549;1152.7873622963;1209.49282886946;90.4167482559408;0.0099009900990099;15;15
134;14.7799999999988;0.659999999999854;15.5500000000029;NA;NA;-491.884159569652;-521.160881703478;3.52709991624443;7.81185024962558;11.3874387507541;5.00335159684493;1023.64180862903;1059.84116277997;58.5534442676519;0.0198019801980198;11;11
135;17.5299999999988;0.739999999999782;18.5399999999936;NA;NA;-558.445210105854;-609.35890049494;3.71620345990778;12.7955939519931;15.8535861095942;4.59634776077181;1175.37238828542;1235.67317380855;101.827380778172;0.0099009900990099;16;16
136;11.8000000000029;0.5300000000002;12.5;NA;NA;-547.594277442147;-578.183300185613;3.91082893559646;7.68652851357751;12.2957377241911;6.45311303111452;1140.14927478373;1179.9631192609;61.1780454869324;0.0099009900990099;15;15
137;13.5399999999936;0.4699999999998;14.2200000000012;NA;NA;-589.844834529048;-628.802497847517;3.73456987250243;8.78057791383855;15.1854225102698;7.02313170824585;1235.70686215827;1283.51248195712;77.9153266369378;0.0099009900990099;16;16
138;17.1499999999942;0.659999999999854;18.1299999999901;NA;NA;-573.234982313969;-618.885813995028;3.73269475097678;12.0617493145616;15.3599442296268;5.02922651608246;1203.59654271797;1256.4762858331;91.3016633621166;0.0198019801980198;17;17
139;10.6999999999971;0.5;11.4099999999889;NA;NA;-486.19069197955;-508.509811455937;3.64951897829086;7.41404500706081;8.56907234539035;4.34319901940933;1001.97791132402;1032.02050088887;44.6382389527749;0.0198019801980198;10;10
140;15.2299999999959;0.699999999999818;16.1500000000087;NA;NA;-595.487567440267;-636.26082983383;3.72082109280508;9.81926338957427;15.3037735204475;6.49404814425791;1247.42891059053;1296.47742044104;81.5465247871257;0.0297029702970297;16;16
141;13.5;0.519999999999982;14.1999999999971;NA;NA;-595.33915905193;-638.607285020816;3.78924370977075;11.2169131756774;14.8191796346409;5.80230909049748;1245.7936889654;1298.79447022912;86.5362519377718;0.0198019801980198;17;17
142;11.5200000000041;0.490000000000236;12.1199999999953;NA;NA;-491.063098345524;-526.087864274958;3.46654595375006;13.9842809646849;10.4974501440431;3.06743101004772;1018.38310501523;1062.7702599262;70.0495318588673;0.0198019801980198;10;10
143;11.7399999999907;0.369999999999891;12.3400000000111;NA;NA;-550.760074757412;-594.394161712613;3.64002909902163;14.8779109283694;12.3786350545705;3.59321505068333;1146.35697384879;1201.80335709505;87.2681739104014;0.0099009900990099;14;14
144;11.8499999999913;0.340000000000146;12.25;NA;NA;-537.789629623591;-572.992240392382;3.59338347651651;12.1762505029382;10.3147535949916;3.59415316381185;1112.14545701248;1158.72589183025;70.4052215375805;0.0099009900990099;12;12
145;15.6999999999971;0.710000000000036;16.6300000000047;NA;NA;-502.371651063857;-537.110769944194;3.59988981132468;15.3051525690822;9.16852342802122;2.04244753019605;1036.41026018291;1081.27590374277;69.4782377606737;0.0099009900990099;10;10
146;13.4499999999971;0.640000000000327;14.2799999999988;NA;NA;-547.122249226955;-574.681299308994;3.6040912181725;5.97140419888782;12.0804002112631;7.26166740903408;1137.55345527765;1175.39611032176;55.118100164078;0.0099009900990099;13;13
147;16.2599999999948;0.579999999999927;17.25;NA;NA;-573.6129901201;-626.645631181283;3.73898827036543;16.2676951539632;14.6118710549682;4.23652319773713;1200.65589688656;1268.7825762726;106.065282122365;0.0396039603960396;15;15
148;13.0199999999895;0.690000000000055;13.8399999999965;NA;NA;-568.022938513124;-615.480941372867;3.69844297052426;14.6958565739479;14.8524394767464;4.74201817283725;1190.83473585549;1248.45461615455;94.9160057194856;0.0198019801980198;16;16
149;11.8300000000017;0.519999999999982;12.4100000000035;NA;NA;-517.260124941675;-546.680049239239;3.57696188474209;8.77365798789636;11.9238526084365;5.32743182354345;1076.79076546949;1112.24604896162;58.8398485951288;0.0297029702970297;12;12
150;17.2700000000041;0.730000000000018;18.2299999999959;NA;NA;-565.34898698714;-611.907580501549;4.02767444865738;11.9800943422116;15.0243036984477;4.81980244174648;1186.57624056474;1241.74093055347;93.1171870288169;0.0297029702970297;17;17
151;14.25;0.610000000000127;15.0800000000017;NA;NA;-540.268774041917;-578.524926052458;3.80973038350323;12.5622468880176;12.7161148058043;4.05506736740113;1127.03542310503;1171.87765277607;76.5123040210819;0.0099009900990099;15;15
152;12.5899999999965;0.670000000000073;13.4400000000023;NA;NA;-565.913812878747;-597.558806911152;3.67854614748863;7.55313533109792;13.5129731115272;6.80127954424893;1181.23930098221;1219.98724193295;63.2899880648094;0.0099009900990099;15;15
153;12.929999999993;0.489999999999782;13.6699999999983;NA;NA;-506.79436062898;-534.614307137577;3.54282145164417;6.88786877979504;10.8826380995211;5.49687796227957;1051.69463474558;1088.47611236956;55.639893017194;0.0297029702970297;11;11
154;14.5099999999948;0.559999999999945;15.3800000000047;NA;NA;-529.23840200516;-580.825176116619;3.70084933387882;21.5839682728998;11.9188418384116;2.212193096448;1101.64820501029;1169.6631672828;103.173548222916;0.0099009900990099;14;14
155;18.6399999999994;0.599999999999909;19.4700000000012;NA;NA;-584.237827621867;-641.908458298292;3.75369935605254;18.1382769004664;15.8948484984356;3.87106070970273;1227.10983529587;1298.09679291424;115.34126135285;0.0297029702970297;16;16
156;12.6599999999889;0.5;13.3099999999977;NA;NA;-550.92665830307;-587.78605951586;3.62446062695478;9.56812114570532;13.7396503804968;5.55723230888813;1151.61989327672;1195.70104663304;73.7188024255793;0.0099009900990099;14;14
157;15.1399999999994;0.569999999999709;15.9700000000012;NA;NA;-595.750756136988;-638.567334930663;3.63803437607534;11.0558801987573;14.5880253382168;5.09900619624804;1244.34099955069;1295.60385035587;85.6331575873505;0.0297029702970297;14;14
158;17.3899999999994;0.850000000000364;18.5299999999988;NA;NA;-592.188932276672;-635.158048604931;3.65188926056178;11.9965836548251;14.1040785145472;4.26062268867546;1235.464441382;1285.74855726731;85.9382326565174;0.0099009900990099;14;14
159;12.6600000000035;0.4699999999998;13.3700000000099;NA;NA;-560.371022975464;-613.054236877312;3.91659464991169;15.4646156652882;14.9659901006002;4.47012477633786;1176.83114921633;1242.86147763234;105.366427803696;0.0198019801980198;18;18
160;13.0200000000041;0.579999999999927;13.7199999999866;NA;NA;-581.211343789834;-623.40335002074;3.69907884851094;11.8348791003019;14.510369139015;5.39288533420889;1215.94969016819;1266.70040394924;84.3840124618127;0.0198019801980198;16;16
161;10.3699999999953;0.309999999999945;10.8899999999994;NA;NA;-502.055590301751;-523.032987599454;3.27964084646958;10.2152116084794;6.70505338856541;2.36440333189598;1026.07385230313;1053.81067328476;41.9547945954059;0.0198019801980198;7;7
162;11.4599999999919;0.389999999999873;12.0899999999965;NA;NA;-527.492572819745;-556.312525608794;3.59616764951721;8.93000617131203;10.3995062432561;4.61076727594905;1091.8517947989;1128.97039834677;57.6399055780962;0.0297029702970297;12;12
163;10.9199999999983;0.480000000000018;11.5899999999965;NA;NA;-482.358130522193;-510.843895731827;3.57545439563115;9.83728959809641;9.77852152323138;3.90939605146963;999.381495514387;1035.54675065685;56.9715304192666;0.0198019801980198;12;12
164;18.3199999999924;0.809999999999945;19.4900000000052;NA;NA;-539.297311072437;-581.676328993298;3.63157575045205;11.5409598104346;13.6274037198485;4.27354192856033;1127.44967901396;1178.67356123746;84.7580358417222;0.0198019801980198;13;13
165;12.6200000000099;0.579999999999927;13.3899999999994;NA;NA;-515.971328302922;-543.076110987744;3.68165925112565;9.40426844137837;9.4679898800796;3.76751472320385;1065.5070444709;1099.5082064092;54.2095653696431;0.0099009900990099;12;12
166;16.2799999999988;0.529999999999745;16.9000000000087;NA;NA;-555.408902922511;-598.498645527017;3.72022502185421;9.83590622335991;15.0926479236283;6.22122750503018;1166.00573609015;1219.74589496529;86.1794852090134;0.0099009900990099;15;15
167;15.5800000000017;0.660000000000309;16.5499999999884;NA;NA;-601.498873452016;-653.782455056624;3.73941479951983;15.9539547926985;14.9614675368185;4.20614381681344;1257.70600160956;1322.94513846932;104.567163209215;0.0198019801980198;15;15
168;13.0800000000017;0.5;13.75;NA;NA;-543.625890255764;-578.030259451411;3.73487447039593;7.52514509652784;14.3753390360272;7.51831407174023;1139.81679176633;1183.55206277582;68.8087383912944;0.0099009900990099;15;15
169;15.1300000000047;0.650000000000091;16.0200000000041;NA;NA;-584.079091946389;-629.575912167601;3.7189600586427;13.8403137471119;14.4197160420126;4.64024148047606;1220.88546456003;1276.11937863322;90.9936404424252;0.0297029702970297;15;15
170;16.8799999999901;0.599999999999909;17.7799999999988;NA;NA;-581.778769318026;-621.162337930483;3.8339916144068;9.47396170175724;15.4207964639009;6.49382650201152;1220.44299787781;1266.27961902282;78.7671372249156;0.0198019801980198;16;16
171;12.6000000000058;0.350000000000364;13.0899999999965;NA;NA;-547.427568696333;-581.792705553254;3.64010349213667;9.34897386153173;12.8710236137173;5.67280019998237;1140.99852637112;1183.9227388965;68.7302737138427;0.0099009900990099;13;13
172;12.4100000000035;0.619999999999891;13.1600000000035;NA;NA;-547.627437383591;-584.263655929033;3.8130519180053;9.58325617559901;12.7749055112507;5.3634929676098;1141.5270357741;1187.95449352592;73.2724370908832;0.0198019801980198;14;14
173;12.4800000000105;0.550000000000182;13.2600000000093;NA;NA;-511.335676126673;-540.310168200974;3.45780948060501;10.5449189794063;10.0520736210804;3.64203479583754;1057.38998456371;1093.19947894554;57.9489841486023;0.0099009900990099;10;10
174;9.34000000001106;0.340000000000146;9.77999999999884;NA;NA;-480.792816691199;-503.002606257119;3.48481131066958;11.199783014811;7.32376094006819;3.02640682743115;986.495189915677;1016.29861949154;44.4195791318401;0.0198019801980198;9;9
175;16.9199999999983;0.4699999999998;17.7999999999884;NA;NA;-546.070820757628;-591.288875276102;3.80148997706086;13.6629449740379;13.5478123375722;3.94662765873345;1141.68071020906;1197.00902947926;90.4361090369468;0.0099009900990099;15;15
176;16.4199999999983;0.700000000000273;17.2200000000012;NA;NA;-615.021499276031;-662.374350322734;3.82379832674461;12.0951092601719;16.3778318577084;5.99908635263818;1291.42336137173;1347.23190233606;94.7057020934064;0.0099009900990099;18;18
177;18.1300000000047;0.75;19.1599999999889;NA;NA;-607.93393332384;-669.39584714586;3.80888352014846;15.3834947121962;17.3980706631577;4.19300264041966;1281.54218351497;1354.61945987354;122.923827644041;0.0099009900990099;19;19
178;16.0399999999936;0.559999999999945;16.9199999999983;NA;NA;-532.260515873702;-570.794145346153;3.60661153285837;11.1147591713418;12.6765883326157;3.91614847547278;1109.96735862138;1155.62791705183;77.0672589449034;0.0297029702970297;13;13
179;18.4499999999971;0.6899999999996;19.4199999999983;NA;NA;-558.81621783708;-616.701362659517;3.96281673430735;24.6781985455826;12.9646861747416;2.13437184934969;1165.03923929683;1241.20729118018;115.770289644874;0.0297029702970297;15;15
180;13.1600000000035;0.639999999999873;13.8899999999994;NA;NA;-563.610846239081;-616.389246463185;3.77806994685334;14.4542797535013;15.3868323596385;4.53331046126423;1184.44827267991;1249.63874386219;105.556800448209;0.0198019801980198;17;17
181;11.3600000000006;0.309999999999945;11.7700000000041;NA;NA;-502.140858380349;-536.698272873178;3.56525824224193;10.376164311882;10.8976045053462;4.38545414860109;1042.9141433951;1088.94314918303;69.1148289856579;0.0099009900990099;12;12
182;12.2300000000105;0.470000000000255;12.9099999999889;NA;NA;-517.413617092686;-561.885496856157;3.68310353037082;16.5713861500265;12.0954231352913;3.32595621546415;1078.63823273014;1135.81798547819;88.9437595269433;0.0099009900990099;14;14
183;16.9000000000087;0.659999999999854;17.8300000000017;NA;NA;-535.868715362682;-585.677931274936;3.72191337641195;13.6413581455062;14.2935612064206;3.76337329610577;1124.00341233482;1185.11705170653;99.6184318245073;0.0099009900990099;15;15
184;16.25;0.75;17.3399999999965;NA;NA;-562.819270037347;-603.103365982828;3.63513057846153;9.92176730705933;14.2212933504693;5.4307818657028;1177.14968237316;1225.87764167704;80.5681918909618;0.0198019801980198;14;14
185;13.1800000000076;0.569999999999709;14.0500000000029;NA;NA;-519.658036864999;-555.38233537379;3.74831940638513;12.0076722131538;10.9987875877647;3.81780784664061;1078.74738464864;1124.45174007475;71.4485970175813;0.0297029702970297;13;13
186;16.8300000000017;0.720000000000255;17.7900000000081;NA;NA;-510.683005350801;-544.98760693547;3.65341376747958;10.0713679212023;12.3956222950183;4.23832154263274;1065.30896795107;1105.00022656694;68.6092031693378;0.0198019801980198;12;12
187;16.3899999999994;0.809999999999945;17.5;NA;NA;-547.968567367296;-582.101853551662;3.59626004232464;9.67842820064912;12.6414395857193;4.91652939829634;1141.25745125004;1181.82975886566;68.266572368731;0.0099009900990099;13;13
188;16.25;0.570000000000164;17.1500000000087;NA;NA;-539.423608545548;-581.444056183267;3.65166593100924;10.3787705507419;14.0616534378687;4.87494100038247;1129.25908515513;1180.36506723654;84.0408952754376;0.0198019801980198;13;13
189;16.859999999986;0.670000000000073;17.8800000000047;NA;NA;-557.451645524783;-599.389097619899;3.67231312929667;10.7373141177179;13.6722979149724;4.60493688923637;1164.42590942815;1215.45780050011;83.8749041902311;0.0198019801980198;14;14
190;17.5;0.730000000000018;18.5;NA;NA;-525.194873613802;-567.397495212566;3.63598096735407;13.8889980511222;12.1506885973712;3.18131385038453;1093.95069211679;1146.20019073138;84.4052431975283;0.0099009900990099;13;13
191;13.9400000000023;0.610000000000127;14.6399999999994;NA;NA;-509.180074496477;-545.281097738343;3.62559884062031;8.16260150866252;13.1772028802716;5.97634569880562;1066.08947683493;1112.20919945371;72.2020464837323;0.0099009900990099;14;14
192;12.2799999999988;0.590000000000146;13.1399999999994;NA;NA;-532.41395982743;-566.615952845535;3.67087367352088;6.96210649021181;13.1105946438976;6.72003624960989;1112.76825367318;1157.80445874239;68.4039860362086;0.0198019801980198;15;15
193;10.7799999999988;0.340000000000146;11.2700000000041;NA;NA;-482.477414461118;-508.716505527256;3.41538184090327;6.97075208562454;9.08054181062501;4.24774644931342;995.839543952608;1031.88043515588;52.4781821322758;0.0099009900990099;9;9
194;13.1000000000058;0.5300000000002;13.8699999999953;NA;NA;-546.925834710683;-591.67979630833;3.63753464959082;14.2079675122549;13.5063451651375;3.91990763792595;1142.77318806163;1197.5579440013;89.5079231952939;0.0198019801980198;14;14
195;8.75;0.309999999999945;9.11000000000058;NA;NA;-463.525597846363;-479.899305101739;3.21053117922545;4.78942410053318;5.99568384448223;3.35291089112644;946.228179586761;970.52277775885;32.747414510752;0.0198019801980198;6;6
196;12.7800000000134;0.599999999999909;13.6699999999983;NA;NA;-537.956072318258;-571.772591956175;3.60557702296495;12.6894638496282;10.7212723633424;3.0555195451798;1114.34854688804;1154.49940411549;67.633039275833;0.0099009900990099;13;13
197;17.6599999999889;0.980000000000018;18.8399999999965;NA;NA;-554.994803095301;-604.276083081515;3.69062174632038;12.0012195629733;16.1443431587216;5.06227303882004;1169.02317595287;1227.06292535929;98.5625599724278;0.0099009900990099;15;15
198;16.3299999999872;0.840000000000146;17.4300000000076;NA;NA;-536.985501127438;-572.732491509271;3.70401224278354;9.58731599403503;12.6091344955165;5.25420813874115;1119.64272178506;1164.49632260423;71.4939807636656;0.0099009900990099;14;14
199;12.1499999999942;0.480000000000018;12.8399999999965;NA;NA;-549.366676770123;-587.30256347292;4.04917720048747;14.0523780102977;11.2862164096184;3.78376660828943;1140.00264751021;1188.44088649571;75.8717734055931;0.0099009900990099;15;15
200;13.6100000000006;0.340000000000146;14.0800000000017;NA;NA;-568.625570130988;-613.795676873244;3.76962931161287;12.6417085887814;15.4364629384955;5.61275421835395;1194.6623061039;1248.46626301448;90.3402134845105;0.0099009900990099;17;17
201;12.4099999999889;0.4699999999998;13.2100000000064;NA;NA;-540.924796799336;-574.40544891057;3.6655497651544;8.75566536390641;12.6678577469865;5.70051246401523;1127.73401542591;1169.45880244357;66.9613042224682;0.0099009900990099;14;14
202;12.5999999999913;0.639999999999873;13.5299999999988;NA;NA;-568.551869146109;-603.927143618996;3.67592670153083;8.43031548223186;14.4803339970066;7.1822589620046;1190.05267519161;1234.11700857114;70.7505489457735;0.0099009900990099;15;15
203;12.25;0.670000000000073;13.0800000000017;NA;NA;-581.752949519919;-631.153481499132;3.7008905448975;17.687969806451;13.0309992990248;3.44703247743042;1211.15518390873;1274.91141709272;98.8010639584261;0.0099009900990099;15;15
204;13.3799999999901;0.5300000000002;14.1199999999953;NA;NA;-527.237976112983;-556.840466060681;3.55162604051512;8.21044559370296;11.503437336595;4.74662745451069;1095.25607952196;1130.50790880301;59.204979895396;0.0099009900990099;12;12
205;13.6100000000006;0.5;14.179999999993;NA;NA;-564.270278381499;-613.75869732332;3.6725934147967;13.6981602259438;14.4276924701457;4.46693705376271;1181.29700411867;1243.85124221135;98.9768378836422;0.0198019801980198;15;15
206;13.3100000000122;0.700000000000273;14.25;NA;NA;-604.368125153157;-666.530790345463;3.89278606362522;16.2742044508955;18.5308106325378;5.26421244713977;1279.1616923634;1353.06796335943;124.325330384611;0.0099009900990099;20;20
207;11.0900000000111;0.389999999999873;11.6999999999971;NA;NA;-487.059081218417;-508.543138024891;3.40402099993658;6.36406372382377;9.55158846570349;5.07097168026276;1006.6050001171;1034.33365165117;42.9681136129478;0.0099009900990099;9;9
208;12.5;0.480000000000018;13.2799999999988;NA;NA;-526.733993041769;-568.795775101203;3.59067597214411;13.3623395088827;12.5269552004331;3.97071095705068;1098.37786923481;1151.82678631968;84.1235641188687;0.0099009900990099;13;13
209;15.8099999999977;0.800000000000182;16.8099999999977;NA;NA;-515.601989538357;-546.873368846367;3.62047292330755;9.51448905794518;11.0935548192426;4.36190061524909;1070.53105710188;1109.2098429488;62.5427586160215;0.0099009900990099;12;12
210;16.6699999999983;0.739999999999782;17.75;NA;NA;-539.887158920117;-579.459450628783;3.62386697727087;12.322828845912;12.3770781108441;3.62769108126902;1124.14688266692;1171.92439061727;79.1445834173308;0.0099009900990099;13;13
211;12.7599999999948;0.509999999999764;13.5;NA;NA;-573.841470989947;-628.734119723635;3.72712243698394;19.3854475443199;14.3076711838497;3.56737292478361;1200.89591482351;1270.73598345189;109.785297467376;0.0297029702970297;17;17
212;14.3499999999913;0.579999999999927;15.070000000007;NA;NA;-476.775479767787;-505.484188049955;3.40553012315918;9.42426417894571;9.39400424318764;3.70051028332315;985.501822170826;1023.55454198636;57.4174165643369;0.0099009900990099;9;9
213;12.9800000000105;0.490000000000236;13.6100000000006;NA;NA;-594.738470450839;-646.765355962468;3.77406673918576;14.7157413098174;15.637794907141;4.59009619766082;1248.08381471985;1310.73334121295;104.053771023257;0.0099009900990099;18;18
214;12.8899999999994;0.409999999999854;13.4199999999983;NA;NA;-560.460538868208;-606.852090261563;3.72283317873716;11.4908803527985;14.740097910128;5.13175692283176;1175.29552206872;1232.63461319927;92.7831027867089;0.0099009900990099;16;16
215;12.0299999999988;0.570000000000164;12.8000000000029;NA;NA;-552.048449039099;-585.772480923271;3.75310098595046;9.57796355571211;12.1918423416599;5.543378287459;1147.80538160049;1191.41830434436;67.4480637683459;0.0198019801980198;13;13
216;14.0699999999924;0.669999999999618;15.0899999999965;NA;NA;-498.090984669336;-531.376798176634;3.55924472745484;11.9401417590738;10.1358961337953;3.5460332568492;1031.67314139289;1075.17014786164;66.571627014597;0.0297029702970297;11;11
217;16.7200000000012;0.75;17.9199999999983;NA;NA;-577.859668731915;-623.694450597111;3.73011632733706;10.3388345078787;16.1950555027235;6.51985728903774;1215.95185452364;1271.63750073273;91.6695637303928;0.0099009900990099;17;17
218;16.8899999999994;0.759999999999764;17.8099999999977;NA;NA;-569.322151913606;-627.930934196284;3.72185406376107;19.8062351459331;14.8195806713163;2.98277510402122;1193.31195048422;1266.86496619003;117.217564565355;0.0198019801980198;16;16
219;15.2199999999866;0.75;16.1499999999942;NA;NA;-545.287995034483;-576.043887447361;3.49256318934089;9.9409887213598;10.8000176904773;3.66867662746329;1127.87792967621;1164.75893506484;61.5117848257551;0.0099009900990099;10;10
220;9.66999999999825;0.5;10.3399999999965;NA;NA;-465.460125752009;-487.097185870891;3.3432274543779;5.17468294761589;7.65822441099513;3.96118107994173;956.516379859444;987.433850492979;43.2741202377636;0.0198019801980198;8;8
221;14.5300000000134;0.5300000000002;15.2400000000052;NA;NA;-520.819205268467;-546.226771587109;3.42974151367664;6.39328618023324;9.74130789113519;4.60021462747037;1074.77052143023;1108.09978112025;50.8151326372838;0.0198019801980198;9;9
222;11.4700000000012;0.410000000000309;11.9700000000012;NA;NA;-505.158495380987;-539.608021051609;3.56023418608544;10.822299299538;10.9644474222443;4.16293405505611;1049.18637810474;1093.97380325953;68.8990513412442;0.0198019801980198;12;12
223;12;0.559999999999945;12.7100000000064;NA;NA;-517.670404281602;-546.132587155428;3.6225741470646;6.25782464620984;13.2270870505048;7.50895144331547;1083.25082254448;1119.46345064035;56.9243657476518;0.0198019801980198;14;14
224;17.1699999999983;0.510000000000218;18.0500000000029;NA;NA;-555.75685093765;-594.268619240236;3.64881518168772;12.3672794836954;11.484733687834;3.24248736300831;1152.22752401788;1200.03198075185;77.0235366051725;0.0099009900990099;12;12
225;16.4800000000105;0.710000000000036;17.5200000000041;NA;NA;-557.179959741198;-599.563223107657;3.72193075239851;11.0065464308555;14.3938726351455;4.89683127780106;1166.4961635822;1216.86332615627;84.7665267329185;0.0099009900990099;14;14
226;12.6199999999953;0.309999999999945;13.1900000000023;NA;NA;-562.582087467107;-603.288200488029;3.68004519159193;12.3314477859938;11.96123822213;4.12905767290021;1168.04592890439;1221.3793195343;81.4122260418449;0.0198019801980198;13;13
227;13;0.579999999999927;13.8600000000006;NA;NA;-561.005040762184;-603.286482906378;3.63768880265113;10.7623881351885;13.7668372522641;5.11845263761605;1171.87513213721;1225.11258353012;84.5628842883887;0.0099009900990099;14;14
228;13.3600000000006;0.460000000000036;13.9499999999971;NA;NA;-568.872898727808;-602.169909001796;3.67638021396841;7.30475397057915;14.474675797158;7.83346266598673;1190.67404452377;1232.98373743879;66.5940205479753;0.0099009900990099;15;15
229;14.0399999999936;0.5;14.8000000000029;NA;NA;-504.357782037082;-530.841444424063;3.41450110747079;10.8081235158228;8.12889168345417;2.51772390084886;1036.36352918374;1070.24616478744;52.9673247739636;0.0198019801980198;9;9
230;17.9400000000023;0.779999999999745;18.8999999999942;NA;NA;-576.462953153727;-629.731371956398;3.72249385968258;14.0538571430344;15.850044436867;4.17414345648645;1211.39480957741;1274.86065594795;106.536837605342;0.0099009900990099;16;16
231;13.2199999999866;0.5600000000004;14.0900000000111;NA;NA;-574.396448871005;-622.200182952102;3.73377666165023;10.4456150362345;17.1601554332945;7.23003611682284;1212.61480651602;1271.29025669071;95.6074681621944;0.0099009900990099;17;17
232;11.2399999999907;0.659999999999854;12.0099999999948;NA;NA;-515.577348264606;-546.506011149766;3.56875082372649;7.79860369823703;10.7175595062491;5.05059817450713;1069.14885672487;1110.91658686147;61.8573257703192;0.0099009900990099;12;12
233;15.3699999999953;0.870000000000346;16.5299999999988;NA;NA;-586.255025531225;-627.502583364721;3.66045511574339;9.68843157987741;14.9569593404589;5.74449372102036;1227.20182105121;1276.01054102648;82.4951156669913;0.0099009900990099;15;15
234;15.179999999993;0.639999999999873;15.9700000000012;NA;NA;-527.981640474726;-556.955381138289;3.55503917997146;7.31851325010045;10.9257134025801;4.95171255996937;1094.22002402056;1131.24934587186;57.9474813271263;0.0099009900990099;11;11
235;12.2899999999936;0.440000000000055;12.8600000000006;NA;NA;-526.149822938231;-571.734266112898;3.71646147604719;17.445543888935;12.0934835802689;3.10830048778935;1096.1036191323;1154.727150186;91.1688863493332;0.0198019801980198;14;14
236;11.9499999999971;0.5;12.6399999999994;NA;NA;-540.177786314753;-568.605918787955;3.60967431517255;6.79685603189995;12.0445001126573;6.24306861021925;1123.53582545393;1159.59361170253;56.8562649464038;0.0198019801980198;13;13
237;12.9900000000052;0.590000000000146;13.8000000000029;NA;NA;-562.215757229316;-601.097128431235;3.77298687167401;8.97101211637703;13.9572535466005;6.15014109380798;1174.9862745509;1224.47076753077;77.762742403838;0.0099009900990099;14;14
238;17.8899999999994;0.690000000000055;18.8099999999977;NA;NA;-531.898830455901;-576.693901026548;3.77000890963609;12.4075538481886;13.9783456029527;4.38575003877678;1114.42881883156;1169.27348760683;89.5901411412926;0.0198019801980198;14;14
239;11.6900000000023;0.420000000000073;12.25;NA;NA;-546.463728060529;-575.83603853819;3.58946399378061;9.0704689314708;9.50146775046522;3.84045267514147;1126.19715642659;1165.11954781407;58.7446209553223;0.0099009900990099;11;11
240;12.9200000000128;0.509999999999764;13.5800000000017;NA;NA;-543.189020414953;-579.077547498659;3.66411772909472;9.237855244904;12.6064979800747;5.71461169706202;1132.04021060123;1178.85406864574;71.7770541674113;0.0297029702970297;14;14
241;15.6600000000035;0.720000000000255;16.5899999999965;NA;NA;-552.334113891923;-586.012145230855;3.64895744780953;9.15926705823845;11.2240504226921;4.56743406499044;1143.96960769526;1188.01731032962;67.3560626778647;0.0198019801980198;11;11
242;17.6999999999971;0.579999999999927;18.570000000007;NA;NA;-569.829211724331;-616.480954604136;3.70796038311768;11.6882228874145;15.5350104777951;5.01861108928567;1196.96520441965;1251.47496054373;93.3034857596092;0.0198019801980198;16;16
243;11.179999999993;0.440000000000055;11.8099999999977;NA;NA;-513.026658748674;-542.57221608905;3.54601997675389;7.3199522837188;11.0998232054457;5.25721742264972;1065.40261719242;1103.78146991258;59.0911146807512;0.0099009900990099;12;12
244;13.1499999999942;0.360000000000127;13.7200000000012;NA;NA;-539.083596799597;-572.823857303424;3.60516475296325;9.40296560830146;12.0114091838712;4.85525751358814;1121.22881346602;1163.05410300018;67.4805210076547;0.0297029702970297;13;13
245;12.7599999999948;0.480000000000018;13.429999999993;NA;NA;-532.616745840365;-568.555189466988;3.74368605125514;9.823014555173;12.7879480426391;5.4787498470022;1111.99403284797;1157.14403147241;71.8768872532446;0.0099009900990099;15;15
246;13.4800000000105;0.569999999999709;14.3099999999977;NA;NA;-526.52140531292;-561.901464272195;3.58246590711142;9.7637429628464;12.527534586115;5.22169379279304;1097.45340201504;1142.31403364629;70.760117918551;0.0099009900990099;12;12
247;12.890000000014;0.670000000000073;13.7999999999884;NA;NA;-559.056015612417;-603.594756976349;3.72918771367629;12.3704757890528;14.4741513170929;5.33103226594433;1171.94417560905;1227.01664525527;89.0774827278626;0.0099009900990099;17;17
248;15.3099999999977;0.579999999999927;16.0299999999988;NA;NA;-569.230045201779;-604.686426082021;3.79406350457112;8.98858807254385;12.4418328756772;5.38232726183702;1183.06480493267;1228.66881710871;70.912761760484;0.0099009900990099;13;13
249;18.4899999999907;0.909999999999854;19.6699999999983;NA;NA;-630.521537518079;-711.651519253741;3.91149070556068;20.7045288910448;20.0499620425808;3.91386615993345;1337.24197793775;1438.17749596816;162.259963471325;0.0198019801980198;20;20
250;17.3600000000006;0.760000000000218;18.4199999999983;NA;NA;-547.482512449557;-592.680360104418;3.84937909208063;16.0701409341493;12.7011683188049;3.15303455281772;1140.97010140681;1196.78137004142;90.3956953097222;0.0198019801980198;14;14
