1;19.1399999999994;0.850000000000023;20.2299999999996;NA;NA;-595.893424114319;-634.710320930548;4.41545646982235;7.19720378312821;14.5221880070404;7.97789562965598;1254.9548426004;1304.12255220603;77.6337936324578;0.0099009900990099;15;15
2;22.5900000000001;1.01999999999998;23.9500000000007;NA;NA;-595.432800411282;-633.912432388836;4.23098408132182;7.93732641902343;13.3601578109716;6.71984015106855;1246.90718638605;1296.01244325746;76.959263955107;0.0099009900990099;11;11
3;27.1099999999969;1.17000000000007;28.6000000000022;NA;NA;-602.05505990751;-660.265547765094;4.68445064945436;19.211521057335;12.6772235412757;2.94135388960753;1258.34590570497;1333.11481618984;116.420975715169;0.0099009900990099;13;13
4;16.630000000001;0.529999999999973;17.3000000000029;NA;NA;-544.049641537328;-591.143577992165;4.30708248241024;21.7430770652238;11.1202680086343;2.89281923416078;1135.22904279973;1194.54746080146;94.1878729096741;0.0099009900990099;12;12
5;30.1500000000015;1.25;31.9200000000019;NA;NA;-631.356083508935;-688.082314351478;4.3375334361609;12.5322832121129;16.8919132016756;5.94559230988575;1335.60518023125;1401.82141095323;113.452461685087;0.0099009900990099;14;14
6;35.2700000000004;1.52999999999997;37.3099999999977;NA;NA;-710.770693376891;-787.318398556526;4.63480587263885;13.5820032123656;22.3388784669171;7.33536861412381;1520.10809021399;1607.00292972935;153.09541035927;0.0099009900990099;17;17
7;30.5299999999988;1.40000000000009;32.4399999999987;NA;NA;-618.86568905021;-667.882241578328;4.40550174514369;11.3775248391405;15.7778605004028;5.76315098643528;1305.23233058542;1360.42043577389;98.0331050562352;0.0099009900990099;13;13
8;21.0699999999997;0.82000000000005;22.1499999999978;NA;NA;-519.278304231986;-555.377892704927;4.14092103447449;10.9017807849112;10.0497240450331;3.62535268353486;1079.70364145959;1125.59922845582;72.1991769458825;0.0099009900990099;9;9
9;30.9799999999996;1.32999999999993;32.7400000000016;NA;NA;-639.498273544706;-705.081555949176;4.40119737337914;12.1096172386301;17.6693626514268;6.08845228276076;1355.85398757819;1436.64640211218;131.166564808939;0.0099009900990099;15;15
10;22.619999999999;1.05999999999995;24.0299999999988;NA;NA;-682.470800678091;-759.182745472702;4.54162935881893;13.8338761704759;21.640851568228;7.76592358578646;1461.63188227624;1553.06326292291;153.42388958922;0.0099009900990099;19;19
11;29.3100000000013;1.36000000000001;31.1800000000003;NA;NA;-591.931340867345;-654.943208545995;4.35751497336014;19.9926468414198;14.3211263583236;3.06329204212604;1245.13142408542;1322.99181440349;126.0237353573;0.0099009900990099;13;13
12;22.5200000000004;1.00999999999999;23.7200000000012;NA;NA;-637.194405166532;-698.647993442013;4.51932811972197;14.0765889423908;17.1401978609651;6.04446444459031;1349.49761388339;1423.78299107256;122.907176550963;0.0099009900990099;16;16
13;18.5600000000013;0.850000000000023;19.7799999999988;NA;NA;-592.080138699391;-628.608169653732;4.33166139443797;7.64316480326158;13.1193104206023;7.10180476334247;1239.76234988495;1287.31510597845;73.0560619086814;0.0099009900990099;12;12
14;30.5;1.29999999999995;32.1900000000023;NA;NA;-627.771216362529;-702.148616704903;4.36156344428247;19.7386669442645;16.6961400229489;3.57969190437651;1326.30377291999;1419.46863208582;148.754800684748;0.0099009900990099;12;12
15;24.6100000000006;1.25;26.25;NA;NA;-603.149638924613;-637.503023671791;4.33938015637638;7.61265454099178;13.7298506731226;7.565015072446;1264.4889332409;1307.06798527567;68.7067694943564;0.0099009900990099;12;12
16;21.9699999999975;0.849999999999909;23.1100000000006;NA;NA;-568.794206809263;-603.178767492126;4.28314037803554;9.2670958060595;12.8386902830033;6.51121421574167;1192.00116587888;1233.95326930182;68.7691213657279;0.0099009900990099;12;12
17;28.6700000000019;1.23000000000002;30.3899999999994;NA;NA;-586.579737499369;-634.972027756381;4.50042354371138;17.1100835281065;12.0039610856849;3.10783553535709;1223.51224940472;1282.98043079636;96.7845805140246;0.0099009900990099;11;11
18;32.1500000000015;1.34000000000003;33.9799999999996;NA;NA;-639.648161603939;-713.475747729873;4.43069895563837;19.8218396641272;16.6441197140206;3.67767589061936;1351.12004286321;1442.82162657449;147.655172251867;0.0099009900990099;14;14
19;31.3400000000001;1.53999999999996;33.3899999999994;NA;NA;-651.217290694111;-710.70323430672;4.39677926577074;11.6429243564151;17.6131798546101;6.3830528135967;1378.44004841516;1448.95100708745;118.971887225219;0.0099009900990099;14;14
20;33.6100000000006;1.38;35.3299999999981;NA;NA;-634.020145524954;-701.251012494785;4.37665186483717;15.0735321667177;18.47464896152;5.40717091566446;1347.7632220635;1425.83537842898;134.461733939662;0.0099009900990099;14;14
21;24.7200000000012;0.930000000000064;26.1100000000006;NA;NA;-600.797887427383;-654.927271139574;4.21726226896776;14.3111574259838;14.4526309631979;4.58981566572458;1262.21993560206;1329.10734984255;108.258767424383;0.0099009900990099;11;11
22;29;1.58000000000004;31.119999999999;NA;NA;-599.496005307411;-643.766037918892;4.28214345942;9.73004506287879;14.5710760203607;6.53596300600068;1260.11301046383;1314.94834855125;88.5400652229621;0.0099009900990099;11;11
23;24.1100000000006;0.860000000000014;25.2799999999988;NA;NA;-571.855986900855;-605.325547169965;4.20800895769885;7.81283440490143;12.6560459879655;6.10255933787817;1196.80003564687;1236.24937739382;66.9391205382208;0.0099009900990099;11;11
24;20.6399999999994;1.01999999999998;22;NA;NA;-561.439405595393;-601.797597189749;4.2143096228881;9.05763801338573;13.0626135196165;5.92774359292028;1177.672293693;1228.46018134007;80.7163831887121;0.0099009900990099;11;11
25;19.6500000000015;1.0200000000001;21.2200000000012;NA;NA;-582.980442712823;-640.375873660226;4.35318932801578;18.9756112549598;13.9368202849787;3.94544676533776;1226.10190160638;1297.7773796313;114.790861894807;0.0099009900990099;14;14
26;29.8300000000017;1.5;31.6800000000003;NA;NA;-595.115810101343;-638.816337953171;4.26871932238436;11.2243037228132;13.6556043466719;4.9236029871364;1248.10660588285;1298.4998191789;87.4010557036556;0.0099009900990099;12;12
27;22.9399999999987;1.29999999999995;24.5200000000004;NA;NA;-613.084519001944;-658.390026341951;4.31089917835807;7.77572082525452;15.7541537485679;8.35675568429091;1293.56856809837;1352.53198295098;90.6110146800147;0.0099009900990099;13;13
28;24.3400000000001;1.05999999999995;25.6800000000003;NA;NA;-659.53127065515;-713.233200603739;4.41495878675306;9.64909805598582;20.1960744776152;9.88796048234409;1406.91056519728;1469.47663023041;107.403859897179;0.0099009900990099;15;15
29;33.0400000000009;1.38999999999999;34.880000000001;NA;NA;-654.979894256299;-717.492308379644;4.42319220167242;17.0956865989654;15.7165712465881;4.02798484146336;1377.19853288583;1452.21716951173;125.02482824669;0.0099009900990099;13;13
30;26.0400000000009;1.31000000000006;27.75;NA;NA;-546.692459723618;-588.289287771098;4.21524100878036;9.50958177008533;12.8365040101522;5.44931906863234;1147.22994493265;1199.43672476231;83.1936560949614;0.0099009900990099;11;11
31;21.5200000000004;0.889999999999986;22.5299999999988;NA;NA;-613.195109535043;-674.997109468969;4.38141615724354;18.6684157613834;14.9298035847148;3.85084595811214;1290.81621729662;1366.61162408063;123.603999867852;0.0099009900990099;14;14
32;29.5499999999993;1.36000000000001;31.3799999999974;NA;NA;-596.081755956072;-646.4646027242;4.33941647734645;14.7199976266812;13.2795814139365;3.85865981304728;1248.44484261411;1309.28292189737;100.765693536257;0.0099009900990099;12;12
33;24.5;0.680000000000064;25.5299999999988;NA;NA;-549.779399430627;-590.6952691469;4.24043030080387;10.2106939850214;12.738712098353;4.91231458501278;1153.54782501927;1202.20983922305;81.831739432547;0.0099009900990099;12;12
34;27.880000000001;0.909999999999968;29.2799999999988;NA;NA;-616.708257936809;-663.469137923014;4.28145384722009;9.30730067359354;15.0488587056565;6.64337726594185;1297.19637211301;1355.0941416996;93.5217599724094;0.0099009900990099;12;12
35;16;1.13;17.3600000000006;NA;NA;-550.416644382783;-588.784253950539;4.15897666045562;7.97483605237277;10.0206396028916;4.27304021924771;1142.38912991154;1195.28891174738;76.735219135513;0.0099009900990099;10;10
36;18.9500000000007;0.809999999999945;20.1000000000022;NA;NA;-577.296432063324;-613.457501282865;4.30468980738596;7.40014854260027;12.5921703954313;6.79557576251396;1207.96081934977;1255.71591389558;72.3221384390822;0.0099009900990099;12;12
37;26.0600000000013;1.12;27.5200000000004;NA;NA;-570.848501793103;-606.96895052462;4.15971688179596;8.65540026364112;12.0918699082985;5.34978521041826;1191.84228821675;1236.12359309879;72.2408974630337;0.0099009900990099;10;10
38;30.3899999999994;1.20999999999992;32.0900000000001;NA;NA;-644.585987576079;-708.476844140888;5.2347211761889;22.2165672017021;13.3036176102419;3.61728554638348;1346.08760450283;1432.42918445471;127.781713129617;0.0099009900990099;13;13
39;31.9099999999999;1.56999999999994;33.9000000000015;NA;NA;-641.917641225228;-696.979464646662;4.32594282337341;11.3008622223254;17.6735696204079;6.44681422903441;1359.44647087217;1421.53973474807;110.123646842867;0.0099009900990099;13;13
40;29.4500000000007;1.34000000000003;31.2099999999991;NA;NA;-613.300448471166;-674.950913694805;4.38281606166194;19.080338196845;14.812328426331;3.56097750279214;1290.51995920666;1365.26837450979;123.300930447277;0.0099009900990099;14;14
41;29.8199999999997;1.41999999999996;31.5299999999988;NA;NA;-627.594989786329;-676.837766652515;4.2900954129281;10.7948571427587;15.5147398736809;5.86169903820326;1321.56524756313;1378.75309488247;98.485553732371;0.0099009900990099;13;13
42;27.8199999999997;1.11000000000001;29.3000000000029;NA;NA;-591.352001941473;-640.647491864379;4.62763319812497;14.0390450977058;12.5936570041591;4.44287413875172;1235.53036391113;1299.93141862103;98.590979845811;0.0099009900990099;11;11
43;29.7000000000007;1.32999999999993;31.4199999999983;NA;NA;-624.428667395936;-677.119413660985;4.29922717460615;11.44213912659;16.2224183675637;5.78775250567853;1318.26019783485;1379.00003032987;105.381492530099;0.0099009900990099;13;13
44;30.9799999999996;1.37;32.7599999999984;NA;NA;-637.541285499619;-689.01566917389;4.33239671771792;10.9629509759297;16.7404001773397;6.56282636902366;1347.32176597705;1406.35164662328;102.948767348541;0.0099009900990099;14;14
45;30.3300000000017;1.36000000000001;32.1400000000031;NA;NA;-662.765176777758;-714.090941211537;4.30697682910268;10.6629628120451;17.4687968023875;6.7194602027093;1400.26548148354;1456.92912377791;102.651528867557;0.0099009900990099;13;13
46;32.25;1.21999999999991;33.6900000000023;NA;NA;-630.285909921945;-692.157354694325;4.35213378529638;13.8241817815885;16.5859758206726;5.16545091842589;1332.14463342745;1406.60497796596;123.74288954476;0.0099009900990099;14;14
47;28.3899999999994;1.31000000000006;29.9399999999987;NA;NA;-596.838518723651;-647.21564745575;4.23329049582646;14.1679269705691;13.0454814624632;4.03975535952169;1248.39865645356;1311.37677555921;100.754257464197;0.0099009900990099;11;11
48;30.0400000000009;1.5;31.8499999999985;NA;NA;-609.693153900384;-659.635605479922;4.59495321490985;13.9526903091631;13.6790370082746;4.31491099229272;1277.90805903013;1337.73129316556;99.8849031590755;0.0099009900990099;13;13
49;32.5600000000013;1.67000000000007;34.5;NA;NA;-685.341383725027;-744.836149015586;4.38161286433148;11.4008509058523;19.2897733149521;7.94934983949317;1454.58860117158;1524.25004111485;118.989530581117;0.0099009900990099;15;15
50;18.5699999999997;0.949999999999932;19.6900000000023;NA;NA;-574.959110801992;-639.39645551402;4.55821628176595;30.0235160685476;11.926427972934;2.37166108391807;1201.38387036977;1289.0272474625;128.874689424056;0.0099009900990099;14;14
51;34.0999999999985;1.19000000000005;35.7299999999996;NA;NA;-675.569033818417;-763.500520922994;4.52786214303063;20.841953592191;19.6407218507983;4.12118678470893;1437.79958957846;1545.18511479818;175.862974209154;0.0099009900990099;17;17
52;28.0299999999988;1.20000000000005;29.6700000000019;NA;NA;-628.521232972596;-677.990407880997;4.8373833945129;13.953378670686;13.0477740456994;4.01847262801373;1312.86354357934;1373.17267329673;98.9383498168015;0.0099009900990099;13;13
53;18.7999999999993;0.759999999999991;20.0600000000013;NA;NA;-572.91566316803;-615.898055672044;4.1543679544176;15.892460010444;10.958431404154;3.00652044527535;1191.27621335791;1244.26422625264;85.9647850080271;0.0099009900990099;10;10
54;23.8999999999978;1;25.239999999998;NA;NA;-580.962997895712;-633.016842107604;4.37504462046548;17.9177496281028;12.5246200262433;3.54693975162828;1215.50891226242;1281.20822651996;104.107688423786;0.0099009900990099;13;13
55;21.2299999999996;0.950000000000045;22.5699999999997;NA;NA;-613.15658443807;-665.361014547487;4.37400330636947;11.6883432833955;16.4926584825407;6.72538705403653;1298.05223172917;1359.97583102698;104.408860218834;0.0099009900990099;15;15
56;28.8899999999994;1.37;30.4099999999999;NA;NA;-609.017211673175;-659.939839502542;4.40855575212493;11.0301119113358;15.2973356520736;5.80900148820606;1283.47959108449;1344.73178955776;101.845255658734;0.0099009900990099;13;13
57;32.5800000000017;1.36000000000001;34.2999999999993;NA;NA;-680.194804024304;-759.097128901512;4.50273791405486;17.1022120442352;20.6674800838009;5.22074540259172;1451.58153532941;1541.22995606785;157.804649754416;0.0099009900990099;17;17
58;31.9099999999999;1.55999999999995;34.0299999999988;NA;NA;-646.997457929815;-714.814352857829;4.48958150338855;16.7014357323395;17.3371047152349;4.67343230113922;1369.96657048992;1450.10781053459;135.633789856027;0.0099009900990099;16;16
59;28.0600000000013;1.32999999999993;29.8099999999977;NA;NA;-600.829202918235;-641.251417869529;4.30260924068226;9.65387027389414;13.7735957835616;6.05826642132534;1260.0334611252;1308.17889323748;80.844429902588;0.0099009900990099;12;12
60;28.4200000000019;1.71999999999991;30.6999999999971;NA;NA;-627.146146253975;-676.104038978832;4.28903441009335;12.5443917719197;15.1887009381878;5.16076774306052;1318.66482608331;1374.08036948324;97.9157854497143;0.0099009900990099;12;12
61;32.1500000000015;1.29000000000008;33.8899999999994;NA;NA;-654.757184037516;-725.580214032597;4.37140857708795;15.8075045546732;19.175078501276;5.18268658815171;1392.921307185;1473.70385726968;141.646059990162;0.0099009900990099;15;15
62;28.7000000000007;1.04999999999995;30.1299999999974;NA;NA;-612.33416935396;-665.844761736516;4.55642488181874;15.2141217286979;14.7246736138927;4.3485014468188;1288.20914758408;1350.4544419069;107.021184765111;0.0099009900990099;14;14
63;25.369999999999;1.06000000000006;26.5900000000001;NA;NA;-592.200119424237;-640.136358638876;4.44672214446364;12.0506711095507;12.9253788479692;5.03109720755173;1239.18039333642;1301.59544100719;95.8724784292772;0.0099009900990099;12;12
64;29.5699999999997;1.17999999999995;30.9900000000016;NA;NA;-643.103366695621;-690.243548780362;4.35951773539297;8.09320236399613;17.2228153838893;9.35787765011192;1360.52767586595;1420.86878145022;94.2803641694807;0.0099009900990099;14;14
65;30.9599999999991;1.22000000000003;32.5400000000009;NA;NA;-611.585729161776;-671.149458074454;4.38760085237261;12.5015703481982;16.6295029070471;5.85840527369257;1294.9321026427;1367.57946358756;119.127457825356;0.0099009900990099;14;14
66;31.0900000000001;1.36000000000001;32.7700000000004;NA;NA;-599.909125386887;-654.68549687474;4.37241101591359;13.5044564865839;15.3814134157677;4.88066398646104;1266.19306326363;1330.43233240352;109.552742975707;0.0099009900990099;14;14
67;31.3100000000013;1.69999999999993;33.6100000000006;NA;NA;-683.381076936744;-742.596307691101;4.45913332761807;11.3276386856737;19.1330259079398;7.52027320500139;1451.18354923392;1518.37460972605;118.430461508714;0.0099009900990099;17;17
68;32.0800000000017;1.28000000000009;33.7799999999988;NA;NA;-676.812619240315;-737.657760286288;4.43687045968121;10.8707817533854;19.7108302986528;7.96594288335125;1440.59610265714;1510.46396059507;121.690282091945;0.0099009900990099;17;17
69;29.130000000001;1.67999999999995;31.2099999999991;NA;NA;-637.397967819487;-698.214684582785;4.33988762602225;14.7736405384317;16.0029171060039;4.71085714275217;1343.85269872635;1416.75794697989;121.633433526596;0.0099009900990099;14;14
70;32.4099999999999;1.40999999999997;34.1499999999978;NA;NA;-668.982252277662;-742.620701955032;4.47910759656334;14.462334642519;18.6996988289204;5.73689880009941;1419.90708288403;1510.38064725253;147.276899354739;0.0099009900990099;16;16
71;27.75;1.08000000000004;29.1999999999971;NA;NA;-584.929669538322;-623.414412837532;4.20619861849537;9.18504773745481;12.5417538988568;5.47210277253393;1221.87030378218;1269.52177169063;76.9694865984195;0.0099009900990099;10;10
72;32.4099999999999;1.50999999999999;34.2800000000025;NA;NA;-648.923751033857;-721.368526968122;4.33339317229701;16.1076960536663;18.6824901447535;4.89973910022278;1378.46732202069;1463.8807066836;144.88955186853;0.0099009900990099;14;14
73;25.5900000000001;1.30000000000007;27.1900000000023;NA;NA;-557.39725889918;-587.592045225121;4.27704227749742;6.91221848273024;12.7998409175898;7.35753638788381;1168.48575334597;1206.04660052325;60.3895726518833;0.0099009900990099;11;11
74;22.8300000000017;0.860000000000014;23.9399999999987;NA;NA;-528.19991249922;-565.604446992304;4.271776417433;14.5254302287823;9.72111251360124;2.71764651560383;1096.71351987085;1142.47904153694;74.8090689861667;0.0099009900990099;10;10
75;27.2000000000007;1.17000000000007;28.7099999999991;NA;NA;-529.280364866849;-572.916137067897;4.3548594308529;12.4028845257056;12.1181325513167;3.93664503789326;1108.81492619668;1162.15763881567;87.2715444020955;0.0099009900990099;10;10
76;31.4099999999999;1.23000000000002;32.9099999999999;NA;NA;-617.408748834073;-671.151894839129;4.26829319619717;12.419603965692;15.6439286935846;5.13763276254142;1301.11937096044;1364.07803086258;107.486292010112;0.0099009900990099;12;12
77;31.7799999999988;1.3900000000001;33.380000000001;NA;NA;-588.815251642942;-657.238480317481;4.54502371348862;16.5461283539316;16.5972007481897;4.1879779562491;1249.82429962983;1332.69364863275;136.846457349078;0.0099009900990099;15;15
78;29.619999999999;1.29999999999995;31.2800000000025;NA;NA;-622.556010253438;-688.652266006316;4.47034369541729;16.0348938296406;17.4929723894534;4.97424211787964;1321.76669143708;1399.1017934605;132.192511505757;0.0099009900990099;16;16
79;23.0799999999981;0.970000000000027;24.3600000000006;NA;NA;-604.716022769398;-671.825564266283;4.64316681581008;21.9261254816857;15.3545534138713;3.88975671065477;1275.69095011166;1360.43644372579;134.219082993771;0.0099009900990099;14;14
80;31.1800000000003;1.33000000000004;32.8499999999985;NA;NA;-649.177387779624;-705.92445808626;4.38899321782522;14.8607171981996;15.8709349905911;4.74426698479173;1366.84200137942;1432.32166617315;113.494140613273;0.0099009900990099;14;14
81;18.6100000000006;1.09000000000003;20.0099999999984;NA;NA;-574.565113532229;-612.297510344996;4.20334887444548;11.9433225011355;10.854359945096;4.01214267600444;1194.14352716254;1241.23347594897;75.4647936255335;0.0099009900990099;10;10
82;22.0299999999988;1;23.25;NA;NA;-665.085496786665;-709.141163071904;4.28629605679006;7.09875774771236;17.5219594119704;9.8375252341055;1405.13356214727;1460.36929499364;88.1113325704794;0.0099009900990099;13;13
83;25.1099999999969;1.08000000000004;26.5200000000004;NA;NA;-562.623834364495;-605.199443317808;4.15932964255673;12.5003356390555;10.9630399416808;3.36591721457305;1170.71166747035;1224.35742886669;85.1512179066258;0.0099009900990099;10;10
84;27.6899999999987;1.29999999999995;29.2799999999988;NA;NA;-624.689258517419;-659.471554427489;5.44757105871751;7.89655172000892;13.3089135505722;8.11840717984852;1306.80995181165;1353.97615423989;69.5645918201401;0.0099009900990099;14;14
85;22.6599999999999;1.06999999999994;23.9499999999971;NA;NA;-638.146456646371;-711.427014926796;4.46464067509798;15.5895576836945;18.6195150274021;6.02569401846648;1358.98065556872;1449.61364380162;146.561116560851;0.0099009900990099;18;18
86;19.7899999999972;0.980000000000018;21.0599999999977;NA;NA;-544.738665880365;-579.818544193892;4.22626562116493;8.42601734552294;11.3232182678827;5.84731766871216;1136.43499896049;1183.88605989066;70.1597566270543;0.0099009900990099;10;10
87;27.3099999999977;1.13;28.6599999999999;NA;NA;-577.681616006911;-627.529400413784;4.41463064134023;13.2614375522051;12.9796120493856;4.22252607713539;1210.89269852146;1273.12364124697;99.6955688137446;0.0099009900990099;13;13
88;31.1100000000006;1.63999999999999;33.0499999999993;NA;NA;-655.060599759353;-708.715592955968;4.4470974272053;11.918495284226;17.6588860890178;6.501715381004;1386.93306950289;1445.71207033479;107.309986393229;0.0099009900990099;15;15
89;29.0600000000013;1.38;30.5;NA;NA;-647.259437140372;-723.261904671111;4.78139974701279;19.5139967116177;17.8226103520779;4.93578353936705;1372.61802754296;1468.15254427471;152.004935061479;0.0099009900990099;16;16
90;27.8600000000006;1.32999999999993;29.5600000000013;NA;NA;-551.358087980369;-594.9277950169;4.28743011160641;12.5190246472505;12.3717072277068;3.9959820722663;1154.61152772062;1206.61745575287;87.1394140730617;0.0099009900990099;11;11
91;18.7900000000009;0.769999999999982;19.8299999999981;NA;NA;-608.070190205748;-662.593423733782;4.40141984118189;15.1361555845525;14.4506580170534;5.0771677760691;1278.99723668184;1347.27129544109;109.046467056069;0.0099009900990099;15;15
92;30.9200000000019;1.15999999999997;32.5400000000009;NA;NA;-598.004596155742;-666.762573242066;4.32116412280708;17.7448264162354;16.8321716321497;4.13503160033259;1268.0207060102;1351.21566742459;137.51595417265;0.0099009900990099;13;13
93;26.8999999999978;1.34000000000003;28.7400000000016;NA;NA;-599.555329879239;-658.484019943118;4.25852144145242;17.3016755660537;13.7165797280157;3.2855776250506;1257.24407042172;1330.89292765931;117.857380127756;0.0099009900990099;12;12
94;28.4300000000003;1.36000000000001;30.1100000000006;NA;NA;-597.553355290545;-657.843176423241;4.45111591063687;16.4368644685674;14.670138823696;3.91239701379673;1257.86860048761;1332.42439695101;120.579642265392;0.0099009900990099;13;13
95;28.5999999999985;1.45000000000005;30.380000000001;NA;NA;-614.260455590033;-664.891428715188;4.28421985388322;10.0848562140868;15.2460228568208;5.98180976912999;1293.13638568545;1355.13487744656;101.261946250311;0.0099009900990099;12;12
96;25.8400000000001;1.01999999999998;27.119999999999;NA;NA;-622.011208235492;-681.901002850331;4.29751599116202;15.4382913125663;15.198377512184;4.35586848766264;1309.04422080706;1382.43731254782;119.779589229678;0.0099009900990099;13;13
97;25.2199999999975;1.40999999999997;26.9099999999999;NA;NA;-600.215213696477;-647.787254090947;4.25584648606505;14.188316074608;13.7644026209438;3.93642808771515;1258.76652035228;1312.25782101257;95.1440807889403;0.0099009900990099;12;12
98;22.6899999999987;0.839999999999918;23.8600000000006;NA;NA;-640.445676316626;-723.748491792463;4.48257661222656;26.3892523525973;17.2717611900042;3.60489321037388;1357.1002171907;1463.40299429172;166.605630951674;0.0099009900990099;17;17
99;17.4500000000007;0.870000000000005;18.4099999999999;NA;NA;-547.222093198323;-590.909997424257;4.25871064725797;11.7597529458705;12.2946970596657;4.56563438691575;1146.5513944122;1201.17000075492;87.3758084518681;0.0099009900990099;12;12
100;30.880000000001;1.42000000000007;32.4500000000007;NA;NA;-624.046284527664;-686.426411378638;4.30993038083885;12.6237247162216;16.9515945438904;5.43108174221602;1320.61499868531;1396.08811442525;124.760253701948;0.0099009900990099;13;13
101;28.8899999999994;1.11000000000001;30.1999999999971;NA;NA;-618.322243530943;-677.642925394727;4.35916846075233;15.9557579738857;14.7376411060986;3.93208811730983;1299.69516570228;1372.10813750993;118.641363727568;0.0099009900990099;13;13
102;24;0.970000000000027;25.3199999999997;NA;NA;-570.162073540633;-603.686802101455;5.78139587912156;11.159658357529;9.1793122700189;4.21310227676815;1178.8284238475;1225.04621968185;67.0494571216448;0.0099009900990099;11;11
103;27.5400000000009;1.37;29.2999999999993;NA;NA;-624.10668290122;-681.083850715808;4.30034813558754;14.5607609108512;14.5762935363286;4.29194010628741;1310.5737661481;1380.52950943313;113.954335629177;0.0099009900990099;13;13
104;25.5600000000013;1.29999999999995;27.1700000000019;NA;NA;-565.852553098285;-609.370433471985;4.15536808065546;10.8913984456415;10.7605618921974;3.58139710457748;1175.76255426634;1233.40434070425;87.0357607473995;0.0099009900990099;9;9
105;28.6399999999994;1.12;30.0099999999984;NA;NA;-586.739253263607;-641.097407740441;4.3910322779904;17.7013619245212;12.3422921286366;2.87283055950656;1225.25047136198;1294.24542011354;108.716308953668;0.0099009900990099;11;11
106;25.75;1.53999999999996;27.7799999999988;NA;NA;-611.017539958801;-655.321115379001;4.3713561647604;8.57575638601963;14.4447209036838;6.5431544851779;1283.83258531156;1338.63519976636;88.6071508404;0.0099009900990099;13;13
107;29.010000000002;1.38999999999999;30.9300000000003;NA;NA;-586.684920505552;-638.905270654425;4.2985515402642;15.3029581485072;14.3766993223703;3.94958470193551;1234.30096103239;1294.54961431244;104.440700297746;0.0099009900990099;12;12
108;32.3499999999985;1.66999999999996;34.5;NA;NA;-654.495976540628;-725.181555794621;4.61879633009802;19.0218906721064;17.7381281664474;4.31872888324522;1386.14850687608;1469.1485343959;141.371158507985;0.0099009900990099;15;15
109;19.2900000000009;1.05000000000007;20.5799999999981;NA;NA;-582.043274672225;-621.96962121862;4.36063299163804;6.77750758599317;15.5549195878614;8.69177469098399;1231.21008624131;1281.44651824628;79.8526930927897;0.0099009900990099;14;14
110;26.7700000000004;1.16999999999996;28.0499999999993;NA;NA;-611.47749596627;-657.422731582383;4.32559861531021;11.0627945222728;14.8850220770556;6.07756691022058;1286.0404781321;1340.60331971727;91.8904712322253;0.0099009900990099;12;12
111;15.0999999999985;0.639999999999986;16.0499999999993;NA;NA;-517.383410205056;-552.895434875712;4.1529657404357;12.6796926186479;9.53789531858764;3.55199874240079;1074.32070902734;1120.52109669695;71.024049341313;0.0099009900990099;10;10
112;29.0499999999993;1.20000000000005;30.5900000000001;NA;NA;-660.764610793882;-730.655977217535;4.42194842198677;18.8265761604373;17.1026388456279;4.55333958520395;1396.47344053251;1481.26480977415;139.782732847307;0.0099009900990099;16;16
113;22.0799999999981;1.18000000000006;23.3600000000006;NA;NA;-622.296369138844;-668.736835379503;4.45602091236029;9.85251348010932;13.5516487923223;6.09441326205092;1302.02714102453;1363.30292527722;92.8809324813178;0.0099009900990099;12;12
114;20.8100000000013;1;22.010000000002;NA;NA;-551.674931175762;-591.27108086617;4.16221828667098;10.0940896096437;11.2466707399101;4.5500566799184;1149.99008505287;1201.4113597166;79.1922993808159;0.0099009900990099;10;10
115;29.9099999999999;1.39999999999998;31.7199999999975;NA;NA;-588.600478335679;-639.470064175169;4.24716806881948;14.1547251194768;13.6470543692324;4.21682922832352;1234.44598146402;1296.62837719809;101.73917167898;0.0099009900990099;11;11
116;28.6699999999983;1.26999999999998;30.1699999999983;NA;NA;-582.486274443977;-636.508561797318;4.25864870928972;13.8753360823747;15.2124594665264;4.65320811408742;1229.44577551596;1292.73828321034;108.044574706682;0.0099009900990099;12;12
117;19.3899999999994;0.719999999999914;20.3400000000001;NA;NA;-609.909161036011;-665.816111968932;4.35094716175455;9.34424674011234;15.4567245356152;6.6375107294698;1287.05132360032;1360.50378517908;111.813901865843;0.0099009900990099;15;15
118;29.7900000000009;1.30999999999995;31.3100000000013;NA;NA;-628.305719854123;-670.724973268828;4.29935324361105;7.09414011654721;16.6700004951629;9.82620981961278;1327.92915172124;1383.48850570253;84.8385068294106;0.0099009900990099;13;13
119;29.5099999999984;1.3900000000001;31.130000000001;NA;NA;-641.051674014125;-702.850139518658;4.43143397585097;14.0489535268175;17.2133354044666;5.95147095308617;1358.05441821674;1431.96018610712;123.596931009066;0.0099009900990099;17;17
120;30.4400000000023;1.36000000000013;32.1699999999983;NA;NA;-628.938253358399;-676.845184701958;4.52876326907108;9.77598780031862;16.6663777706891;7.50116402573006;1330.37120632447;1386.31861293921;95.8138626871171;0.0099009900990099;15;15
121;30.3899999999994;1.52999999999997;32.4199999999983;NA;NA;-654.494201128337;-734.074299967418;4.52702280823417;22.45993599716;17.9406032734531;4.1438542431775;1387.02567364127;1486.17336048631;159.160197678162;0.0099009900990099;15;15
122;33.010000000002;1.56999999999994;34.9400000000023;NA;NA;-707.654662862065;-807.322263626384;4.82629240732991;23.818609726342;20.8808926188281;3.98076193050881;1508.03966079553;1632.32276517075;199.335201528639;0.0099009900990099;18;18
123;25.8499999999985;1.33999999999992;27.3900000000031;NA;NA;-597.573342008748;-643.657463945921;4.31198068900942;14.0623394488137;12.6829570784398;3.59842173484628;1248.89941005307;1302.56570706561;92.1682438743464;0.0099009900990099;12;12
124;32.0699999999997;1.34000000000015;33.7800000000025;NA;NA;-661.157313352166;-732.784460161255;4.60159989971997;18.128657821851;18.1711935642127;4.56273710106819;1401.94128088653;1485.5629558264;143.254293618178;0.0099009900990099;16;16
125;24.3299999999981;1.27999999999997;25.8300000000017;NA;NA;-635.319761320551;-693.379621690348;4.46270008894526;12.0547768288842;16.982694797692;6.75241161303121;1344.51012456954;1416.13059558747;116.119720739594;0.0099009900990099;15;15
126;30.989999999998;1.11000000000013;32.5099999999984;NA;NA;-623.088538591411;-685.530966053786;4.4448539602588;16.4411226624101;16.4072483484495;4.39135505451783;1316.37068113502;1389.84905783176;124.884854924751;0.0099009900990099;13;13
127;27.9400000000023;1.25;29.4099999999999;NA;NA;-621.184517675309;-672.792418648002;4.37961425021415;11.9288149731081;15.637138547045;5.8548436247633;1309.84736851043;1370.85001529016;103.215801945386;0.0099009900990099;14;14
128;18.8300000000017;1;20.0599999999977;NA;NA;-592.076018771621;-622.644211644766;4.62563353532099;6.51692228443517;13.117864012394;8.2018498377877;1240.27297456019;1280.37763428715;61.1363857462911;0.0099009900990099;13;13
129;19.2200000000012;0.730000000000018;20.1899999999987;NA;NA;-596.54107233774;-651.024941447147;4.38745933130774;17.8052007359534;13.4201061854272;4.02242667713031;1251.45635051682;1319.54646299494;108.967738218814;0.0099009900990099;15;15
130;24.2899999999972;1.25999999999999;25.7799999999988;NA;NA;-589.56972333805;-632.003705539352;4.24202109018085;8.11892516715275;12.9898796895932;5.67096893362014;1234.19296770211;1288.04202994242;84.8679644026045;0.0099009900990099;12;12
131;21.4300000000003;0.700000000000045;22.4000000000015;NA;NA;-543.608179660105;-587.182372906766;4.2400772165845;12.3386420308381;12.5303973103629;4.50633151522889;1139.77736518172;1193.26736408805;87.148386493323;0.0099009900990099;11;11
132;26.3199999999997;1.16000000000008;27.7900000000009;NA;NA;-597.78033481367;-646.870317635619;4.29733552887425;13.8042322137389;12.9041673187301;4.29258333458885;1249.68952103389;1311.74664834664;98.1799656438984;0.0099009900990099;11;11
133;26.3099999999977;1.17999999999984;27.7700000000004;NA;NA;-604.181635118268;-653.202012643844;4.41647388227549;12.7385991044331;13.9719098255284;4.7521398697016;1267.5788172419;1326.54447604527;98.0407550511516;0.0099009900990099;12;12
134;21.3300000000017;0.940000000000055;22.380000000001;NA;NA;-571.514490969232;-634.72803048414;4.27354915375492;18.6391346183011;14.9482302700184;3.93556862447934;1206.38235619114;1286.13573123425;126.427079029816;0.0099009900990099;12;12
135;28.4699999999975;1.35000000000014;29.9699999999975;NA;NA;-616.065343152343;-670.435402866065;4.29672022241883;10.3287671669617;16.4600698835173;7.17823594954425;1302.55027171544;1371.58078467661;108.740119427445;0.0099009900990099;13;13
136;18.8299999999981;0.8599999999999;19.7999999999993;NA;NA;-616.089685731159;-650.054396773378;4.43528055808911;7.61233561018673;14.4991928195581;8.2644713452353;1294.74717187433;1335.77214391906;67.929422084439;0.0099009900990099;14;14
137;25.8899999999994;1.22000000000003;27.5;NA;NA;-619.499667179268;-664.700309967936;4.27280925617058;10.9183162314796;13.6379674265081;4.65739875980137;1296.20624233511;1348.93691694625;90.4012855773351;0.0099009900990099;11;11
138;28.5400000000009;1.42000000000007;30.3400000000001;NA;NA;-622.969034583078;-668.254049589171;4.32665640620299;8.65205774535739;16.3920325743915;7.75678883950649;1316.67396703478;1369.98066706458;90.5700300121864;0.0099009900990099;14;14
139;26.3799999999974;1.3599999999999;28.0300000000025;NA;NA;-564.877402696514;-606.613511481434;4.33680564984708;9.52277511560217;13.8595772835399;6.07733861562232;1189.0489452832;1239.22713527961;83.4722175698403;0.0099009900990099;13;13
140;29.8600000000006;1.33000000000015;31.4699999999975;NA;NA;-683.278561889991;-767.493270952247;4.46494277672907;21.6902866542529;19.5996127320423;4.51113782080739;1453.0372583559;1554.89121100013;168.429418124514;0.0099009900990099;17;17
141;29.9399999999987;1.25999999999999;31.5300000000025;NA;NA;-670.641106297979;-735.679366542953;4.46560215028912;13.2451543165113;19.4245191291315;6.997396780567;1426.98977484863;1502.23361941849;130.076520489948;0.0099009900990099;17;17
142;22.6500000000015;0.75;23.5400000000009;NA;NA;-548.66378844383;-576.038514428727;4.68739436244237;9.47256928482206;9.4917160717555;4.10797159861456;1137.14228760483;1169.30865479282;54.7494519697948;0.0099009900990099;11;11
143;21.2000000000007;0.740000000000009;22.0799999999981;NA;NA;-652.25391492527;-714.985874646483;4.56158598403397;14.1457967341995;17.422797564485;6.05167071477388;1381.88104782203;1456.84672362317;125.463919442425;0.0099009900990099;18;18
144;17.6000000000022;0.769999999999982;18.5500000000029;NA;NA;-575.192450354415;-607.546626032277;4.1686799309218;9.67474466452022;10.5583377697084;5.03298420565755;1194.17058949829;1235.96516248434;64.7083513557229;0.0099009900990099;10;10
145;27;1.75;29;NA;NA;-571.409688027337;-609.495124005193;4.22571661225357;7.52280464857966;14.5299163421259;7.2770299093439;1203.76772422829;1249.51505917524;76.1708719557114;0.0099009900990099;11;11
146;27.1800000000003;1.27999999999997;28.7200000000012;NA;NA;-587.95450870469;-628.214095956202;4.23353913511092;7.42377032399259;13.3886351114258;6.88681291046864;1232.07005613297;1285.31616767155;80.5191745030247;0.0099009900990099;11;11
147;17.8400000000001;0.910000000000082;18.9700000000012;NA;NA;-593.102902503055;-639.875061610108;4.25442489406941;13.654372013718;12.5483660537082;4.25422869953977;1239.38810929899;1297.78033402711;93.5443182141057;0.0099009900990099;12;12
148;27.4399999999987;1.21000000000004;28.9799999999996;NA;NA;-612.071846082201;-661.386686041619;4.29098259595536;12.444506287785;14.2690903694105;4.78727766214632;1284.61874547099;1343.06274332672;98.6296799188374;0.0099009900990099;12;12
149;30.619999999999;1.3599999999999;32.380000000001;NA;NA;-610.540444092822;-676.186647717003;4.47299023948403;14.7846520459032;17.6971499166948;5.03247508122177;1297.44870794149;1374.08973857528;131.292407248361;0.0099009900990099;14;14
150;26.9200000000019;1.02000000000021;28.1599999999999;NA;NA;-608.903281923652;-646.880418733063;4.30241638453187;7.6293135381327;15.0442963266346;7.8755523981503;1282.16917698414;1327.45408048898;75.9542736188214;0.0099009900990099;13;13
151;26.8899999999994;1.02999999999997;28.130000000001;NA;NA;-625.428902256334;-676.954491186943;4.84998089449536;14.7837668700143;14.8634659873858;4.88807805212956;1315.51027529606;1375.17093592634;103.051177861219;0.0099009900990099;15;15
152;27.5;1.32999999999993;29.0200000000004;NA;NA;-619.193007765313;-674.827118250384;4.25128821848695;14.4632970421184;14.8439348986502;4.24667008672972;1301.29736664239;1367.65241250371;111.268220970142;0.0099009900990099;12;12
153;15.2200000000012;0.620000000000118;16.0299999999988;NA;NA;-538.39828282802;-567.785128816312;4.19725700345088;6.21793520133244;10.4486024141348;5.9266784605606;1120.6251082897;1160.43077670389;58.7736919765828;0.0099009900990099;11;11
154;24.9700000000012;1.25;26.6399999999994;NA;NA;-582.839010672635;-630.026509459296;4.25463779814549;11.6039252143065;13.8297980417934;4.98246874852835;1224.29127223544;1281.16964621332;94.3749975733215;0.0099009900990099;12;12
155;29.1899999999987;1.30999999999995;30.9099999999999;NA;NA;-639.861268120847;-685.99536799843;4.31316868844256;9.51248701715434;15.6059587156547;7.07271050210685;1346.48805731608;1402.24925523847;92.2681997551654;0.0099009900990099;13;13
156;24.3899999999994;1.19000000000005;25.8600000000006;NA;NA;-602.303567739598;-652.916317796822;4.32674074717153;15.123142595298;13.0031519371822;4.28352417861279;1260.23731049846;1324.15843851487;101.225500114448;0.0099009900990099;13;13
157;31.7299999999996;1.23000000000002;33.2000000000007;NA;NA;-691.185718125352;-774.378839599494;4.45071857984569;17.5786114569243;21.1494252146807;5.686376118373;1475.68986880212;1573.84789800531;166.386242948285;0.0099009900990099;17;17
158;33;1.44000000000005;34.9700000000012;NA;NA;-663.145630924374;-723.81369450184;4.40535172541504;12.7507633945343;17.105042808049;5.60988675809942;1400.10398492732;1471.83551419954;121.336127154933;0.0099009900990099;14;14
159;18.5299999999988;0.699999999999818;19.4399999999987;NA;NA;-596.21033319364;-652.012034894232;4.54921639310578;16.6857565908577;13.7459007574849;4.31663814394872;1250.67834501535;1322.31878340386;111.603403401183;0.0099009900990099;12;12
160;21.7799999999988;1.09000000000015;23;NA;NA;-647.510674469572;-694.937617237119;4.59234364725147;9.86521015229365;16.1140885648487;7.656866636015;1365.11372450108;1423.18074658678;94.8538855350937;0.0099009900990099;15;15
161;28.5699999999997;1.12999999999988;29.9400000000023;NA;NA;-597.025653231749;-651.777512562151;4.394111822783;12.9311424376441;14.6464248642907;4.63842981197669;1256.71174314402;1323.39918779359;109.503718660804;0.0099009900990099;13;13
162;23.6599999999999;1.06999999999994;24.9099999999999;NA;NA;-604.58384241538;-641.321360013057;4.27505199594027;7.30351428476834;14.5208925860518;7.84113164134841;1270.70992266557;1315.87489122401;73.4750351953553;0.0099009900990099;12;12
163;26.3599999999969;1.30999999999995;27.9300000000003;NA;NA;-556.617961528654;-603.135660932242;4.38762171029842;13.3306631191851;13.3906241264831;3.99283138967383;1170.52378429066;1223.35348087509;93.035398807177;0.0099009900990099;13;13
164;29.6100000000006;1.10000000000014;31.0499999999993;NA;NA;-622.272600018233;-666.011098507038;4.30853889314862;8.56289171214918;15.7971476117917;8.19294516425272;1312.1286667755;1367.07331197547;87.4769969776105;0.0099009900990099;13;13
165;28.0500000000029;1.44000000000005;29.6800000000003;NA;NA;-605.577183070974;-664.832237724171;4.32959814968759;15.8787763354078;15.7885902157629;4.39435863473823;1279.28625277183;1348.62727961398;118.510109306395;0.0099009900990099;14;14
166;29.9699999999975;1.44000000000005;31.8599999999969;NA;NA;-630.884905032187;-691.851513069716;4.31908702846579;12.7322718801975;16.5615023967508;5.33535952324686;1332.62334475843;1406.52879834472;121.933216075057;0.0099009900990099;13;13
167;34.3600000000006;1.4699999999998;36.3899999999994;NA;NA;-745.763121006131;-833.782061313475;4.89638468977378;16.2646046856216;24.2028756151742;7.11536802685863;1600.28424540205;1699.53772908136;176.037880614687;0.0099009900990099;20;20
168;21.010000000002;0.700000000000045;21.9700000000012;NA;NA;-610.594256718631;-657.055438189472;4.46165137976862;9.03874925283237;17.3032191693412;8.48189765455929;1297.53618126209;1351.5358837326;92.922362941682;0.0099009900990099;17;17
169;27.6800000000003;1.49000000000001;29.5200000000004;NA;NA;-635.115025203666;-691.941335286709;4.41682134693394;15.1125864251935;15.1181070152147;4.92640738664328;1335.99014787927;1405.31134743131;113.652620166084;0.0099009900990099;15;15
170;27.75;1.49000000000001;29.5499999999993;NA;NA;-630.270837988152;-687.515565412583;4.43384494965441;14.8882970539747;15.9250177494758;5.26546006292183;1329.81163936484;1397.93460456192;114.489454848861;0.0099009900990099;15;15
171;25.3400000000001;1.17000000000007;26.9200000000019;NA;NA;-598.101177493105;-645.363166417106;4.26617713230688;13.8926853402528;13.4436950739757;4.2323559518713;1252.59435262855;1308.4797113173;94.5239778480011;0.0099009900990099;11;11
172;28.7400000000016;1.27999999999997;30.3100000000013;NA;NA;-603.520862832939;-644.359508286105;4.27450593198016;9.24039337957229;13.2416059160383;5.63228163008929;1262.5860239774;1312.34463517314;81.6772909063322;0.0099009900990099;11;11
173;19.2099999999991;0.860000000000127;20.1899999999987;NA;NA;-606.120093862869;-653.692402218806;4.32058982739902;10.6322946528916;15.341084997068;6.51871869878287;1278.44097256567;1335.51477660664;95.1446167118736;0.0099009900990099;14;14
174;21.9400000000023;0.949999999999818;23.0299999999988;NA;NA;-537.993756163754;-577.190079063393;4.22738089762;9.39472887529004;11.693062419766;4.82725107186314;1125.03616634553;1174.62893121823;78.3926457992775;0.0099009900990099;11;11
175;23.25;1.39999999999986;24.8299999999981;NA;NA;-593.857291069842;-633.12873419669;4.26954536198652;7.87423722072526;13.747395485426;6.8037097220984;1245.97859570218;1295.0928529536;78.5428862536965;0.0099009900990099;12;12
176;21.9200000000019;1.02999999999997;23.2900000000009;NA;NA;-657.555620638324;-720.745238474866;4.810480762293;18.5832584680709;16.009131520507;4.99861869833059;1385.74895576953;1463.54607690649;126.379235673086;0.0099009900990099;17;17
177;26.380000000001;1.0300000000002;27.6700000000019;NA;NA;-698.883815741536;-786.630152928531;4.59077979620251;19.2428370856642;21.6230548629235;6.31671089934867;1493.79384833638;1601.31230195409;175.49267437399;0.0099009900990099;18;18
178;23.8600000000006;0.8599999999999;24.9099999999999;NA;NA;-558.970742676207;-596.042382009154;4.18631212744472;12.4667783843612;10.564919172307;3.6540521228968;1161.7544673818;1207.23820886572;74.1432786658947;0.0099009900990099;10;10
179;31.1099999999969;1.28999999999996;32.7400000000016;NA;NA;-632.464844805209;-695.778533147625;4.36140472707222;12.7617170676691;17.3653439123863;5.83957021792606;1339.86567987675;1416.75633555349;126.627376684834;0.0099009900990099;14;14
180;20.0900000000001;0.880000000000109;21.260000000002;NA;NA;-616.117295456961;-663.292032176438;4.31700032179014;6.77121604494945;17.9490324901178;10.5347944084607;1309.02426649993;1371.65409503204;94.3494734389531;0.0099009900990099;13;13
181;19.3400000000001;0.960000000000036;20.5200000000004;NA;NA;-570.313920437156;-613.720068683083;4.24349073517109;12.5626932616583;12.0114586787874;4.18981763780745;1191.01206528345;1245.01508123784;86.8122964918539;0.0099009900990099;11;11
182;22.8600000000006;0.920000000000073;24;NA;NA;-574.633148032858;-617.868846540204;4.32580399612323;11.7729776919876;12.6414330459864;4.21947890407771;1203.3489628099;1253.78949706285;86.4713970146909;0.0099009900990099;13;13
183;30.2000000000007;1.25999999999999;31.9300000000003;NA;NA;-619.23878158492;-667.486046163019;4.48538845718917;9.81228798685444;16.4005910700559;7.43378372257796;1309.25039318049;1367.05080884831;96.4945291561987;0.0099009900990099;14;14
184;23.7999999999993;0.910000000000082;24.8600000000006;NA;NA;-602.780596661499;-656.234707580605;4.35579350037943;16.9001112218348;13.8568717386675;4.00088182616674;1264.28918756536;1329.42589489796;106.908221838213;0.0099009900990099;12;12
185;20.1599999999999;1.00999999999999;21.3600000000006;NA;NA;-588.874216786331;-630.91354598595;4.26834638498865;9.56915301832247;14.1566503437349;6.39446483681972;1237.74694518174;1288.92802075309;84.0786583992376;0.0099009900990099;12;12
186;24.6100000000006;1.01999999999998;25.8600000000006;NA;NA;-562.460950236667;-598.895508012966;4.22913345484908;11.8707887097906;10.8177886645985;3.75999318290076;1169.78353856349;1213.38380107864;72.869115552598;0.0099009900990099;10;10
187;28.5;1.58999999999992;30.4699999999975;NA;NA;-617.956645305121;-664.581897742647;4.3209783047513;10.4435927866953;15.4809044342884;5.95370489242104;1302.14380358867;1354.6349771479;93.2505048750522;0.0099009900990099;13;13
188;29.4099999999999;1.15000000000009;30.7799999999988;NA;NA;-591.051983493025;-656.7353017568;4.37909965434481;20.9202678343951;14.5654349126045;3.01439298975178;1243.83498346778;1326.24616047083;131.366636527552;0.0099009900990099;12;12
189;25.3299999999981;0.980000000000018;26.6700000000019;NA;NA;-609.385927890415;-647.50895856317;4.24710794914989;7.4488757070128;14.5870890432015;7.55283548692427;1280.594646487;1327.02823571447;76.2460613455105;0.0099009900990099;12;12
190;26.1599999999999;1.27999999999997;27.8199999999997;NA;NA;-582.179910251626;-631.164831055285;4.39637297274471;16.7269962262291;12.1236710539081;3.1113211984923;1215.74218856425;1275.51601880617;97.9698416073165;0.0099009900990099;12;12
191;18.880000000001;0.769999999999982;19.9200000000019;NA;NA;-573.605552814455;-629.102864754549;4.36650587788807;17.4660514472585;13.7922635370879;4.05909175298418;1206.72832172209;1275.72176959598;110.994623880189;0.0099009900990099;14;14
192;28.9599999999991;1.46000000000004;30.9500000000007;NA;NA;-624.657593560952;-686.96996805509;4.36636661069666;15.7908027874487;16.8908350702042;4.85809037338595;1322.78622152332;1395.07145053589;124.624748988276;0.0099009900990099;15;15
193;23.9699999999975;0.920000000000073;25.2000000000007;NA;NA;-564.624054341729;-618.288277346152;4.21697333691188;13.8994659299676;13.664042717822;4.48571194312692;1186.56439416065;1255.39268046198;107.328446008847;0.0099009900990099;11;11
194;29.510000000002;1.25;31.0499999999993;NA;NA;-617.316411292197;-668.510703348926;4.3493016064814;9.87716826576041;16.9820389146333;7.284669197952;1307.91475176645;1368.45665513666;102.388584113458;0.0099009900990099;14;14
195;24.7200000000012;1.05999999999995;26.1599999999999;NA;NA;-539.879007471741;-577.68690582081;4.21682244924421;8.25474361392615;11.4836304523194;5.51151177796871;1127.92816889515;1178.49283937014;75.615796698137;0.0099009900990099;11;11
196;19.3600000000006;0.940000000000055;20.489999999998;NA;NA;-613.839390344564;-664.230235214742;4.32166687053825;10.3142731170156;14.6445802113076;6.02526284101087;1290.33132556244;1354.23779180524;100.781689740356;0.0099009900990099;13;13
197;31.0499999999993;1.30999999999995;32.6899999999987;NA;NA;-625.786745356682;-683.396629419002;4.46687303245717;14.2260424440809;16.1532317346318;4.89329147513975;1321.27890064612;1387.90908840069;115.21976812464;0.0099009900990099;14;14
198;27.3300000000017;1.28999999999996;29;NA;NA;-602.756037904718;-647.50134076655;4.4164880409343;7.91490462386477;15.7507038067158;8.5915381134527;1274.02381584004;1332.373787797;89.4906057236644;0.0099009900990099;15;15
199;27.1100000000006;1.09999999999991;28.4799999999996;NA;NA;-599.52531951102;-649.09316813751;4.26401418910081;15.6218345012551;13.1877630797609;3.59483807938131;1254.94282658243;1313.42192725181;99.1356972529795;0.0099009900990099;12;12
200;23.2900000000009;1.02999999999997;24.6599999999999;NA;NA;-614.635780806819;-664.493842447317;4.37744715897559;11.8446213466232;15.3724240168105;6.05632487612651;1295.60758250131;1355.12230706261;99.7161232809951;0.0099009900990099;14;14
201;28.75;1.40999999999985;30.4600000000028;NA;NA;-607.148572667206;-665.809253120175;4.30113565117026;17.9032189581761;14.5013833799316;3.4242714905305;1276.33706452818;1346.26824833765;117.321360905937;0.0099009900990099;13;13
202;26.0699999999997;1.36000000000013;27.7400000000016;NA;NA;-608.761980666293;-647.474328342168;4.21519700026913;9.46609118348037;12.5308485834061;5.43857724079418;1270.08686014007;1317.76174737502;77.4246953517497;0.0099009900990099;11;11
203;23.239999999998;1.00999999999999;24.7099999999991;NA;NA;-682.139753195559;-757.188597070102;4.6167994013225;17.8104719255108;19.4860647428575;5.90399668919368;1451.34230371557;1540.75596655724;150.097687749087;0.0099009900990099;19;19
204;22.3099999999977;1.19000000000005;23.619999999999;NA;NA;-582.754753182109;-637.750650245083;4.20520674639867;12.8970738110812;14.479921072582;5.18357286046781;1226.24814038509;1297.24472942975;109.991794125948;0.0099009900990099;11;11
205;24.0900000000001;1.16999999999985;25.5800000000017;NA;NA;-665.892218746765;-728.98340084642;4.47391358379748;13.5337639549741;18.9255313647028;7.13539472361893;1414.71662000901;1489.23429142065;126.182364199309;0.0099009900990099;16;16
206;27.7999999999993;1.38000000000011;29.4700000000012;NA;NA;-620.228914359821;-677.411597267069;4.30594338063279;13.3652648907265;14.7309749580873;4.62982571097095;1303.47998819926;1374.63054707868;114.365365814496;0.0099009900990099;13;13
207;22.7999999999993;1.21000000000004;24.25;NA;NA;-543.791121656988;-584.547467736082;4.22056859929802;12.3430584301788;11.1623017396275;3.89899257480445;1134.40452617003;1185.44996129475;81.5126921581896;0.0099009900990099;11;11
208;20.9700000000012;0.779999999999973;21.9700000000012;NA;NA;-589.28947866919;-644.422573773676;4.29705121957202;13.1506425909095;14.5070564813924;4.99162757322786;1240.64314723426;1310.20036333435;110.266190208973;0.0099009900990099;13;13
209;27.0400000000009;1.25;28.5599999999977;NA;NA;-567.805977446146;-602.369164637326;4.16461376683433;9.10116016778805;11.8230521059864;5.28804333896066;1184.64244542457;1226.66797625083;69.1263743823602;0.0099009900990099;10;10
210;28;1.61000000000013;30;NA;NA;-594.011082288036;-637.552537492192;4.21714524377912;10.4270604634075;13.4895196120558;5.05028457643986;1244.60638148768;1296.28940223672;87.0829104083123;0.0099009900990099;11;11
211;17.5799999999981;0.869999999999891;18.7200000000012;NA;NA;-610.510787068311;-654.227938215198;4.37393280552596;11.5428830972581;13.0298949511508;5.08103430309655;1276.76616130417;1330.1935927107;87.4343022937751;0.0099009900990099;13;13
212;20.6800000000003;0.980000000000018;22;NA;NA;-528.13445593824;-556.385481525241;4.09934782724334;6.5071050009061;9.96121020632004;5.30406709840321;1097.05353871788;1134.48764133249;56.502051174002;0.0099009900990099;9;9
213;27.0699999999997;1.05999999999995;28.5399999999972;NA;NA;-627.140238213474;-676.0492741309;4.30810662936638;10.9772126086054;15.1031390228572;5.82808918553142;1318.89483079586;1377.03231993388;97.818071834851;0.0099009900990099;13;13
214;22.8600000000006;0.920000000000073;24.010000000002;NA;NA;-643.72239918632;-714.766427172846;5.0071119541374;20.2384873185518;16.9774092652363;4.9060479190503;1362.84008336108;1451.32021160645;142.088055973053;0.0099009900990099;18;18
215;27.0299999999988;1.25;28.7599999999984;NA;NA;-613.242910865342;-658.997148014523;4.36696853657201;8.57389091127214;15.0684257163331;7.04303474501975;1290.95166539029;1348.12585624037;91.5084742983636;0.0099009900990099;13;13
216;19.0600000000013;0.839999999999918;20.0900000000001;NA;NA;-579.750355782168;-634.367784069947;4.44086833956026;15.9053270123858;14.7965859281022;4.67584280655226;1224.78826391655;1289.36697145866;109.234856575558;0.0099009900990099;17;17
217;28.619999999999;1.09000000000015;30.0799999999981;NA;NA;-630.681205640989;-679.186879053448;4.38242919554896;10.8275421736422;15.8896118921871;6.74688118612074;1329.93023280606;1387.48831094513;97.0113468249176;0.0099009900990099;14;14
218;31.2199999999975;1.40999999999985;33.0800000000017;NA;NA;-627.904465378977;-687.638367412771;4.36398487887831;14.4539549758488;15.5735107390234;4.59128607106572;1322.43563267313;1394.9192068147;119.467804067588;0.0099009900990099;13;13
219;31.2900000000009;1.38000000000011;32.9599999999991;NA;NA;-641.986487551081;-703.716124093028;4.44074374800532;15.05981283451;16.7826028999151;5.04839555544191;1356.3942858402;1429.21739232785;123.459273083896;0.0099009900990099;14;14
220;18.6700000000019;0.779999999999973;19.5499999999993;NA;NA;-536.230226802515;-562.120193361111;4.18020823773182;5.6902431327883;11.9319637992244;7.56795177276863;1121.94260363236;1155.62487056084;51.7799331171911;0.0099009900990099;10;10
221;31.0699999999997;1.43000000000006;32.8999999999978;NA;NA;-632.930128647295;-695.284272758587;4.36451169552529;11.7987353876729;17.2283668315821;6.35747196396718;1340.20515571468;1418.00269595001;124.708288222584;0.0099009900990099;14;14
222;16.4499999999971;0.759999999999991;17.3600000000006;NA;NA;-545.027568980013;-582.913138176898;4.09789850848638;8.11202395037049;10.8742844858323;5.04618341837184;1134.57820551265;1186.48708999278;75.771138393769;0.0099009900990099;9;9
223;21.4200000000019;1.05999999999995;22.6700000000019;NA;NA;-551.063060598656;-588.022439834967;4.14911262062066;8.5331613321281;12.3181093586928;5.86589379465702;1153.20962644391;1200.37088682816;73.9187584726214;0.0099009900990099;10;10
224;30.9700000000012;1.44999999999982;32.6399999999994;NA;NA;-654.100798047905;-720.297302932494;4.34450575357994;14.8170210889977;17.6442105877413;5.26528654336075;1384.34096883332;1463.31569121483;132.393009769179;0.0099009900990099;14;14
225;26.4200000000019;1.18999999999983;27.7900000000009;NA;NA;-612.064573706508;-663.022531663254;4.37648507540053;12.4249902002979;14.2530521454051;5.13512812439421;1284.5362277496;1347.8086893895;101.915915913492;0.0099009900990099;12;12
226;23.130000000001;0.940000000000055;24.3400000000001;NA;NA;-620.431951663916;-671.348545618393;4.3095619184333;12.8292642721744;14.4987232661874;5.38649497852744;1302.31218347047;1365.52605668089;101.833187908955;0.0099009900990099;12;12
227;26.9500000000007;1.41000000000008;28.8299999999981;NA;NA;-613.662566814208;-670.380459779436;4.32443160226068;15.1303701707518;14.2810825416123;4.16589270691441;1288.42256024409;1358.58347070007;113.435785930455;0.0099009900990099;13;13
228;29.2199999999975;1.33999999999992;30.8600000000006;NA;NA;-641.10482176325;-693.089961918372;4.42392353630622;12.0468183759514;16.2227059946455;5.84232593469709;1353.29797328152;1411.78115169103;103.970280310243;0.0099009900990099;16;16
229;13.9000000000015;0.690000000000055;14.7799999999988;NA;NA;-529.494195347539;-556.828830251474;4.11465405130568;8.39857523019192;8.00345825518304;3.71097168683608;1091.75730648116;1128.85165724951;54.6692698078703;0.0099009900990099;9;9
230;32.0800000000017;1.27999999999997;33.5999999999985;NA;NA;-662.956871030403;-729.684979701789;4.42833496144369;14.7486926784298;18.5195246282952;5.48503143055664;1406.46918087765;1483.22851531584;133.456217342773;0.0099009900990099;15;15
231;21.6699999999983;1.06000000000017;23.0900000000001;NA;NA;-660.236414345514;-733.772919748978;4.54919007060364;16.6290716636797;19.0316673114021;5.94364624640933;1404.99090552661;1493.94108600569;147.073010806928;0.0099009900990099;18;18
232;19.1599999999999;0.75;20.0900000000001;NA;NA;-600.494165836036;-655.934294611454;4.61229772595537;16.4689367439194;13.2979770872791;4.32804521363897;1258.83130556814;1330.69453580639;110.880257550836;0.0099009900990099;15;15
233;30.9399999999987;1.44000000000005;32.760000000002;NA;NA;-684.59082373515;-758.872359859666;4.48235265186665;17.102675958703;18.922559796402;5.06769191357041;1451.49019148164;1539.78794999008;148.563072249033;0.0099009900990099;15;15
234;29.2799999999988;1.50999999999999;31.1399999999994;NA;NA;-619.039352714251;-681.215261679685;4.56772579006894;16.7756757860396;15.6396142549249;4.45112074726717;1305.56772191382;1381.63827085198;124.351817930868;0.0099009900990099;14;14
235;15.5499999999993;0.629999999999882;16.4699999999975;NA;NA;-539.230685484444;-566.28150691917;4.06041123285115;6.42575329567642;8.96744618384182;4.78354027389856;1114.64907897191;1151.86676599962;54.1016428694511;0.0099009900990099;8;8
236;19.3400000000001;0.650000000000091;20.2099999999991;NA;NA;-599.332726774528;-633.432970463946;4.28973982734115;5.83577339416099;14.2054090066897;9.19859338436437;1259.43913312152;1306.21942709612;68.2004873788364;0.0099009900990099;13;13
237;26.6399999999994;1.37999999999988;28.4300000000003;NA;NA;-613.748080908628;-664.16327961438;4.31796231734621;14.7691709449792;13.5605515403665;3.94029120877033;1284.96829606265;1345.02624468346;100.830397411504;0.0099009900990099;12;12
238;24.7999999999993;1.26999999999998;26.5;NA;NA;-584.140122948267;-622.822869550067;4.29215198120362;9.57315440766866;13.5510356185118;5.63761659767764;1225.71204989897;1269.53900457398;77.365493203599;0.0099009900990099;12;12
239;26.1699999999983;1.11999999999989;27.5400000000009;NA;NA;-619.091953291254;-657.912074729472;4.2587975647622;9.3635621998861;13.4459363998371;5.74428602971445;1295.17028058994;1340.16949978345;77.640242876437;0.0099009900990099;12;12
240;28.119999999999;1.24000000000001;29.5699999999997;NA;NA;-585.765638560606;-636.146957978723;4.3202052138969;12.8212631765811;14.1280572529667;4.61195689908692;1231.97402988313;1292.02482202676;100.762638836234;0.0099009900990099;13;13
241;26.0900000000001;1.17000000000007;27.5299999999988;NA;NA;-615.424169489398;-674.812399229085;4.30245572684333;18.4851192156215;14.4232769382339;3.60944827847929;1292.55410265068;1365.06676517707;118.776459479373;0.0099009900990099;13;13
242;31.1299999999974;1.32999999999993;32.6800000000003;NA;NA;-642.810629118395;-711.973087921587;4.36773951594349;14.6020468189307;17.9762351776571;5.15892458388253;1363.81351975945;1446.38624609437;138.324917606382;0.0099009900990099;15;15
243;29.5;1.51999999999998;31.3000000000029;NA;NA;-585.838937014517;-644.003121033489;4.33527599784022;16.2141074360657;14.9352134934506;4.25503340310342;1235.57380823057;1306.21015555434;116.328368037943;0.0099009900990099;13;13
244;24.2999999999993;1.31999999999994;25.8300000000017;NA;NA;-583.015638485728;-622.613295491029;4.22520721546158;8.67347495709896;12.3070889618357;5.27374578670309;1217.65557578968;1267.34826648374;79.1953140106016;0.0099009900990099;11;11
245;28.880000000001;1.19999999999982;30.3500000000022;NA;NA;-598.795029986227;-657.354457271138;4.44654669304577;16.6700362175537;14.6602693955349;3.65940845713034;1260.3097264228;1330.36462124482;117.118854569822;0.0099009900990099;13;13
246;25.5900000000001;1.31999999999994;27.0599999999977;NA;NA;-577.194638195228;-619.065042728004;4.20413609424098;9.42061720040125;13.2972492439232;5.75241584841737;1210.16698065158;1262.25962864906;83.7408090655533;0.0099009900990099;11;11
247;19.1100000000006;0.869999999999891;20.2200000000012;NA;NA;-599.6780965537;-635.81700417915;4.38309603663755;9.43532894399343;12.9218777724604;6.61324128297862;1254.63866043011;1299.92682319228;72.2778152509009;0.0099009900990099;13;13
248;28.9000000000015;0.930000000000064;30.0999999999985;NA;NA;-640.000252917301;-721.03749542754;4.6128944759937;26.7635336898185;16.0119190893296;3.1750323172333;1349.64846896699;1455.88561108999;162.074485020478;0.0099009900990099;15;15
249;31.8900000000031;1.52999999999997;33.8999999999978;NA;NA;-704.600806365477;-787.55517230928;4.49714465712617;18.1389763305622;21.313281906108;5.46713919094874;1503.24303654345;1599.2332157917;165.908731887605;0.0099009900990099;17;17
250;32.0900000000001;1.44000000000005;33.75;NA;NA;-644.94089415327;-728.521597243514;4.45354421347914;18.3720826396659;19.2081981423937;4.53304149830887;1374.0526241706;1476.9071030687;167.161406180487;0.0099009900990099;16;16
