1;135.869999999995;3.25;144.180000000022;NA;NA;-4754.15864865189;-6091.56925724091;6.02769355560523;39.3747453483347;239.31576647666;37.33482049506;10818.247037916;12387.4960979663;2674.82121717802;0.0099009900990099;142;142
2;117.410000000003;3.15999999999985;124.700000000012;NA;NA;-4565.63351960879;-5920.29332081137;6.09903331213142;47.1177792528089;220.305063284177;28.5314160445578;10331.5704625704;11996.0363432359;2709.31960240514;0.0099009900990099;135;135
3;132.959999999992;3.5;140.76999999999;NA;NA;-4719.96558679153;-5983.81189344739;6.0688200334731;36.3872638839805;235.323664417267;39.9274548739516;10723.7918399733;12185.4569102599;2527.69261331171;0.0099009900990099;137;137
4;126.929999999993;3.59999999999945;134.959999999992;NA;NA;-4694.17056854192;-6109.19002558233;6.08723106620206;46.1797706371294;232.441369142956;30.6690375168661;10658.161186843;12385.9240597434;2830.03891408081;0.0099009900990099;139;139
5;137.690000000002;3.41999999999916;144.880000000005;NA;NA;-4793.4573476961;-6147.53591088095;6.01995784567634;39.2124161617113;242.258303386427;37.8107378266433;10912.0948008383;12501.9008007471;2708.15712636969;0.0099009900990099;141;141
6;142.589999999997;3.1899999999996;149.559999999998;NA;NA;-4865.29030285511;-6291.87541700044;6.13524749137331;42.061089512411;245.542242150039;35.9587532487456;11074.5918687555;12780.5763127788;2853.17022829065;0.0099009900990099;142;142
7;124.589999999997;3.35999999999967;130.720000000001;NA;NA;-4650.69146915992;-6032.62194110918;6.42849414836621;48.8681394840173;213.497153254931;28.1583011310701;10467.7113194046;12219.0718151514;2763.86094389852;0.0099009900990099;139;139
8;130.319999999978;3.05000000000018;136.410000000003;NA;NA;-4672.46671555248;-5972.35463691651;6.08746015677213;40.1504106073304;229.685720376732;35.077403568069;10596.3461419778;12135.8239352821;2599.77584272806;0.0099009900990099;135;135
9;138.549999999988;3.74000000000069;145.560000000027;NA;NA;-4746.63419516587;-6065.53728700318;5.99465529547752;38.1068188014453;240.268234513944;38.5041143013563;10806.7075450148;12341.5593742218;2637.80618367462;0.0099009900990099;140;140
10;134.510000000009;3.35999999999967;140.75;NA;NA;-4767.83805077096;-6177.02399947972;6.20098529180558;44.8506266169871;233.886968422528;32.4065295877057;10815.8905244733;12531.4298636061;2818.37189741752;0.0099009900990099;142;142
11;123.630000000005;2.96999999999935;129.549999999988;NA;NA;-4573.26740693576;-5826.34918813094;5.96892746283916;38.7757044700482;225.785744294904;35.3788626509138;10376.6990133746;11845.4554982325;2506.16356239036;0.0099009900990099;135;135
12;135.510000000009;3.27999999999975;141.819999999978;NA;NA;-4750.8009591733;-6031.75842237143;6.08251334494157;36.7971868425866;237.701355688589;39.8289623628959;10800.157112808;12281.1012409972;2561.91492639624;0.0099009900990099;139;139
13;121.059999999998;3.14000000000033;127.169999999984;NA;NA;-4515.62831165785;-5694.31858544406;6.00398027197478;36.4542973835008;219.629838396961;36.7720583283192;10225.4133170279;11588.5717513388;2357.38054757243;0.0099009900990099;132;132
14;124.989999999991;3.4399999999996;130.559999999998;NA;NA;-4625.9741843827;-5876.32860345246;6.00632112378436;37.8303821623352;228.370086598104;36.8024671071703;10494.4887344551;11952.8960018313;2500.70883813952;0.0099009900990099;133;133
15;140.910000000003;3.42000000000007;147.410000000003;NA;NA;-4809.05169389857;-6165.847500673;6.05333719995966;39.2202959918333;243.14208176267;38.012555154473;10948.9770230132;12539.7622643041;2713.59161354885;0.0099009900990099;142;142
16;131.050000000017;2.78000000000065;136.330000000016;NA;NA;-4707.03584471764;-6046.63312270897;6.14335070292304;41.7586816241992;231.604662577491;34.2565420813236;10680.1509647578;12280.5314649118;2679.19455598267;0.0099009900990099;140;140
17;122.820000000007;3.56999999999971;128.609999999986;NA;NA;-4649.40107067371;-5971.4940141986;6.33255493531851;45.1335870151698;215.140361181277;30.3914479044905;10470.166576467;12108.4588912871;2644.18588704978;0.0099009900990099;134;134
18;126.720000000001;3.48999999999978;132.75999999998;NA;NA;-4670.92234686189;-6056.92577817569;6.160059318448;45.9519782654876;226.171098060693;30.4198370733619;10575.7714957454;12279.8137531122;2772.0068626276;0.0099009900990099;137;137
19;136.339999999997;3.65999999999985;142.920000000013;NA;NA;-4786.4927782624;-6246.24883742978;6.01433146324478;45.2829893875807;242.505920834912;32.4480663484196;10899.5201572014;12669.9922390666;2919.51211833476;0.0099009900990099;141;141
20;129.779999999999;3.26999999999953;135.510000000009;NA;NA;-4694.06193598105;-6051.50355189463;6.06094151412367;42.5961720831757;232.740180901549;33.4159244485436;10658.7361002573;12285.4366355514;2714.88323182716;0.0099009900990099;138;138
21;134.839999999997;3.28000000000065;141.170000000013;NA;NA;-4710.20123389174;-5994.97252880436;6.05786061665262;37.584747955828;235.315315307181;38.4896574708786;10706.7662247166;12200.3508287872;2569.54258982523;0.0099009900990099;140;140
22;129.220000000001;3.29999999999927;136.220000000001;NA;NA;-4643.54385783544;-5937.91106077479;6.04339651462706;39.885251949676;229.701453417508;35.2069472729288;10539.4337566521;12067.7725005145;2588.73440587871;0.0099009900990099;136;136
23;140.559999999998;3.55000000000018;146.359999999986;NA;NA;-4805.74613237491;-6275.90589297378;6.04833835646752;45.7115038910273;243.712653798244;32.4468174914143;10945.4890091933;12729.4141723092;2940.31952119773;0.0099009900990099;142;142
24;130.229999999981;3.46999999999935;136.640000000014;NA;NA;-4643.97982467671;-5957.35600770158;5.98917896078782;40.3335171865966;231.824919188004;34.9345143469874;10554.4120519706;12105.5581926993;2626.75236604976;0.0099009900990099;139;139
25;133.170000000013;3.59000000000015;139.559999999998;NA;NA;-4716.50548653112;-6115.2342523461;6.0050255303224;43.4884113400142;237.265235849939;33.0438186513262;10729.1836582601;12410.9858695605;2797.45753162996;0.0099009900990099;139;139
26;143.789999999979;3.42000000000007;149.839999999997;NA;NA;-4860.81037093519;-6307.29615629298;6.05086829983337;42.9728739988375;247.243888390558;35.1102805351658;11075.8137396928;12806.8967467291;2892.97157071559;0.0099009900990099;143;143
27;131.850000000006;3.19999999999982;138.130000000005;NA;NA;-4701.60476631157;-6041.730407941;5.92082245605605;40.1076640586697;237.862403238744;35.6857983828523;10700.0495593724;12278.0219196935;2680.25128325886;0.0099009900990099;136;136
28;137.910000000003;3.25;143.859999999986;NA;NA;-4768.31693815762;-6138.83983812943;5.9327636514697;40.0816989652648;243.142525209727;36.6541851909699;10864.0362378385;12477.7880363256;2741.04579994362;0.0099009900990099;138;138
29;132.579999999987;3.44999999999982;138.820000000007;NA;NA;-4702.21136662109;-6047.9698204385;6.09699012203581;41.6243284914662;232.321470652305;34.4028134486768;10674.420478244;12284.0044606238;2691.51690763481;0.0099009900990099;140;140
30;129.830000000016;3.10999999999967;135.659999999974;NA;NA;-4679.39499184796;-5994.18130706172;6.04598445481168;40.4106137835885;232.036480929494;35.0162937907818;10623.8667341119;12179.2735389186;2629.57263042752;0.0099009900990099;136;136
31;132.029999999999;3.39999999999964;138.75;NA;NA;-4701.23650741836;-6015.5129480609;6.19378611682533;41.0372092956468;228.687836059904;34.6676449075005;10650.962037379;12220.2890193824;2628.55288128507;0.0099009900990099;138;138
32;127.059999999998;3.13999999999942;132.670000000013;NA;NA;-4641.56394974831;-5920.49609632556;6.05430594207629;39.3965943236783;228.367588328418;35.5341866972664;10529.8685746666;12034.9860787312;2557.8642931545;0.0099009900990099;138;138
33;147.630000000005;3.47000000000025;153.940000000002;NA;NA;-4894.83995916263;-6266.66075325449;6.09325012904449;38.1494921437854;249.303425522244;40.3255176574187;11156.021975965;12754.3311081862;2743.64158818373;0.0099009900990099;144;144
34;137.100000000006;3.86999999999989;143.559999999998;NA;NA;-4783.57522748161;-6147.48397449426;6.15451653801982;41.2553317657841;237.308807806486;35.5940912033622;10865.2562641608;12489.6716221951;2727.81749402531;0.0099009900990099;141;141
35;125.949999999983;3.3100000000004;131.919999999984;NA;NA;-4645.19743828192;-6006.95211046569;6.06974311072733;44.4300647745928;228.339463340604;31.3116903332451;10535.3152663126;12184.6174264503;2723.50934436753;0.0099009900990099;136;136
36;129.399999999994;3.80000000000018;136.820000000007;NA;NA;-4775.11112259886;-5893.13326597311;7.09613032582635;35.6572542695643;195.957035959089;40.0747234069004;10618.5917070997;12004.7563170797;2236.0442867485;0.0099009900990099;136;136
37;130.420000000013;3.66000000000076;138;NA;NA;-4696.77388417165;-6016.77171147874;5.96191897120814;39.4578590793041;236.010491031;36.3464471033913;10682.0137940563;12231.9717302904;2639.99565461418;0.0099009900990099;138;138
38;119.700000000012;3.05000000000018;125.599999999977;NA;NA;-4531.62749063357;-5672.27795613191;6.00512337958461;34.2523821452502;220.227087796631;39.5078938458332;10258.9778440771;11559.0640020977;2281.30093099667;0.0099009900990099;130;130
39;129.639999999985;2.94999999999982;136.279999999999;NA;NA;-4708.34187630553;-6125.79654474016;6.02285029552633;45.2273319122274;235.4169343925;31.5055565056667;10701.0532741258;12423.4786704334;2834.90933686926;0.0099009900990099;137;137
40;128.089999999997;3.27999999999975;134.799999999988;NA;NA;-4671.64559961191;-5977.58845072358;6.06672634065934;40.2953119034028;230.502964898306;35.0293607112993;10599.156560355;12146.0298076529;2611.88570222334;0.0099009900990099;135;135
41;128.720000000001;3.5600000000004;135.440000000002;NA;NA;-4720.61733885738;-6085.47198933826;6.39834920893397;45.3931639421048;219.630055308508;31.0941560390144;10640.27402234;12340.6981429066;2729.70930096176;0.0099009900990099;138;138
42;137.160000000003;3.39000000000033;143.839999999997;NA;NA;-4776.06577340837;-6128.49990075854;6.18595787923989;41.0282319667613;234.544445896531;35.6237366357538;10833.4406401903;12451.6111789763;2704.86825470034;0.0099009900990099;139;139
43;136.079999999987;3.77999999999975;144.029999999999;NA;NA;-4758.54349220639;-6087.42562230928;6.12431993590275;39.497512371837;236.043496261201;37.066506784539;10808.271397466;12377.6091962868;2657.76426020577;0.0099009900990099;141;141
44;136.110000000015;3.28999999999996;143.75;NA;NA;-4773.76411046356;-6152.75074198767;6.02922309088443;41.2643629771919;240.245898940998;35.5651691720724;10859.9841769066;12499.792909182;2757.97326304823;0.0099009900990099;139;139
45;147.98000000001;3.90000000000055;156.559999999998;NA;NA;-4924.52021531346;-6322.05809687116;6.10001967094555;38.9217332757801;251.220742160655;39.9939402311725;11225.8906084635;12863.3085392711;2795.0757631154;0.0099009900990099;144;144
46;141.279999999999;3.44999999999982;148.500000000029;NA;NA;-4835.25651100828;-6192.5753815497;6.12571722375315;39.0212389104429;243.252373715925;38.5956021854643;11002.843876923;12596.5448427125;2714.63774108284;0.0099009900990099;143;143
47;128.049999999988;3.3700000000008;135.610000000044;NA;NA;-4648.08080355082;-5966.665221187;5.98206974084965;41.0171141308375;231.177885755421;34.1576152359097;10555.7041865555;12119.433756978;2637.16883527237;0.0099009900990099;135;135
48;126.669999999984;3.17000000000007;132.799999999988;NA;NA;-4635.13089490638;-5928.75603109435;6.03645787616072;40.1495354395362;228.266403930349;34.7630299645997;10513.0929621159;12046.7846688439;2587.25027237594;0.0099009900990099;134;134
49;136.910000000003;3.78000000000065;144.899999999965;NA;NA;-4794.94807372996;-6112.81025197979;6.16440252853639;38.6740492207704;235.920023934198;38.0468260007742;10877.0103860258;12433.1934376225;2635.72435649967;0.0099009900990099;137;137
50;131.74000000002;3.39000000000033;138.619999999995;NA;NA;-4767.37392596333;-6077.01508077804;6.51329132584444;42.1366953229976;218.242685294512;34.0809224375112;10727.0009285716;12340.2131925071;2619.28230962941;0.0099009900990099;139;139
51;123.079999999987;3.31999999999971;130.390000000014;NA;NA;-4796.59328882742;-5938.11019064092;8.03075882813775;43.1557662785939;169.093033100914;31.9450750115814;10514.4679293882;12050.26895885;2283.03380362701;0.0099009900990099;135;135
52;120.610000000015;3;126.489999999991;NA;NA;-4577.65933822317;-5925.88174431218;6.17580071435272;46.6161417548389;218.077870400977;28.9357476115442;10344.2922487026;12009.5229125418;2696.44481217801;0.0099009900990099;136;136
53;126.170000000013;2.88000000000011;131.940000000002;NA;NA;-4830.78028023879;-5900.0513983622;8.17877474688919;39.0183837983742;166.396794830308;35.7190305041642;10567.5332311187;11994.5804937953;2138.54223624682;0.0099009900990099;134;134
54;126.289999999979;3.02000000000044;131.840000000026;NA;NA;-4607.65758964833;-5900.31001731484;5.94891695911061;39.847049408292;229.707545197057;34.8589205688455;10467.6944330237;11990.672951221;2585.30485533302;0.0099009900990099;136;136
55;133.410000000003;3.60999999999967;140.47000000003;NA;NA;-4755.26837635664;-6137.40958625684;6.0486652340665;42.1801638861834;238.019094611663;34.4138023402596;10810.8277451378;12462.8207161341;2764.28241980041;0.0099009900990099;139;139
56;134.899999999994;3.38000000000011;142.110000000044;NA;NA;-4745.10578697611;-6154.88971969016;6.07798427268908;44.0590181396695;237.055099781707;32.9076899313201;10788.5990014925;12490.0199442906;2819.56786542811;0.0099009900990099;143;143
57;140.450000000012;3.46000000000004;147.890000000014;NA;NA;-4843.79950077118;-6310.96666109786;6.13994751318506;45.0784281498499;243.854508792712;33.2835956330691;11024.0775140641;12804.3486919311;2934.33432065336;0.0099009900990099;144;144
58;136.580000000016;3.22000000000025;143.059999999998;NA;NA;-4758.05817909677;-6054.42038534202;6.00505652508899;36.8213669820746;240.493184113432;40.031912306489;10829.055015251;12327.3893560707;2592.7244124905;0.0099009900990099;138;138
59;128.899999999994;3.28000000000065;135.399999999965;NA;NA;-4691.51540912753;-5968.3614995453;6.02068306439368;37.6359189295546;233.695445644327;38.1088989561122;10657.1523433638;12144.4949919264;2553.69218083554;0.0099009900990099;136;136
60;130.589999999997;3.72999999999956;136.760000000009;NA;NA;-4702.18889035448;-6000.66003880171;5.97453281980701;38.3224751150306;235.896750081129;37.4207752933569;10688.7535337667;12205.0631831395;2596.94229689447;0.0099009900990099;134;134
61;121.690000000002;2.92000000000007;126.989999999991;NA;NA;-4576.11560746536;-5823.83007949837;6.11239109894541;39.8757720887846;220.456368925062;34.0962885076564;10350.8818652469;11833.0462224267;2495.42894406602;0.0099009900990099;132;132
62;130.820000000007;2.8100000000004;137.899999999965;NA;NA;-4664.06411779537;-5974.65080667011;6.08395421834925;40.610797754751;230.006994843976;34.820888877069;10583.8190196665;12139.4013504631;2621.17337774948;0.0099009900990099;138;138
63;129.010000000009;3.11999999999989;135.260000000009;NA;NA;-4682.64195988292;-6021.0855760304;6.00124569378203;41.0659802498725;233.354303464503;34.5590065093306;10635.8169353263;12230.3329219669;2676.88723229496;0.0099009900990099;134;134
64;145.859999999986;3.68000000000029;153.359999999986;NA;NA;-4889.66759216197;-6353.14838791714;6.11159995926399;43.0681355160658;249.016303329629;35.5235478103292;11144.9652804463;12901.1114339999;2926.96159151033;0.0099009900990099;145;145
65;131.640000000014;3.46999999999935;138.309999999998;NA;NA;-4713.50581166217;-6107.55638720382;6.13339594259214;44.266409848986;232.215058915134;32.2222893977228;10695.5953472702;12391.1421502336;2788.1011510833;0.0099009900990099;139;139
66;141.109999999986;3.34000000000015;147.47000000003;NA;NA;-4810.81524124048;-6082.95333006742;6.05773426641563;34.8864147268773;243.477983793682;43.334546440087;10953.4823766257;12402.9514921105;2544.27617765388;0.0099009900990099;141;141
67;121.839999999997;3.72000000000025;128.5;NA;NA;-4605.46932796372;-5923.39948119066;5.9999404427143;42.6922087934814;226.04239515106;32.0807499480794;10440.814269307;12021.3473341312;2635.86030645387;0.0099009900990099;133;133
68;133.570000000007;4;141.01999999996;NA;NA;-4810.32379775797;-6047.69078481381;6.88577562032817;39.8686526042324;205.83530206305;36.2450583235947;10744.3764282558;12293.2563592013;2474.73397411168;0.0099009900990099;138;138
69;128.209999999992;3.5600000000004;135.469999999972;NA;NA;-4651.05831627799;-5899.23940476448;6.04357529632917;37.2616633277397;229.612825205886;37.918676133012;10554.8205436164;12005.3525930446;2496.36217697299;0.0099009900990099;137;137
70;131.720000000001;3.72000000000025;138.210000000021;NA;NA;-4728.80119964159;-6056.4067032831;6.15444897154731;40.6661157157406;232.602766686066;35.495760400018;10727.4644340284;12306.5975096901;2655.21100728302;0.0099009900990099;138;138
71;134.549999999988;3.64000000000033;141.440000000002;NA;NA;-4749.41856719541;-6146.35397275544;6.13453336827731;43.9226456461364;234.87483501293;32.9310529480215;10782.7929822363;12472.7273077639;2793.87081112006;0.0099009900990099;140;140
72;131.630000000005;3.07999999999993;137.5;NA;NA;-4735.76131330517;-6085.63453633132;6.45532015505215;44.3056756468989;221.189365068376;32.2187759813331;10681.4532751269;12347.5093928311;2699.74644605231;0.0099009900990099;141;141
73;134.390000000014;3.44000000000051;141.059999999998;NA;NA;-4768.25820439484;-6178.22228609346;6.05109067549142;43.5320233475362;239.222274447088;33.5725959628581;10844.2377668242;12539.9709636434;2819.92816339724;0.0099009900990099;140;140
74;130.610000000015;3.47999999999956;137.580000000016;NA;NA;-4720.43024795613;-6118.45938785282;6.10429298394209;45.1247627149002;231.720559098251;31.581085010461;10705.9062426206;12409.3312600549;2796.05827979338;0.0099009900990099;138;138
75;140.760000000009;2.94000000000051;147.369999999995;NA;NA;-4797.62101103687;-6186.45175391687;6.06863513075627;41.0836180915257;242.408010756328;36.1746594005405;10920.3783780314;12570.6542182433;2777.66148576001;0.0099009900990099;140;140
76;120.410000000003;3.02000000000044;127.169999999984;NA;NA;-4547.06588265374;-5792.47886703713;6.00610049449774;39.6293430435487;221.537400196739;34.0631971635637;10297.8177750901;11770.0343569733;2490.82596876679;0.0099009900990099;131;131
77;142.25;3.63000000000011;149.140000000014;NA;NA;-4827.23605154281;-6135.89465908779;5.93928162993638;35.4617319471987;248.433345090848;42.8344689996315;11014.3082396071;12506.2500296115;2617.31721508994;0.0099009900990099;142;142
78;138.989999999991;3.92000000000007;145.800000000047;NA;NA;-4807.22348548645;-6241.84487574012;6.01394005284493;43.3660070322774;243.978125500352;34.1990997923419;10948.1664431561;12670.6409596291;2869.24278050733;0.0099009900990099;140;140
79;135.839999999997;3.60000000000036;142.5;NA;NA;-4788.29266582929;-6167.43566733425;6.13284006202115;41.5807900300119;238.238756969117;35.449613030614;10880.6199037008;12528.9099602286;2758.28600300992;0.0099009900990099;142;142
80;136.890000000014;3.25;143.27999999997;NA;NA;-4791.21681192013;-6312.38533528943;6.124227811993;50.1036023005357;239.585705831016;29.1503446379028;10892.1416989731;12784.122588644;3042.33704673859;0.0099009900990099;140;140
81;116.789999999979;3.31999999999971;122.670000000042;NA;NA;-4533.50031282386;-5821.06051069911;6.14659679673663;44.1033515352316;215.118096472171;30.1160559459506;10236.6263773936;11805.8660300845;2575.1203957505;0.0099009900990099;132;132
82;137.580000000016;3.44000000000051;144.880000000005;NA;NA;-4771.90412830669;-6059.53420336004;6.25676887556808;37.8529908514403;232.567963873087;38.8042936008085;10815.9811174837;12331.3322472856;2575.2601501067;0.0099009900990099;141;141
83;119.279999999999;3.51000000000022;125.119999999995;NA;NA;-4544.82555768932;-5761.04575254514;5.99608544435412;37.964274442529;221.546910289508;35.5075986045022;10292.5399537522;11714.8799939164;2432.44038971164;0.0099009900990099;130;130
84;135.779999999999;3.39000000000033;142.729999999981;NA;NA;-4751.83365530076;-6114.33274844677;6.03348904302793;40.5763569465563;239.467384273541;35.931806444042;10811.8702648997;12424.9598502393;2724.99818629202;0.0099009900990099;139;139
85;126.709999999992;3.46000000000004;134.809999999998;NA;NA;-4664.90181560951;-5941.46352731427;6.00875081131673;38.3897841843132;231.430948759681;36.864528166128;10588.9978627728;12083.5035179949;2553.12342340952;0.0099009900990099;133;133
86;131.869999999995;3.42999999999938;138.580000000016;NA;NA;-4720.56033480749;-6094.05707571662;6.0337870453891;42.270863723315;236.08354392088;34.0242618709189;10729.9855172883;12373.8648156479;2746.99348181826;0.0099009900990099;138;138
87;133.369999999995;3.97000000000025;141.919999999984;NA;NA;-4726.38427086244;-6018.73323500394;5.97638682718934;37.2430404730486;237.906798854931;38.9217827058034;10750.7220733981;12249.8129248598;2584.69792828301;0.0099009900990099;137;137
88;138.460000000021;3.24000000000069;146.359999999986;NA;NA;-4806.52606153883;-6137.35616367005;6.07462716390462;38.1355417084351;241.828880524031;39.0096712167851;10934.1558587529;12487.8209612646;2661.66020426242;0.0099009900990099;139;139
89;124.829999999987;4;133.169999999984;NA;NA;-4693.61019724191;-5837.08409922482;6.53507359783638;35.1491811197529;210.241459610774;40.0424318606287;10530.3312218763;11891.8842355232;2286.94780396582;0.0099009900990099;132;132
90;125.410000000003;3.60999999999967;132.73000000004;NA;NA;-4625.81720373899;-5845.57248098204;6.14550129534709;37.4367211516003;223.070074897286;37.2622883233874;10467.8257767647;11894.3011830737;2439.5105544861;0.0099009900990099;136;136
91;127.390000000014;3.69000000000051;135.669999999984;NA;NA;-4661.5094538788;-5971.37686629304;6.08960734020845;40.9140396314207;229.345381077088;34.4125203212132;10573.4236210754;12130.3728483699;2619.73482482848;0.0099009900990099;136;136
92;124.539999999979;3.41000000000076;131.76999999996;NA;NA;-4635.85726198887;-5951.36865604514;6.14282195227547;42.2279086653423;225.763463467985;32.9620302988366;10502.5904085914;12082.448269654;2631.02278811254;0.0099009900990099;136;136
93;125.859999999986;3.59000000000015;133.77999999997;NA;NA;-4662.03611970096;-5982.38598216707;5.97497755332761;40.5839334013887;232.104704339444;34.6996937234296;10587.8016223701;12153.6997271862;2640.69972493222;0.0099009900990099;134;134
94;127.350000000006;3.34000000000015;134.419999999984;NA;NA;-4677.2933176407;-6085.2235431999;6.03751779140681;46.1345673130009;231.962799570835;30.5221312220712;10620.1113549148;12336.9673716735;2815.8604511184;0.0099009900990099;137;137
95;134.369999999995;3.30000000000018;142.100000000035;NA;NA;-4788.19583809736;-6195.92885839213;6.1297887784054;43.3951294511857;238.407792069744;33.7945255262656;10879.660622751;12576.597298069;2815.46604058954;0.0099009900990099;140;140
96;123.839999999997;3.36000000000058;131.700000000012;NA;NA;-4611.51082596643;-5965.83907230376;6.1012435201244;45.0575905682119;224.861061547648;30.4210319667935;10448.9775873887;12097.5354275257;2708.65649267468;0.0099009900990099;136;136
97;123.139999999985;3.53999999999996;131.360000000044;NA;NA;-4608.58136285222;-5804.65293823662;6.09111095789688;36.1078677532962;224.394507279585;38.5749751664063;10439.7469516595;11819.4766009121;2392.14315076879;0.0099009900990099;135;135
98;130.860000000015;3.77999999999975;138.540000000037;NA;NA;-4740.86682304163;-6133.05063316029;6.18943745205577;44.3875563693577;232.549418801113;32.4555654688053;10752.9774818323;12443.5213508371;2784.36762023731;0.0099009900990099;140;140
99;124.149999999994;2.74000000000069;130.360000000044;NA;NA;-4633.11447914328;-6063.46104547438;6.08260464905976;49.8278028300624;226.533749520218;27.6558947007933;10501.3044884558;12277.7036803686;2860.69313266219;0.0099009900990099;136;136
100;129.820000000007;3.28000000000065;137.100000000035;NA;NA;-4720.60523560581;-6135.1402235123;6.03993015765751;45.0808348151263;235.561163197209;31.8727179337046;10728.0738599247;12444.4001246954;2829.06997581298;0.0099009900990099;139;139
101;131.799999999988;3.77999999999975;140.030000000028;NA;NA;-4751.51931279063;-6082.82714350632;6.05545238855473;39.5987335449461;237.142521388201;36.6976068297078;10795.0787448663;12365.59641476;2662.61566143138;0.0099009900990099;135;135
102;128.890000000014;3.72000000000025;136.940000000002;NA;NA;-4671.37687112397;-6032.97280178664;6.06585021630009;43.3197214144925;231.539968974243;32.627904289437;10608.4793665281;12244.3077874703;2723.19186132534;0.0099009900990099;140;140
103;117.390000000014;3.1899999999996;123.869999999995;NA;NA;-4515.59968068808;-5702.46104945095;6.13361975451756;37.8734770042819;215.167504393652;35.3021617610411;10201.093750574;11596.8646558748;2373.72273752575;0.0099009900990099;132;132
104;118.850000000006;3.35000000000036;125.440000000002;NA;NA;-4543.42878010093;-5699.29413463029;6.06773653137519;35.4053318296593;218.883917577244;38.1921080896148;10276.9585830346;11606.2438494635;2311.73070905872;0.0099009900990099;132;132
105;129.26999999999;3.32999999999993;137.090000000026;NA;NA;-4702.26798306837;-6062.43413867082;6.05411724404335;42.2571834931128;234.080357631654;33.8145244111395;10683.3097595946;12309.595984069;2720.3323112049;0.0099009900990099;139;139
106;135.089999999997;3.27000000000044;142.510000000009;NA;NA;-4736.91852169172;-6002.95929185231;6.08493878164446;36.4797474100608;235.569779336316;39.9398544028085;10761.5918415418;12224.251933975;2532.08154032118;0.0099009900990099;140;140
107;131.820000000007;3.4399999999996;139.140000000014;NA;NA;-4709.30044558134;-5972.85547500862;5.92948903131183;35.8109874593958;238.342261910377;40.4420557821257;10718.0571360452;12166.2034531963;2527.11005885455;0.0099009900990099;136;136
108;129.169999999984;3.10999999999967;135.75;NA;NA;-4668.02865046315;-5980.22456587687;6.04871390683584;40.7221108918201;230.458674721635;34.6890174399498;10592.5317576761;12149.5757263404;2624.39183082744;0.0099009900990099;136;136
109;132.74000000002;3.02999999999975;140.080000000016;NA;NA;-4746.49294114266;-6221.53165808483;5.96884325995517;47.3057759539122;240.576797421577;30.5748263655568;10807.2495264858;12610.0926521267;2950.07743388434;0.0099009900990099;139;139
110;123.360000000015;2.97999999999956;129.650000000023;NA;NA;-4652.25652676956;-5950.01703906077;6.20536775136522;41.7244041677509;224.007864337717;33.4668449132521;10524.1579589932;12082.2494080197;2595.52102458242;0.0099009900990099;134;134
111;137.430000000022;3.51000000000022;145.359999999986;NA;NA;-4789.92020180845;-6266.6228732231;6.07309417271513;46.4909515776093;241.871414763003;31.7042717370214;10905.4502938108;12707.0054121643;2953.4053428293;0.0099009900990099;144;144
112;138.020000000019;4.02999999999975;146.609999999986;NA;NA;-4799.99904878706;-6147.290784894;6.03421832284109;38.7915281038665;243.15072059775;38.4528425113357;10930.0598253121;12504.9229334547;2694.58347221388;0.0099009900990099;141;141
113;131.959999999992;3.19999999999982;139.149999999965;NA;NA;-4742.4335178385;-6126.91223700464;6.0595611472639;42.4510547780154;237.045488024175;34.1607355986797;10781.5324561159;12440.6875312089;2768.95743833228;0.0099009900990099;141;141
114;131.199999999983;3.13000000000011;138.929999999993;NA;NA;-4714.97062068002;-6106.49134768591;6.06679219338435;43.9830369514791;234.724742665657;32.5308062273131;10712.2352904374;12390.6974891479;2783.0414540118;0.0099009900990099;139;139
115;117.059999999998;3.22999999999956;124.599999999977;NA;NA;-4559.5630780079;-5827.64764564047;6.07843937994423;41.4917765429987;220.00608023329;32.4897043914969;10314.4919976694;11831.8226072253;2536.16913526515;0.0099009900990099;131;131
116;141.699999999983;3.44999999999982;149.140000000014;NA;NA;-4823.5105359021;-6188.48849031872;6.00752200863095;38.8217147617598;246.14203179441;38.8000302056073;10994.3153709187;12589.3546031036;2729.95590883323;0.0099009900990099;142;142
117;126.429999999993;3.30000000000018;132.909999999974;NA;NA;-4801.80383551932;-5985.51825259161;7.5881470538156;42.3398454108281;182.280798088438;33.1742704097067;10599.4020640602;12152.2665239948;2367.42883414457;0.0099009900990099;139;139
118;128.859999999986;3.44000000000051;135.409999999974;NA;NA;-4655.57715499551;-5933.26579073499;6.01962352801281;38.3715448372822;231.470951274582;37.0421735581135;10573.9956416916;12068.6234099592;2555.37727147896;0.0099009900990099;137;137
119;131.670000000013;3.07999999999993;139.170000000042;NA;NA;-4728.25903931696;-6124.76902698421;6.07834380098293;43.9005067061993;235.57026038114;32.8029347778486;10743.431164983;12428.7394776454;2793.0199753345;0.0099009900990099;139;139
120;144.440000000002;3.17000000000007;150.940000000002;NA;NA;-4861.2716105865;-6176.66688081235;6.11848048179907;36.3594957943584;245.349248472232;41.9069106966456;11065.4981051839;12582.717347449;2630.79054045169;0.0099009900990099;142;142
121;137.559999999998;3.85999999999967;145.539999999979;NA;NA;-4781.80394815687;-6176.96185048752;5.99041219205338;41.4232947052937;242.698119895668;35.6036836685875;10891.193847421;12548.6798460428;2790.3158046613;0.0099009900990099;141;141
122;140.470000000001;3.77000000000044;148.179999999993;NA;NA;-4836.73763636815;-6308.42798074113;6.03660178266743;44.4549715357617;246.180278660366;33.6735106934203;11020.1090230499;12801.0538437743;2943.38068874596;0.0099009900990099;141;141
123;114.820000000007;3.15999999999985;121.75;NA;NA;-4490.27571545026;-5755.68547684049;6.04390973624788;43.1881248675317;215.194924828731;30.3728972860153;10148.9521673985;11676.280584272;2530.81952278046;0.0099009900990099;130;130
124;136.589999999997;3.76000000000022;142.719999999972;NA;NA;-4776.15385048566;-6078.66270853481;6.143840360383;38.1122019097969;237.126694919575;38.7167932804185;10848.5734614369;12368.9728382992;2605.01771609831;0.0099009900990099;140;140
125;135.809999999998;3.78999999999996;142.380000000005;NA;NA;-4774.85904040982;-6155.52515559831;6.1324592431784;42.083930719245;237.372061315489;34.746407687638;10847.3251498119;12500.9934072278;2761.33223037697;0.0099009900990099;140;140
126;128.639999999985;3.42000000000007;134.950000000012;NA;NA;-4653.68917263406;-5922.98108578879;5.99220731198622;37.928778973368;231.7494964228;37.259955214906;10572.5820712231;12049.3776477468;2538.58382630945;0.0099009900990099;138;138
127;140.559999999998;3.77999999999975;148.059999999998;NA;NA;-4833.05392213703;-6285.41175314067;6.01630075924477;43.5057452403928;246.725813850136;34.4040817269973;11018.3229430543;12759.3798557162;2904.71566200728;0.0099009900990099;144;144
128;127.470000000001;3.6899999999996;134.420000000042;NA;NA;-4659.23386776602;-5905.45946519762;6.00520519528321;36.857467193141;230.762630689937;38.327247258884;10575.7478518848;12019.7399416182;2492.4511948632;0.0099009900990099;135;135
129;133.529999999999;3.51000000000022;140.75;NA;NA;-4748.71541924807;-6143.92261179478;6.11270664582336;43.7199786592324;234.932163967262;33.0346624272593;10780.0098895236;12468.1933090602;2790.41438509342;0.0099009900990099;138;138
130;135.660000000003;3.69000000000051;143.239999999991;NA;NA;-4766.29257885716;-6027.54568307114;5.94577839292662;34.4898751377584;242.586372043005;42.952465521585;10856.9512793768;12289.5843003479;2522.50620842796;0.0099009900990099;138;138
131;134.169999999984;3.4399999999996;141.639999999956;NA;NA;-4757.29853270955;-6118.73174722183;6.19846175124634;42.2184441465236;233.554628368879;34.5579116589593;10793.8118698981;12426.7425188619;2722.86642902456;0.0099009900990099;143;143
132;139.639999999985;3.09000000000015;146.72000000003;NA;NA;-4833.5333904944;-6256.2260372557;6.11482916013435;42.5156018981184;243.385473638909;35.2399633378309;10999.2726571265;12705.3431519107;2845.3852935226;0.0099009900990099;142;142
133;134.299999999988;3.72000000000025;141.679999999993;NA;NA;-4738.39797197115;-6079.31676445306;5.99393892315567;39.6066691291735;239.21155513716;36.736754992008;10782.7377281646;12359.1926671689;2681.83758496383;0.0099009900990099;138;138
134;133.049999999988;3.51000000000022;140.190000000002;NA;NA;-4745.36785045312;-6167.34604567606;6.09900240058248;45.2317718738503;236.922694696474;32.0351911954677;10787.5666142141;12510.0413811668;2843.95639044587;0.0099009900990099;142;142
135;142.419999999984;3.21000000000004;149.380000000005;NA;NA;-4810.39490316617;-6129.43089525505;5.97654525840284;36.4480554807275;246.007965002849;41.1996108636258;10966.4809816025;12484.2282853027;2638.07198417777;0.0099009900990099;141;141
136;134.179999999993;3.07000000000062;141.449999999953;NA;NA;-4769.51079174645;-6169.0497734235;6.0786522168501;43.0426247401581;238.422014030121;33.9440335759732;10842.3682751563;12523.6564218819;2799.07796335411;0.0099009900990099;140;140
137;130.570000000007;3.25;139.5;NA;NA;-4659.9991717361;-5977.87561173382;5.97669741630954;40.2095261059685;231.594975033823;34.9568158200866;10580.0850267025;12145.9480016861;2635.75287999545;0.0099009900990099;133;133
138;142.649999999994;3.55000000000018;150.080000000016;NA;NA;-4798.00495032547;-6162.76127557185;5.98507780976942;39.3252812167491;244.454390989894;37.8504885610394;10933.2028517302;12532.5689711068;2729.51265049276;0.0099009900990099;141;141
139;128.760000000009;3.36000000000058;135.649999999965;NA;NA;-4691.80254850408;-6051.41296268536;6.08041099806731;42.7968604013133;231.971258795483;33.1317943902626;10648.3262524547;12283.4624468987;2719.22082836257;0.0099009900990099;136;136
140;127.720000000001;3.36000000000058;134.389999999956;NA;NA;-4657.61732009432;-5936.17007725258;6.10602113101577;39.4600815902961;227.952020010588;35.6476873911825;10558.0426657654;12066.6934749142;2557.10551431651;0.0099009900990099;136;136
141;126.419999999984;3.02000000000044;131.959999999963;NA;NA;-4776.6490326809;-6058.94296161335;7.28508975407316;47.0941531731169;189.427094000199;29.5769620510448;10585.3668976198;12279.0321459826;2564.58785786491;0.0099009900990099;135;135
142;138.809999999998;3.61999999999989;145.670000000042;NA;NA;-4764.22677878481;-6120.49827656063;6.07964811216099;40.4086403183297;239.046580771611;36.3197298693964;10836.0651798972;12439.6695512613;2712.54299555164;0.0099009900990099;141;141
143;135.630000000005;3.52999999999975;142.52999999997;NA;NA;-4755.30939797135;-6129.06525036233;6.06824681134015;41.5183461641286;238.350213282604;35.2062225057755;10813.5729849795;12450.5871990523;2747.51170478196;0.0099009900990099;140;140
144;139.829999999987;3.39999999999964;146.859999999986;NA;NA;-4958.4566052907;-6343.6657203747;7.41650696790169;49.2516139321486;197.983331763113;30.0355524069292;11001.2985246307;12851.8408044387;2770.41823016799;0.0099009900990099;143;143
145;131.859999999986;3.42000000000007;138.119999999995;NA;NA;-4742.89354216876;-6157.27999791081;6.46468475781837;48.4077388650661;217.872041800143;29.3498043716488;10676.7962536934;12475.0022711894;2828.77291148411;0.0099009900990099;140;140
146;124.690000000002;3.46999999999935;131.090000000026;NA;NA;-4642.97155844126;-5970.62875859347;6.02994803472445;41.9319041547128;229.120772079496;33.2700929361144;10534.2777805916;12122.5252822177;2655.31440030442;0.0099009900990099;135;135
147;140.440000000002;3.60999999999967;146.889999999956;NA;NA;-4807.52181957294;-6173.35079408646;6.07639128861559;39.7332135261017;242.416249418924;37.567794175476;10941.0877271142;12552.2016381234;2731.65794902705;0.0099009900990099;141;141
148;114.130000000005;2.54999999999927;119.099999999977;NA;NA;-4446.8325180135;-5609.61451144545;6.03690698962659;37.9781380459562;211.978434505228;34.1751130305066;10045.4140218099;11404.9137217319;2325.56398686389;0.0099009900990099;131;131
149;141.179999999993;3.45000000000073;146.979999999981;NA;NA;-4808.41624733861;-6154.60266212466;6.07441024225419;39.1642458126658;241.92457727186;38.0876088676915;10938.4590187423;12517.2767599232;2692.3728295721;0.0099009900990099;139;139
150;132.940000000002;3.27000000000044;138.820000000007;NA;NA;-4696.98346817667;-6002.86109643239;6.04870698374583;39.036571891444;234.10987694118;36.8514593255825;10672.9019928911;12207.040581614;2611.75525651144;0.0099009900990099;139;139
151;129.239999999991;2.89999999999964;135.520000000019;NA;NA;-4658.98221896667;-5948.14347811485;6.09041542598736;39.2635073130112;229.195987944889;35.9749732187617;10567.5546509732;12092.4246585151;2578.32251829635;0.0099009900990099;136;136
152;131.829999999987;3.25;138.649999999965;NA;NA;-4716.66432008377;-6042.00591401779;5.98545616709387;39.1886323389033;237.33597697696;36.8208376409421;10727.2985595013;12284.7612336627;2650.68318786803;0.0099009900990099;136;136
153;130.649999999994;3.55000000000018;137.26999999996;NA;NA;-4687.76641908888;-5996.33398732622;6.06692739018155;39.7290029705755;232.640470663488;36.0266064044821;10645.6007124759;12189.3501567501;2617.13513647467;0.0099009900990099;138;138
154;133.619999999995;2.97999999999956;140.440000000002;NA;NA;-4736.25417252502;-6096.66053816536;6.06679646315492;41.5027405158747;236.352187086849;34.8363285200779;10764.5402170236;12383.7557294018;2720.81273128068;0.0099009900990099;140;140
155;135.910000000003;3.44999999999982;143.300000000047;NA;NA;-4775.32373730941;-6168.16385459142;6.02108876257853;41.9837004585317;241.057086601442;34.9115742916217;10868.3989314298;12527.1736972886;2785.68023456401;0.0099009900990099;140;140
156;122.720000000001;3.65000000000055;129.950000000012;NA;NA;-4557.89463744247;-5813.70327662567;5.99386387538016;40.0411266061792;222.165130235701;33.7986644940285;10322.8859497072;11811.0458826137;2511.61727836642;0.0099009900990099;131;131
157;125;3.57999999999993;133.030000000028;NA;NA;-4620.34666125398;-5806.37084822296;6.00161247822362;34.4814189971061;227.939717678952;40.7682542594026;10482.5931652511;11834.8622161571;2372.04837393795;0.0099009900990099;135;135
158;131.5;3.31999999999971;138.009999999951;NA;NA;-4716.9719777095;-6017.46960439341;5.98781781415429;38.1611582105313;236.44323715743;37.7556808348479;10722.1741157154;12240.6461148448;2600.99525336783;0.0099009900990099;135;135
159;129.940000000002;3.92999999999938;137;NA;NA;-4698.09078068741;-6015.38989474339;5.93699716860137;39.1534396728281;236.516410674416;36.4954829389741;10684.8103980413;12229.6206715597;2634.59822811195;0.0099009900990099;135;135
160;127.860000000015;3.69000000000051;134.580000000016;NA;NA;-4673.93078809586;-6026.70594652521;5.96150918561608;41.7304262907197;234.229163363491;33.9272895783954;10626.6026944643;12238.6331506959;2705.55031685869;0.0099009900990099;138;138
161;134.270000000019;3.28999999999996;140.360000000044;NA;NA;-4759.55512352929;-6174.88798726355;6.01522403321781;43.8727098569628;239.408987220645;33.0254825114111;10826.9941800531;12530.193169627;2830.66572746853;0.0099009900990099;139;139
162;125.300000000017;3.60999999999967;132.51999999996;NA;NA;-4605.71331857637;-5962.89888366037;6.09960387979894;45.7003066020582;224.408617687316;29.9009338024186;10435.7378349288;12088.9289717082;2714.371130168;0.0099009900990099;137;137
163;126.690000000002;3.44999999999982;134.030000000028;NA;NA;-4605.80247679778;-5896.6992022584;6.0537667429053;40.8262405946046;225.775641597401;33.7875849682487;10441.714109868;11977.4856574362;2581.79345092124;0.0099009900990099;135;135
164;127.920000000013;3.65999999999985;134.510000000009;NA;NA;-4686.85034646647;-6061.5621801498;5.98081019580761;42.9700569025151;234.644155501011;33.0502146935014;10653.8541470792;12303.4371680481;2749.42366736667;0.0099009900990099;137;137
165;126.889999999985;3.72000000000025;133.330000000016;NA;NA;-4666.40984637914;-6060.65414892032;6.07680275463623;45.7826613715107;230.30333705294;30.6100552583888;10590.128315374;12288.4195820609;2788.48860508236;0.0099009900990099;138;138
166;119.00999999998;3.35000000000036;125.589999999967;NA;NA;-4594.30250313447;-5955.20680713536;6.09562838098526;46.6522657725049;222.209100188148;29.0309779183672;10397.624018874;12068.3684605309;2721.80860800177;0.0099009900990099;133;133
167;124.989999999991;3.32999999999993;131.119999999995;NA;NA;-4654.58417415324;-5975.1008015692;6.01384756726922;41.3077382701917;230.33107770592;33.8760836801269;10563.2409511694;12134.6450957781;2641.03325483192;0.0099009900990099;134;134
168;116.869999999995;3.07999999999993;122.670000000042;NA;NA;-4508.31812238167;-5754.76146000519;5.97763189922278;41.1311575680267;218.129357584873;32.1573885454033;10200.1272799631;11683.9972845815;2492.88667524704;0.0099009900990099;129;129
169;145.170000000013;3.63000000000011;152.080000000016;NA;NA;-4904.63030497992;-6382.84375009855;6.15985311120919;44.1384746433086;247.574204066536;34.6800834040504;11166.9820907468;12955.8765159336;2956.42689023725;0.0099009900990099;145;145
170;136.049999999988;3.67000000000007;143.119999999995;NA;NA;-4772.91392289831;-6028.67185186969;6.29897857139171;36.9461696085896;227.965116945917;39.6965473897017;10791.1942674924;12274.2047210683;2511.51585794274;0.0099009900990099;139;139
171;136.720000000001;3.52000000000044;142.910000000033;NA;NA;-4768.67574092151;-6043.60754679696;6.00933165558329;35.6984313109508;240.38022207808;41.4712887078177;10849.673438583;12313.6217516587;2549.86361175089;0.0099009900990099;138;138
172;133.600000000006;3.30000000000018;140.170000000042;NA;NA;-4708.53291610685;-6055.23280835664;6.00545006268515;41.0358063771573;236.232873792662;34.9709300330767;10707.598755248;12301.5107317823;2693.39978449958;0.0099009900990099;139;139
173;131.25;3.38000000000011;137.780000000028;NA;NA;-4735.82120288274;-6157.52450828589;6.03175313842599;45.1408088587405;236.905657007939;31.8469094882897;10764.1339851016;12488.7969247533;2843.40661080631;0.0099009900990099;137;137
174;130.25;2.98000000000047;135.929999999993;NA;NA;-4906.48564887787;-6007.37359006173;8.42747742623911;41.1190271161933;164.124523240952;34.4254409538125;10707.1823710989;12202.3097082438;2201.77588236772;0.0099009900990099;135;135
175;132.119999999995;3.61999999999989;139.309999999998;NA;NA;-4724.03656669302;-6038.87672725428;6.13878850577598;39.9013234788593;232.591588883132;36.0160431603184;10717.028353167;12274.2470000559;2629.6803211225;0.0099009900990099;137;137
176;129.059999999998;3.75;135.650000000023;NA;NA;-4679.71867687477;-5836.86763865826;6.06903459965971;32.6194386556642;230.275883861772;44.1711103705972;10614.0654934503;11914.3958150307;2314.29792356698;0.0099009900990099;135;135
177;132.660000000003;3.46000000000004;139.869999999995;NA;NA;-4699.80873576495;-6023.15350422538;6.05370168942639;40.1623630024617;233.801066610188;35.7103101273446;10676.8655067284;12241.3913342316;2646.68953692085;0.0099009900990099;139;139
178;144.23000000001;3.82000000000062;151.959999999963;NA;NA;-4863.50166199344;-6245.45346643414;6.14778106962394;39.4131118499424;245.348278236629;38.5482494718737;11071.6686474655;12702.1759693505;2763.90360888139;0.0099009900990099;144;144
179;134.309999999998;3.10000000000036;141.070000000007;NA;NA;-4749.92299405702;-6071.65195963371;6.15922992607285;39.8604031006687;234.161538670496;36.5014100713171;10777.366418645;12342.4454921066;2643.45793115338;0.0099009900990099;137;137
180;133.239999999991;3.5;140.059999999998;NA;NA;-4744.90925755013;-6079.71349470664;6.06114950778404;39.9206320780529;236.837525767242;36.5516226300642;10784.5035169285;12359.2383894789;2669.60847431302;0.0099009900990099;140;140
181;120.299999999988;3.35999999999967;128.040000000037;NA;NA;-4583.43753971514;-5950.20882100813;6.00067689785242;45.6414769719738;225.727751876611;29.8746036433962;10396.7233148008;12063.1855261943;2733.54256258596;0.0099009900990099;135;135
182;130.479999999981;3.34000000000015;138.669999999984;NA;NA;-4736.81751632356;-6088.94708466089;6.12205226072257;41.3626341423075;234.998891698772;35.0501366384609;10757.4267494596;12369.3719876397;2704.25913667465;0.0099009900990099;139;139
183;141.199999999983;3.38999999999942;150.590000000026;NA;NA;-4861.83912978034;-6371.37769125035;6.04746469725686;46.271602424477;248.252197703423;32.5911000120627;11082.5228594453;12921.1475202759;3019.07712294003;0.0099009900990099;142;142
184;138.170000000013;3.1299999999992;146.059999999998;NA;NA;-4830.91665033773;-6150.80171477022;6.35676348379152;39.4497125724202;230.848270828186;37.701479491962;10924.5992476084;12507.8347531741;2639.77012886499;0.0099009900990099;141;141
185;135.23000000001;3.77999999999975;144.340000000026;NA;NA;-4767.20649158813;-6059.71247592564;6.04598518968904;36.9204966609751;239.583128276887;40.0083183154452;10844.1069679716;12338.1325637619;2585.01196867501;0.0099009900990099;140;140
186;131.51999999999;3.11999999999989;139;NA;NA;-4719.07808243314;-6135.69456229677;6.06764991817002;45.5384912281727;234.969833966665;31.440641024104;10721.7891401821;12443.1483793979;2833.23295972727;0.0099009900990099;139;139
187;141.929999999993;3.44999999999982;148.799999999988;NA;NA;-4825.09299174901;-6285.18497138918;6.04032125338152;44.0113242091614;245.945838305001;34.0372133843922;10998.9773450048;12757.0333955899;2920.18395928033;0.0099009900990099;145;145
188;131.049999999988;3.88999999999942;138.489999999991;NA;NA;-4713.99907439465;-6005.09118656254;6.0440960872997;38.1922990182213;234.756400574316;37.7446010974793;10707.9040635328;12215.9681922811;2582.18422433578;0.0099009900990099;136;136
189;124.059999999998;3.19999999999982;130.330000000016;NA;NA;-4633.01643841362;-5961.49704031051;6.09888859513273;43.169145708419;226.098385474942;32.0918379458581;10497.9004610509;12097.8422769079;2656.96120379377;0.0099009900990099;135;135
190;131.649999999965;3.19999999999982;138.630000000005;NA;NA;-4700.39151132005;-5953.09175946269;6.08798501689262;36.8138068052475;231.607684579523;39.0816122843232;10666.0486792733;12119.6851646889;2505.40049628529;0.0099009900990099;139;139
191;116.25;2.9399999999996;122.450000000012;NA;NA;-4516.44833073825;-5708.24050730872;6.03795823462792;37.45876235165;217.825255181756;35.581636752293;10215.5787753078;11609.6714935299;2383.58435314096;0.0099009900990099;130;130
192;135.700000000012;3.61999999999989;142.780000000028;NA;NA;-4772.05476201541;-6134.97366158344;6.04351174922007;40.5552846245901;239.670597790909;36.2677279719383;10854.2816656029;12468.2067978998;2725.83779913605;0.0099009900990099;140;140
193;135.22000000003;2.92000000000007;141.799999999988;NA;NA;-4787.27886150099;-6184.73699884991;6.0562887529115;42.0629594266956;241.144748994336;35.0710369078304;10891.9240691743;12561.0659935464;2794.91627469784;0.0099009900990099;139;139
194;144.880000000005;3.77999999999975;152.489999999991;NA;NA;-4907.61511281667;-6346.03169273888;6.14607346212652;42.0206375718152;248.252476514104;36.4882956212795;11175.8124112326;12892.0425587062;2876.83315984442;0.0099009900990099;144;144
195;109.969999999972;2.84000000000015;118.010000000009;NA;NA;-4526.00192326775;-5764.8610845208;5.91315747446577;38.9571318577288;222.86297124618;34.5136375101681;10262.0382372137;11717.1139466042;2477.71832250611;0.0099009900990099;130;130
196;107.570000000007;3.40999999999985;115.25;NA;NA;-4579.07216758842;-5849.21127607177;6.14520388975382;41.6944546640346;220.103575094904;32.5466422026822;10355.7073819052;11875.5058002471;2540.2782169667;0.0099009900990099;133;133
197;121.219999999972;2.85999999999967;133.72000000003;NA;NA;-4880.67977223608;-6056.292900203;7.34724355796572;38.2460740019263;195.074776396736;38.1993543504792;10827.0470474507;12321.2676982151;2351.22625593385;0.0099009900990099;139;139
198;116.76999999996;3.39999999999964;126.139999999956;NA;NA;-4710.63770537252;-6092.4549965635;6.02779063522471;43.554121941146;235.212758007119;32.8523240463347;10704.5310025118;12364.1431643724;2763.63458238195;0.0099009900990099;137;137
199;112.830000000016;2.97000000000025;122.299999999988;NA;NA;-4646.8823709968;-5992.41525261136;6.04254884858806;42.6452972801234;229.733810356754;32.7896598880466;10546.2871949398;12163.6016890135;2691.0657632291;0.0099009900990099;136;136
200;117.579999999958;3.09000000000015;126.550000000047;NA;NA;-4650.14970501226;-5938.19114771207;6.0288810791316;39.3476126731246;230.186900577792;35.6887834327646;10555.2921379127;12070.959673906;2576.08288539962;0.0099009900990099;136;136
201;116.72000000003;3.21000000000004;125.699999999953;NA;NA;-4715.1971949523;-6120.45139686215;6.09074271860357;45.3682244937947;233.240503892206;31.3723617450309;10702.0355454133;12411.9467834034;2810.5084038197;0.0099009900990099;136;136
202;113.469999999972;3.25;122.450000000012;NA;NA;-4635.57631079648;-5913.06415429802;6.00286080539285;39.3826069990659;228.122343859119;35.3242168100503;10511.4841990006;12018.1907818089;2554.97568700309;0.0099009900990099;132;132
203;122.419999999984;3.44000000000051;131.270000000019;NA;NA;-4754.84795421944;-6051.57984188103;6.08712904600758;37.5143405997927;237.488429680921;39.0352954349937;10807.08789467;12316.4083020024;2593.46377532319;0.0099009900990099;139;139
204;119.140000000014;3.26999999999953;128.619999999995;NA;NA;-4747.79403325784;-6213.93265989779;6.03985637691623;47.3936520547734;238.453831829928;30.5551377521013;10798.2540149912;12594.7870974629;2932.2772532799;0.0099009900990099;139;139
205;123.75;3.13999999999942;135.270000000019;NA;NA;-4806.9783473357;-6236.21247173519;6.08032586302947;43.6065236723318;242.380205810393;33.9507232654612;10939.8036200563;12658.1392096399;2858.46824879896;0.0099009900990099;141;141
206;113.399999999965;3;121.02999999997;NA;NA;-4632.0032687325;-5870.38013289461;5.99062014746158;37.253715858363;229.226191255064;37.53352208531;10512.9155638121;11945.2567688558;2476.75372832422;0.0099009900990099;135;135
207;130.539999999979;3.25;141.979999999981;NA;NA;-4882.45690312635;-6251.3594805209;6.07418647354149;38.2666209454587;248.503539709808;40.1465618877005;11124.2560552202;12722.3251597642;2737.80515478909;0.0099009900990099;141;141
208;110.889999999956;3.06999999999971;118.47000000003;NA;NA;-4596.82849184078;-5784.82684653844;6.04123893651185;35.5785945966301;224.48770202876;38.830902815804;10412.5128493294;11780.4860604525;2375.99670939531;0.0099009900990099;130;130
209;119.839999999967;3.15999999999985;129.890000000014;NA;NA;-4741.34132058508;-6102.88308923198;6.04310528849522;41.2718976969114;237.001733367676;35.006241333648;10775.6983864865;12396.7505252262;2723.0835372938;0.0099009900990099;137;137
210;117.410000000033;3.09000000000015;126.090000000026;NA;NA;-4682.3354390848;-5996.27593810421;6.09479046195626;40.4622586433696;230.695154686239;35.02528641378;10623.2796787843;12183.6401276474;2627.88099803882;0.0099009900990099;137;137
211;118.390000000014;3.23999999999978;126.710000000021;NA;NA;-4760.4431079955;-5927.09131215553;6.67087240489641;35.7407066498019;209.547812104837;40.2277886836446;10664.8829742712;12073.800569183;2333.29640832007;0.0099009900990099;138;138
212;115.809999999998;3.05000000000018;126.669999999984;NA;NA;-4660.46170372295;-5950.14433281638;5.99785659394381;38.8780966045411;232.033644600239;36.3620482659634;10586.834637917;12098.6699191019;2579.36525818688;0.0099009900990099;137;137
213;109.25;3.17000000000007;117.719999999972;NA;NA;-4605.15720168475;-5783.85894834946;6.53003682495883;38.7859070362299;205.870595321894;35.0049762280586;10330.4371331305;11758.1767112105;2357.40349332942;0.0099009900990099;133;133
214;119.389999999956;3.32999999999993;131.780000000028;NA;NA;-4761.59142414481;-6128.62112158451;6.07742357636879;41.8055007087646;237.345887819394;34.8770552921585;10819.7961327158;12447.774523416;2734.05939487938;0.0099009900990099;139;139
215;107.450000000012;2.97000000000025;115.899999999965;NA;NA;-4565.38823737032;-5850.52412695977;5.98008335463623;41.4137187080648;223.40631425024;32.7770466111362;10344.6169130653;11879.1367952348;2570.27177917891;0.0099009900990099;131;131
216;118.159999999974;3.07999999999993;126.630000000005;NA;NA;-4698.00596029003;-5989.93736101911;6.03274957474691;38.226987471442;233.924636322173;37.547827988415;10670.5198124931;12184.4491689533;2583.86280145815;0.0099009900990099;135;135
217;119.5;3.22000000000025;130.969999999972;NA;NA;-4723.96756548056;-6069.58195883367;6.08153586717408;40.7758809700698;235.078294827652;35.3120894330104;10732.1606246243;12332.0727760442;2691.22878670621;0.0099009900990099;139;139
218;123.979999999981;3.1899999999996;135.100000000035;NA;NA;-4800.16613666542;-6087.51748044326;6.11532251030314;36.2213596694916;240.155075822791;41.2053282900135;10914.0074879823;12400.4327306431;2574.70268755568;0.0099009900990099;141;141
219;117.450000000012;3.40999999999985;126.639999999956;NA;NA;-4685.81119032833;-5929.95315188693;5.98532983079386;36.0535982901613;234.181773161576;39.8270325229573;10649.2532049607;12077.1915506354;2488.2839231172;0.0099009900990099;137;137
220;122.380000000005;2.97000000000025;130.850000000035;NA;NA;-4748.25631089208;-6088.93627919809;6.08698116762034;39.8997865454771;237.535134173456;36.4426900823756;10794.1597532214;12376.9578533434;2681.35993661202;0.0099009900990099;139;139
221;123.140000000014;2.89000000000033;136.150000000023;NA;NA;-4778.0582618832;-6077.18670677472;5.99061175174004;36.2614182491908;242.564378163322;40.9933378588185;10881.2382604213;12378.318757322;2598.25688978305;0.0099009900990099;139;139
222;108.170000000042;3.03999999999996;115.890000000014;NA;NA;-4564.31421898265;-5852.33952986386;6.03359506873637;41.9314424458631;222.108061934114;32.2717494358846;10337.0977108431;11880.2666418968;2576.05062176241;0.0099009900990099;133;133
223;121.489999999991;3.22000000000025;131.890000000014;NA;NA;-4761.92704984516;-6161.77062944381;6.00480862257563;42.8186264729987;240.021984230283;34.0674651788137;10835.9471140271;12509.7728793812;2799.6871591973;0.0099009900990099;140;140
224;113.080000000016;2.82999999999993;121.469999999972;NA;NA;-4667.31711720338;-6001.09409757745;6.033801154149;41.6958603183944;230.664090189742;33.7872135445762;10591.3774656877;12186.2734244208;2667.55396074815;0.0099009900990099;135;135
225;118.97000000003;2.92000000000007;127.609999999986;NA;NA;-4806.05770006798;-6175.0275132417;6.0975056170382;40.6681310532028;241.247081499841;36.629351194315;10933.4629595794;12550.6796454579;2737.93962634744;0.0099009900990099;143;143
226;106.520000000019;2.94999999999982;114.559999999998;NA;NA;-4612.35376034071;-5910.94703663804;6.03220716068972;40.966358010809;226.520585855413;33.7084273390962;10458.8754086497;12005.5500461702;2597.18655259465;0.0099009900990099;135;135
227;106.979999999981;3.39000000000033;115.179999999993;NA;NA;-4644.67746559715;-5855.16141567327;5.98143907454312;34.9927124024814;230.701874466483;40.2545033176599;10545.4463934456;11929.4946003294;2420.96790015224;0.0099009900990099;134;134
228;123.809999999998;3.19000000000051;133.459999999963;NA;NA;-4850.8339892819;-6227.99499450502;5.97790179658622;38.2082029095796;249.69282116219;39.9117939160362;11068.3980409963;12674.453012243;2754.32201044624;0.0099009900990099;142;142
229;111.600000000035;3.23999999999978;119.130000000005;NA;NA;-4713.24521632521;-6092.38190315031;6.02278148361618;42.7489760282727;236.138917492279;33.5352602965153;10715.6575845356;12367.8448353123;2758.27337365018;0.0099009900990099;138;138
230;107.639999999956;2.98999999999978;114.630000000005;NA;NA;-4629.72524650022;-5879.22884385909;6.13081787645852;38.7852011394256;224.528904197143;35.8009086865596;10481.9322792576;11953.3811830128;2499.00719471774;0.0099009900990099;134;134
231;125.710000000021;3.60999999999967;134.840000000026;NA;NA;-4932.4510621401;-6260.58472792209;6.52041667346084;38.8081670625007;231.480246451564;39.448679011138;11133.5617729674;12737.373421507;2656.26733156397;0.0099009900990099;144;144
232;113.359999999986;2.96000000000004;120.609999999986;NA;NA;-4717.735477346;-6037.90467848259;6.05330082462001;39.8056554957139;234.818361895813;36.1981353859319;10718.276442744;12273.5586571282;2640.33840227317;0.0099009900990099;139;139
233;111.609999999986;3.19999999999982;121.399999999965;NA;NA;-4736.94151130925;-6090.79281286639;6.10081857987048;41.4857967690704;234.993857218569;34.73545963486;10756.7988792599;12371.2189739434;2707.70260311428;0.0099009900990099;138;138
234;119.460000000021;3.11000000000058;126.409999999974;NA;NA;-4902.24524221172;-6223.42772634247;6.83457101326556;41.862918956491;216.283388137484;35.6482014739123;10989.1080362168;12642.1061629661;2642.3649682615;0.0099009900990099;143;143
235;103.929999999993;3.03000000000065;111.280000000028;NA;NA;-4604.44023095036;-5900.24709080224;6.07474220628967;41.802657928837;224.06172428805;32.8821557307518;10429.6515631004;11979.6483213345;2591.61371970376;0.0099009900990099;135;135
236;111.839999999967;3.02999999999975;118.77999999997;NA;NA;-4699.08886215436;-6098.94253340806;5.97628968323657;43.9872513813645;236.493373613882;32.5199033848889;10690.1337498534;12375.5402986994;2799.7073425074;0.0099009900990099;139;139
237;100.900000000023;2.94000000000051;108.669999999984;NA;NA;-4553.161923942;-5871.90303843956;6.05319773150241;44.857453359805;220.734279216269;29.8936232454948;10306.4855334808;11906.3416893372;2637.48222899512;0.0099009900990099;132;132
238;110.650000000023;2.85999999999967;116.910000000033;NA;NA;-4664.85995092658;-5997.96038032331;6.12252787190334;42.5851740522537;227.996186102883;32.9380193908964;10574.4329588974;12175.7412370757;2666.20085879346;0.0099009900990099;138;138
239;124.840000000026;2.48999999999978;131.479999999981;NA;NA;-4894.46911586393;-6466.44205974265;6.12713610598564;49.9512784224932;248.018829923335;30.3982723072991;11149.0980847959;13099.5912586481;3143.94588775745;0.0099009900990099;145;145
240;115.349999999977;3.53000000000065;124.530000000028;NA;NA;-4755.93200862651;-6117.34788034763;6.05061901221388;40.8720611411598;238.185432077645;35.6346875147343;10812.2038271961;12429.2383168294;2722.83174344224;0.0099009900990099;138;138
241;111.540000000037;3.17000000000007;119.190000000002;NA;NA;-4720.89703856104;-6070.66148972174;6.12698982418277;42.0178710976464;233.331248861333;34.1437477168629;10715.6331576718;12327.7259598005;2699.52890232141;0.0099009900990099;138;138
242;108.01999999996;3.17000000000007;117.219999999972;NA;NA;-4686.24641381643;-6065.13845832982;6.07993345590144;44.3443288470163;231.546942189467;31.8070168848782;10636.5907372876;12303.9228442471;2757.78408902677;0.0099009900990099;138;138
243;115.700000000012;3.39000000000033;123.559999999998;NA;NA;-4759.6782003251;-6095.79848407581;6.13447613283504;39.93394081071;235.318192962176;36.5221723232299;10804.0429225901;12390.9846225654;2672.24056750144;0.0099009900990099;138;138
244;108.27999999997;3.26999999999953;116.109999999986;NA;NA;-4666.55823169365;-5960.89988472334;6.11122006842744;40.0677339864019;228.311976794469;35.2041532627112;10577.0445114021;12113.6050100869;2588.68330605938;0.0099009900990099;135;135
245;110.75;3.01999999999953;120.549999999988;NA;NA;-4734.07817196792;-6097.36798873215;6.0231729400734;41.3867049852725;237.311438995875;34.978505466557;10761.9924807314;12385.4408780592;2726.57963352845;0.0099009900990099;136;136
246;106.119999999995;2.84999999999945;112.710000000021;NA;NA;-4588.22425195671;-5813.92919669093;5.99012522512341;37.4242560857274;225.339877552394;36.8159610266193;10403.3457580119;11828.308495606;2451.40988946843;0.0099009900990099;134;134
247;115.27999999997;2.96999999999935;122.520000000019;NA;NA;-4748.2362411438;-6099.3748674455;6.02155297112968;40.3422766846571;238.350990710181;35.9847341599681;10797.7161362605;12395.2033213688;2702.27725260341;0.0099009900990099;138;138
248;118.440000000002;2.88000000000011;127.829999999958;NA;NA;-4876.73828609218;-6178.87348615096;6.84130113474711;40.7872325631571;214.380769132644;36.4340710639655;10926.1634368804;12557.0454296075;2604.27040011756;0.0099009900990099;141;141
249;111.679999999993;3.11000000000058;119.640000000014;NA;NA;-4719.17178433404;-6073.46566972549;6.10545756549763;41.5386285769654;234.106085478314;34.6189227089761;10718.9301273251;12336.3007315611;2708.5877707829;0.0099009900990099;141;141
250;110.559999999998;2.97000000000025;118.729999999981;NA;NA;-4695.84540296538;-6103.31518783453;6.11913557637877;45.6526731403772;231.582113377446;31.1552481223038;10657.6468148452;12376.9422058637;2814.9395697383;0.0099009900990099;140;140
