1;6.45000000001164;0.130000000000109;6.61000000004424;NA;NA;-492.051359976872;-499.591447126622;3.1124581473231;3.11612681575205;4.83901754470646;4.65692392448624;999.139018764614;1013.65337282067;15.0801742995001;0.0297029702970297;5;5
2;8.25999999995111;0.390000000000327;8.64000000001397;NA;NA;-507.397954471108;-515.930429626148;3.34253570180251;3.37785747446933;8.16309193474949;7.73254016090102;1042.07945898274;1057.70537357441;17.0649503100802;0.0198019801980198;8;8
3;6.86999999999534;0.420000000000073;7.28999999997905;NA;NA;-496.282274900765;-504.145044189393;3.20243310823331;3.20145069951981;5.82507119990472;5.56322212110121;1011.19583515274;1026.0838586613;15.7255385772559;0.0792079207920792;6;6
4;0.130000000004657;0;0.14000000001397;NA;NA;NA;NA;NA;NA;NA;NA;NA;NA;NA;NA;NA;NA
5;4.3300000000163;0.0900000000001455;4.5;NA;NA;-445.478023975909;-453.012371731067;2.87672851910248;2.96962528127009;3.11931131579423;2.9210744097843;899.85198455983;914.355329974982;15.068695510317;0.0792079207920792;3;3
6;7.25;0.420000000000073;7.69000000000233;NA;NA;-465.80705520954;-474.388375475713;3.0397790737481;3.51883149126147;4.81998283471464;4.23193003569495;946.053488555011;961.454480338779;17.1626405323457;0.0396039603960396;4;4
7;6.60999999998603;0.25;6.84999999997672;NA;NA;-453.327366149516;-461.377452381243;2.90781198604039;2.99292392862569;4.33570269840753;3.97171362288172;919.01968483228;934.081800040759;16.1001724634542;0.108910891089109;3;3
8;8.21999999997206;0.330000000000837;8.55999999999767;NA;NA;-526.408505204175;-535.871133649023;3.57299353320821;3.42243604565604;7.17691860866723;6.60791482267376;1076.80446755836;1093.82793975758;18.9252568896966;0.0396039603960396;8;8
9;6;0.25;6.28000000002794;NA;NA;-441.657881105823;-449.572839234317;2.99628030833431;2.99801167110029;4.77257161055474;4.46240313292887;897.613109013233;912.513843551558;15.8299162569878;0.0297029702970297;4;4
10;7.97000000003027;0.390000000000327;8.40999999997439;NA;NA;-495.569675086852;-504.245914206939;3.22278471336515;3.20353414863328;6.4145951709728;5.94224423921239;1011.65620721141;1027.49788761006;17.3524782401731;0.148514851485149;6;6
11;8.22999999998137;0.390000000000327;8.72000000003027;NA;NA;-517.615353833025;-525.591068341893;3.28966704886719;3.30439063751193;6.97520770182687;6.67965608780425;1058.07828067019;1073.06161850462;15.9514290177365;0.267326732673267;7;7
12;7.8300000000163;0.399999999999636;8.21999999997206;NA;NA;-488.353087674683;-495.691188562774;3.11332462175188;3.12092352278432;5.37419526275196;5.2519847922298;993.405434050566;1007.70189073684;14.6762017761823;0.0099009900990099;5;5
13;7.77999999996973;0.25;8.03999999997905;NA;NA;-502.110489868501;-510.190144381695;3.28807730340713;3.31034624549437;5.81526718258052;5.50548131994541;1022.82090728363;1037.98937712429;16.1593090263873;0.306930693069307;6;6
14;7.29999999998836;0.390000000000327;7.73999999999069;NA;NA;-492.771492179731;-502.04655190419;3.28195989183349;3.29288035911054;6.5371947800137;5.9035553818605;1006.95582844431;1023.43043659285;18.5501194489194;0.0495049504950495;7;7
15;3.59000000002561;0.25;3.85999999998603;NA;NA;-471.512491539889;-480.222474492721;2.85179110502265;2.83540697505731;3.07162591865414;2.51769797398558;951.784926121539;967.62514977569;17.4199659056633;0.118811881188119;3;3
16;0.00999999995110556;0;0.0100000000093132;NA;NA;NA;NA;NA;NA;NA;NA;NA;NA;NA;NA;NA;NA
17;5.22999999998137;0.170000000000073;5.42999999999302;NA;NA;-489.43276876923;-496.808310346553;2.99623153438865;2.99651053218155;4.234575580169;4.0970886997541;991.551192268776;1005.89040153857;14.7510831546465;0.633663366336634;4;4
18;6.65000000002328;0.170000000000073;6.88000000000466;NA;NA;-480.685375846864;-488.67463174015;3.14842629869225;3.24171940837926;4.64550462223588;4.3270318327407;975.80574701703;990.79466701524;15.9785117865721;0.099009900990099;5;5
19;4.42999999999302;0.0799999999999272;4.60999999998603;NA;NA;-454.804573480552;-462.65825267876;3.00177444736101;3.06181286262814;3.69734075577831;3.40890128287102;920.685389989515;935.528660947976;15.7073583964162;0.287128712871287;4;4
20;0;0.0200000000004366;0.0199999999604188;NA;NA;NA;NA;NA;NA;NA;NA;NA;NA;NA;NA;NA;NA
21;4.85999999998603;0.199999999999818;5.14000000001397;NA;NA;-488.380012441275;-495.517313414969;2.87016022017623;2.87098954897628;3.42392576160622;3.35530503692483;986.524688759337;1000.60359186331;14.2746019473875;0.712871287128713;3;3
22;6.09000000002561;0.260000000000218;6.46999999997206;NA;NA;-508.498956375179;-516.351597099545;3.01067209070383;3.00828250510987;4.09961797274839;3.82208450281469;1029.27927062056;1044.15313609642;15.705281448732;0.267326732673267;4;4
23;4.64000000001397;0.25;4.89000000001397;NA;NA;-484.838135946043;-492.1978312713;2.8528876298479;2.85198448136393;3.95565943583392;3.81179269969583;980.957382374994;995.266480741373;14.7193906505142;0.198019801980198;3;3
24;7.51999999996042;0.390000000000327;7.9199999999837;NA;NA;-464.505640544077;-472.780969887639;3.30104806576998;3.30600050326816;6.70577586937289;6.34347048265458;950.976319302682;966.340232142702;16.5506586871259;0.0396039603960396;7;7
25;2.5;0.0500000000001819;2.55999999999767;NA;NA;-423.957472671689;-431.470884936956;2.64916712018215;2.64905167486943;2.55263820700251;2.34728606420266;854.677289014716;869.160103133023;15.0268245305343;0.108910891089109;2;2
26;6.3300000000163;0.289999999999964;6.71000000002095;NA;NA;-495.697170370893;-503.017781809639;3.16938675021082;3.154005517795;4.88147392230726;4.76358880509243;1006.56256442669;1020.83748240212;14.6412228774913;0.346534653465347;5;5
27;6.40999999997439;0.340000000000146;6.8300000000163;NA;NA;-468.472304161711;-475.741910730324;3.10822412850947;3.10808860016612;5.21805657870406;5.12700427134599;953.158696659442;967.414982593325;14.5392131372261;0.0396039603960396;5;5
28;8.14000000001397;0.409999999999854;8.5800000000163;NA;NA;-553.617175087086;-562.43492291432;3.36297552082961;3.32208830812967;7.04588655650137;6.58241514007481;1130.31343460579;1146.43081101926;17.6354956544665;0.227722772277228;7;7
29;6.28000000002794;0.300000000000182;6.55999999999767;NA;NA;-483.886834897085;-491.919709592951;3.11472341966254;3.10394980191918;4.66826280658066;4.34922355877053;982.279381715839;997.353779160994;16.065749391732;0.366336633663366;5;5
30;5.05999999999767;0.190000000000509;5.3300000000163;NA;NA;-484.551359508439;-493.035895019767;2.87927041504418;3.09002500946375;3.13952307470701;2.65493404831919;978.056297363025;993.64337318762;16.9690710226561;0.0594059405940594;3;3
31;6.88000000000466;0.25;7.11999999999534;NA;NA;-479.446896784687;-486.993670525757;2.99845555996512;2.9956315857186;4.94812386183279;4.76700099387703;973.717047915809;988.267999776935;15.093547482139;0.0396039603960396;4;4
32;7.19999999995343;0.3100000000004;7.54999999998836;NA;NA;-489.074208337678;-497.498523099972;3.19963685161605;3.20376420246689;5.95564158424243;5.53092958390921;997.197326808395;1012.68752993806;16.8486295245891;0.0198019801980198;6;6
33;5.75;0.199999999999818;5.98999999999069;NA;NA;-480.926100392527;-488.349200060111;2.99577026632818;2.99588749689606;4.53429126054811;4.3775044261492;975.435723451972;989.812231407263;14.8461993351685;0.267326732673267;4;4
34;6.57999999995809;0.399999999999636;7.01000000000931;NA;NA;-500.863057332942;-509.1931410683;3.02269912094861;3.10469168245466;4.28793100169936;3.85584676892179;1014.57160795445;1029.93736674414;16.6601674707161;0.168316831683168;4;4
35;8.31999999994878;0.360000000000582;8.72999999998137;NA;NA;-446.729446349394;-454.905553676601;3.20564573699079;3.19830262302805;6.18630017349307;5.84030286120203;913.245556216731;928.491110637335;16.3522146544135;0.0891089108910891;6;6
36;8.89000000001397;0.529999999999745;9.6600000000326;NA;NA;-520.169990540506;-528.755776184634;3.34941228349295;3.37027339761753;8.64721585480337;8.20382607973455;1069.24162133836;1084.93124838144;17.1715712882562;0.0495049504950495;8;8
37;7.05999999999767;0.350000000000364;7.39000000001397;NA;NA;-493.360352599818;-501.556630865262;3.19893951570983;3.19749588919132;5.87594439323782;5.5168663335569;1005.51470667039;1020.75876465702;16.3925565308881;0.178217821782178;6;6
38;4.29999999998836;0.110000000000582;4.39000000001397;NA;NA;-472.948537688755;-480.85403476748;2.85526877238961;2.85397932278581;2.92273420424912;2.60879964146021;954.232395443648;969.148082372386;15.8109941574496;0.0297029702970297;3;3
39;5.46999999997206;0.430000000000291;6.03000000002794;NA;NA;-468.273892914978;-475.507565808903;2.85243215663875;2.85175314006079;4.47851212114197;4.37769271910563;949.320015304509;963.499835123137;14.4673457878484;0.168316831683168;3;3
40;6.95000000001164;0.340000000000146;7.32999999995809;NA;NA;-469.735063816746;-477.845334308697;3.32845955432648;3.43846167777951;6.2532268742253;5.95239950263211;959.952823436643;975.187992281401;16.2205409839012;0.207920792079208;7;7
41;8.1699999999837;0.359999999999673;8.5800000000163;NA;NA;-521.545772025449;-530.328133427643;3.35089077613814;3.34556199124707;8.32292983899053;7.81308528963775;1070.90932125603;1086.76998763348;17.5647228043879;0.099009900990099;8;8
42;7.72000000003027;0.390000000000327;8.13000000000466;NA;NA;-522.544778729759;-530.678213615458;3.29950489969754;3.30316234096399;7.57276079886041;7.24741799033077;1069.89443963522;1085.09563596906;16.266869771398;0.237623762376238;7;7
43;4.9100000000326;0.1899999999996;5.1600000000326;NA;NA;-458.208398129499;-465.712100779111;2.99603419408343;2.99645994638307;3.87344185534505;3.69090274801348;928.020591034791;942.481158038994;15.0074052992221;0.0396039603960396;4;4
44;4.94000000000233;0.229999999999563;5.17999999999302;NA;NA;-439.573423741617;-447.378090348402;2.99735711342622;2.99673760121478;3.81593318537703;3.5463449292973;890.578361680393;905.380080654654;15.6093332135705;0.0693069306930693;4;4
45;0.799999999988358;0.0399999999999636;0.820000000006985;NA;NA;NA;NA;NA;NA;NA;NA;NA;NA;NA;NA;NA;NA
46;4.85999999998603;0.239999999999782;5.11999999999534;NA;NA;-443.526508678333;-450.966475765229;2.85212999677625;2.85325511547969;3.70235152505697;3.53277026188886;897.611721228485;912.008028083831;14.8799341737908;0.0891089108910891;3;3
47;6.17999999999302;0.279999999999745;6.46999999997206;NA;NA;-442.123281300133;-450.286553395225;3.10823659169405;3.16680955375715;4.76510637276584;4.42639561984835;899.053196927284;914.327263823415;16.3265441901831;0.207920792079208;5;5
48;5.65999999997439;0.329999999999927;6.01999999996042;NA;NA;-434.44751063082;-442.463859290992;3.00411514214794;3.01504956866601;3.57176316922889;3.25355269348326;879.59506746119;894.67449138956;16.0326973203437;0.574257425742574;4;4
49;5.5;0.25;5.72999999998137;NA;NA;-495.342435302777;-502.725039932874;2.99480170197472;2.99447915748617;4.15388774498312;4.01882232166807;1003.12880618392;1017.48939559645;14.7652092601948;0.267326732673267;4;4
50;6.78999999997905;0.319999999999709;7.25;NA;NA;-511.055397739803;-518.885959027377;3.13127215778922;3.11261315436492;4.66964270976883;4.41334995026116;1036.62079518004;1051.48553822579;15.6611225751468;0.099009900990099;5;5
51;8.5;0.369999999999891;9.02000000001863;NA;NA;-515.341073273454;-523.777239569133;3.49947282068921;3.49275892778221;8.38426634476871;7.98086598009284;1059.64037659864;1075.11941369068;16.8723325913575;0.0594059405940594;10;10
52;7.10999999998603;0.289999999999964;7.46000000002095;NA;NA;-510.497361882233;-517.959849220503;3.11354697632107;3.1153633195095;5.27148201482537;5.10842669038045;1037.37482117448;1051.79313338112;14.9249746765405;0.316831683168317;5;5
53;8.94999999995343;0.399999999999636;9.40000000002328;NA;NA;-480.440288776316;-489.314231523299;3.41577533569507;3.40708746108252;8.80617408751248;8.28944056295893;990.832113801541;1006.82248658478;17.7478854939646;0.0099009900990099;9;9
54;6.90000000002328;0.220000000000255;7.19000000000233;NA;NA;-481.034361523754;-489.215417471908;3.12945047238881;3.55071040056207;4.95203296583462;4.54472717343952;977.456195134072;992.552684092405;16.3621118963094;0.247524752475248;5;5
55;7.82999999995809;0.3100000000004;8.1600000000326;NA;NA;-480.005551592277;-487.788363792204;3.21302079882606;3.20401206705659;6.05182267854096;5.80735804987008;979.367645164788;994.151358048244;15.5656243998548;0.425742574257426;6;6
56;8.39000000001397;0.289999999999964;8.69999999995343;NA;NA;-506.717339382082;-515.040513842641;3.35130701892285;3.35333917278661;8.0876916395576;7.70357661548777;1040.46621795594;1055.82873697972;16.6463489211174;0.0099009900990099;8;8
57;6.46000000002095;0.410000000000764;6.89000000001397;NA;NA;-489.864362874186;-497.640289178978;3.00178551324467;3.00390688997005;4.01356661993818;3.78068493713209;991.75229680378;1006.60649824026;15.5518526095838;0.287128712871287;4;4
58;1.77000000001863;0.110000000000582;1.94000000000233;NA;NA;NA;NA;NA;NA;NA;NA;NA;NA;NA;NA;NA;NA
59;2.28999999997905;0.139999999999418;2.44000000000233;NA;NA;NA;NA;NA;NA;NA;NA;NA;NA;NA;NA;NA;NA
60;7.46000000002095;0.350000000000364;7.85000000003492;NA;NA;-482.120767472375;-490.210155259414;3.28371337762639;3.27547397617764;7.14182503447204;6.81330438480794;987.634869714575;1002.73756270482;16.1787755740778;0.0693069306930693;7;7
61;8.8399999999674;0.3100000000004;9.17999999999302;NA;NA;-513.58240784985;-522.029431640058;3.41162687770954;3.43873548764968;8.8251188606672;8.40636213227028;1057.18078686146;1072.6505601537;16.8940475804156;0.188118811881188;9;9
62;5.05999999999767;0.190000000000509;5.25;NA;NA;-473.745763239375;-481.661284412288;2.85184614277551;2.85425721090022;4.0165772719959;3.68804534305314;958.946368004807;973.840473021297;15.8310423458246;0.0198019801980198;3;3
63;0.0999999999767169;0;0.0800000000162981;NA;NA;NA;NA;NA;NA;NA;NA;NA;NA;NA;NA;NA;NA
64;6.5;0.289999999999964;6.8300000000163;NA;NA;-478.92790145307;-487.132273236945;3.20193163993841;3.19756435015066;5.71070068121813;5.33962765768703;976.121278176013;991.343157729526;16.4087435677512;0.148514851485149;6;6
65;5.69000000000233;0.229999999999563;5.96999999997206;NA;NA;-451.220445991403;-458.839039554255;2.99597947003647;3.00599228661875;4.18462148146291;3.96930254562238;914.976897607433;929.569046847931;15.2371871257028;0.0198019801980198;4;4
66;5.53000000002794;0.289999999999964;5.81999999994878;NA;NA;-448.879220877934;-457.011338129932;2.99573725311954;2.99599804575457;4.19773654972045;3.81712637564726;910.333736613744;925.457764935625;16.2642345039956;0.0297029702970297;4;4
67;7.95000000001164;0.3100000000004;8.30999999999767;NA;NA;-495.380021082636;-503.341424668761;3.48213428509222;3.4927288408615;7.80338343073548;7.53150004696377;1016.84133636356;1031.85542610796;15.9228071722512;0.227722772277228;8;8
68;0.0400000000372529;0;0.029999999969732;NA;NA;NA;NA;NA;NA;NA;NA;NA;NA;NA;NA;NA;NA
69;4.5800000000163;0.180000000000291;4.82000000000698;NA;NA;-451.020231067482;-458.369958776314;2.85724678300848;2.86002713388302;3.01025447586782;2.8716903015193;910.625380496818;924.92966595985;14.6994554176639;0.277227722772277;3;3
70;4.94000000000233;0.159999999999854;5.11999999999534;NA;NA;-458.371004549223;-466.483417807691;2.86863628850408;2.89666668501537;2.94831485975402;2.60604837265729;925.150282411862;940.399002133416;16.2248265169361;0.247524752475248;3;3
71;7.84000000002561;0.220000000000255;8.09999999997672;NA;NA;-499.568946418293;-509.879183218284;3.13070061399987;3.1432736905803;5.99664689502013;5.1261902492509;1017.77129801517;1035.68699815509;20.6204735999816;0.0297029702970297;5;5
72;4.53000000002794;0.160000000000764;4.72000000003027;NA;NA;-496.033814664919;-503.575164279456;2.99661276128085;2.99591713685898;4.1833406232115;3.98671233281068;1004.59979784606;1019.09345135969;15.0826992290724;0.0396039603960396;4;4
73;2.60000000003492;0.119999999999891;2.70999999996275;NA;NA;-463.271923018181;-471.185679897934;2.6491922708822;2.64891854231242;2.4544668256601;2.11477193098164;933.046118140367;947.973726219971;15.8275137595062;0.0594059405940594;2;2
74;7.6699999999837;0.279999999999745;7.96999999997206;NA;NA;-466.436258653617;-475.33659311092;3.2206220447536;3.36182310992354;5.99223241198569;5.43705697962805;952.038461915823;968.063421736881;17.8006689146058;0.0396039603960396;6;6
75;7.6699999999837;0.5600000000004;8.22999999998137;NA;NA;-524.405382197478;-533.623741628282;3.27476422344377;3.36654473558901;6.18423750677886;5.58007556203489;1068.59083054596;1085.09515867713;18.4367188616075;0.178217821782178;6;6
76;8.19000000000233;0.460000000000036;8.63999999995576;NA;NA;-519.324349835696;-528.956330443772;3.35337962380936;3.49713460544657;7.89300061240268;7.2030128057354;1065.02952190147;1081.98733282543;19.2639612161531;0.0396039603960396;8;8
77;7.03999999997905;0.279999999999745;7.42000000004191;NA;NA;-427.350380357718;-435.024618601939;3.22934510919015;3.24104698069564;5.87771976783501;5.65793663416843;873.500440659393;888.145948525101;15.3484764884417;0.217821782178218;6;6
78;4.56999999994878;0.109999999999673;4.70000000001164;NA;NA;-476.409812765054;-484.304350310749;2.85697457357019;2.84783851429055;3.43701223433756;3.14167361864976;962.621610603805;977.568412085071;15.7890750913911;0.148514851485149;3;3
79;7.78000000002794;0.340000000000146;8.14000000001397;NA;NA;-489.441205533696;-497.439201817816;3.10905191239843;3.10776873843157;5.74405625044586;5.41794175052099;996.7309403133;1011.71359597542;15.9959925682386;0.188118811881188;5;5
80;6.76000000000931;0.180000000000291;7.05000000004657;NA;NA;-461.789268169488;-470.922860719271;3.11111716636067;3.16473604003209;4.67829737275448;4.04640748104707;938.11542870875;954.419139789157;18.2671850995656;0.0198019801980198;5;5
81;7.75;0.420000000000073;8.20000000001164;NA;NA;-489.51197898892;-497.946448815691;3.23265158573466;3.21223151817603;6.45058607434228;6.03381686836962;999.655930654083;1015.19184866109;16.8689396535414;0.0495049504950495;6;6
82;4.29999999998836;0.339999999999236;4.64000000001397;NA;NA;-395.158274432228;-402.798214811051;2.84858751024165;2.84113830215992;3.00420059079587;2.79331222075264;798.884202204523;813.562652267588;15.2798807576455;0.128712871287129;3;3
83;5.03999999997905;0.170000000000073;5.25;NA;NA;-460.468682940602;-468.730576341393;2.9959522208042;2.98537804298649;4.02688382407291;3.6496629554241;933.000831714832;948.394565785945;16.5237868015829;0.128712871287129;4;4
84;5.29999999998836;0.279999999999745;5.60999999998603;NA;NA;-446.356875779856;-454.070141788092;2.86970760830532;2.90661515087202;2.96355957649015;2.73402854768543;901.165501147204;915.937435633933;15.4265320164728;0.405940594059406;3;3
85;8.8399999999674;0.360000000000582;9.25;NA;NA;-480.218344664288;-488.180447321087;3.3432913982726;3.33912727301586;7.35770293323697;7.06622266231337;984.537140827086;999.506590805233;15.9242053135972;0.148514851485149;7;7
86;7.38999999995576;0.430000000000291;7.93000000005122;NA;NA;-485.62494679921;-493.380015092013;3.200670474423;3.20910236198352;6.09308771386496;5.85373124468507;990.738420342747;1005.48298368042;15.5101365856066;0.0198019801980198;6;6
87;7.63000000000466;0.329999999999927;8.01000000000931;NA;NA;-511.718204655343;-519.499067997149;3.27615325177295;3.27779649605059;7.05388630658721;6.81007058898973;1046.54169724504;1061.30479575219;15.5617266836127;0.0396039603960396;7;7
88;3.82000000000698;0.25;4.05000000004657;NA;NA;-431.467574988761;-439.295729882622;2.8535477430854;2.85235778663071;3.03147060524435;2.73851367584837;871.580574432837;886.401402920698;15.6563097877201;0.465346534653465;3;3
89;6.99000000004889;0.269999999999527;7.26000000000931;NA;NA;-448.441380974821;-458.087718720221;3.35514205821839;3.35062109002525;6.04761554917988;5.3519161958237;916.691969598709;933.705853913073;19.2926754908011;0.0594059405940594;7;7
90;6.30999999999767;0.329999999999927;6.75;NA;NA;-494.274732454909;-502.563068147869;3.15414853588958;3.12379729703331;5.20752441355831;4.81219989001216;1004.73082660643;1020.07910449959;16.5766713859215;0.0396039603960396;5;5
91;5.78999999997905;0.270000000000437;6.13000000000466;NA;NA;-457.57703220662;-464.941407782904;3.11433365667313;3.1059101522515;4.49279963204505;4.36546933020834;929.114558902188;943.447656092271;14.7287511525672;0.138613861386139;5;5
92;6.64000000001397;0.329999999999927;7.01000000000931;NA;NA;-478.826655369724;-485.937886856172;3.65789075758233;3.36989619185467;4.00207307605318;4.02082332031064;970.088968613907;984.369694296707;14.222462972895;0.96039603960396;5;5
93;8.76000000000931;0.430000000000291;9.38000000000466;NA;NA;-535.190524560796;-543.462661145018;3.29217901087776;3.29640757254347;6.63840551171621;6.27891356415168;1092.12541302351;1107.49215587781;16.5442731684441;0.0891089108910891;7;7
94;8.50999999995111;0.380000000000109;8.90999999997439;NA;NA;-527.794582192819;-536.695510342193;3.28709700156999;3.3593803155975;7.20592003511929;6.66010274418957;1079.19244490462;1095.2064547428;17.801856298747;0.0198019801980198;7;7
95;0.0100000000093132;0;0.0100000000093132;NA;NA;NA;NA;NA;NA;NA;NA;NA;NA;NA;NA;NA;NA
96;5.52999999996973;0.179999999999382;5.71999999997206;NA;NA;-484.226323469916;-491.886332864069;3.00834712861038;3.03346966062729;3.9088983770675;3.68905239188444;980.162659962056;994.824079037338;15.3200187883064;0.178217821782178;4;4
97;5.04000000003725;0.180000000000291;5.22000000003027;NA;NA;-411.116175300856;-418.706771380448;2.93896124099418;2.89893171132132;2.94852586684208;2.73555355318625;830.641225684394;845.21504396847;15.1811921591852;0.277227722772277;3;3
98;3.47999999998137;0.140000000000327;3.65999999997439;NA;NA;-481.820220098602;-490.384781493551;2.85209337158071;2.83489930145699;3.07561016202085;2.60834687300524;972.411745867708;988.208284578138;17.1291227898982;0.0693069306930693;3;3
99;7.57000000000698;0.360000000000582;8.01000000000931;NA;NA;-502.842682705344;-511.505148909186;3.19843809086614;3.19572117943293;6.68119996791201;6.18548857833743;1027.05494851427;1042.79436547776;17.3249324076843;0.0198019801980198;6;6
100;3.34999999997672;0.170000000000073;3.5;NA;NA;-467.31413616546;-475.485038569866;2.65879858540885;2.65054720479795;2.53751069541822;2.13196146803949;941.350540823588;956.617981375194;16.3418048088121;0.0396039603960396;2;2
101;2.98000000003958;0.229999999999563;3.30000000004657;NA;NA;-508.060193787452;-515.479389418612;2.64915266609095;2.6469570174803;3.00762346071759;2.8350926373558;1024.08805938188;1038.46938911536;14.8383912623194;0.207920792079208;2;2
102;6.61999999999534;0.329999999999927;7.04999999998836;NA;NA;-458.476988303869;-465.588517123834;3.13594062408915;3.15127210187702;4.55358931182024;4.49730652876694;931.103363114801;945.151533035049;14.223057639931;0.495049504950495;5;5
103;7.80000000004657;0.220000000000255;8.1699999999837;NA;NA;-495.674422424235;-504.147040934315;3.40584385432657;3.38635251871437;7.52669917020155;7.11101018810341;1016.50537562035;1032.06125291811;16.9452370201594;0.178217821782178;8;8
104;7.79999999998836;0.190000000000509;8.07000000000698;NA;NA;-498.980126967588;-508.206004792195;3.22325239472078;3.29454230906465;5.85542744852844;5.22137977784002;1016.68863267991;1033.1124091554;18.4517556492141;0.0594059405940594;6;6
105;7.90999999997439;0.319999999999709;8.25;NA;NA;-522.46423323697;-530.013841624265;3.48713749325303;3.49603116637686;7.33352988473252;7.16165454379065;1069.43936641028;1083.964123225;15.0992167745899;0.306930693069307;8;8
106;2.4100000000326;0.119999999999891;2.53000000002794;NA;NA;-465.265390218905;-472.724894173137;2.65001196126579;2.65138566837969;2.12518921082572;1.94160357018288;936.16074388927;950.593404303699;14.9190079084628;0.623762376237624;2;2
107;5.19000000000233;0.300000000000182;5.52000000001863;NA;NA;-454.223094677199;-461.388360360372;3.75608087519436;3.63751060599701;2.63835476680888;2.59933816490166;915.970490194823;930.18975045608;14.3305313663466;0.861386138613861;3;3
108;0.029999999969732;0;0.0300000000279397;NA;NA;NA;NA;NA;NA;NA;NA;NA;NA;NA;NA;NA;NA
109;6.17999999999302;0.380000000000109;6.55999999999767;NA;NA;-492.898880010071;-500.414760521125;3.01027838117154;3.01190978461702;4.17579961753563;3.99804799154876;998.307337702289;1012.80660244175;15.0317610221074;0.128712871287129;4;4
110;7.55999999999767;0.279999999999745;8.02000000001863;NA;NA;-493.182841676318;-500.865956576434;3.1991789714015;3.2129507759816;5.93533452733258;5.72820584021368;1005.3496420784;1020.05337805809;15.3662298002308;0.0792079207920792;6;6
111;7.25;0.309999999999491;7.5899999999674;NA;NA;-489.055958074895;-496.322376043406;3.12324974430229;3.12325218475607;5.76096708235915;5.65928764225242;996.012992492176;1010.22987949323;14.5328359370224;0.158415841584158;5;5
112;7.97000000003027;0.350000000000364;8.3300000000163;NA;NA;-461.343016958124;-469.885681961434;3.28649891417672;3.28621790766949;7.3894892525317;6.93134770667217;946.890602780386;962.475271751132;17.0853300066195;0.0495049504950495;7;7
113;9.14000000001397;0.350000000000364;9.63999999995576;NA;NA;-524.366812683414;-533.090710367365;3.40468273421856;3.40587753952392;8.38691921322008;7.91876618176105;1077.25919303504;1093.11470753813;17.4477953679011;0.118811881188119;9;9
114;7.75;0.339999999999236;8.22000000003027;NA;NA;-511.245170798322;-518.80759683166;3.27934316318274;3.28722023765054;7.81141739133069;7.64382774716369;1048.07695302723;1062.65285848277;15.1248520666759;0.792079207920792;7;7
115;7.30999999999767;0.390000000000327;7.67999999999302;NA;NA;-531.035078944936;-539.090234191178;3.40042713653719;3.73534429356303;4.92865712940208;4.51892713885834;1077.38499414524;1092.22214897902;16.1103104924844;0.118811881188119;5;5
116;8.1600000000326;0.489999999999782;8.72000000003027;NA;NA;-511.445636671483;-520.713866025106;3.36949159512809;3.36401602663037;7.87339267011417;7.25425637499642;1049.20655983256;1065.67367567012;18.5364587072449;0.0495049504950495;8;8
117;3.27999999996973;0.130000000000109;3.51000000000931;NA;NA;-462.163203784329;-469.227944208219;2.68185024919579;2.68229099282875;2.30324819554586;2.25881252282035;930.428077525624;944.439841225156;14.1294808477796;0.237623762376238;2;2
118;7;0.380000000000109;7.39999999996508;NA;NA;-473.712372388789;-481.229623607726;3.11410537742012;3.14067814155896;5.12895382255381;4.94642672075193;963.361963758617;977.82929899397;15.0345024378731;0.118811881188119;5;5
119;6.04999999998836;0.230000000000473;6.3300000000163;NA;NA;-478.295683684147;-485.463599738135;3.19667680771815;3.20379949954392;4.33191776965225;4.27009242649396;970.051952994785;984.195674963621;14.3358321079754;0.524752475247525;5;5
120;7.79999999998836;0.359999999999673;8.25;NA;NA;-495.681314689323;-504.46110113471;3.45009264464705;3.77085783786824;7.54813578259565;6.89917303670885;1016.59080786583;1031.98134876562;17.5595728907741;0.316831683168317;8;8
121;7.86000000004424;0.329999999999927;8.20000000001164;NA;NA;-514.957812279856;-522.997548695484;3.27866725916387;3.27804443836846;7.03686923785586;6.72300375833198;1052.96517240191;1068.01656624778;16.0794728312551;0.0297029702970297;7;7
122;4.55000000004657;0.170000000000073;4.76000000000931;NA;NA;-447.237553292958;-455.065284641441;2.84768237633988;2.83441132015939;3.29893954753588;3.05779285799281;903.883323374008;918.851061940156;15.6554626969668;0.148514851485149;3;3
123;6.44000000000233;0.110000000000582;6.64000000001397;NA;NA;-503.199735149879;-510.489404322052;2.99967858975364;2.99841051963862;4.69868227402833;4.58097754343376;1020.47546443124;1034.70219091539;14.579338344346;0.366336633663366;4;4
124;1.42999999999302;0.069999999999709;1.48999999999069;NA;NA;NA;NA;NA;NA;NA;NA;NA;NA;NA;NA;NA;NA
125;7.78999999997905;0.479999999999563;8.28000000002794;NA;NA;-502.26655888217;-511.08344907027;3.29921093044933;3.51828910413691;6.2766674525959;5.75239322203843;1025.09259412349;1041.00909319871;17.6337803762;0.0693069306930693;7;7
126;5.75;0.210000000000036;6.02000000001863;NA;NA;-469.564547114609;-477.667936266679;3.12529755093126;3.22831870754956;4.39712305557647;4.03668822035226;952.792292504691;967.87909018586;16.2067783041384;0.217821782178218;5;5
127;8.1699999999837;0.420000000000073;8.64000000001397;NA;NA;-520.793419733143;-529.290600762606;3.34300337219304;3.37895849941075;7.23016487586033;6.82688169067328;1065.75226192736;1081.39872823165;16.9943620589272;0.0297029702970297;8;8
128;5.85999999998603;0.149999999999636;6.03999999997905;NA;NA;-454.310859636024;-461.485736619485;3.02332918169388;3.04471929731399;3.92605589441875;3.84466655294193;920.383131622734;934.489064912672;14.349753966923;0.376237623762376;4;4
129;6.61999999999534;0.25;6.93000000005122;NA;NA;-421.729534540603;-431.286566338358;2.99735269637451;2.99672952930045;4.75515984634134;3.98528264234762;857.704254898798;874.511972507631;19.1140635955104;0.0396039603960396;4;4
130;0.419999999983702;0.0500000000001819;0.479999999981374;NA;NA;NA;NA;NA;NA;NA;NA;NA;NA;NA;NA;NA;NA
131;7.57000000000698;0.349999999999454;8.0800000000163;NA;NA;-471.571944484474;-479.793708653542;3.23429513204117;3.30782948798124;6.00620152872354;5.62258324553337;962.354513306095;977.571052058222;16.4435283381378;0.0891089108910891;6;6
132;0.130000000004657;0;0.10999999998603;NA;NA;NA;NA;NA;NA;NA;NA;NA;NA;NA;NA;NA;NA
133;8.54000000003725;0.350000000000364;8.94000000000233;NA;NA;-475.465419411397;-484.619354474779;3.34469103431579;3.35704288605351;8.0030819592267;7.40845424692702;977.679586583861;994.000029021008;18.3078701267644;0.0198019801980198;8;8
134;7.60999999998603;0.210000000000036;7.9199999999837;NA;NA;-497.948805448956;-506.345309870457;3.23734028194971;3.47520235952368;5.66495459302086;5.25133175826188;1014.01676891369;1029.48681966782;16.7930088430016;0.178217821782178;6;6
135;7.61000000004424;0.269999999999527;7.9199999999837;NA;NA;-450.010653133514;-457.884518145842;3.10626651167578;3.10683913697893;5.39580667083944;5.12010159877933;916.787718184088;931.678748721942;15.7477300246545;0.356435643564356;5;5
136;7.19000000000233;0.389999999999418;7.5800000000163;NA;NA;-468.945005246931;-476.843989041528;3.40976681574674;3.6889780970328;4.52359866078835;4.1808845864018;951.946206929536;966.679257687667;15.7979675891931;0.247524752475248;5;5
137;8.36999999999534;0.360000000000582;8.75;NA;NA;-555.219071655845;-563.870879074269;3.41134049159014;3.46837995159537;8.21506330372269;7.75480324944;1138.3791951105;1154.11737465584;17.3036148368476;0.217821782178218;9;9
138;4.8300000000163;0.300000000000182;5.19000000000233;NA;NA;-479.95242372332;-487.097068651628;3.1233634867722;3.09711938448754;2.82820089513005;2.77281818758381;967.970568796865;982.10191319513;14.2892898566156;0.099009900990099;3;3
139;6.60999999998603;0.25;6.94000000000233;NA;NA;-487.151946492946;-496.528684904888;3.24022990242975;3.36427525679633;5.78868218440224;5.0974791806012;992.818789350905;1009.36147767839;18.7534768238835;0.0099009900990099;6;6
140;2.98999999999069;0.170000000000073;3.15999999997439;NA;NA;-421.556140573277;-429.663686779767;2.6562557567386;2.8568620297089;1.93378981163983;1.55676859618685;848.235197217687;863.451500603971;16.2150924129794;0.158415841584158;2;2
141;7.76999999996042;0.259999999999309;8.11999999999534;NA;NA;-455.174122796829;-462.264181537809;3.12848784313159;3.12717024420402;6.18784072419344;6.13937047301015;929.575748131818;943.605253806009;14.1801174819589;0.0792079207920792;5;5
142;5.94000000000233;0.270000000000437;6.19000000000233;NA;NA;-476.616002731239;-484.851444984205;3.05884620318152;3.04956615607031;4.22780680194923;3.82776374960328;965.897382745429;981.169845368637;16.4708845059316;0.168316831683168;4;4
143;7.88000000000466;0.430000000000291;8.34999999997672;NA;NA;-525.052693434666;-533.641134354134;3.37576362054323;3.34817094953639;7.21468711326558;6.79819957980692;1074.21907791373;1090.00393102737;17.1768818389346;0.158415841584158;8;8
144;6.52000000001863;0.279999999999745;6.85000000003492;NA;NA;-453.272461447502;-461.223038226947;3.18731823064278;3.39602359095212;4.56727829267371;4.23710597307853;920.736845227702;935.612053000978;15.9011535588913;0.227722772277228;5;5
145;7.14000000001397;0.479999999999563;7.77000000001863;NA;NA;-525.292106311904;-533.326897629811;3.11876239754521;3.11444491595044;5.22609779398663;4.90565292231619;1066.82328746064;1081.89715044916;16.0695826358153;0.0495049504950495;5;5
146;2.97999999998137;0.1899999999996;3.19000000000233;NA;NA;-459.159156154095;-466.735212077488;2.64909945520473;2.64987203637514;2.38581540621416;2.17560953155819;924.638715908251;939.233959036916;15.1521118467849;0.415841584158416;2;2
147;6.42999999999302;0.329999999999927;6.8300000000163;NA;NA;-489.479881786721;-497.841997794638;3.15532831820228;3.39738132591892;4.48599875893925;4.04437408059844;992.89912568185;1008.25109554644;16.7242320158336;0.673267326732673;5;5
148;7.35999999998603;0.260000000000218;7.84000000002561;NA;NA;-474.277238458656;-482.481395110349;3.11008976709822;3.13604501575426;5.53380268867229;5.1573586255965;965.749684419359;980.988271561247;16.4083133033845;0.0297029702970297;5;5
149;5.92000000004191;0.180000000000291;6.15000000002328;NA;NA;-465.909231762904;-473.545819874325;3.12030788933352;3.11511707613556;4.94394047587652;4.74529730042985;947.180789785558;961.836721264986;15.273176222842;0.0495049504950495;5;5
150;6.8300000000163;0.340000000000146;7.21999999997206;NA;NA;-497.110021602357;-504.749882420033;2.9944750245919;2.99389629503188;5.0134802339094;4.79977168396514;1009.23908774426;1023.87859577941;15.2797216353532;0.277227722772277;4;4
151;7.21999999997206;0.259999999999309;7.51000000000931;NA;NA;-495.419016780953;-503.534708096003;3.14438888145159;3.15445964790053;5.3723730681701;5.04464064613202;1007.5316301505;1022.74464849855;16.2313826300987;0.0495049504950495;5;5
152;0.00999999995110556;0;0.0100000000093132;NA;NA;NA;NA;NA;NA;NA;NA;NA;NA;NA;NA;NA;NA
153;4.96000000002095;0.1899999999996;5.1699999999837;NA;NA;-451.035758800474;-458.481478678224;2.87251433348448;2.86591624487189;3.0634922705378;2.90194675750752;910.808264362916;925.238993885376;14.8914397555001;0.118811881188119;3;3
154;5.8300000000163;0.220000000000255;6.07000000000698;NA;NA;-482.350735195624;-489.569051805801;3.11250619409043;3.11454569195111;4.51263853144254;4.4229137911996;978.723610372625;992.881441544309;14.4366332203545;0.396039603960396;5;5
155;6.73000000003958;0.270000000000437;7.05999999999767;NA;NA;-463.861156227479;-471.452991742644;3.11330787853802;3.11276287100816;4.74562227091644;4.5590795842701;942.468403753404;957.072429938166;15.183671030329;0.138613861386139;5;5
156;5.74000000004889;0.270000000000437;6.03999999997905;NA;NA;-482.473684007096;-490.214248757888;3.13816010219269;3.16019489021776;4.31768681633105;4.06755309698375;978.363733741802;993.067621724414;15.4811295015845;0.643564356435644;5;5
157;6.86000000004424;0.159999999999854;7.04999999998836;NA;NA;-501.513025247295;-508.897156874495;3.27564309222401;3.27544332067911;6.3312219155803;6.19555787408177;1023.76422218857;1038.08811242575;14.7682632543994;0.0891089108910891;7;7
158;6.85999999998603;0.4399999999996;7.38000000000466;NA;NA;-522.000902562749;-529.921709336448;3.10694206090202;3.10762119911425;5.72584469690127;5.43240123683703;1061.79374553733;1076.72354103306;15.8416135473979;0.118811881188119;5;5
159;3.97999999998137;0.239999999999782;4.21999999997206;NA;NA;-486.185072116031;-493.644313229496;2.85187831455517;2.85178834888036;3.4639711216985;3.28370861405891;982.249013120392;996.653406281365;14.918482226929;0.0396039603960396;3;3
160;7.5800000000163;0.210000000000036;7.84000000002561;NA;NA;-454.501252885226;-462.243303967705;3.30232775068849;3.31401342752985;6.28838826798172;6.06348113527813;929.600374131198;944.347783949023;15.4841021649586;0.237623762376238;7;7
161;4.55999999999767;0.170000000000073;4.77000000001863;NA;NA;-463.041201776392;-471.173207748104;2.86313702669303;2.86237879235186;3.22074216030711;2.83665980025017;935.267609897457;950.436260723821;16.2640119434228;0.148514851485149;3;3
162;7.05000000004657;0.380000000000109;7.45000000001164;NA;NA;-474.426330578519;-482.666280693842;3.31822676096088;3.29676489126608;5.2577970151552;4.91295022442875;965.669539980714;981.046459880309;16.4799002306472;0.227722772277228;6;6
163;6.95000000001164;0.300000000000182;7.29999999998836;NA;NA;-432.05566712947;-439.710138151596;3.00003807006105;2.99985979427615;5.07359754515502;4.84032382067831;879.310474167985;893.920590587251;15.3089420442532;0.0792079207920792;4;4
164;5.77999999996973;0.199999999999818;6;NA;NA;-446.071527516642;-454.028835045743;3.17760393480019;3.6854923956027;3.54663766845818;3.1763403256618;902.767831959286;917.573135316862;15.9146150582027;0.227722772277228;4;4
165;7.64000000001397;0.149999999999636;7.8399999999674;NA;NA;-524.312228395829;-532.574125137564;3.19789629813786;3.19708811809161;6.20191625611597;5.83695657094508;1068.46106780062;1083.81755056757;16.5237934834704;0.0198019801980198;6;6
166;6.03000000002794;0.270000000000437;6.32999999995809;NA;NA;-449.047730882371;-458.717651388952;3.12720453973596;3.27659607292624;4.9811859076671;4.2260232557271;913.57352090551;930.566841952485;19.3398410131614;0.0099009900990099;5;5
167;6.72000000003027;0.339999999999236;7.10999999998603;NA;NA;-503.060713833668;-510.039304377552;3.53102954798195;3.43523568188547;4.68567041405689;4.69660065149042;1020.6812303182;1034.67237497701;13.9571810877684;0.277227722772277;5;5
168;4.84999999997672;0.220000000000255;5.10000000003492;NA;NA;-491.703587915571;-498.929077529527;2.89675139499331;2.89886997434789;3.30140359438891;3.20529508550878;992.822419812864;1006.99930802647;14.4509792279122;0.188118811881188;3;3
169;7.96000000002095;0.430000000000291;8.44000000000233;NA;NA;-520.319147384882;-529.547328995459;3.65733242425898;4.06536900483693;6.84495344401385;6.06963406672497;1063.51622280336;1079.38123152346;18.4563632211552;0.267326732673267;8;8
170;6.63000000000466;0.220000000000255;6.86999999999534;NA;NA;-486.959884280828;-494.813449548143;3.34582506418436;3.37820310958356;6.90290481749154;6.64964294022404;996.991387810645;1011.8520396878;15.70713053463;0.128712871287129;8;8
171;3.72000000003027;0.219999999999345;3.95000000001164;NA;NA;-415.306367041667;-424.611062037191;2.64972086986971;2.7110936605517;2.89662407013739;2.12693320491575;838.28635089092;854.856707642929;18.6093899910479;0.0198019801980198;2;2
172;4.17000000004191;0.170000000000073;4.39000000001397;NA;NA;-468.994486294964;-476.050674313078;2.85216500351595;2.85250984892236;3.02820313679184;2.98608598724881;946.625078580593;960.617341087099;14.1123760362293;0.198019801980198;3;3
173;6.4199999999837;0.330000000000837;6.80999999999767;NA;NA;-493.385902553867;-500.709550716827;3.21603784666952;3.21609101364153;5.5333303163648;5.41877305087615;1004.46996750416;1018.75085644567;14.6472963259214;0.237623762376238;6;6
174;5.4199999999837;0.199999999999818;5.61999999999534;NA;NA;-533.013687949895;-540.770614158684;3.00227167582763;3.00933199345359;4.10051493379579;3.84102499191212;1078.31142082515;1093.04791084917;15.5138524175766;0.188118811881188;4;4
175;2.3300000000163;0.140000000000327;2.47000000003027;NA;NA;-466.904930051602;-473.98876106756;2.64916642672318;2.64916279385665;2.56447139745246;2.50814401103375;940.603551773773;954.621993620851;14.1676620319153;0.316831683168317;2;2
176;6.79999999998836;0.3100000000004;7.15999999997439;NA;NA;-485.28663649378;-493.437216254329;3.16259478080792;3.21980109188512;5.09788106795073;4.73860817427926;986.413939472399;1001.59872887622;16.3011595210984;0.158415841584158;5;5
177;5.15000000002328;0.199999999999818;5.36999999999534;NA;NA;-459.687641444832;-467.080156298835;2.99731385625902;2.99694382076878;4.09515742350888;3.94580385441429;931.643278148554;945.980884549452;14.7850297080051;0.207920792079208;4;4
178;6.61999999999534;0.409999999999854;7.10999999998603;NA;NA;-508.735472680624;-516.880319499257;3.2259886990313;3.29303665620311;5.77031466875282;5.40943112029794;1035.92709387348;1051.06251417416;16.2896936372667;0.0495049504950495;6;6
179;4.34999999997672;0.220000000000255;4.61999999999534;NA;NA;-470.529678522666;-477.611321078313;2.85169594249045;2.85165040554854;2.90815793320822;2.86293745639575;949.353107171816;963.387428401539;14.1632851112926;0.277227722772277;3;3
180;5.19000000000233;0.269999999999527;5.44999999995343;NA;NA;-484.746352246794;-492.924326800476;3.20330551396381;3.18530373711092;3.47114284459186;3.11324902878438;979.891319139247;995.175114192092;16.3559491073652;0.415841584158416;4;4
181;5.86999999999534;0.369999999999891;6.25;NA;NA;-465.589638880503;-474.221438596655;3.12381907254332;3.10807390981216;4.82699505502342;4.31645363808343;946.178219041002;961.855411061159;17.2635994323048;0.0099009900990099;5;5
182;5.27999999996973;0.269999999999527;5.53000000002794;NA;NA;-418.985680970568;-426.94895765972;2.99593185798781;3.00032190669106;4.20239746658618;3.88069740640096;850.56061965809;865.523445783693;15.9265533783047;0.0198019801980198;4;4
183;6.25;0.420000000000073;6.69999999995343;NA;NA;-472.317735419212;-480.022697479483;3.11614914438776;3.10560179013721;4.91029962588777;4.70026318639878;959.893264748785;974.65054179042;15.4099241205415;0.178217821782178;5;5
184;5.75;0.1899999999996;5.9199999999837;NA;NA;-478.076282092045;-485.182279846449;3.03876298066015;3.03692022627991;4.58850758130787;4.53205194237983;969.898504432862;983.941373962107;14.2119955088068;0.336633663366337;4;4
185;2.64000000001397;0.119999999999891;2.76000000000931;NA;NA;-464.645922736199;-472.229235485917;2.64920905887814;2.64923870974658;2.78324255548985;2.55680409295518;936.665096655932;951.231850736116;15.1666254994348;0.138613861386139;2;2
186;5.92999999999302;0.289999999999964;6.23999999999069;NA;NA;-483.08173609084;-491.815219611961;2.99741238054393;3.00902079047415;4.60303719798503;4.08108377770083;979.952939272054;995.856273607857;17.4669670422408;0.0891089108910891;4;4
187;4.22000000003027;0.139999999999418;4.38000000000466;NA;NA;-476.870359077269;-484.343862276738;2.85172361021535;2.85052462324986;3.50980250555737;3.33929076726952;963.75029316489;978.211018631543;14.9470063989376;0.415841584158416;3;3
188;4.1600000000326;0.270000000000437;4.5;NA;NA;-426.647541943527;-434.00680383425;2.85174868286437;2.85155224778219;3.48235945323397;3.34410403644283;863.22639429696;877.550628666745;14.7185237814449;0.198019801980198;3;3
189;7.01000000000931;0.299999999999272;7.28999999997905;NA;NA;-465.666792747992;-474.401534972165;3.14425370917293;3.19871388390427;5.75605926458631;5.22689762498721;949.219411756332;965.044630099264;17.4694844483455;0.0198019801980198;5;5
190;5.80999999999767;0.230000000000473;6.04000000003725;NA;NA;-451.414314715932;-458.961841088974;3.03638162664303;3.06863438390731;3.99675362726115;3.8018570124377;914.801833262495;929.313027929546;15.0950527460841;0.287128712871287;4;4
191;6.10999999998603;0.220000000000255;6.36000000004424;NA;NA;-458.185547979319;-465.181409418687;3.11247619508648;3.11244048735359;4.75935711048235;4.7403837943691;931.159865579681;945.092632596432;13.9917228787363;0.0396039603960396;5;5
192;5.02999999996973;0.230000000000473;5.27999999996973;NA;NA;-502.616138088723;-509.660103228056;2.86108322273795;2.86181321978776;3.70179637544747;3.66512809699791;1015.78939682296;1029.77275315963;14.0879302786667;0.0693069306930693;3;3
193;0.0100000000093132;0;0.0200000000186265;NA;NA;NA;NA;NA;NA;NA;NA;NA;NA;NA;NA;NA;NA
194;8.0899999999674;0.269999999999527;8.40000000002328;NA;NA;-525.781172239297;-533.544412429794;3.39378770318001;3.39775329768057;7.2703902008293;7.03458416074512;1075.37679961497;1090.13088783992;15.5264803809937;0.356435643564356;7;7
195;4.57999999995809;0.25;4.82000000000698;NA;NA;-491.691607479403;-500.184894869708;2.99871771788806;2.99576315524758;3.76934869473877;3.31622926613308;994.675174493913;1010.30432477848;16.9865747806109;0.217821782178218;4;4
196;7.5;0.340000000000146;7.89000000001397;NA;NA;-565.068056689058;-573.88094841615;3.34737279505733;3.39349646673955;6.77507160036693;6.28842069343868;1152.78047491592;1168.77972219023;17.6257834541834;0.465346534653465;8;8
197;1.42999999999302;0.0299999999997453;1.51000000000931;NA;NA;NA;NA;NA;NA;NA;NA;NA;NA;NA;NA;NA;NA
198;6.69999999995343;0.329999999999927;7.07000000000698;NA;NA;-478.999255502347;-486.580866727488;3.27629028124006;3.27620147824711;7.10928676433496;6.91985432085091;981.285265363705;995.827994236321;15.1632224502807;0.099009900990099;7;7
199;6.78999999997905;0.300000000000182;7.09999999997672;NA;NA;-496.186731834716;-503.953230830071;3.26366540664951;3.24241642212053;5.14380623073727;4.90338561169895;1008.35683359856;1023.14277162622;15.53299799071;0.376237623762376;5;5
200;1.20000000001164;0.0500000000001819;1.23000000003958;NA;NA;NA;NA;NA;NA;NA;NA;NA;NA;NA;NA;NA;NA
201;5.6699999999837;0.220000000000255;5.89000000001397;NA;NA;-431.980121817289;-439.251837890033;2.99711930288203;2.99757941250286;3.59770819414374;3.49239914238519;874.738014182604;888.965968603042;14.5434321454883;0.247524752475248;4;4
202;0.0200000000186265;0;0.0100000000093132;NA;NA;NA;NA;NA;NA;NA;NA;NA;NA;NA;NA;NA;NA
203;7.69000000000233;0.390000000000327;8.0800000000163;NA;NA;-480.497371433385;-488.442426889268;3.28915125402172;3.28309751545542;7.08023459297513;6.79135971787113;984.186335671537;999.130225326512;15.8901109117661;0.188118811881188;7;7
204;5.42999999999302;0.25;5.67000000004191;NA;NA;-435.015878579915;-442.279865688555;2.99791275817026;2.9959567577322;4.33714777856908;4.23022515115706;883.024690735263;897.232353386832;14.5279742172805;0.138613861386139;4;4
205;7.02999999996973;0.260000000000218;7.28999999997905;NA;NA;-515.303930012568;-522.834114420526;3.21187620071266;3.22204872415756;6.26506778017692;6.08840132607003;1050.64645896261;1065.14176633885;15.0603688159154;0.158415841584158;6;6
206;6.13999999995576;0.170000000000073;6.44000000000233;NA;NA;-456.037975014384;-465.091376409299;3.21186795690879;3.20919745914906;5.3481710180034;4.74941833061153;929.181886921884;945.373600300656;18.1068027898307;0.0792079207920792;6;6
207;6.85999999998603;0.319999999999709;7.23999999999069;NA;NA;-462.564381565247;-470.848431355769;3.11218859270372;3.12652434639353;6.00645811000744;5.60079984510487;943.792654737137;959.100250749052;16.568099581043;0.0297029702970297;5;5
208;6.75;0.289999999999964;7.05999999999767;NA;NA;-491.948890749177;-499.477026260917;3.27882034583917;3.26805560381112;5.86914626812629;5.69707856958553;1002.67003940504;1017.17595794677;15.05627102348;0.445544554455446;6;6
209;5.25;0.140000000000327;5.39000000001397;NA;NA;-449.750935934484;-458.021833069043;2.99795545662652;3.06106815925572;3.18116522220721;2.81199895947353;908.574209090673;924.063181329984;16.5417942691181;0.237623762376238;3;3
210;5.05999999999767;0.150000000000546;5.22999999998137;NA;NA;-457.540943191624;-465.409989958564;3.66913160477761;3.65689448432634;2.91844183003818;2.65577416178134;923.824756761984;938.775968284848;15.7380935338807;0.287128712871287;4;4
211;7.21999999997206;0.319999999999709;7.57999999995809;NA;NA;-481.307211514322;-489.012581652234;3.52207965077271;3.67558647202487;5.14528726686126;4.89321058586262;978.602394987317;993.229856371561;15.4107402758232;0.485148514851485;5;5
212;4.95000000001164;0.279999999999745;5.30999999999767;NA;NA;-486.758189377113;-494.546457418649;3.00699232068219;2.9957800265576;4.33594015611167;4.06944971989771;986.505694616089;1001.2838966988;15.5765360830725;0.0297029702970297;4;4
213;7.42999999999302;0.350000000000364;7.84000000002561;NA;NA;-480.956077253729;-489.971907383225;3.27848649483087;3.26616681139281;5.89234825891968;5.32425124347868;980.758623165631;996.973245102065;18.0316602589915;0.0792079207920792;6;6
214;5.13000000000466;0.25;5.35999999998603;NA;NA;-492.877070723051;-500.837742135305;2.99915410098762;3.00423635510392;4.42970741961276;4.11200671571507;999.024358925438;1013.99395549795;15.9213428245085;0.0297029702970297;4;4
215;3.22999999998137;0.240000000000691;3.46999999997206;NA;NA;-457.403395988084;-466.021370859895;2.85188443622766;2.84998383870152;3.13088305743695;2.60361328347972;923.735729932771;939.467963628337;17.2359497436225;0.0792079207920792;3;3
216;7.39000000001397;0.270000000000437;7.65999999997439;NA;NA;-509.794459792595;-517.536278904397;3.28413029852547;3.28808033848032;6.73096510601333;6.51061361310043;1041.63646615612;1056.39833421372;15.4836382236037;0.138613861386139;7;7
217;6.47000000003027;0.329999999999927;6.79999999998836;NA;NA;-481.707744945019;-488.875659076421;3.10884083446893;3.10853573546158;5.21651499937052;5.14315975920732;979.624788070353;993.732679298366;14.3358282628035;0.0693069306930693;5;5
218;3.6600000000326;0.190000000000509;3.90999999997439;NA;NA;-468.971243414393;-477.268051153935;2.85195081072108;2.84965523135691;3.64723232110697;3.21484824902301;948.343996725851;963.704499858598;16.5936154790833;0.128712871287129;3;3
219;6.38999999995576;0.1899999999996;6.70999999996275;NA;NA;-464.58990484612;-472.122553384202;3.11362827559688;3.11890448951971;5.04230624370784;4.85870285078277;944.847788300676;959.342573810555;15.0652970761643;0.148514851485149;5;5
220;5.89999999996508;0.300000000000182;6.20000000001164;NA;NA;-444.749212126685;-453.29965990916;3.19897944995035;3.23360436744722;5.38474983264123;4.93984050165239;906.721357198541;922.399225916848;17.1008955649503;0.0594059405940594;6;6
221;7.38999999995576;0.420000000000073;7.92999999999302;NA;NA;-521.477044201403;-530.501933114402;3.41132915625715;3.42800758539181;8.34476259066078;7.78180559651083;1071.33627307675;1087.47132304826;18.0497778259967;0.0198019801980198;9;9
222;6.5899999999674;0.359999999999673;6.98000000003958;NA;NA;-481.166042882917;-489.357493226519;3.10925036173472;3.11118351863715;5.41738932704844;5.03687154043568;979.165561557924;994.36607778599;16.3829006872045;0.0693069306930693;5;5
223;8.80000000004657;0.420000000000073;9.25;NA;NA;-517.363419040786;-526.171894489674;3.41086631228843;3.41077993323521;9.15478337262115;8.65827435137251;1065.86406331821;1081.79228903295;17.6169508977766;0.118811881188119;9;9
224;5.75;0.300000000000182;6.10999999998603;NA;NA;-482.917915692136;-491.487309169612;3.10991106830201;3.15352092950364;4.59721677346795;4.12107711246812;980.12078167957;995.780057937907;17.1387869549513;0.0198019801980198;5;5
225;0;0;0;NA;NA;NA;NA;NA;NA;NA;NA;NA;NA;NA;NA;NA;NA
226;0.200000000011642;0;0.190000000002328;NA;NA;NA;NA;NA;NA;NA;NA;NA;NA;NA;NA;NA;NA
227;0;0;0.00999999995110556;NA;NA;NA;NA;NA;NA;NA;NA;NA;NA;NA;NA;NA;NA
228;6.02000000001863;0.1899999999996;6.20000000001164;NA;NA;-453.413953793904;-460.551790017966;3.004545776065;3.00261916280647;4.55662327537924;4.48921563301709;920.478330992289;934.552068190705;14.2756724481249;0.158415841584158;4;4
229;3.5800000000163;0.190000000000509;3.77000000001863;NA;NA;-425.495744675923;-432.545896158028;2.85258383648532;2.85190757537239;3.01868527214065;2.97712485123691;859.600451427716;873.582228591731;14.1003029642106;0.267326732673267;3;3
230;7.94000000000233;0.430000000000291;8.42999999999302;NA;NA;-519.753891713308;-527.389076490666;3.29861565181305;3.2962891952878;7.43606109158809;7.25430360558707;1063.86490022026;1078.53991582883;15.2703695547152;0.0495049504950495;7;7
231;6.51000000000931;0.319999999999709;6.89000000001397;NA;NA;-520.18682362294;-527.550633258763;3.35634757458607;3.35744929573626;6.87576507681056;6.75835438631193;1063.35455718045;1077.68975401276;14.7276192716467;0.178217821782178;8;8
232;8.45999999996275;0.3700000000008;8.93000000005122;NA;NA;-493.008327060378;-503.751057193031;3.44087709704986;3.65416511416078;9.20660262078245;8.14717354669216;1017.33012684856;1035.21225972102;21.4854602653069;0.0297029702970297;9;9
233;0.130000000004657;0;0.14000000001397;NA;NA;-448.785603824475;-455.015158903069;0;0;44.1803457110388;31.1117659599555;999.300213086511;981.66780632225;12.4591101571874;0.118811881188119;1;1
234;6.97000000003027;0.239999999999782;7.21999999997206;NA;NA;-478.096437717886;-486.592608600752;3.12736011121693;3.12106476669548;5.32019115105497;4.8736393591871;972.724326942022;988.3290965167;16.9923417657316;0.0297029702970297;5;5
235;3.13999999995576;0.109999999999673;3.27000000001863;NA;NA;-468.060345906148;-475.158364773635;2.66481848914534;2.67030571636579;2.12775032163113;2.07505908481773;941.757440052684;955.813890340122;14.1960377349744;0.297029702970297;2;2
236;5.32999999995809;0.239999999999782;5.59000000002561;NA;NA;-491.504839896823;-501.781503242317;3.11101233189349;3.10180222649956;4.58877880587032;3.64459807780779;997.268410758061;1014.88788084955;20.5533266909881;0.0396039603960396;5;5
237;4.29999999998836;0.0999999999994543;4.39000000001397;NA;NA;-460.676878300313;-467.939585290771;2.852243956312;2.85205325953297;3.28126414381531;3.17088143053209;930.711565059732;944.922179547882;14.5254139809147;0.128712871287129;3;3
238;6.85999999998603;0.340000000000146;7.29999999998836;NA;NA;-512.54982714922;-520.427953810639;3.29767799998587;3.43332217080377;6.25191397700415;5.95659240609124;1045.57804965401;1060.36696530898;15.7562533228379;0.643564356435644;7;7
239;3.89999999996508;0.170000000000073;4.07000000000698;NA;NA;-456.348688027342;-464.848898799361;2.84147129141228;2.85172639484512;2.64973677324483;2.22810507790721;920.254137139527;936.052110946253;17.0004215440385;0.188118811881188;3;3
240;6.6699999999837;0.219999999999345;6.94999999995343;NA;NA;-479.214735020215;-486.670205665282;3.254572089152;3.19256051392229;5.35718555082168;5.23905085013958;975.075874394872;989.619735251226;14.910941290135;0.138613861386139;5;5
241;8.77000000001863;0.550000000000182;9.35999999998603;NA;NA;-521.328727663954;-530.555274215964;4.60458417466809;4.94785443080669;7.59460965608731;7.06430457577707;1068.88830779973;1085.50979204476;18.4530931040199;0.742574257425743;10;10
242;6.03000000002794;0.229999999999563;6.27000000001863;NA;NA;-517.09376309699;-525.704670479395;3.1699633638622;3.12494307605595;4.86427362875643;4.39703075920146;1049.30230333708;1065.07225244136;17.22181476481;0.168316831683168;5;5
243;7.15999999997439;0.5600000000004;7.78000000002794;NA;NA;-490.764826021824;-499.81436716715;3.31880566636571;3.32346417223705;6.63931958660237;6.05583733073326;1003.27701003458;1019.46487275909;18.0990822906518;0.0891089108910891;7;7
244;4.15000000002328;0.199999999999818;4.35999999998603;NA;NA;-434.026121817907;-441.702554020203;2.85202947743821;2.85109259312455;3.74625956538548;3.49663093993251;878.736168463093;893.377119178169;15.3528644045913;0.0099009900990099;3;3
245;7.05999999999767;0.390000000000327;7.53000000002794;NA;NA;-521.041931592903;-529.994637379111;3.21731635022642;3.28880750465479;5.96871104672245;5.42363700386788;1061.1745755349;1077.33658695281;17.9054115724152;0.267326732673267;6;6
246;6.14000000001397;0.140000000000327;6.29999999998836;NA;NA;-461.760599459498;-468.845290836399;3.00134415707862;3.00128260861662;4.46140920095747;4.41322541534664;936.886386447834;950.911423480021;14.1693827538031;0.118811881188119;4;4
247;8.44000000000233;0.220000000000255;8.6699999999837;NA;NA;-510.869917938116;-520.153899575754;3.45133357686627;3.56718892049695;8.04170134085953;7.40230563649613;1049.09124942087;1065.48450170062;18.5679632752759;0.108910891089109;9;9
248;5.79999999998836;0.309999999999491;6.13999999995576;NA;NA;-493.397156468092;-501.428017492269;3.1152434957545;3.10609290535856;4.84794945389604;4.5130373811405;1001.85836590464;1016.8794143132;16.061722048354;0.118811881188119;5;5
249;5.5899999999674;0.25;5.9100000000326;NA;NA;-467.132359676918;-475.074676450129;3.10736786744214;3.10652801308205;4.7284524326089;4.42434797815665;948.957458744183;963.897147287902;15.8846335464217;0.0198019801980198;5;5
250;7.3399999999674;0.3100000000004;7.72000000003027;NA;NA;-487.888608384504;-496.195144597963;3.420445950775;3.44801695419533;5.35514981805708;4.97193168620102;992.417295482788;1007.83959265686;16.6130724269194;0.0495049504950495;5;5
