1;92.25;2.72999999999956;95.9499999999825;NA;NA;-4060.70817220285;-4186.80333777015;6.1927851428657;7.62320832312443;181.437841410018;146.843040810084;9099.271625351;9165.01403472352;252.190331134592;0.0792079207920792;120;120
2;83.6700000000128;2.22000000000025;86.5299999999988;NA;NA;-3965.16507985411;-4041.59402836129;6.7856414419899;7.64205031842809;154.082966373511;136.249842012189;8754.75066670019;8812.19247864534;152.857897014367;0.485148514851485;111;111
3;85.4700000000012;2.34000000000015;88.429999999993;NA;NA;-3879.6283160946;-4058.3863954098;6.44470945866596;8.97933685559478;159.110401008652;112.602315527106;8613.39282240029;8721.24435385739;357.516158630398;0.188118811881188;115;115
4;89.4500000000116;2.81999999999971;92.8999999999942;NA;NA;-4169.00776453505;-4224.59078300853;8.0896334853498;8.69107315355948;135.149125562433;125.514628852501;9065.26305392542;9124.58514547973;111.16603694697;0.910891089108911;118;118
5;92.140000000014;2.52999999999975;95.3800000000047;NA;NA;-4079.23239786124;-4165.74499593325;6.77322036338147;7.74157477158289;161.865435112416;141.8162292586;9032.83346092336;9097.5563666583;173.02519614403;0.495049504950495;123;123
6;72.1100000000151;1.92999999999938;74.5800000000163;NA;NA;-4192.86831696795;-4228.99728669962;5.95730074724375;6.16703647692652;200.462265311626;195.691419645614;9472.59240079262;9518.98402014416;72.2579394633394;0.0792079207920792;128;128
7;84.5899999999965;2.33999999999924;87.8300000000163;NA;NA;-4009.98533454943;-4112.27645908789;6.13442797914894;7.25954494215198;176.968119601406;148.866427270379;8971.49625960696;9024.98078865508;204.582249076921;0.287128712871287;117;117
8;89.2299999999814;2.31999999999971;92.1700000000128;NA;NA;-4138.10260506044;-4219.38616125299;7.97643180467176;9.0065463999549;133.513860206313;117.905202848986;8993.51207823444;9072.22125177229;162.56711238511;0.653465346534653;116;116
9;101.170000000013;2.72000000000025;104.550000000017;NA;NA;-4359.43976822536;-4455.41949366925;8.69158493051537;10.0319498303308;133.362299558437;115.640462972218;9438.73492813968;9535.03646326371;191.959450887782;0.891089108910891;122;122
10;82.9500000000116;2.47999999999956;86.2900000000081;NA;NA;-4069.27159154867;-4121.71438899024;8.06888387485144;8.66126570129291;127.586163727517;118.862487585878;8822.33180955566;8880.46350611408;104.885594883147;0.821782178217822;113;113
11;59.609999999986;1.89000000000033;61.8600000000151;NA;NA;-3914.08479785363;-3947.29420755557;5.80763907099289;6.01817372745358;177.807542893396;173.490277491707;8781.89929481661;8825.16103007475;66.4188194038788;0.0495049504950495;114;114
12;78.289999999979;2.40999999999985;81.3199999999779;NA;NA;-3937.78320524089;-4012.17670837559;6.26966434531866;7.03100768272457;167.595647653908;149.67962916422;8776.69791348726;8829.15372682006;148.787006269416;0.782178217821782;117;117
13;79.2200000000012;2.23000000000047;81.9199999999837;NA;NA;-3783.9233124122;-3961.63531839739;5.96779838403048;8.47582787928977;162.706688948543;115.924777696966;8436.17933862464;8541.93774547235;355.424011970373;0.0099009900990099;108;108
14;58.8699999999953;1.35999999999967;60.7400000000198;NA;NA;-3936.17595462835;-3965.20808546224;5.83621060961591;5.96683720141009;179.422616391421;176.46996524569;8835.5281003213;8877.74194501666;58.0642616677806;0.128712871287129;115;115
15;75.0500000000175;2.09000000000015;77.6999999999825;NA;NA;-3980.30137830819;-4018.85318420879;6.13644086458856;6.40630118284755;175.69350081741;169.43353503814;8904.52089833216;8947.99267265456;77.1036118011989;0.613861386138614;116;116
16;76.5;1.8799999999992;79.2000000000116;NA;NA;-3960.49613863836;-4012.0417925149;5.93481243201275;6.34999838037437;178.52721838734;167.718922605887;8879.36179426419;8924.43202656954;103.091307753093;0.237623762376238;115;115
17;62.9800000000105;1.69999999999982;65.2799999999988;NA;NA;-4004.60136419733;-4039.45695181562;5.87886308711797;6.09414829870184;183.121216200643;178.113954700926;8993.02647429681;9035.83600008187;69.7111752365736;0.099009900990099;116;116
18;98.2799999999988;3.15000000000055;102.459999999992;NA;NA;-4227.00243284875;-4291.33508189943;7.0953690619258;7.72932522903247;162.465607922936;149.240711645791;9333.57307074459;9390.64045696087;128.665298101358;0.811881188118812;126;126
19;62.1000000000058;1.82999999999993;64.4700000000012;NA;NA;-4022.68851354058;-4053.59313728614;5.91581910098561;6.08354819645824;184.985376685757;181.114194951139;9041.57766995472;9082.53946559964;61.8092474911209;0.326732673267327;119;119
20;83.140000000014;2.55999999999949;86.1300000000047;NA;NA;-4017.70624184505;-4044.01050108057;7.12090639943102;7.27081637333227;148.157914379268;146.018282820513;8829.45388921971;8870.59521029297;52.6085184710364;0.940594059405941;113;113
21;59.7699999999895;1.44999999999982;61.7000000000116;NA;NA;-3862.44801164247;-3894.7693168797;6.00714332730288;6.20795566363062;170.786532662216;166.920899750373;8641.71200402988;8685.60313033269;64.6426104744669;0.198019801980198;115;115
22;89.7000000000116;2.9399999999996;93.2799999999988;NA;NA;-4032.49303814119;-4135.21182579553;6.71220239057241;7.92861469351871;161.811527174868;135.587667308807;8935.01740900418;8999.45403001297;205.437575308682;0.455445544554455;117;117
23;58.6000000000058;1.65000000000055;60.7900000000081;NA;NA;-3876.26830949786;-3907.09589178439;5.92135345395936;6.09823053517413;174.299734280763;170.663972602964;8686.68317857432;8728.85274681657;61.6551645730679;0.138613861386139;113;113
24;86.8800000000047;2.67000000000007;90.3600000000151;NA;NA;-4043.01201710479;-4141.97963871637;7.37128561292928;8.66837617160292;141.700675487211;120.333560252031;8846.70136481604;8929.9336955515;197.935243223161;0.524752475247525;115;115
25;92.6499999999942;2.27999999999975;95.6600000000035;NA;NA;-4094.78032716954;-4168.90561311514;7.22187291418646;8.03091901548127;154.327979720307;137.878277200174;9020.66220066247;9080.32628793941;148.250571891193;0.732673267326733;119;119
26;78.8500000000058;2.40999999999985;82.2000000000116;NA;NA;-3906.8601059412;-3955.60022511785;5.84710805776917;6.24983256391818;178.902702372579;168.528366153755;8776.40899694806;8818.06415832985;97.4802383533115;0.316831683168317;118;118
27;54.609999999986;1.44999999999982;56.5099999999802;NA;NA;-3744.14525238236;-3772.4478800354;5.72555294568755;5.85224773566397;165.875788672753;163.135891432118;8371.98577712449;8413.99436188768;56.6052553060899;0.108910891089109;106;106
28;104.149999999994;3;108.429999999993;NA;NA;-4431.79660656525;-4492.39482134518;11.4226265319321;12.3709284768751;100.180983713662;92.2364346139517;9405.56122917847;9483.77852882409;121.196429559859;0.891089108910891;125;125
29;99.3399999999965;2.56999999999971;103.170000000013;NA;NA;-4334.79021402735;-4469.89009984133;10.94741801901;13.740687262489;100.58037205712;79.6976479972718;9210.81091196025;9368.63918786777;270.199771627962;0.475247524752475;118;118
30;99.9199999999837;3.11999999999989;103.779999999999;NA;NA;-4262.90359165131;-4366.69952832798;8.54047653474758;10.0405883120645;130.814471965986;110.729258398004;9231.3717227599;9330.63143493861;207.591873353347;0.524752475247525;121;121
31;67.2799999999988;2.11000000000058;70.3299999999872;NA;NA;-3977.36247650717;-4010.54999460029;6.04817164107993;6.2498283694312;177.819525718314;173.211412061445;8913.81724520795;8955.33783263778;66.3750361862458;0.613861386138614;121;121
32;87.609999999986;2.32999999999993;90.820000000007;NA;NA;-3975.28643511066;-4099.97430359744;6.75311219367047;8.39103099983451;153.190668755498;122.573510904196;8770.90609942736;8856.32751611946;249.375736973559;0.356435643564356;112;112
33;93.7300000000105;2.28000000000065;96.7600000000093;NA;NA;-4117.51350157348;-4135.10729459003;6.82001765187026;6.8276970718617;163.065367695368;164.223244450431;9115.21191688877;9156.64942383507;35.1875860330983;0.95049504950495;122;122
34;62.6600000000035;1.59000000000015;64.6600000000035;NA;NA;-3966.90804487781;-3996.11214143342;5.99058116780634;6.14460954484513;178.756896513228;175.588351869211;8895.72028261708;8937.07830067044;58.4081931112087;0.475247524752475;118;118
35;78.2799999999988;2.10999999999967;81.1300000000047;NA;NA;-3821.59451220657;-3858.97051542842;6.70787814888022;7.01203734085094;143.29977087641;137.78021409779;8406.61164966166;8451.95848329614;74.7520064437022;0.881188118811881;106;106
36;95;2.51000000000022;98.390000000014;NA;NA;-4226.3138171547;-4351.66505521638;7.75018398150096;9.46243565763728;145.44867236246;118.210109477394;9238.31582907736;9341.88037019152;250.702476123355;0.336633663366337;123;123
37;65.9900000000198;1.88000000000011;68.5799999999872;NA;NA;-4063.40091432389;-4098.10508779135;5.81453675023195;6.01025609943706;191.040433044693;186.806574717986;9157.20277078472;9203.77526282136;69.408346934918;0.0396039603960396;121;121
38;85.4700000000012;2.26000000000022;88.2600000000093;NA;NA;-4007.4003061403;-4130.7399197987;6.01783075243417;7.38430237983954;180.000582630967;146.231980163619;8982.6312083535;9047.74276418378;246.679227316805;0.0891089108910891;117;117
39;92.0400000000081;2.36000000000058;95.3600000000151;NA;NA;-4049.73006732428;-4167.35132496444;6.53762366709652;7.91464423524005;168.526111119131;138.30208225278;9006.31170823321;9078.91646990072;235.242515280315;0.237623762376238;118;118
40;84.7600000000093;2.27999999999975;87.7999999999884;NA;NA;-4104.08315283963;-4189.95547241308;10.9660803243473;12.6444397202933;92.8509913241294;79.8028685416649;8705.3816659012;8807.25384620858;171.744639146902;0.653465346534653;112;112
41;54.6399999999849;1.59000000000015;56.7099999999919;NA;NA;-3884.39691809592;-3907.6333042454;5.63301896481426;5.69905858379186;179.63029894939;177.886170724618;8728.27223134289;8765.42890630287;46.4727722989592;0.316831683168317;109;109
42;87.2799999999988;2.46000000000004;90.75;NA;NA;-4087.68989345021;-4162.1106495751;9.06720406299964;10.1915597007149;113.577903743288;101.050150119863;8784.59252444724;8866.23727721561;148.84151224977;0.900990099009901;114;114
43;80.3500000000058;2.42999999999938;83.4700000000012;NA;NA;-3925.95310176638;-4008.09640008208;6.04694378277803;6.89300637270673;173.707948157836;153.261129539939;8784.40492208512;8838.92894099996;164.286596631405;0.0396039603960396;115;115
44;89.9400000000023;2.65999999999985;93.4799999999814;NA;NA;-4080.87603297244;-4157.42859566561;6.96773377144013;7.80808924153437;157.888484691818;140.131174999443;9010.01227121852;9067.71576428087;153.105125386351;0.643564356435644;116;116
45;68.4100000000035;1.69999999999982;70.8399999999965;NA;NA;-4119.03458941359;-4149.36048425501;5.85382908959116;5.99321769831581;197.18933102036;193.720204652171;9305.6272186942;9347.49759801112;60.6517896828391;0.099009900990099;126;126
46;86.5800000000163;2.60000000000036;90.1100000000151;NA;NA;-3970.49491955861;-4134.06302029672;6.04997303323504;8.05663731849112;177.172739522197;132.617290617991;8895.11713379257;8982.30914272166;327.136201476224;0.118811881188119;119;119
47;92.0899999999965;2.44999999999982;95.25;NA;NA;-4134.16662503323;-4214.7396371329;6.22787120299631;7.00613386354793;185.304422252782;164.466123822631;9267.79628638998;9316.54829015733;161.146024199325;0.346534653465347;121;121
48;94.2200000000012;2.30000000000018;97.3399999999965;NA;NA;-4497.56025047734;-4533.24600603659;14.9573037588498;15.5691259093802;72.8666567595269;69.942580762743;9387.83375505537;9443.44602249503;71.371511118492;0.99009900990099;120;120
49;63.9499999999825;1.43000000000029;66.109999999986;NA;NA;-3998.19502300212;-4021.60557050745;5.96481875824167;6.04377413706668;183.193752541621;181.378901331932;8984.46891603239;9021.50137956594;46.8210950106541;0.96039603960396;121;121
50;92.5799999999872;3.17000000000007;96.6199999999953;NA;NA;-4144.5654265875;-4256.57719404595;7.19045435573323;8.569174387912;156.176849052296;130.164562039059;9129.53012649857;9213.57960485035;224.023534916892;0.257425742574257;118;118
51;68.0599999999977;1.82000000000062;71.1300000000047;NA;NA;-4087.51628472987;-4118.08007034721;6.01862267202116;6.18735578698258;185.948467416055;182.254639852558;9177.19777068459;9218.41753899459;61.1275712346724;0.702970297029703;120;120
52;67.2300000000105;1.65999999999985;69.3800000000047;NA;NA;-3918.03669181263;-3939.76342951756;5.99205617905223;6.07603101817468;174.240899358554;172.371615931053;8770.67220780118;8804.09916188437;43.4534754098495;0.772277227722772;114;114
53;98.1600000000035;2.91000000000076;101.949999999983;NA;NA;-4277.40324899452;-4362.43446730664;7.9249109535204;8.97689414016697;145.246544891258;128.12862903936;9339.4028356408;9416.99729586197;170.062436624228;0.475247524752475;123;123
54;94.1000000000058;2.44999999999982;97.2699999999895;NA;NA;-4085.86593728517;-4240.19383577602;6.62047538642399;8.54260640950889;170.319026464524;130.417411656143;9090.3692673773;9183.81061558459;308.655796981706;0.128712871287129;121;121
55;92.2300000000105;2.69000000000051;95.6499999999942;NA;NA;-4130.01008329695;-4200.31399959304;7.99688906060222;8.87288402416139;134.863559464705;121.547345990635;8985.15714802713;9054.16610779529;140.607832592175;0.702970297029703;117;117
56;63.75;1.60000000000036;66.0799999999872;NA;NA;-4063.40127856987;-4094.84837301582;5.92571013188492;6.09373459412294;187.946206334454;183.867704094479;9140.51439285767;9181.41065972018;62.8941888918935;0.297029702970297;121;121
57;92.0599999999977;2.46000000000004;95.3999999999942;NA;NA;-4165.33021086687;-4232.72805318978;8.92717324043408;9.83100698808057;120.680859858124;109.107091040066;8979.02164424891;9051.63693915598;134.795684645804;0.673267326732673;116;116
58;64.5899999999965;1.64000000000033;67.179999999993;NA;NA;-3999.82570658931;-4041.33243486431;5.93818689481819;6.22366152460645;183.300241374463;176.550332073894;8988.30464430897;9034.91160412004;83.0134565499939;0.108910891089109;121;121
59;90.359999999986;2.27999999999975;93.359999999986;NA;NA;-4126.82843058224;-4158.62773548054;7.7936307468092;8.03620258117588;139.522789760898;135.576622851911;9004.43939928492;9046.8033906163;63.5986097965997;0.96039603960396;118;118
60;85.0100000000093;2.53000000000065;88.1900000000023;NA;NA;-4004.34569365014;-4073.10343079285;6.34341090460464;6.99615871901532;171.877427391101;155.095936644329;8934.30186922142;8981.44408173972;137.515474285425;0.603960396039604;119;119
61;60.6000000000058;1.42999999999938;62.7000000000116;NA;NA;-3988.22137168244;-4011.87773427044;5.98547193317108;6.05681699927361;179.522128098765;177.691466816021;8941.70077590313;8979.1703662704;47.3127251759897;0.504950495049505;117;117
62;87.5599999999977;2.35000000000036;90.6900000000023;NA;NA;-3997.53333342969;-4085.05504168569;7.14272833827957;8.20921828745068;147.482834244773;127.411537536093;8786.13973855913;8853.5241015844;175.043416511998;0.306930693069307;114;114
63;90.3999999999942;2.42000000000007;93.640000000014;NA;NA;-4119.97624513387;-4235.05987621643;6.19902792699575;7.41996420118499;183.687887834519;153.267641969079;9232.20221416891;9298.04464840536;230.167262165123;0.425742574257426;123;123
64;71.6000000000058;1.84000000000015;74.4200000000128;NA;NA;-4143.11073356843;-4181.5756704929;6.11094722870507;6.34856546632381;191.198359882999;185.483936800092;9321.34514875942;9367.33786047189;76.9298738489433;0.445544554455446;126;126
65;74.6699999999837;1.77999999999975;79.3300000000163;NA;NA;-4140.94481799587;-4157.97795190494;6.21617994109636;6.22369115746406;185.318549857275;186.748848024346;9282.19150343431;9323.97815287976;34.0662678181325;0.96039603960396;122;122
66;85.140000000014;2.28000000000065;88.5800000000163;NA;NA;-4061.32489786391;-4099.46121902387;6.34869172252114;6.62691692034791;175.082075412219;168.084563303332;9066.25081473358;9104.81051847368;76.272642319931;0.891089108910891;120;120
67;93.75;2.13000000000011;96.5499999999884;NA;NA;-4182.27234137742;-4307.50784361866;7.87874179611337;9.65584902121005;141.42354793484;115.016074160855;9126.15206975104;9234.41106363227;250.471004482473;0.158415841584158;119;119
68;95.820000000007;2.59000000000015;99.710000000021;NA;NA;-4213.23706512683;-4450.02479534538;8.600796805994;13.0240700511477;127.922916189466;83.3605024550107;9115.91189129442;9349.31919682367;473.5754604371;0.178217821782178;120;120
69;92.429999999993;2.43000000000029;95.8600000000151;NA;NA;-4172.28903287627;-4305.39575474882;8.34372146351355;10.4428338354529;128.900479017402;102.431256621805;9038.74504459424;9162.41394325537;266.213443745099;0.455445544554455;119;119
70;93.9800000000105;2.57999999999993;97.5500000000175;NA;NA;-4173.00586144736;-4233.70200814282;7.07668992425142;7.66938265421013;159.283587690035;146.706547466339;9204.46713759859;9258.07574757581;121.392293390922;0.792079207920792;120;120
71;93.4800000000105;2.14999999999964;96.3399999999965;NA;NA;-4300.6851124211;-4402.66466531003;9.53108038381948;11.240265129468;116.897512827631;98.8457851931265;9229.90702103333;9336.80525033355;203.959105777865;0.693069306930693;117;117
72;67.390000000014;1.44999999999982;69.3299999999872;NA;NA;-4159.05875496643;-4184.56060703351;6.05883529494126;6.17770412118978;192.029214225135;189.506607831933;9356.20306514582;9393.56987934719;51.0037041341748;0.801980198019802;124;124
73;64.2600000000093;1.55999999999949;66.6100000000151;NA;NA;-3932.88660216303;-3971.1978593569;5.9313380079342;6.19400774822045;175.497892698445;169.235411651754;8806.34120549967;8849.40041499578;76.6225143877273;0.435643564356436;113;113
74;87.390000000014;2.69999999999982;90.7200000000012;NA;NA;-4105.94792012858;-4215.67105117995;5.91813043335396;7.01208573381994;190.422983206932;160.411149275728;9236.57611574169;9294.52646100438;219.44626210274;0.138613861386139;118;118
75;94.6100000000151;2.75;98.2799999999988;NA;NA;-4136.04307907243;-4188.1974462108;7.10298914554497;7.58293715939786;158.042648625809;148.214398417622;9123.85355888288;9175.19315345954;104.308734276738;0.930693069306931;120;120
76;92.140000000014;2.27999999999975;95.0599999999977;NA;NA;-4180.36023671974;-4256.46752061204;8.55681590604707;9.56774438486967;128.165168342562;113.700266351953;9049.84141660373;9124.28082104672;152.214567784606;0.693069306930693;117;117
77;93.3299999999872;2.25;96.5299999999988;NA;NA;-4162.91050491765;-4216.02704716882;7.95435909141935;8.5210064024017;137.375411345409;128.199949914018;9066.77281265939;9123.51687563488;106.233084502333;0.861386138613861;121;121
78;91.5799999999872;2.64000000000033;95.1100000000151;NA;NA;-4153.55959873316;-4245.78122132427;6.18129807124958;7.09907783255175;188.087683952277;164.243986985537;9322.36813852111;9378.10924017299;184.443245182219;0.366336633663366;122;122
79;83.3000000000175;2.27999999999975;86.4700000000012;NA;NA;-4010.71615501125;-4072.95460790285;6.26097634590223;6.84337688257757;172.793235573029;158.29054262724;8952.69767673767;8999.01263584669;124.476905783203;0.722772277227723;120;120
80;98.3600000000151;3.05999999999949;102.25999999998;NA;NA;-4220.6042734278;-4293.27443029352;7.29700010476654;8.09897688676231;159.113447945984;143.662179134074;9299.40722269215;9361.40914733359;145.340313731445;0.386138613861386;121;121
81;61.4100000000035;1.44999999999982;63.4199999999837;NA;NA;-3905.35413770994;-3935.47745205663;5.96852917499573;6.1419254482522;172.401439137894;168.635843891322;8733.91482864333;8773.99676366706;60.2466286933759;0.247524752475248;112;112
82;82.8399999999965;2.10999999999967;85.6600000000035;NA;NA;-4011.12025636614;-4104.15405896756;6.06192551492051;7.0064175992917;179.772458192947;154.844851194348;8989.60951873878;9041.53981143696;186.067605202829;0.376237623762376;118;118
83;89.1600000000035;2.69999999999982;92.4900000000198;NA;NA;-4141.02168711451;-4199.35259418859;6.31263084247189;6.84419682719987;181.452451560143;168.744456763073;9260.73031531697;9308.84993866875;116.661814148165;0.485148514851485;121;121
84;98.1399999999849;2.85999999999967;101.940000000002;NA;NA;-4327.8465248694;-4364.94523452062;9.41933692354722;9.78407964236999;120.537755767415;116.087449461912;9306.3248525688;9356.50066307108;74.197419302458;1;122;122
85;84.5599999999977;2.32000000000062;87.859999999986;NA;NA;-4052.52529888852;-4110.666364328;6.66910863346585;7.23324103593742;164.479707236592;152.086130836608;8990.12817026553;9039.71954215152;116.282130878955;0.841584158415842;118;118
86;103.00999999998;2.82999999999993;107.169999999984;NA;NA;-4368.77621714935;-4444.6869426099;8.60513168710602;9.556988503616;136.77340220271;123.340111270935;9477.48137781759;9556.6302139828;151.821450921105;0.732673267326733;125;125
87;83.9500000000116;2.32999999999993;87.0599999999977;NA;NA;-3948.75261737198;-4051.45585990541;5.94943843646413;7.02738062999553;177.982591555781;149.92466705262;8854.48545757574;8909.0295543128;205.406485066863;0.277227722772277;117;117
88;89.3399999999965;2.6899999999996;92.9500000000116;NA;NA;-4153.23029403874;-4191.14210399252;5.94113942089706;6.18435380641909;196.882150378725;190.779003556525;9372.35559089289;9415.13754761912;75.8236199075691;0.168316831683168;126;126
89;95.890000000014;2.43000000000029;99.1199999999953;NA;NA;-4232.64261171133;-4379.57837582943;8.33517547618721;10.5600526034348;136.462851931271;107.159325532026;9201.87659934545;9337.57522906507;293.871528236201;0.376237623762376;122;122
90;93.5100000000093;2.77999999999975;97.5400000000081;NA;NA;-4153.17945545366;-4220.42620241661;6.90291950462084;7.564960354563;163.117566186716;148.488059055893;9187.49136836151;9242.95883295854;134.493493925906;0.702970297029703;123;123
91;60.2200000000012;1.55000000000018;62.7699999999895;NA;NA;-3883.66421688248;-3925.59263453112;6.70836781538124;7.05593014449736;148.912808875423;141.828452396419;8562.04599753585;8608.09505414441;83.8568352972825;0.831683168316832;108;108
92;93.8600000000151;2.40999999999985;97.4700000000012;NA;NA;-4166.15330481453;-4248.86567748631;7.91949855845862;8.9901481810408;139.437792536937;122.066673741637;9083.80354508625;9155.60702532931;165.424745343576;0.653465346534653;120;120
93;92.3399999999965;2.57999999999993;96.109999999986;NA;NA;-4381.16743151627;-4420.73841561747;12.8286201834084;13.3781019199867;84.5107694097438;80.8653939137464;9216.73399406257;9276.27543715761;79.1419682024189;0.98019801980198;117;117
94;72.0799999999872;2.30999999999949;75.1499999999942;NA;NA;-4104.97014080935;-4190.51432472791;8.12664645091385;9.26708415697441;132.115270711797;115.808637433711;8919.16125824327;9002.7123844229;171.088367837121;0.782178217821782;115;115
95;81.2399999999907;1.71000000000004;83.8099999999977;NA;NA;-4002.86603800341;-4052.24830052439;6.17597489685207;6.5693852678635;176.974920013906;166.6987283553;8957.29423110367;9000.80553111194;98.7645250419773;0.881188118811881;117;117
96;87.3600000000151;2.39000000000033;90.6199999999953;NA;NA;-4111.11879579704;-4178.94425711786;8.47819756717031;9.39491298195671;123.067070417805;110.722498330045;8881.80647104531;8951.29757082298;135.650922641638;0.861386138613861;113;113
97;78.7399999999907;2.35999999999967;81.8600000000151;NA;NA;-3976.94172040204;-3978.46375009961;7.25568193272087;7.05550822217747;139.305024803425;144.560829004294;8699.85930062629;8731.04809538423;3.04405939514436;0.930693069306931;112;112
98;83.070000000007;2.5;86.4100000000035;NA;NA;-3980.07621815826;-4036.40755389011;7.74112513241514;8.42548815275207;130.214284647637;120.229469383423;8656.27441547916;8715.55853955763;112.662671463703;0.742574257425743;110;110
99;87.5799999999872;2.25;91.0799999999872;NA;NA;-4112.73674682418;-4162.63683556946;8.15378142646417;8.72339121684566;128.610806052413;120.729667917662;8916.43856912789;8973.89711628979;99.8001774905642;0.910891089108911;116;116
100;97.4700000000012;2.66000000000076;101.300000000017;NA;NA;-4191.5581086909;-4246.04773609949;7.69657778617968;8.27843845425447;145.948001261956;136.466556950035;9172.09258503289;9229.81635550892;108.979254817184;0.871287128712871;124;124
101;86.1600000000035;2.5;89.8099999999977;NA;NA;-4035.96831691836;-4075.46800769476;6.81179852421067;7.11863195372954;158.67069012666;151.776072736388;8925.75545198655;8967.65438312182;78.9993815527914;0.881188118811881;118;118
102;59.9400000000023;1.55999999999949;62.3699999999953;NA;NA;-3847.56432725617;-3879.88033521923;6.0549990511862;6.28138609066847;166.765398636214;163.027092937341;8588.89549836672;8633.49234085058;64.6320159261286;0.0891089108910891;113;113
103;75.570000000007;2.10999999999967;78.7999999999884;NA;NA;-3909.25942296155;-3961.98171929336;6.51358962299026;7.0097704589723;154.996419296703;144.418693582834;8649.21071375917;8697.96476627623;105.444592663614;0.831683168316832;113;113
104;81.0299999999988;2.19000000000051;84.2300000000105;NA;NA;-3937.54691421204;-4013.04490125766;7.244057624469;8.15705713992013;138.771864592018;122.652213953048;8618.83139296982;8683.43528936718;150.995974091229;0.792079207920792;113;113
105;77.8399999999965;2.27999999999975;81.1100000000151;NA;NA;-3981.66040769053;-4036.92682463487;5.994783818566;6.44429999299385;178.429907070971;165.90379284858;8921.9403745871;8965.17631698742;110.532833888671;0.376237623762376;116;116
106;88.6900000000023;2.44999999999982;92.2799999999988;NA;NA;-4081.48063067534;-4187.29728145356;6.00506789641045;7.10006186861841;187.319572196442;158.721119088573;9174.82870663727;9231.97818492799;211.633301556452;0.148514851485149;123;123
107;98.7799999999988;2.5600000000004;103.260000000009;NA;NA;-4354.06593027802;-4359.61475820921;9.17266984833442;8.98734823144568;125.872152371388;129.362511554514;9388.07113096602;9418.02309440745;11.0976558623988;1;123;123
108;94.0799999999872;2.75;98.3399999999965;NA;NA;-4218.61667505541;-4315.06828211626;9.79383832686288;11.407097723492;111.050249383088;94.6050923251267;9035.73624215167;9140.00864171931;192.903214121703;0.772277227722772;120;120
109;88.640000000014;2.44000000000051;92.5199999999895;NA;NA;-4082.96688595412;-4135.12381527175;7.2747613629205;7.81890586582871;149.736114815702;139.859347356034;8971.67497391746;9022.84121018579;104.313858635274;0.722772277227723;118;118
110;80.1300000000047;2.35999999999967;83.3099999999977;NA;NA;-3921.49254370702;-4067.81234286666;7.18475321957602;9.39167259018252;142.171110324879;109.039826931257;8603.02792731378;8718.54859716392;292.639598319289;0.138613861386139;110;110
111;86.6999999999825;2.54999999999927;90.2799999999988;NA;NA;-4158.53976962464;-4193.71462463821;6.35684058829295;6.5867865069071;180.808584771549;175.653400004984;9293.03777514051;9335.56112373229;70.3497100271434;0.99009900990099;122;122
112;86.0299999999988;2.70000000000073;89.7300000000105;NA;NA;-4001.92112642237;-4072.42608019103;7.16749888057802;7.97169542106125;146.385941169552;131.569181055354;8790.93299793018;8852.2758645969;141.009907537316;0.673267326732673;117;117
113;90.2700000000186;2.45000000000073;93.960000000021;NA;NA;-4109.36109949396;-4162.73602233682;7.09349157089236;7.60995298287047;153.094224078925;142.724638482808;9042.53363740978;9093.48396957909;106.749845685714;0.831683168316832;118;118
114;92.2799999999988;2.61999999999989;96.0800000000163;NA;NA;-4209.46325727257;-4315.5105962893;8.41101616354706;9.9652679072359;130.999108542046;109.899837246688;9124.39523041633;9222.86412891422;212.094678033453;0.455445544554455;119;119
115;88.3000000000175;2.25;91.4599999999919;NA;NA;-4138.99488709477;-4196.60482266421;9.31244848386727;10.0984299859181;110.845532440033;102.385920253332;8873.03057717954;8942.83757223989;115.219871138885;0.940594059405941;115;115
116;98.8399999999965;2.71000000000004;102.779999999999;NA;NA;-4227.70528112251;-4327.21542907284;6.90447706800167;7.98700107586586;171.134657870529;147.467621641643;9381.23008971378;9452.21434329163;199.020295900673;0.455445544554455;125;125
117;80.640000000014;1.92000000000007;83.2799999999988;NA;NA;-3960.55145666827;-4015.65750326203;6.47324730330064;6.99501094913186;159.661744472118;147.890113402215;8776.08863464394;8823.26385876465;110.212093187515;0.801980198019802;112;112
118;81.5;2.39000000000033;84.679999999993;NA;NA;-3827.24523574377;-4132.17513477667;6.57895442763222;12.1649276067495;148.49745811055;79.742016199347;8449.02573118492;8691.00971784218;609.859798065804;0.0396039603960396;111;111
119;90.609999999986;2.24000000000069;94.2700000000186;NA;NA;-4183.69621051354;-4245.09021712876;8.37318676157481;9.10632183612964;130.160072825242;119.625882007619;9067.79348099115;9133.89622773105;122.788013230436;0.752475247524752;118;118
120;86;2.55000000000018;89.6199999999953;NA;NA;-4085.55961474222;-4140.82778530324;6.01294604962779;6.46222765980229;188.671428026696;176.360478666881;9190.28916264945;9234.32391650167;110.536341122044;0.237623762376238;123;123
121;81.5;1.82999999999993;84.5899999999965;NA;NA;-3925.20401039447;-4020.9810246015;5.98741949413038;7.01315009303605;174.582681338474;149.155018612217;8787.60248054756;8842.65577218202;191.554028414058;0.0594059405940594;115;115
122;86.1300000000047;2.61999999999989;89.7799999999988;NA;NA;-4048.28720091552;-4079.07327414817;7.98059609147833;8.22531914501106;130.092720781383;126.611953847038;8794.36983518639;8837.2717343329;61.5721464652861;0.940594059405941;114;114
123;83.7099999999919;2.34000000000015;87.0400000000081;NA;NA;-3996.92222323572;-4119.63762270281;5.96823506833799;7.37433323152898;178.887779900159;145.047222950215;8954.92393998387;9018.54542051863;245.430798934164;0.0693069306930693;116;116
124;82.2999999999884;2.39000000000033;85.6600000000035;NA;NA;-3911.72026797426;-3963.55682101768;6.93880927777152;7.45152914851848;146.689943725517;136.325122570505;8610.90124801836;8658.93393840995;103.673106086849;0.841584158415842;115;115
125;90.8600000000151;2.39000000000033;94.5499999999884;NA;NA;-4091.8691882897;-4150.95726859209;7.36597346683236;7.99611590558538;148.134169871413;136.164043116074;8980.22903138659;9034.04398413663;118.176160604793;0.821782178217822;117;117
126;90.679999999993;2.51999999999953;94.1699999999837;NA;NA;-4048.70336137585;-4220.79734202597;7.03608849743584;9.51491299561245;152.931751647192;112.475113082543;8920.34388490027;9046.83165659391;344.187961300241;0.108910891089109;118;118
127;75.109999999986;2.11000000000058;77.9500000000116;NA;NA;-3923.05269971111;-3953.81694165371;6.36766551259535;6.55557745859805;165.178360792607;161.342369425312;8732.09429378852;8773.04716635274;61.5284838852085;0.594059405940594;114;114
128;58.9700000000012;1.86000000000058;61.6399999999849;NA;NA;-3929.81401817279;-3959.4123373139;5.89638214255952;6.05569279593549;176.93863043711;173.562660704182;8810.2356710213;8851.29481951608;59.1966382822229;0.198019801980198;116;116
129;100.529999999999;2.92000000000007;104.589999999997;NA;NA;-4325.53416844628;-4345.99687344819;8.42817465096501;8.50992443038051;137.586489486525;136.522230168875;9394.28639996117;9429.46286796045;40.9254100038215;0.99009900990099;123;123
130;85.7399999999907;2.38000000000011;89.109999999986;NA;NA;-3991.50862852991;-4104.89946926455;7.57687542594014;9.22988247319559;135.004446579024;110.524092791601;8707.74790277226;8803.11418973272;226.781681469281;0.485148514851485;115;115
131;93.929999999993;2.77999999999975;97.7099999999919;NA;NA;-4179.29222422804;-4238.14299628743;7.8174161384351;8.46227746649847;141.4665154611;130.909203610409;9120.4232282145;9181.27054395532;117.701544118776;0.722772277227723;119;119
132;84.9899999999907;2.30000000000018;87.8800000000047;NA;NA;-4071.76269929095;-4067.35726507613;6.85866618784234;6.58905938500779;159.163819598072;166.912627512003;9000.66936448122;9033.58810497347;-8.81086842962759;0.99009900990099;119;119
133;67.359999999986;2.17999999999938;70.3899999999849;NA;NA;-4112.34444324711;-4147.84413748471;5.95285320923385;6.16731731861737;193.291996975764;188.436907246563;9271.14725392043;9315.86180209588;70.9993884752002;0.0693069306930693;126;126
134;82.8299999999872;2.21999999999935;85.7799999999988;NA;NA;-3999.24655791651;-4086.85046648912;6.04781376858918;6.91302049233052;179.703269592707;156.581323045689;8965.48981282114;9016.27671102828;175.20781714522;0.366336633663366;118;118
135;94.2200000000012;2.64000000000033;97.5400000000081;NA;NA;-4119.92994975638;-4209.86203661126;7.70090672471378;8.86131180436329;141.325342455641;122.777959807248;9000.93842112908;9080.91948597376;179.864173709764;0.386138613861386;119;119
136;103.279999999999;2.72000000000025;107.130000000005;NA;NA;-4295.9476402309;-4341.58205933115;8.28902971358291;8.72936167779022;141.522250241728;134.276881122449;9356.9465999185;9409.04789241374;91.268838200509;0.900990099009901;124;124
137;86.960000000021;2.30000000000018;90.2000000000116;NA;NA;-3932.94398156891;-4217.61089889728;6.21972450184759;10.6163097070666;169.380306218869;97.9958322540985;8775.15504142709;8961.28286160602;569.333834656742;0.0198019801980198;115;115
138;82.5599999999977;2.32999999999993;85.6900000000023;NA;NA;-3947.41485142933;-4004.79808167494;6.31434930249089;6.8553467782593;167.630608404409;154.546002574355;8794.70405624881;8839.22975747321;114.766460491225;0.485148514851485;115;115
139;63.0100000000093;1.55999999999949;65.7200000000012;NA;NA;-4020.57723044355;-4046.41753306347;5.87228281465087;5.97590693555279;187.067597431976;184.686720067894;9050.89723727573;9089.72647887563;51.6806052398506;0.316831683168317;122;122
140;57.3600000000151;1.57999999999993;59.6000000000058;NA;NA;-3951.11055106714;-3978.03244154126;5.89425850926657;6.0037585578843;177.992849548453;175.461973761842;8856.16064037504;8896.44037936682;53.8437809482402;0.475247524752475;113;113
141;60.5400000000081;1.75;63.1699999999837;NA;NA;-4019.56634333416;-4046.49403323877;5.75983173228242;5.86302467366664;189.002584673084;186.496113440893;9056.96717569357;9097.32447096448;53.8553798092098;0.178217821782178;119;119
142;104.940000000002;3.17000000000007;109.110000000015;NA;NA;-4345.21489037045;-4418.03093036683;6.3054795531817;6.90414604793433;201.605607287298;184.065750830612;9788.10218865342;9838.23585106589;145.632079992758;0.425742574257426;134;134
143;97.8099999999977;2.52999999999975;101.639999999985;NA;NA;-4336.32534057322;-4388.50810639482;10.6608986751893;11.3891129554835;105.694522294076;98.764102061145;9242.72756809033;9309.71299425739;104.365531643198;0.841584158415842;121;121
144;62.0500000000175;1.49000000000069;64.2200000000012;NA;NA;-3998.77756006024;-4025.13375537904;5.94604544980403;6.04227718632503;183.139893544762;180.842882760105;8983.81729367063;9024.15960586548;52.7123906375919;0.732673267326733;119;119
145;54.8099999999977;1.44999999999982;57.4300000000221;NA;NA;-3808.16119275972;-3836.16089714447;5.63271558944916;5.74257328250795;173.479239487944;170.753762987258;8544.52260087966;8585.93935478877;55.9994087695068;0.0198019801980198;111;111
146;67.6499999999942;1.60999999999967;70;NA;NA;-4043.23659508784;-4069.93814726464;6.08624177344361;6.21037806954604;181.657667998477;179.162456903778;9063.21363473651;9103.2004400659;53.4031043536052;0.534653465346535;117;117
147;102.609999999986;2.8100000000004;107.399999999994;NA;NA;-4263.76582087526;-4328.17218683983;8.78213105442894;9.58211131501918;128.103529293657;117.583659501937;9219.00154412736;9291.03072467423;128.812731929151;0.732673267326733;122;122
148;88.9199999999837;2.64000000000033;92.4599999999919;NA;NA;-4073.14800815489;-4223.55966365121;6.19008336101073;7.94462331893198;180.412081406019;138.682695443237;9119.37158827605;9195.12213364745;300.823310992636;0.217821782178218;121;121
149;63.8399999999965;1.78000000000065;66.0400000000081;NA;NA;-3975.20634380097;-4002.1238322769;6.01844061191544;6.13159302701564;180.284618930938;177.578983469353;8922.05270119998;8961.30571496343;53.8349769518509;0.821782178217822;120;120
150;87.5799999999872;2.25;90.6900000000023;NA;NA;-4017.79844568975;-4133.20305497183;5.99824909769139;7.21924592519913;183.187850801969;151.456519463281;9023.64392962209;9083.30616539547;230.809218564161;0.198019801980198;121;121
151;95.7200000000012;2.60000000000036;99.6999999999825;NA;NA;-4236.80929539199;-4278.55529653203;6.38930913529492;6.64677866082986;187.704741014157;181.267013280257;9489.82826274708;9538.46722320568;83.4920022800688;0.772277227722772;126;126
152;61.5299999999988;1.94999999999982;64.1999999999825;NA;NA;-3912.03298978043;-3943.9499011133;5.83468360030587;6.01722063916658;177.880022749992;174.086156528866;8778.96122200373;8822.42881832764;63.8338226657525;0.0594059405940594;115;115
153;98.9199999999837;3.27000000000044;103.330000000016;NA;NA;-4241.3966933206;-4369.25012231502;6.72744197368575;8.18478878475164;175.124154228654;142.921251949392;9428.7833249563;9510.53575801213;255.706857988849;0.356435643564356;123;123
154;62.6100000000151;1.57999999999993;64.9300000000221;NA;NA;-3993.16712535594;-4019.99276870197;6.13913353183705;6.27737400011655;176.557124950624;173.831714988675;8935.64999727371;8974.64724724288;53.6512866920684;0.96039603960396;117;117
155;63.179999999993;1.64999999999964;65.5;NA;NA;-3910.72389153459;-3939.03685075937;6.16684650436922;6.29083407325283;170.885038544615;167.979899005245;8738.79256292827;8779.82311613169;56.6259184495557;0.544554455445545;115;115
156;62.9700000000012;1.51999999999953;65.3099999999977;NA;NA;-4038.30043157439;-4066.11067070272;5.83980595789195;5.96089018864152;186.667929525022;183.954833607109;9083.4181498555;9124.40519923341;55.6204782566638;0.257425742574257;121;121
157;84.9700000000012;2.31999999999971;88.1699999999837;NA;NA;-4072.81471416059;-4105.2446651621;6.35874107477833;6.55859383247014;173.931590638;170.321259487039;9084.46741867046;9129.83968171249;64.8599020030224;0.891089108910891;122;122
158;103.610000000015;2.84000000000015;107.850000000006;NA;NA;-4332.37170494735;-4457.20661556938;7.95679337279726;9.63497704248239;149.715427598851;123.124184670693;9474.68727608234;9580.50142093161;249.669821244057;0.217821782178218;125;125
159;88.4700000000012;2.30000000000018;91.6800000000221;NA;NA;-4057.05722971306;-4195.49653122351;6.13077314054337;7.69831464613653;178.584575940147;141.243879810096;9075.09138243116;9151.03691449107;276.878603020907;0.455445544554455;118;118
160;63.3500000000058;1.72000000000025;65.9400000000023;NA;NA;-3970.8579742899;-4002.68295935724;5.97283154391336;6.16810011208787;178.671887586465;174.414306566773;8902.40239157207;8943.16011816015;63.6499701346784;0.524752475247525;117;117
161;99.1399999999849;2.98999999999978;103.100000000006;NA;NA;-4330.71756050385;-4461.25323269176;8.88580783770897;10.8942395462476;127.606454573853;104.315177893646;9350.74278746082;9485.99874396488;261.07134437581;0.643564356435644;123;123
162;88.6600000000035;2.5;91.9700000000012;NA;NA;-4019.24533366764;-4148.61272332501;7.12107260683843;8.8897531789643;146.951628437492;117.007123568233;8827.99231305057;8925.84942040085;258.734779314736;0.257425742574257;116;116
163;56.9499999999825;1.56999999999971;58.9200000000128;NA;NA;-3825.04570123431;-3851.64666819787;5.82280465659069;5.93858110139452;170.56167359885;168.193179780908;8564.20410175528;8604.71226790045;53.2019339271164;0.306930693069307;113;113
164;82.7900000000081;2.02999999999975;85.3299999999872;NA;NA;-4085.39238298514;-4122.12410841776;6.02914993947626;6.27179678489052;187.583616620636;182.303406624307;9182.54092781974;9227.52489259826;73.4634508652525;0.128712871287129;121;121
165;76.75;1.69000000000051;79.359999999986;NA;NA;-3958.44575961067;-3987.32783304722;5.84598520832437;5.97720611720979;179.743807978899;176.292908696407;8883.34148440443;8922.55076961682;57.7641468730872;0.712871287128713;117;117
166;88.3699999999953;2.64000000000033;91.9500000000116;NA;NA;-4084.21738409919;-4162.11360554506;7.77284700076046;8.77030559855728;136.232170811257;120.622433600327;8899.75608109348;8971.75235863702;155.792442891743;0.574257425742574;115;115
167;92.4100000000035;2.67000000000007;95.890000000014;NA;NA;-4297.99044437848;-4343.56351326916;10.5378364219272;11.1164469528769;102.487360693314;96.8301118753916;9147.47302074812;9208.17708068988;91.1461377813503;0.940594059405941;118;118
168;90.4400000000023;2.75;93.9100000000035;NA;NA;-4100.81398484887;-4175.04367157381;7.57744428025423;8.48767267089138;141.570274287139;126.265041286821;8961.60528079873;9027.90312789765;148.459373449883;0.693069306930693;115;115
169;97.1900000000023;2.61999999999989;100.970000000001;NA;NA;-4298.12203356594;-4411.8298946378;10.8433713892307;13.0226909677599;101.658349680452;83.8113700285624;9143.70416976025;9275.00865910763;227.415722143722;0.475247524752475;119;119
170;90.0800000000163;1.97000000000025;92.6499999999942;NA;NA;-4108.22573564891;-4232.71721433287;6.25115436686593;7.63310048614275;180.270250727857;148.439677156944;9189.50391848292;9266.67362666842;248.982957367916;0.475247524752475;122;122
171;104.959999999992;2.92000000000007;108.669999999984;NA;NA;-4395.79550880566;-4449.80754636241;9.03757014354496;9.65595131461246;130.489586341688;122.208092532291;9498.56086731469;9561.7172514661;108.024075113493;0.881188118811881;127;127
172;95.3500000000058;2.85999999999967;99.3300000000163;NA;NA;-4094.55940951741;-4197.74671998439;6.75878168718344;7.95665966777438;163.990981366657;139.434635031138;9073.62509348738;9147.55192838832;206.374620933957;0.287128712871287;121;121
173;96.8699999999953;2.67000000000007;100.309999999998;NA;NA;-4105.22665837445;-4239.18529562568;6.7161352029423;8.33686567766871;167.125674148757;133.489319878955;9112.55472039874;9198.91160596033;267.917274502446;0.297029702970297;122;122
174;84.5;2.22000000000025;87.6399999999849;NA;NA;-3936.98441464561;-4039.41847428761;6.60961252684691;7.84579027905527;156.939192438714;132.567760826734;8714.3753342574;8788.73488303217;204.868119283985;0.346534653465347;112;112
175;83.5;2;85.9700000000012;NA;NA;-4085.63854933615;-4138.963403609;11.8334733378278;12.8100030941153;82.7603323279482;76.2267502950886;8612.95226537712;8684.73356713456;106.649708545708;0.940594059405941;108;108
176;97.1199999999953;2.72000000000025;100.640000000014;NA;NA;-4031.3236527169;-4228.63502761637;6.77706729745385;9.5708694000333;162.469515498261;112.848922091954;8940.27910683345;9066.86012188516;394.622749798941;0.108910891089109;123;123
177;78.9900000000198;2.40000000000055;81.8500000000058;NA;NA;-3914.28527845958;-3996.63549391184;5.98728647837013;6.82526503161649;174.531359187519;153.338514890103;8765.48950919234;8816.42254856757;164.700430904514;0.0792079207920792;115;115
178;102.220000000001;2.68000000000029;105.559999999998;NA;NA;-4253.91074346652;-4356.40858628067;6.83783718402619;7.94175055040566;173.608706236676;148.945954094466;9447.02534179511;9518.59827239238;204.995685628306;0.564356435643564;125;125
179;95.1399999999849;2.34000000000015;98.2600000000093;NA;NA;-4149.31068091224;-4211.04206680672;7.9395556708753;8.6446345059064;137.449699081789;126.435271852662;9038.82840435552;9102.97524705254;123.462771788974;0.851485148514851;119;119
180;71.5;2.10999999999967;74.2099999999919;NA;NA;-3847.16681413308;-3898.85520433823;5.96027619640341;6.40491078650807;170.02642103833;159.654180003277;8607.06917905525;8654.76571238259;103.376780410305;0.118811881188119;115;115
181;77.5800000000163;2.19000000000051;80.4400000000023;NA;NA;-3979.90622180663;-4047.04906569386;5.91250844775327;6.55186319838908;179.804387886132;162.701586677415;8923.46078785233;8966.08527502768;134.285687774455;0.118811881188119;113;113
182;86.5500000000175;2.55000000000018;89.9300000000221;NA;NA;-3947.86060619932;-4060.48029882534;6.0961529332205;7.3738884143728;174.53083006008;144.00820948263;8832.63732421078;8894.02522841561;225.239385252031;0.306930693069307;115;115
183;96.0400000000081;2.25;98.9100000000035;NA;NA;-4201.43084188837;-4260.3270246244;6.92087214575372;7.45108926066214;169.764920341379;156.960586124365;9319.90198143964;9368.52758125639;117.792365472065;0.871287128712871;123;123
184;105.489999999991;2.8100000000004;109.419999999984;NA;NA;-4414.41056087693;-4455.16696255399;9.1664434154655;9.57137590198272;128.472867833482;123.375695949677;9524.86474185829;9578.76195578775;81.5128033541223;0.900990099009901;127;127
185;65.9199999999837;1.71000000000004;68.3399999999965;NA;NA;-4137.72724151705;-4163.32796677566;5.69259565853664;5.77128592228483;201.860264967966;199.733983461079;9368.3003671453;9407.99039913925;51.2014505172174;0.0594059405940594;126;126
186;108.639999999985;2.47999999999956;112.149999999994;NA;NA;-4502.69573037619;-4616.77520200587;10.3656010530227;12.3170367815141;115.789353539884;97.2651203220957;9633.17208789337;9760.89731776505;228.158943259357;0.514851485148515;128;128
187;81.7600000000093;2.22000000000025;84.6000000000058;NA;NA;-4028.85311091372;-4070.52836893709;6.00420830394495;6.3076950218934;183.654407140482;175.774499647347;9049.02547490904;9089.8422770522;83.3505160467457;0.801980198019802;122;122
188;92.9700000000012;2.63000000000011;96.2200000000012;NA;NA;-4157.79055568701;-4345.92775887586;8.7168417151621;12.1604235499213;122.53811353671;87.3552053774262;8974.96783991668;9161.92039334438;376.274406377694;0.227722772277228;118;118
189;92.7400000000198;2.46999999999935;96.1100000000151;NA;NA;-4234.22851257326;-4313.16435723088;9.72216358927774;11.0097709320452;109.759571507567;97.1663533043026;9058.1433270924;9148.35760694546;157.871689315232;0.792079207920792;116;116
190;95.5599999999977;2.67000000000007;98.890000000014;NA;NA;-4123.13147549655;-4237.9366047899;6.83486203865104;8.21400177657099;163.382846533003;135.725778066565;9128.82840630831;9209.04003620337;229.610258586692;0.257425742574257;123;123
191;60.0299999999988;1.60999999999967;61.9200000000128;NA;NA;-3966.96357780968;-3994.90111120166;5.69957774668815;5.81507467852712;185.427353632271;182.725869577124;8932.50797430001;8973.83475515636;55.8750667839577;0.0396039603960396;119;119
192;65.3299999999872;1.39000000000033;67.3899999999849;NA;NA;-4067.40943679398;-4095.57116992213;5.88797311629501;6.0181063165115;190.508826889749;187.574350285034;9162.35253012377;9202.84852253076;56.3234662563045;0.277227722772277;121;121
193;94.5199999999895;2.48999999999978;97.5299999999988;NA;NA;-4152.15508132175;-4206.00856996183;6.58996479665591;7.05653812993886;174.058704162688;162.587288884434;9243.11798409776;9288.95241993749;107.706977280166;0.920792079207921;121;121
194;66.6699999999837;2.21000000000004;69.5199999999895;NA;NA;-3963.04605260265;-3998.53427068916;6.04117097178335;6.27180080602168;176.836181562811;171.620783320737;8876.14933049991;8919.1058968766;70.9764361730231;0.485148514851485;116;116
195;90.2200000000012;2.5;93.3099999999977;NA;NA;-4120.18026246799;-4171.07050825682;7.87904944521983;8.4106673395878;135.449462412607;127.179171171771;8968.6478006128;9025.96043111846;101.780491577665;0.851485148514851;117;117
196;90.9400000000023;2.59000000000015;94.0100000000093;NA;NA;-4010.43089266956;-4148.81335309187;6.08588371971002;7.6735028514993;178.80213600969;140.958043753582;8984.51198963283;9057.31700234786;276.764920844619;0.0693069306930693;120;120
197;88.890000000014;2.72999999999956;92.2600000000093;NA;NA;-4035.91292385033;-4095.51806131425;6.67609194333729;7.26038653516243;160.208845698287;147.453492264971;8935.93269102825;8986.34534031469;119.210274927839;0.792079207920792;121;121
198;84.5;2.22999999999956;87.4800000000105;NA;NA;-3986.33512093837;-4102.8974014232;5.87399347047251;7.12823251319783;180.926899037206;148.412013426807;8944.70495876181;9003.14240688621;233.124560969662;0.455445544554455;116;116
199;83.3000000000175;2.47000000000025;86.5199999999895;NA;NA;-4009.01822064625;-4048.12819156754;6.83931769654973;7.15789898272071;156.242065341238;150.327813149537;8856.09255264354;8902.58944229463;78.2199418425835;0.811881188118812;114;114
200;59.8500000000058;1.34000000000015;61.7799999999988;NA;NA;-3941.06954184761;-3966.02450208967;5.81201328283496;5.92978291633727;180.222744367799;177.793185128797;8849.61052043259;8886.47808504847;49.9099204841204;0.386138613861386;115;115
201;95.3699999999953;2.5600000000004;98.5599999999977;NA;NA;-4380.38302100665;-4404.97415164485;11.9869263517843;12.1746440494674;91.8756031107892;90.8765051557937;9255.54317803981;9299.34500307367;49.182261276399;0.96039603960396;119;119
202;56.0899999999965;1.32999999999993;57.929999999993;NA;NA;-3727.89341394383;-3759.54713539595;6.03314772924375;6.22088309092899;157.954420214067;153.836309882466;8297.2813914305;8338.64979995116;63.3074429042217;0.445544554455446;106;106
203;85.4500000000116;2.52999999999975;88.320000000007;NA;NA;-3934.17526723183;-4026.30137676475;6.46420947675474;7.53209177133552;160.644207350206;137.609195751635;8729.31130546921;8790.10908025003;184.252219065842;0.316831683168317;113;113
204;88.1399999999849;2.17000000000007;90.7799999999988;NA;NA;-4091.52701697115;-4202.43473990647;6.04252188855941;7.20021817218157;186.411458890784;157.376707138746;9187.71451760149;9253.04780346063;221.81544587065;0.0693069306930693;120;120
205;69.6499999999942;1.88999999999942;71.9199999999837;NA;NA;-4179.2890810719;-4213.56181986524;5.79078373593171;5.9550638195705;201.997947440934;197.894211023976;9452.96785672653;9499.28000520815;68.5454775866838;0.0198019801980198;127;127
206;87.0800000000163;2.47000000000025;90.3299999999872;NA;NA;-3982.43093536683;-4102.68040588144;6.90713762033529;8.49545316835153;152.276130261371;123.474935514783;8781.64537458528;8867.65956005987;240.498941029207;0.237623762376238;114;114
207;90.5800000000163;1.97000000000025;93.140000000014;NA;NA;-4069.30766599937;-4151.19294617157;6.61582833221691;7.45663958075198;169.054831547213;149.245868663702;9050.43412827575;9107.36252074698;163.770560344406;0.633663366336634;121;121
208;77.0499999999884;1.86000000000058;79.8299999999872;NA;NA;-3899.06122983398;-3962.49869364648;6.20091318753711;6.85757470853646;167.180671852572;151.982646983693;8692.62220543383;8738.18014090472;126.874927625001;0.366336633663366;111;111
209;95.109999999986;2.49000000000069;98.6699999999837;NA;NA;-4292.78908668688;-4323.57194413648;9.94747278912124;10.224151599422;112.41329949725;109.597609581742;9190.48252240284;9236.89679985626;61.5657148992086;0.98019801980198;118;118
210;95.5799999999872;2.40999999999985;98.9800000000105;NA;NA;-4179.64109635821;-4295.22341127739;7.78236491250018;9.35419251880857;145.615909505298;119.83818156494;9144.07595455151;9236.31208302898;231.164629838366;0.485148514851485;120;120
211;64.3600000000151;1.5;66.609999999986;NA;NA;-4014.68009219971;-4045.13730608896;5.93982988937581;6.09728767536108;183.111559621303;179.641809963937;9016.23593306522;9058.45022089693;60.9144277785163;0.326732673267327;120;120
212;90.7200000000012;2.32999999999993;93.5400000000081;NA;NA;-4213.40934317946;-4226.73121645392;6.16510234573019;6.13190673047728;190.878774215702;192.988796981488;9460.21217169355;9498.27931400259;26.6437465489253;0.940594059405941;126;126
213;77.4199999999837;2.52000000000044;80.6199999999953;NA;NA;-3983.27403299146;-4013.10256584604;7.35835609006203;7.56161971978441;141.788158228859;138.411912892769;8724.54365452519;8766.15140566141;59.6570657091661;0.930693069306931;110;110
214;82.9300000000221;2.03999999999996;85.7799999999988;NA;NA;-4060.73709870952;-4095.72633376995;5.83209506039413;6.03952220559896;189.93692057579;185.158089961836;9146.70484213635;9190.88841373782;69.9784701208655;0.0297029702970297;122;122
215;61.3099999999977;1.77999999999975;63.4100000000035;NA;NA;-3961.13864756105;-3998.76250938131;5.87547068850235;6.15558450200344;179.480015712399;174.180714362889;8886.53859174475;8933.31567384788;75.2477236405257;0.0891089108910891;116;116
216;82.6499999999942;2;85.3299999999872;NA;NA;-3959.78710076717;-4036.93316054947;6.05855236870527;6.80069510049649;176.597868904631;157.253765855394;8868.35108555046;8918.71648205222;154.292119564612;0.099009900990099;116;116
217;67.8299999999872;1.61999999999989;70.0299999999988;NA;NA;-4009.98689121608;-4036.97473071672;5.91313016125766;6.03223880161427;183.37384301843;180.769392237445;9005.94178986113;9045.91380779108;53.975679001268;0.683168316831683;117;117
218;93.6300000000047;2.38999999999942;97.0899999999965;NA;NA;-4152.19496385175;-4197.02716471445;7.02618826991609;7.40285079272068;159.866201850781;152.122663080395;9169.24835730162;9217.02107271087;89.6644017254057;0.910891089108911;125;125
219;91.1900000000023;2.19999999999982;94.3800000000047;NA;NA;-4266.08054646084;-4254.2858761805;7.01103336108748;6.6615302492199;167.268902251582;176.955003941423;9437.0673110411;9465.87870684257;-23.589340560693;0.99009900990099;125;125
220;93.3800000000047;2.80999999999949;97.0800000000163;NA;NA;-4289.979760991;-4335.76582622612;10.578396530839;11.1651694339548;102.592315250292;97.2145911638401;9132.01642227238;9194.65061833164;91.5721304702402;0.881188118811881;118;118
221;82.640000000014;2.07999999999993;85.4200000000128;NA;NA;-3911.27960478619;-3959.90957810043;6.75432888434475;7.19266221118348;154.94175257647;144.909940398658;8655.65300605249;8698.9737119417;97.2599466284864;0.871287128712871;117;117
222;94.1399999999849;2.60999999999967;97.6000000000058;NA;NA;-4097.32505279038;-4296.80647935835;6.74955254181513;9.55061815545742;163.860677656545;114.723400510485;9076.39663372819;9210.9481335987;398.962853135939;0.188118811881188;118;118
223;66.6300000000047;1.72000000000025;69.140000000014;NA;NA;-4030.69994054969;-4059.76950057049;6.18048543850649;6.32785048644504;179.643150051297;176.463445676455;9029.58271218993;9070.58488499593;58.1391200415956;0.702970297029703;120;120
224;91.2799999999988;2.61000000000058;94.8099999999977;NA;NA;-4106.50423739209;-4184.16394150537;7.08873997618973;7.95198588090737;153.832136960888;136.98782128997;9040.13606867238;9104.88663629885;155.319408226549;0.643564356435644;117;117
225;66.3999999999942;2.1899999999996;69.3300000000163;NA;NA;-4101.77440186399;-4126.17013293714;5.92574035785955;6.00873772968978;191.783787344661;189.783595543383;9240.30761238049;9278.28629156072;48.791462146306;0.287128712871287;124;124
226;82.0400000000081;2.13999999999942;85.0800000000163;NA;NA;-3888.9924762365;-3956.09818438106;6.07218517872793;6.74462479169853;168.64198635489;153.154474207658;8681.80922968138;8733.01646786048;134.211416289115;0.0792079207920792;113;113
227;64.1499999999942;1.46000000000004;66.5400000000081;NA;NA;-4050.42852756614;-4079.43731393971;5.87465924840511;6.00224793569221;189.311357326838;186.329728208926;9121.93200684766;9163.86778265142;58.0175727471351;0.198019801980198;121;121
228;101.5;2.77999999999975;104.880000000005;NA;NA;-4280.16529231971;-4343.54672402449;8.18565348050231;8.91046500611119;140.592484898065;129.073050676734;9320.9203421651;9385.36434345635;126.762863409569;0.772277227722772;125;125
229;81.3899999999849;2.22000000000025;84.3800000000047;NA;NA;-3868.21536238624;-3965.43352824541;6.24477440797259;7.3601357274349;162.95125633482;137.500969044993;8609.03172193684;8667.18223072425;194.436331718358;0.435643564356436;112;112
230;64.6399999999849;1.52000000000044;66.6699999999837;NA;NA;-4038.32780257038;-4086.7461124733;5.97524851839136;6.35624718840119;184.569833493535;176.574164198178;9070.61842574616;9124.39601550892;96.8366198058211;0.0495049504950495;119;119
231;70.4899999999907;1.80000000000018;73;NA;NA;-4140.31037961482;-4190.37597856948;6.00181410382022;6.41792364090683;192.713384427264;184.060919130977;9321.62463131009;9375.01673061841;100.131197909313;0.0495049504950495;123;123
232;92.7699999999895;2.65999999999985;96.289999999979;NA;NA;-4330.99574108643;-4422.40489283704;11.4906264019838;13.3144764608131;94.0827046365498;81.8401171099953;9168.65450884783;9285.54287895163;182.818303501221;0.594059405940594;119;119
233;78.5200000000186;1.97999999999956;81.4400000000023;NA;NA;-3981.91346110674;-4027.84942923929;6.10702762338745;6.46183211180263;176.423903672043;167.383654562128;8911.66917325626;8954.9721237548;91.8719362651063;0.316831683168317;116;116
234;95.7999999999884;2.27000000000044;98.9200000000419;NA;NA;-4213.01575110166;-4288.30028202011;8.63938657183745;9.65196928673017;126.375451104154;112.94204493662;9107.12923398673;9185.29924687153;150.569061836892;0.693069306930693;120;120
235;87.2400000000198;2.78999999999996;90.8000000000466;NA;NA;-4159.25816448191;-4187.91989254751;6.4015779241684;6.53560198659232;178.987449205622;175.903403004448;9285.37510854785;9326.0390885008;57.3234561312001;0.891089108910891;123;123
236;83.5299999999988;2.35000000000036;86.6199999999953;NA;NA;-4062.3115876299;-4073.45467959213;6.37897427704393;6.31033643519223;171.801247513643;175.089363344388;9049.09850206193;9089.07828251835;22.2861839244733;0.900990099009901;118;118
237;94.5899999999965;2.44999999999982;97.7199999999721;NA;NA;-4238.16920097095;-4335.38411474394;6.09810056315141;7.0159444159576;197.149063156195;170.988103391535;9544.45768606418;9597.15199040534;194.429827545962;0.138613861386139;127;127
238;63.0199999999895;1.82999999999993;65.3299999999581;NA;NA;-4060.9052865521;-4092.05752190692;5.93400440518101;6.10462487760009;186.608052603858;183.133578606028;9126.74980289608;9170.34320956218;62.3044707096387;0.188118811881188;119;119
239;94.9100000000035;2.60000000000036;98.3800000000047;NA;NA;-3993.65858404979;-4294.54370603514;6.09038697786382;10.457512283047;180.077927338612;103.704561286033;8957.08975334997;9147.56696582206;601.770243970695;0.0198019801980198;119;119
240;91.0400000000081;3.05999999999949;95.0300000000279;NA;NA;-4159.02031118959;-4334.90621762207;8.83051273432584;12.0714283196347;120.203692034463;87.8537882115692;8962.79297185962;9141.04535165012;351.771812864963;0.287128712871287;114;114
241;86.0899999999965;1.96999999999935;88.9400000000023;NA;NA;-4137.20351988867;-4171.47214924133;10.3052990029003;10.6789606073038;98.3600441189502;94.5223737817477;8800.23712645248;8848.25830523817;68.5372587053153;0.95049504950495;110;110
242;92.429999999993;2.47000000000025;95.2399999999907;NA;NA;-4164.80832889276;-4236.60174650657;7.63465758460776;8.48458163034572;145.714870068256;130.834848445264;9111.84298106929;9175.55090895489;143.586835227619;0.564356435643564;115;115
243;109.869999999995;2.77999999999975;113.539999999979;NA;NA;-4380.29066587376;-4440.67532532242;8.03638298043687;8.65088379713671;151.628456601194;140.751248005615;9583.84796086476;9645.55948114424;120.769318897321;0.801980198019802;130;130
244;76.6100000000151;1.76999999999953;78.8099999999977;NA;NA;-3932.85732315421;-3975.86061444803;6.03045069676655;6.35544732497255;173.987429896086;165.628902980579;8798.95390299784;8840.12675564128;86.0065825876445;0.683168316831683;114;114
245;91.0299999999988;2.66000000000076;94.179999999993;NA;NA;-4008.71554395578;-4155.66893542131;6.14326210664218;7.90150742467961;178.329966324189;139.126366771939;8977.79038916358;9060.57426185913;293.906782931062;0.0396039603960396;119;119
246;94.3899999999849;2.80000000000018;98.109999999986;NA;NA;-4158.15338682115;-4236.87385996923;7.89854970768744;8.88411913826321;139.334433756361;123.773093616193;9066.07575405365;9139.77996840076;157.440946296152;0.514851485148515;118;118
247;69.9100000000035;1.73999999999978;72.3000000000466;NA;NA;-4067.30112371137;-4101.39973769936;6.0904064404229;6.28751388973156;184.58544441632;179.545229542568;9130.1873850823;9171.19957127567;68.1972279759684;0.762376237623762;121;121
248;90.7400000000198;2.52000000000044;93.9199999999837;NA;NA;-4047.66659669865;-4143.30171166972;7.47788011255916;8.72691116608165;141.721377993247;120.841779788385;8857.34342544573;8936.34783001662;191.270229942155;0.356435643564356;117;117
249;84.7700000000186;2.3100000000004;87.4199999999837;NA;NA;-3915.75478393025;-4040.22245099169;6.70001947999643;8.34070770032263;151.973207923133;121.056369733901;8645.32331657755;8728.69954769076;248.93533412289;0.257425742574257;112;112
250;73.8099999999977;2.03999999999996;76.3400000000256;NA;NA;-3805.93345417496;-3865.90297608971;6.37758206177973;6.99719781184448;151.522547149166;137.20676133579;8419.80735671065;8463.41253058936;119.939043829492;0.782178217821782;107;107
